seed_15_job_63486,0.140625,50.27370886599999977306651999,300,30,10
seed_15_job_63486,0.140625,101.6224252020000022866952349,600,30,20
seed_15_job_63486,0.140625,153.4429200959999946007883409,900,30,30
seed_15_job_63486,0.1875,204.8542344649999904504511505,1200,30,40
seed_15_job_63486,0.265625,256.5635378659999901174160186,1500,30,50
seed_15_job_63486,0.265625,308.5991008319999764353269711,1800,30,60
seed_15_job_63486,0.265625,359.9422297739999976329272613,2100,30,70
seed_15_job_63486,0.265625,411.4952981980000004114117473,2400,30,80
seed_15_job_63486,0.265625,463.0212119270000243886897806,2700,30,90
seed_15_job_63486,0.265625,514.2589791750000358661054634,3000,30,100
seed_15_job_63486,0.265625,565.9458520939999743859516457,3300,30,110
seed_15_job_63486,0.265625,617.5981134630000042307074182,3600,30,120
seed_15_job_63486,0.265625,669.5001279750000549029209651,3900,30,130
seed_15_job_63486,0.265625,720.577843483000037849706132,4200,30,140
seed_15_job_63486,0.265625,771.8472405669999716337770224,4500,30,150
seed_15_job_63486,0.265625,823.530408569999963219743222,4800,30,160
seed_15_job_63486,0.265625,875.3652220970000144006917253,5100,30,170
seed_15_job_63486,0.265625,927.1272166210000023056636564,5400,30,180
seed_15_job_63486,0.265625,978.9336330300000099668977782,5700,30,190
seed_15_job_63486,0.265625,1030.918201422000038292026147,6000,30,200
seed_15_job_63486,0.265625,1133.934905564000018785009161,6600,30,220
seed_15_job_63486,0.265625,1237.729344220000029963557608,7200,30,240
seed_15_job_63486,0.265625,1341.397639459999936661915854,7800,30,260
seed_15_job_63486,0.265625,1444.920948253999995358753949,8400,30,280
seed_15_job_63486,0.265625,1547.858359934999953111400828,9000,30,300
seed_15_job_63486,0.265625,1650.848660060999918641755357,9600,30,320
seed_15_job_63486,0.265625,1754.445368347000112407840788,10200,30,340
seed_15_job_63486,0.265625,1858.19559587499998087878339,10800,30,360
seed_15_job_63486,0.265625,1961.016942237999955978011712,11400,30,380
seed_15_job_63486,0.265625,2063.366990452000209188554436,12000,30,400
seed_15_job_63486,0.265625,2166.564799420999861467862502,12600,30,420
seed_15_job_63486,0.265625,2270.551601189999928465113044,13200,30,440
seed_15_job_63486,0.265625,2374.112451057999805925646797,13800,30,460
seed_15_job_63486,0.28125,2476.67792865399997026543133,14400,30,480
seed_15_job_63486,0.28125,2580.024467365999953472055495,15000,30,500
seed_15_job_63486,0.28125,2683.309921640000084153143689,15600,30,520
seed_15_job_63486,0.28125,2786.029554427000221039634198,16200,30,540
seed_15_job_63486,0.28125,2889.264508117999866954050958,16800,30,560
seed_15_job_63486,0.28125,2992.496033531000193761428818,17400,30,580
seed_15_job_63486,0.28125,3096.579478541999833396403119,18000,30,600
seed_15_job_63486,0.28125,3301.941528266000204894226044,19200,30,640
seed_15_job_63486,0.28125,3508.272373026999957801308483,20400,30,680
seed_15_job_63486,0.28125,3714.54773858799990193801932,21600,30,720
seed_15_job_63486,0.28125,3922.021737182999913784442469,22800,30,760
seed_15_job_63486,0.28125,4128.711263344000144570600241,24000,30,800
seed_15_job_63486,0.28125,4334.595805842000117991119623,25200,30,840
seed_15_job_63486,0.28125,4541.319402551999701245222241,26400,30,880
seed_15_job_63486,0.28125,4747.857828375000281084794551,27600,30,920
seed_15_job_63486,0.28125,4955.343073392999940551817417,28800,30,960
seed_15_job_63486,0.28125,5161.78338636599983146879822,30000,30,1000
seed_15_job_63486,0.28125,5366.504065887000251677818596,31200,30,1040
seed_15_job_63486,0.28125,5572.245556742000189842656255,32400,30,1080
seed_15_job_63486,0.28125,5778.428371828000308596529067,33600,30,1120
seed_15_job_63486,0.28125,5985.244648500000039348378778,34800,30,1160
seed_15_job_63486,0.28125,6191.721551591999741503968835,36000,30,1200
seed_15_job_63486,0.28125,6397.177287466999587195459753,37200,30,1240
seed_15_job_63486,0.28125,6603.458891678000327374320477,38400,30,1280
seed_15_job_63486,0.28125,6809.247424377000243111979216,39600,30,1320
seed_15_job_63486,0.28125,7016.667051682000419532414526,40800,30,1360
seed_15_job_63486,0.28125,7223.415755787999842141289264,42000,30,1400
seed_15_job_63486,0.28125,7634.247801745999822742305696,44400,30,1480
seed_15_job_63486,0.28125,8046.745447803000388375949115,46800,30,1560
seed_15_job_63486,0.28125,8461.017447632999392226338387,49200,30,1640
seed_15_job_63486,0.28125,8874.838299562999964109621942,51600,30,1720
seed_15_job_63486,0.28125,9289.456749523000326007604599,54000,30,1800
seed_15_job_63486,0.28125,9705.327729847000227891840041,56400,30,1880
seed_15_job_63486,0.28125,10120.89879016200029582250863,58800,30,1960
seed_15_job_63486,0.28125,10535.58752387099957559257746,61200,30,2040
seed_15_job_63486,0.28125,10949.79538027300077374093235,63600,30,2120
seed_15_job_63486,0.28125,11367.51234988199939834885299,66000,30,2200
seed_15_job_63486,0.28125,11784.06379052000011142808944,68400,30,2280
seed_15_job_63486,0.28125,12199.55738541100072325207293,70800,30,2360
seed_15_job_63486,0.28125,12613.75930554099977598525584,73200,30,2440
seed_15_job_63486,0.28125,13028.12415649700051289983094,75600,30,2520
seed_15_job_63486,0.28125,13443.09066765399984433315694,78000,30,2600
seed_15_job_63486,0.28125,13857.76293426200027170125395,80400,30,2680
seed_15_job_63486,0.28125,14271.81781883199982985388488,82800,30,2760
seed_15_job_63486,0.28125,14685.98881606000031752046198,85200,30,2840
seed_15_job_63486,0.28125,15099.23849041299945383798331,87600,30,2920
seed_15_job_63486,0.28125,15513.69771973199931380804628,90000,30,3000
seed_15_job_63486,0.28125,16341.81313285299984272569418,94800,30,3160
seed_15_job_63486,0.28125,17171.41395468599876039661467,99600,30,3320
seed_15_job_63486,0.28125,17999.86437656199996126815677,104400,30,3480
seed_15_job_63486,0.28125,18830.04780442699848208576441,109200,30,3640
seed_15_job_63486,0.28125,19665.1675759259996993932873,114000,30,3800
seed_15_job_63486,0.28125,20497.94320401399818365462124,118800,30,3960
seed_15_job_63486,0.28125,21328.99006716399890137836337,123600,30,4120
seed_15_job_63486,0.28125,22161.84234544300124980509281,128400,30,4280
seed_15_job_63486,0.28125,22993.44068993700057035312057,133200,30,4440
seed_15_job_63486,0.28125,23827.78897316299844533205032,138000,30,4600
seed_15_job_63486,0.28125,24660.22583162400042056106031,142800,30,4760
seed_15_job_63486,0.28125,25498.65995652900164714083076,147600,30,4920
seed_15_job_63486,0.28125,26335.70355298900176421739161,152400,30,5080
seed_15_job_63486,0.28125,27172.92540454999834764748812,157200,30,5240
seed_15_job_63486,0.28125,28008.39927807500134804286063,162000,30,5400
seed_15_job_63486,0.28125,28846.03669522600102936848998,166800,30,5560
seed_15_job_63486,0.28125,29684.31575619499926688149571,171600,30,5720
seed_15_job_63486,0.296875,30519.87132159799875807948411,176400,30,5880
seed_15_job_63486,0.296875,31357.4119885239997529424727,181200,30,6040
seed_15_job_63486,0.3125,32194.63557941600083722732961,186000,30,6200
seed_15_job_63486,0.3125,33843.90906101500149816274643,195600,30,6520
seed_15_job_63486,0.3125,35508.46088696100196102634072,205200,30,6840
seed_15_job_63486,0.3125,37179.08352577599725918844342,214800,30,7160
seed_15_job_63486,0.3125,38852.99121897100121714174747,224400,30,7480
seed_15_job_63486,0.3125,40528.90187116799643263220787,234000,30,7800
seed_15_job_63486,0.3125,42203.5810841729980893433094,243600,30,8120
seed_15_job_63486,0.3125,43200.61850949400104582309723,243600,30,8308
