seed_14_job_63577,0.203125,47.65223599099999773898161948,300,30,10
seed_14_job_63577,0.203125,95.31186096599999757472687634,600,30,20
seed_14_job_63577,0.25,142.897193644999987327537383,900,30,30
seed_14_job_63577,0.25,190.4485711449999882916017668,1200,30,40
seed_14_job_63577,0.25,237.6332802459999982147564879,1500,30,50
seed_14_job_63577,0.25,285.072625130000005810870789,1800,30,60
seed_14_job_63577,0.25,332.8983824489999960860586725,2100,30,70
seed_14_job_63577,0.25,380.5893077850000167927646544,2400,30,80
seed_14_job_63577,0.25,428.2772467340000162039359566,2700,30,90
seed_14_job_63577,0.25,475.6110464440000100694305729,3000,30,100
seed_14_job_63577,0.25,522.3595659950000253957114182,3300,30,110
seed_14_job_63577,0.25,569.1539831009999943489674479,3600,30,120
seed_14_job_63577,0.25,616.2211711109999896507360972,3900,30,130
seed_14_job_63577,0.25,664.0321153309999999692081474,4200,30,140
seed_14_job_63577,0.25,711.5462214460000041071907617,4500,30,150
seed_14_job_63577,0.25,758.878176864000010937161278,4800,30,160
seed_14_job_63577,0.25,806.6421643840000115233124234,5100,30,170
seed_14_job_63577,0.25,854.7512259049999556737020612,5400,30,180
seed_14_job_63577,0.25,903.1926629370000227936543524,5700,30,190
seed_14_job_63577,0.25,951.8354240410000102201593108,6000,30,200
seed_14_job_63577,0.25,1048.324177436999889323487878,6600,30,220
seed_14_job_63577,0.265625,1145.933240954999973837402649,7200,30,240
seed_14_job_63577,0.265625,1242.417638200000055803684518,7800,30,260
seed_14_job_63577,0.265625,1338.457644719999962035217322,8400,30,280
seed_14_job_63577,0.265625,1435.349332402000072761438787,9000,30,300
seed_14_job_63577,0.28125,1530.953841869999905611621216,9600,30,320
seed_14_job_63577,0.28125,1627.16654110400008903525304,10200,30,340
seed_14_job_63577,0.28125,1722.890272403999915695749223,10800,30,360
seed_14_job_63577,0.28125,1818.689231725999889022205025,11400,30,380
seed_14_job_63577,0.28125,1915.134001682999951299279928,12000,30,400
seed_14_job_63577,0.28125,2011.639559438000105728860945,12600,30,420
seed_14_job_63577,0.28125,2108.75846512799989795894362,13200,30,440
seed_14_job_63577,0.28125,2206.447381856999982119305059,13800,30,460
seed_14_job_63577,0.28125,2303.371747435000088444212452,14400,30,480
seed_14_job_63577,0.28125,2400.97674631300014880253002,15000,30,500
seed_14_job_63577,0.28125,2498.703316024999821820529178,15600,30,520
seed_14_job_63577,0.28125,2596.29429351499993572360836,16200,30,540
seed_14_job_63577,0.28125,2694.104677593999895179877058,16800,30,560
seed_14_job_63577,0.28125,2791.10164833799990447005257,17400,30,580
seed_14_job_63577,0.28125,2888.392544928000006621005014,18000,30,600
seed_14_job_63577,0.28125,2985.538967135999882884789258,18600,30,620
seed_14_job_63577,0.28125,3082.579683686999942437978461,19200,30,640
seed_14_job_63577,0.28125,3180.003314507000141020398587,19800,30,660
seed_14_job_63577,0.28125,3277.381809616999817080795765,20400,30,680
seed_14_job_63577,0.28125,3375.319745147000048746122047,21000,30,700
seed_14_job_63577,0.28125,3569.936843542000133311375976,22200,30,740
seed_14_job_63577,0.28125,3763.814827464999780204379931,23400,30,780
seed_14_job_63577,0.28125,3957.989918138000120961805806,24600,30,820
seed_14_job_63577,0.28125,4151.610419225000441656447947,25800,30,860
seed_14_job_63577,0.28125,4346.808143315000052098184824,27000,30,900
seed_14_job_63577,0.28125,4542.100824350999573653098196,28200,30,940
seed_14_job_63577,0.28125,4737.700353084000198577996343,29400,30,980
seed_14_job_63577,0.28125,4933.059645217000252159778029,30600,30,1020
seed_14_job_63577,0.28125,5128.85473669899965898366645,31800,30,1060
seed_14_job_63577,0.28125,5324.94790651600033015711233,33000,30,1100
seed_14_job_63577,0.28125,5520.815716473000065889209509,34200,30,1140
seed_14_job_63577,0.28125,5716.797860184999990451615304,35400,30,1180
seed_14_job_63577,0.28125,5912.796560574000068299937993,36600,30,1220
seed_14_job_63577,0.28125,6109.210717898999973840545863,37800,30,1260
seed_14_job_63577,0.28125,6304.507483880000108911190182,39000,30,1300
seed_14_job_63577,0.28125,6499.752288159000272571574897,40200,30,1340
seed_14_job_63577,0.28125,6696.073507478999999875668436,41400,30,1380
seed_14_job_63577,0.28125,6892.07377738899958785623312,42600,30,1420
seed_14_job_63577,0.28125,7087.811032771999634860549122,43800,30,1460
seed_14_job_63577,0.28125,7283.47400633100005507003516,45000,30,1500
seed_14_job_63577,0.28125,7670.276222313999824109487236,47400,30,1580
seed_14_job_63577,0.28125,8059.740587602000232436694205,49800,30,1660
seed_14_job_63577,0.28125,8449.784321528000873513519764,52200,30,1740
seed_14_job_63577,0.28125,8838.817195351999544072896242,54600,30,1820
seed_14_job_63577,0.28125,9227.54522773399912694003433,57000,30,1900
seed_14_job_63577,0.28125,9615.507736202000160119496286,59400,30,1980
seed_14_job_63577,0.28125,10003.50369469600082084070891,61800,30,2060
seed_14_job_63577,0.28125,10390.49588414100071531720459,64200,30,2140
seed_14_job_63577,0.28125,10777.53275547299926984123886,66600,30,2220
seed_14_job_63577,0.28125,11163.95713728800001263152808,69000,30,2300
seed_14_job_63577,0.28125,11550.60363070099992910400033,71400,30,2380
seed_14_job_63577,0.28125,11937.65931910700055595953017,73800,30,2460
seed_14_job_63577,0.28125,12322.31324751499960257206112,76200,30,2540
seed_14_job_63577,0.28125,12708.46974020100060442928225,78600,30,2620
seed_14_job_63577,0.28125,13094.95385273799911374226213,81000,30,2700
seed_14_job_63577,0.28125,13484.3302861299998767208308,83400,30,2780
seed_14_job_63577,0.28125,13871.85321431400006986223161,85800,30,2860
seed_14_job_63577,0.28125,14258.20785112600060529075563,88200,30,2940
seed_14_job_63577,0.28125,14646.04352094800015038345009,90600,30,3020
seed_14_job_63577,0.28125,15034.11391101600020192563534,93000,30,3100
seed_14_job_63577,0.28125,15808.2306690829991566715762,97800,30,3260
seed_14_job_63577,0.28125,16585.81970033100151340477169,102600,30,3420
seed_14_job_63577,0.28125,17364.84581966599944280460477,107400,30,3580
seed_14_job_63577,0.28125,18143.3752093100010824855417,112200,30,3740
seed_14_job_63577,0.28125,18922.27051301800020155496895,117000,30,3900
seed_14_job_63577,0.28125,19701.14271952299895929172635,121800,30,4060
seed_14_job_63577,0.28125,20479.03260743099963292479515,126600,30,4220
seed_14_job_63577,0.28125,21257.92979153499982203356922,131400,30,4380
seed_14_job_63577,0.28125,22035.02650482399985776282847,136200,30,4540
seed_14_job_63577,0.28125,22811.58103539099829504266381,141000,30,4700
seed_14_job_63577,0.28125,23591.23921822199918096885085,145800,30,4860
seed_14_job_63577,0.28125,24371.89488350700048613362014,150600,30,5020
seed_14_job_63577,0.28125,25152.6031282920012017711997,155400,30,5180
seed_14_job_63577,0.28125,25933.60634130199832725338638,160200,30,5340
seed_14_job_63577,0.28125,26711.81936612199933733791113,165000,30,5500
seed_14_job_63577,0.28125,27492.377339208000194048509,169800,30,5660
seed_14_job_63577,0.28125,28271.30116685200118809007108,174600,30,5820
seed_14_job_63577,0.28125,29051.895029924999107606709,179400,30,5980
seed_14_job_63577,0.28125,29832.78830631600067135877907,184200,30,6140
seed_14_job_63577,0.28125,30612.3487155789989628829062,189000,30,6300
seed_14_job_63577,0.28125,32152.6564665219993912614882,198600,30,6620
seed_14_job_63577,0.28125,33701.37528968699916731566191,208200,30,6940
seed_14_job_63577,0.28125,35257.70156438100093510001898,217800,30,7260
seed_14_job_63577,0.28125,36810.91506667000066954642534,227400,30,7580
seed_14_job_63577,0.28125,38368.13299970899970503523946,237000,30,7900
seed_14_job_63577,0.28125,39924.21768277500086696818471,246600,30,8220
seed_14_job_63577,0.28125,41482.59646760000032372772694,256200,30,8540
seed_14_job_63577,0.28125,43043.24784219000139273703098,265800,30,8860
seed_14_job_63577,0.28125,43200.45571045399992726743221,265800,30,8891
