seed_17_job_63580,0.09375,48.23898724000000015621480998,300,30,10
seed_17_job_63580,0.09375,97.15966771600000129183172248,600,30,20
seed_17_job_63580,0.09375,147.1793943479999882129050093,900,30,30
seed_17_job_63580,0.125,196.5349087419999989378993632,1200,30,40
seed_17_job_63580,0.140625,245.763987312000011797863408,1500,30,50
seed_17_job_63580,0.140625,295.8495228890000134924775921,1800,30,60
seed_17_job_63580,0.140625,345.6154939400000216664921027,2100,30,70
seed_17_job_63580,0.140625,395.7154458190000241302186623,2400,30,80
seed_17_job_63580,0.203125,445.1769873630000233788450714,2700,30,90
seed_17_job_63580,0.203125,495.0615657220000116467417683,3000,30,100
seed_17_job_63580,0.203125,544.8834365430000161723000929,3300,30,110
seed_17_job_63580,0.21875,594.5283225809999976263497956,3600,30,120
seed_17_job_63580,0.25,643.7107959979999805000261404,3900,30,130
seed_17_job_63580,0.25,692.6165628769999784708488733,4200,30,140
seed_17_job_63580,0.25,742.0107372400000258494401351,4500,30,150
seed_17_job_63580,0.265625,791.6657860889999938081018627,4800,30,160
seed_17_job_63580,0.265625,841.161077976000001399370376,5100,30,170
seed_17_job_63580,0.265625,890.1671241999999892868800089,5400,30,180
seed_17_job_63580,0.265625,939.5881325709999600803712383,5700,30,190
seed_17_job_63580,0.265625,988.8649001410000209943973459,6000,30,200
seed_17_job_63580,0.265625,1087.14403255100000933452975,6600,30,220
seed_17_job_63580,0.265625,1185.245648935999952300335281,7200,30,240
seed_17_job_63580,0.265625,1284.253436298999986320268363,7800,30,260
seed_17_job_63580,0.265625,1383.591748550999909639358521,8400,30,280
seed_17_job_63580,0.265625,1482.730554505000100107281469,9000,30,300
seed_17_job_63580,0.265625,1581.411206539999966480536386,9600,30,320
seed_17_job_63580,0.265625,1680.692611199000111810164526,10200,30,340
seed_17_job_63580,0.265625,1779.918752880000056393328123,10800,30,360
seed_17_job_63580,0.265625,1878.484611398999959419597872,11400,30,380
seed_17_job_63580,0.265625,1976.172631170999920868780464,12000,30,400
seed_17_job_63580,0.265625,2074.566040721999797824537382,12600,30,420
seed_17_job_63580,0.265625,2173.274588248999862116761506,13200,30,440
seed_17_job_63580,0.265625,2272.507135041999845270765945,13800,30,460
seed_17_job_63580,0.265625,2370.616621774000122968573123,14400,30,480
seed_17_job_63580,0.265625,2469.434893479000038496451452,15000,30,500
seed_17_job_63580,0.265625,2568.0674688150002111797221,15600,30,520
seed_17_job_63580,0.265625,2667.041049678000035783043131,16200,30,540
seed_17_job_63580,0.265625,2765.559652425999956903979182,16800,30,560
seed_17_job_63580,0.265625,2864.540888212000027124304324,17400,30,580
seed_17_job_63580,0.265625,2963.112524322999888681806624,18000,30,600
seed_17_job_63580,0.265625,3161.741383807000147498911247,19200,30,640
seed_17_job_63580,0.265625,3361.189898982000158866867423,20400,30,680
seed_17_job_63580,0.265625,3561.639639402999819139949977,21600,30,720
seed_17_job_63580,0.265625,3762.120825041999978566309437,22800,30,760
seed_17_job_63580,0.265625,3962.283727042000009532785043,24000,30,800
seed_17_job_63580,0.265625,4161.53960696400008600903675,25200,30,840
seed_17_job_63580,0.265625,4360.046043803000429761596024,26400,30,880
seed_17_job_63580,0.265625,4558.99978640399967844132334,27600,30,920
seed_17_job_63580,0.265625,4758.982831862999773875344545,28800,30,960
seed_17_job_63580,0.265625,4958.256218272999831242486835,30000,30,1000
seed_17_job_63580,0.265625,5158.196701292999932775273919,31200,30,1040
seed_17_job_63580,0.265625,5359.878321684000184177421033,32400,30,1080
seed_17_job_63580,0.265625,5562.498335762000351678580046,33600,30,1120
seed_17_job_63580,0.265625,5764.85665358900041610468179,34800,30,1160
seed_17_job_63580,0.265625,5967.455624354000065068248659,36000,30,1200
seed_17_job_63580,0.265625,6169.311051276999933179467916,37200,30,1240
seed_17_job_63580,0.265625,6371.185705775999849720392376,38400,30,1280
seed_17_job_63580,0.265625,6573.232540201999654527753592,39600,30,1320
seed_17_job_63580,0.265625,6774.42922738099969137692824,40800,30,1360
seed_17_job_63580,0.265625,6976.297740625999722396954894,42000,30,1400
seed_17_job_63580,0.265625,7371.931485854999664297793061,44400,30,1480
seed_17_job_63580,0.265625,7766.79543408399968029698357,46800,30,1560
seed_17_job_63580,0.265625,8164.937428086999716470018029,49200,30,1640
seed_17_job_63580,0.265625,8559.235575631000756402499974,51600,30,1720
seed_17_job_63580,0.265625,8955.300135817000409588217735,54000,30,1800
seed_17_job_63580,0.265625,9350.077632438000364345498383,56400,30,1880
seed_17_job_63580,0.265625,9745.218737698000040836632252,58800,30,1960
seed_17_job_63580,0.265625,10138.73890609500085702165961,61200,30,2040
seed_17_job_63580,0.265625,10535.26422282699968491215259,63600,30,2120
seed_17_job_63580,0.265625,10930.96452061200034222565591,66000,30,2200
seed_17_job_63580,0.265625,11329.46124790199974086135626,68400,30,2280
seed_17_job_63580,0.265625,11725.68696871999964059796184,70800,30,2360
seed_17_job_63580,0.265625,12120.69151867999971727840602,73200,30,2440
seed_17_job_63580,0.265625,12517.1523458179999579442665,75600,30,2520
seed_17_job_63580,0.265625,12913.69535230799920100253075,78000,30,2600
seed_17_job_63580,0.265625,13309.0492024380000657401979,80400,30,2680
seed_17_job_63580,0.265625,13703.6905655449991172645241,82800,30,2760
seed_17_job_63580,0.265625,14100.35990954800035979133099,85200,30,2840
seed_17_job_63580,0.265625,14497.25769639799909782595932,87600,30,2920
seed_17_job_63580,0.265625,14892.1373676120001618983224,90000,30,3000
seed_17_job_63580,0.265625,15685.51898092000010365154594,94800,30,3160
seed_17_job_63580,0.265625,16481.76636982399941189214587,99600,30,3320
seed_17_job_63580,0.265625,17276.35654495700146071612835,104400,30,3480
seed_17_job_63580,0.265625,18076.16026191900164121761918,109200,30,3640
seed_17_job_63580,0.265625,18868.44030199899862054735422,114000,30,3800
seed_17_job_63580,0.28125,19658.19876405499962856993079,118800,30,3960
seed_17_job_63580,0.28125,20451.03135421900151413865387,123600,30,4120
seed_17_job_63580,0.28125,21241.62542217300142510794103,128400,30,4280
seed_17_job_63580,0.28125,22032.67392550500153447501361,133200,30,4440
seed_17_job_63580,0.28125,22823.01720968000154243782163,138000,30,4600
seed_17_job_63580,0.296875,23614.01463099499960662797093,142800,30,4760
seed_17_job_63580,0.296875,24406.29214563899950007908046,147600,30,4920
seed_17_job_63580,0.296875,25201.25102268200134858489037,152400,30,5080
seed_17_job_63580,0.296875,25994.0639937960004317574203,157200,30,5240
seed_17_job_63580,0.296875,26788.1202783650005585514009,162000,30,5400
seed_17_job_63580,0.296875,27582.80190927000148803927004,166800,30,5560
seed_17_job_63580,0.296875,28376.93502360400088946335018,171600,30,5720
seed_17_job_63580,0.296875,29172.39520700099819805473089,176400,30,5880
seed_17_job_63580,0.296875,29968.39166356400164659135044,181200,30,6040
seed_17_job_63580,0.296875,30766.0208576190016174223274,186000,30,6200
seed_17_job_63580,0.296875,32350.15813722199891344644129,195600,30,6520
seed_17_job_63580,0.296875,33943.4145708290016045793891,205200,30,6840
seed_17_job_63580,0.296875,35536.06914281399804167449474,214800,30,7160
seed_17_job_63580,0.296875,37128.79439296700002159923315,224400,30,7480
seed_17_job_63580,0.296875,38720.45676181399903725832701,234000,30,7800
seed_17_job_63580,0.296875,40312.95991273700201418250799,243600,30,8120
seed_17_job_63580,0.296875,41905.11972357000195188447833,253200,30,8440
seed_17_job_63580,0.296875,43203.20054563300072913989425,253200,30,8699
