seed_24_job_63819,0.8480895140041287971754968567,139.1663716399999941586429486,1200,120,10
seed_24_job_63819,0.8480895140041287971754968567,277.4883170890000201325165108,2400,120,20
seed_24_job_63819,0.8480895140041287971754968567,415.7095354769999744348751847,3600,120,30
seed_24_job_63819,0.8480895140041287971754968567,555.0160005310000315148499794,4800,120,40
seed_24_job_63819,0.8480895140041287971754968567,693.8358723100000133854337037,6000,120,50
seed_24_job_63819,0.8751078861653375229323614803,833.1231843120000348790199496,7200,120,60
seed_24_job_63819,0.8751078861653375229323614803,973.8660818160000189891434275,8400,120,70
seed_24_job_63819,0.8751078861653375229323614803,1112.838090492999981506727636,9600,120,80
seed_24_job_63819,0.8751078861653375229323614803,1252.259588158000042312778533,10800,120,90
seed_24_job_63819,0.8751078861653375229323614803,1392.440316602999928363715298,12000,120,100
seed_24_job_63819,0.9382038207653182748657627599,1532.771289424000087819877081,13200,120,110
seed_24_job_63819,0.9382038207653182748657627599,1672.208202565999954458675347,14400,120,120
seed_24_job_63819,0.9382038207653182748657627599,1811.973540839999941454152577,15600,120,130
seed_24_job_63819,0.9382038207653182748657627599,1950.872899088999929517740384,16800,120,140
seed_24_job_63819,0.9382038207653182748657627599,2090.944426304999979038257152,18000,120,150
seed_24_job_63819,0.9382038207653182748657627599,2231.688752097999895340763032,19200,120,160
seed_24_job_63819,0.9382038207653182748657627599,2371.531281445999866264173761,20400,120,170
seed_24_job_63819,0.9382038207653182748657627599,2512.521789717000046948669478,21600,120,180
seed_24_job_63819,0.9382038207653182748657627599,2653.426222357999904488679022,22800,120,190
seed_24_job_63819,0.9382038207653182748657627599,2794.61636739899995518499054,24000,120,200
seed_24_job_63819,0.9382038207653182748657627599,3076.278032079999775305623189,26400,120,220
seed_24_job_63819,0.9382038207653182748657627599,3356.415977829999974346719682,28800,120,240
seed_24_job_63819,0.9382038207653182748657627599,3637.902071702999819535762072,31200,120,260
seed_24_job_63819,0.9382038207653182748657627599,3918.344783857000038551632315,33600,120,280
seed_24_job_63819,0.9382038207653182748657627599,4201.031290953999814519193023,36000,120,300
seed_24_job_63819,0.9382038207653182748657627599,4481.918113978000292263459414,38400,120,320
seed_24_job_63819,0.9382038207653182748657627599,4764.520991559000322013162076,40800,120,340
seed_24_job_63819,0.9382038207653182748657627599,5046.921784131999629607889801,43200,120,360
seed_24_job_63819,0.9382038207653182748657627599,5329.14561091900031897239387,45600,120,380
seed_24_job_63819,0.9382038207653182748657627599,5613.267035851999935403000563,48000,120,400
seed_24_job_63819,0.9382038207653182748657627599,5895.606112796000161324627697,50400,120,420
seed_24_job_63819,0.9382038207653182748657627599,6178.428984076999768149107695,52800,120,440
seed_24_job_63819,0.9382038207653182748657627599,6461.2198375099997065262869,55200,120,460
seed_24_job_63819,0.9382038207653182748657627599,6742.866989674000251397956163,57600,120,480
seed_24_job_63819,0.9382038207653182748657627599,7027.205616381999789155088365,60000,120,500
seed_24_job_63819,0.9382038207653182748657627599,7309.795278081999640562571585,62400,120,520
seed_24_job_63819,0.9382038207653182748657627599,7592.697838826000406697858125,64800,120,540
seed_24_job_63819,0.9382038207653182748657627599,7876.194728069999655417632312,67200,120,560
seed_24_job_63819,0.9382038207653182748657627599,8158.633310680999784381128848,69600,120,580
seed_24_job_63819,0.9382038207653182748657627599,8440.506888145000630174763501,72000,120,600
seed_24_job_63819,0.9382038207653182748657627599,9000.520574011999997310340405,76800,120,640
seed_24_job_63819,0.9382038207653182748657627599,9559.392873001999760163016617,81600,120,680
seed_24_job_63819,0.9382038207653182748657627599,10119.59000073700008215382695,86400,120,720
seed_24_job_63819,0.9382038207653182748657627599,10679.05939359399962995667011,91200,120,760
seed_24_job_63819,0.9382038207653182748657627599,11243.66583596700002090074122,96000,120,800
seed_24_job_63819,0.9382038207653182748657627599,11805.86781056799918587785214,100800,120,840
seed_24_job_63819,0.9382038207653182748657627599,12365.4951752659999328898266,105600,120,880
seed_24_job_63819,0.9382038207653182748657627599,12927.5381937820002349326387,110400,120,920
seed_24_job_63819,0.9382038207653182748657627599,13488.86040810899976349901408,115200,120,960
seed_24_job_63819,0.9382038207653182748657627599,14048.55431153300014557316899,120000,120,1000
seed_24_job_63819,0.9382038207653182748657627599,14611.55473760399945604149252,124800,120,1040
seed_24_job_63819,0.9382038207653182748657627599,15174.85963858799914305564016,129600,120,1080
seed_24_job_63819,0.9382038207653182748657627599,15738.20818328799941809847951,134400,120,1120
seed_24_job_63819,0.9382038207653182748657627599,16299.86269998100033262744546,139200,120,1160
seed_24_job_63819,0.9382038207653182748657627599,16860.22411706099956063553691,144000,120,1200
seed_24_job_63819,0.9382038207653182748657627599,17422.44232488700072281062603,148800,120,1240
seed_24_job_63819,0.9382038207653182748657627599,17984.64174215000093681737781,153600,120,1280
seed_24_job_63819,0.9417688958739020010924036796,18551.4258759520016610622406,158400,120,1320
seed_24_job_63819,0.9446392993090970691127949976,19113.8183783749991562217474,163200,120,1360
seed_24_job_63819,0.9446392993090970691127949976,19677.53973123100149678066373,168000,120,1400
seed_24_job_63819,0.9446392993090970691127949976,20799.08418801399966469034553,177600,120,1480
seed_24_job_63819,0.9446392993090970691127949976,21924.21519666899985168129206,187200,120,1560
seed_24_job_63819,0.9446392993090970691127949976,23050.65624228800152195617557,196800,120,1640
seed_24_job_63819,0.955270273034735106776338398,24177.76394511200123815797269,206400,120,1720
seed_24_job_63819,0.955270273034735106776338398,25306.24658988699957262724638,216000,120,1800
seed_24_job_63819,0.955270273034735106776338398,26435.7887422649982909206301,225600,120,1880
seed_24_job_63819,0.955270273034735106776338398,27566.80015719099901616573334,235200,120,1960
seed_24_job_63819,0.955270273034735106776338398,28700.114456595998490229249,244800,120,2040
seed_24_job_63819,0.955270273034735106776338398,29829.03239766000115196220577,254400,120,2120
seed_24_job_63819,0.9571976203558518747627203993,30958.79308033499910379759967,264000,120,2200
seed_24_job_63819,0.9571976203558518747627203993,32093.30220737000126973725855,273600,120,2280
seed_24_job_63819,0.9597136328864994680998279364,33222.49501866199716459959745,283200,120,2360
seed_24_job_63819,0.9597136328864994680998279364,34352.46618600399960996583104,292800,120,2440
seed_24_job_63819,0.9597136328864994680998279364,35480.84216012700198916718364,302400,120,2520
seed_24_job_63819,0.9597136328864994680998279364,36608.88136204599868506193161,312000,120,2600
seed_24_job_63819,0.9597136328864994680998279364,37736.0776647919992683455348,321600,120,2680
seed_24_job_63819,0.9597136328864994680998279364,38863.11908557699644006788731,331200,120,2760
seed_24_job_63819,0.9597136328864994680998279364,39988.55337192599836271256208,340800,120,2840
seed_24_job_63819,0.9597136328864994680998279364,41118.079961764000472612679,350400,120,2920
seed_24_job_63819,0.9597136328864994680998279364,42245.50184332500066375359893,360000,120,3000
seed_24_job_63819,0.9597136328864994680998279364,43203.6603153499963809736073,360000,120,3068
