seed_4_job_63845,0.9339596668635901099975171746,135.4587021680000020751322154,1200,120,10
seed_4_job_63845,0.9339596668635901099975171746,271.9005300669999769525020383,2400,120,20
seed_4_job_63845,0.9339596668635901099975171746,410.180010718999994878686266,3600,120,30
seed_4_job_63845,0.9339596668635901099975171746,547.8594374489999836441711523,4800,120,40
seed_4_job_63845,0.9339596668635901099975171746,683.7439099839999698815518059,6000,120,50
seed_4_job_63845,0.9339596668635901099975171746,820.6729821349999838275834918,7200,120,60
seed_4_job_63845,0.9339596668635901099975171746,957.1478357189999996990081854,8400,120,70
seed_4_job_63845,0.9339596668635901099975171746,1093.057352022000031865900382,9600,120,80
seed_4_job_63845,0.9339596668635901099975171746,1230.524129640999944967916235,10800,120,90
seed_4_job_63845,0.9339596668635901099975171746,1367.286961645000019416329451,12000,120,100
seed_4_job_63845,0.9339596668635901099975171746,1503.200958628000080352649093,13200,120,110
seed_4_job_63845,0.9339596668635901099975171746,1641.403336275999890858656727,14400,120,120
seed_4_job_63845,0.9339596668635901099975171746,1778.370710665999922639457509,15600,120,130
seed_4_job_63845,0.9339596668635901099975171746,1914.788717380999969464028254,16800,120,140
seed_4_job_63845,0.9339596668635901099975171746,2052.652872502999798598466441,18000,120,150
seed_4_job_63845,0.9339596668635901099975171746,2188.038767388999985996633768,19200,120,160
seed_4_job_63845,0.9339596668635901099975171746,2324.522186589999819261720404,20400,120,170
seed_4_job_63845,0.9339596668635901099975171746,2459.68896680899979401146993,21600,120,180
seed_4_job_63845,0.9339596668635901099975171746,2593.736986963000163086690009,22800,120,190
seed_4_job_63845,0.9339596668635901099975171746,2729.275944762000108312349766,24000,120,200
seed_4_job_63845,0.9339596668635901099975171746,3002.79330966199995600618422,26400,120,220
seed_4_job_63845,0.9339596668635901099975171746,3277.878426737000154389534146,28800,120,240
seed_4_job_63845,0.9339596668635901099975171746,3552.771400915999947756063193,31200,120,260
seed_4_job_63845,0.9339596668635901099975171746,3827.454989711000052921008319,33600,120,280
seed_4_job_63845,0.9339596668635901099975171746,4099.467404113000156939961016,36000,120,300
seed_4_job_63845,0.9339596668635901099975171746,4372.405890830999851459637284,38400,120,320
seed_4_job_63845,0.9339596668635901099975171746,4646.933216108999658899847418,40800,120,340
seed_4_job_63845,0.9339596668635901099975171746,4921.178172195000115607399493,43200,120,360
seed_4_job_63845,0.9339596668635901099975171746,5195.825515059000281326007098,45600,120,380
seed_4_job_63845,0.9339596668635901099975171746,5470.352061305999995965976268,48000,120,400
seed_4_job_63845,0.9339596668635901099975171746,5745.298983966999912809114903,50400,120,420
seed_4_job_63845,0.9339596668635901099975171746,6020.010329720999834535177797,52800,120,440
seed_4_job_63845,0.9339596668635901099975171746,6293.147153021000121952965856,55200,120,460
seed_4_job_63845,0.9339596668635901099975171746,6568.858322459000191884115338,57600,120,480
seed_4_job_63845,0.9339596668635901099975171746,6844.581745845000114059075713,60000,120,500
seed_4_job_63845,0.9339596668635901099975171746,7117.624554453000200737733394,62400,120,520
seed_4_job_63845,0.9339596668635901099975171746,7389.730138967999664600938559,64800,120,540
seed_4_job_63845,0.9339596668635901099975171746,7662.049990667999736615456641,67200,120,560
seed_4_job_63845,0.9339596668635901099975171746,7934.184377798000241455156356,69600,120,580
seed_4_job_63845,0.9339596668635901099975171746,8204.365673364000031142495573,72000,120,600
seed_4_job_63845,0.9339596668635901099975171746,8755.256862647000161814503372,76800,120,640
seed_4_job_63845,0.9339596668635901099975171746,9297.501233945000421954318881,81600,120,680
seed_4_job_63845,0.9339596668635901099975171746,9840.512150107999332249164581,86400,120,720
seed_4_job_63845,0.9339596668635901099975171746,10384.96800350000012258533388,91200,120,760
seed_4_job_63845,0.9339596668635901099975171746,10931.05267303099935816135257,96000,120,800
seed_4_job_63845,0.9339596668635901099975171746,11475.46079275000010966323316,100800,120,840
seed_4_job_63845,0.9339596668635901099975171746,12023.32301456399909511674196,105600,120,880
seed_4_job_63845,0.9339596668635901099975171746,12568.24920654299967281986028,110400,120,920
seed_4_job_63845,0.9339596668635901099975171746,13116.60324996900089900009334,115200,120,960
seed_4_job_63845,0.9378895402105601464270989709,13663.8808650129994930466637,120000,120,1000
seed_4_job_63845,0.9378895402105601464270989709,14212.84331456799918669275939,124800,120,1040
seed_4_job_63845,0.9378895402105601464270989709,14761.88316234400008397642523,129600,120,1080
seed_4_job_63845,0.9378895402105601464270989709,15308.84672514299927570391446,134400,120,1120
seed_4_job_63845,0.9378895402105601464270989709,15856.36591538299944659229368,139200,120,1160
seed_4_job_63845,0.9378895402105601464270989709,16405.61296826100078760646284,144000,120,1200
seed_4_job_63845,0.9378895402105601464270989709,16955.81410713399964151903987,148800,120,1240
seed_4_job_63845,0.9378895402105601464270989709,17504.18505492400072398595512,153600,120,1280
seed_4_job_63845,0.9378895402105601464270989709,18051.58893380999870714731514,158400,120,1320
seed_4_job_63845,0.9470214994628820548427938775,18599.5459174310017260722816,163200,120,1360
seed_4_job_63845,0.9470214994628820548427938775,19145.69325808799840160645545,168000,120,1400
seed_4_job_63845,0.9470214994628820548427938775,20240.0235667730012210085988,177600,120,1480
seed_4_job_63845,0.9470214994628820548427938775,21339.01972183999896515160799,187200,120,1560
seed_4_job_63845,0.9470214994628820548427938775,22436.46165673499854165129364,196800,120,1640
seed_4_job_63845,0.9470214994628820548427938775,23531.71917252799903508275747,206400,120,1720
seed_4_job_63845,0.9470214994628820548427938775,24630.08694146099878707900643,216000,120,1800
seed_4_job_63845,0.9470214994628820548427938775,25727.51754713500122306868434,225600,120,1880
seed_4_job_63845,0.9470214994628820548427938775,26825.98909599800026626326144,235200,120,1960
seed_4_job_63845,0.9470214994628820548427938775,27921.69251938000161317177117,244800,120,2040
seed_4_job_63845,0.9470214994628820548427938775,29020.62665374900097958743572,254400,120,2120
seed_4_job_63845,0.9470214994628820548427938775,30114.9154921779991127550602,264000,120,2200
seed_4_job_63845,0.9470214994628820548427938775,31212.29282301299826940521598,273600,120,2280
seed_4_job_63845,0.9470214994628820548427938775,32307.79265541600034339353442,283200,120,2360
seed_4_job_63845,0.9470214994628820548427938775,33407.52953463800076860934496,292800,120,2440
seed_4_job_63845,0.9470214994628820548427938775,34505.91242198099644156172872,302400,120,2520
seed_4_job_63845,0.9470214994628820548427938775,35607.74995801300246967002749,312000,120,2600
seed_4_job_63845,0.9470214994628820548427938775,36703.93532756900094682350755,321600,120,2680
seed_4_job_63845,0.9470214994628820548427938775,37801.62134898200019961223006,331200,120,2760
seed_4_job_63845,0.9470214994628820548427938775,38896.65866704100335482507944,340800,120,2840
seed_4_job_63845,0.9470214994628820548427938775,39985.24679392800317145884037,350400,120,2920
seed_4_job_63845,0.9470214994628820548427938775,41075.32786307600326836109161,360000,120,3000
seed_4_job_63845,0.9470214994628820548427938775,43211.57103446599649032577872,360000,120,3157
