seed_26_job_65282,0.9599805308913081924870880357,133.3119593019999911120976321,1200,120,10
seed_26_job_65282,0.9599805308913081924870880357,267.5159012180000104308419395,2400,120,20
seed_26_job_65282,0.9700480046856426730172984207,400.6096366770000258838990703,3600,120,30
seed_26_job_65282,0.9700480046856426730172984207,534.7031766430000061518512666,4800,120,40
seed_26_job_65282,0.9700480046856426730172984207,669.1238522730000113369897008,6000,120,50
seed_26_job_65282,0.9700480046856426730172984207,803.52329552399999101908179,7200,120,60
seed_26_job_65282,0.9700480046856426730172984207,938.7476044479999472969211638,8400,120,70
seed_26_job_65282,0.9700480046856426730172984207,1073.83815698600005816842895,9600,120,80
seed_26_job_65282,0.9700480046856426730172984207,1209.209581346000049961730838,10800,120,90
seed_26_job_65282,0.9737020341669254674954459006,1344.445987370000011651427485,12000,120,100
seed_26_job_65282,0.9737020341669254674954459006,1479.466254394000088723259978,13200,120,110
seed_26_job_65282,0.9737020341669254674954459006,1615.227708721999988483730704,14400,120,120
seed_26_job_65282,0.9737020341669254674954459006,1750.455563541999936205684207,15600,120,130
seed_26_job_65282,0.9737020341669254674954459006,1886.088343773999895347515121,16800,120,140
seed_26_job_65282,0.9737020341669254674954459006,2021.293808703999957288033329,18000,120,150
seed_26_job_65282,0.9737020341669254674954459006,2157.902715741000065463595092,19200,120,160
seed_26_job_65282,0.9737020341669254674954459006,2294.574480534000031184405088,20400,120,170
seed_26_job_65282,0.9737020341669254674954459006,2430.980719093000061548082158,21600,120,180
seed_26_job_65282,0.9745935113468724431129430741,2569.122784407999915856635198,22800,120,190
seed_26_job_65282,0.9745935113468724431129430741,2705.394288213999971048906446,24000,120,200
seed_26_job_65282,0.9745935113468724431129430741,2840.733809328000006644288078,25200,120,210
seed_26_job_65282,0.9745935113468724431129430741,2976.453502950999791210051626,26400,120,220
seed_26_job_65282,0.9745935113468724431129430741,3111.570531888000004983041435,27600,120,230
seed_26_job_65282,0.9745935113468724431129430741,3246.335070262000044749584049,28800,120,240
seed_26_job_65282,0.9745935113468724431129430741,3381.260465457000009337207302,30000,120,250
seed_26_job_65282,0.9745935113468724431129430741,3517.639343327000005956506357,31200,120,260
seed_26_job_65282,0.9745935113468724431129430741,3653.390319644000101106939837,32400,120,270
seed_26_job_65282,0.9745935113468724431129430741,3788.649707432000013795914128,33600,120,280
seed_26_job_65282,0.9745935113468724431129430741,3924.111154133000127330888063,34800,120,290
seed_26_job_65282,0.9745935113468724431129430741,4059.800206967000121949240565,36000,120,300
seed_26_job_65282,0.9745935113468724431129430741,4194.513593699000011838506907,37200,120,310
seed_26_job_65282,0.9745935113468724431129430741,4329.99363504000029934104532,38400,120,320
seed_26_job_65282,0.9745935113468724431129430741,4465.904778553000141982920468,39600,120,330
seed_26_job_65282,0.9745935113468724431129430741,4600.311050805000377295073122,40800,120,340
seed_26_job_65282,0.9745935113468724431129430741,4736.291774991000238514970988,42000,120,350
seed_26_job_65282,0.9745935113468724431129430741,4872.459079690999715239740908,43200,120,360
seed_26_job_65282,0.9745935113468724431129430741,5007.504115316000024904496968,44400,120,370
seed_26_job_65282,0.9745935113468724431129430741,5141.446059257999877445399761,45600,120,380
seed_26_job_65282,0.9745935113468724431129430741,5276.314556291000371857080609,46800,120,390
seed_26_job_65282,0.9745935113468724431129430741,5412.515478313999665260780603,48000,120,400
seed_26_job_65282,0.9745935113468724431129430741,5547.822684957000092254020274,49200,120,410
seed_26_job_65282,0.9745935113468724431129430741,5683.909230799000397382769734,50400,120,420
seed_26_job_65282,0.9745935113468724431129430741,5820.263111502000356267672032,51600,120,430
seed_26_job_65282,0.9745935113468724431129430741,5957.453220387000328628346324,52800,120,440
seed_26_job_65282,0.9759678470604795652576513021,6093.363197644999672775156796,54000,120,450
seed_26_job_65282,0.9759678470604795652576513021,6228.960322552999969047959894,55200,120,460
seed_26_job_65282,0.9759678470604795652576513021,6363.149423849000413611065596,56400,120,470
seed_26_job_65282,0.9759678470604795652576513021,6497.649583823999819287564605,57600,120,480
seed_26_job_65282,0.9759678470604795652576513021,6631.928807485999641357921064,58800,120,490
seed_26_job_65282,0.9759678470604795652576513021,6766.496844794000026013236493,60000,120,500
seed_26_job_65282,0.9759678470604795652576513021,6901.629405751000376767478883,61200,120,510
seed_26_job_65282,0.9759678470604795652576513021,7171.216406200999699649401009,63600,120,530
seed_26_job_65282,0.9759678470604795652576513021,7439.407902318000196828506887,66000,120,550
seed_26_job_65282,0.9759678470604795652576513021,7708.209501373999955831095576,68400,120,570
seed_26_job_65282,0.9759678470604795652576513021,7976.640340891999585437588394,70800,120,590
seed_26_job_65282,0.9759678470604795652576513021,8246.790089928999805124476552,73200,120,610
seed_26_job_65282,0.9759678470604795652576513021,8516.101517171999148558825254,75600,120,630
seed_26_job_65282,0.9759678470604795652576513021,8785.217053893000411335378885,78000,120,650
seed_26_job_65282,0.98609267186731341947592,9054.79367864699997880961746,80400,120,670
seed_26_job_65282,0.98609267186731341947592,9324.29026025399980426300317,82800,120,690
seed_26_job_65282,0.98609267186731341947592,9592.468463866000092821195722,85200,120,710
seed_26_job_65282,0.98609267186731341947592,9860.270705815999463084153831,87600,120,730
seed_26_job_65282,0.98609267186731341947592,10127.37279863600087992381305,90000,120,750
seed_26_job_65282,0.98609267186731341947592,10394.79902885699993930757046,92400,120,770
seed_26_job_65282,0.98609267186731341947592,10662.13234196600024006329477,94800,120,790
seed_26_job_65282,0.98609267186731341947592,10931.75940040599925850983709,97200,120,810
seed_26_job_65282,0.98609267186731341947592,11201.30748370500077726319432,99600,120,830
seed_26_job_65282,0.98609267186731341947592,11470.22171051899931626394391,102000,120,850
seed_26_job_65282,0.98609267186731341947592,11737.85806660799971723463386,104400,120,870
seed_26_job_65282,0.98609267186731341947592,12004.64727384199977677781135,106800,120,890
seed_26_job_65282,0.98609267186731341947592,12272.87981742000010854098946,109200,120,910
seed_26_job_65282,0.98609267186731341947592,12539.98038185299992619547993,111600,120,930
seed_26_job_65282,0.98609267186731341947592,12806.95755407499927969183773,114000,120,950
seed_26_job_65282,0.98609267186731341947592,13076.56220650499926705379039,116400,120,970
seed_26_job_65282,0.98609267186731341947592,13344.28612385000087670050561,118800,120,990
seed_26_job_65282,0.98609267186731341947592,13613.24107569199986755847931,121200,120,1010
seed_26_job_65282,0.98609267186731341947592,13879.54200247200060402974486,123600,120,1030
seed_26_job_65282,0.98609267186731341947592,14147.2045111349998478544876,126000,120,1050
seed_26_job_65282,0.98609267186731341947592,14415.19746100399970600847155,128400,120,1070
seed_26_job_65282,0.98609267186731341947592,14683.19948437700077192857862,130800,120,1090
seed_26_job_65282,0.98609267186731341947592,14954.26167046000045957043767,133200,120,1110
seed_26_job_65282,0.98609267186731341947592,15224.32667088199923455249518,135600,120,1130
seed_26_job_65282,0.98609267186731341947592,15495.56368220299918903037906,138000,120,1150
seed_26_job_65282,0.98609267186731341947592,15766.39476129399918136186898,140400,120,1170
seed_26_job_65282,0.98609267186731341947592,16039.11372313900028530042619,142800,120,1190
seed_26_job_65282,0.98609267186731341947592,16309.92596905299978971015662,145200,120,1210
seed_26_job_65282,0.98609267186731341947592,16582.68124765999891678802669,147600,120,1230
seed_26_job_65282,0.98609267186731341947592,16855.22601920699889888055623,150000,120,1250
seed_26_job_65282,0.98609267186731341947592,17127.82260829000006197020411,152400,120,1270
seed_26_job_65282,0.98609267186731341947592,17399.48094943699834402650595,154800,120,1290
seed_26_job_65282,0.98609267186731341947592,17672.38396757599912234582007,157200,120,1310
seed_26_job_65282,0.98609267186731341947592,17943.55622725300054298713803,159600,120,1330
seed_26_job_65282,0.98609267186731341947592,18215.68372761700084083713591,162000,120,1350
seed_26_job_65282,0.98609267186731341947592,18489.53158927500044228509068,164400,120,1370
seed_26_job_65282,0.98609267186731341947592,18762.2129444679994776379317,166800,120,1390
seed_26_job_65282,0.98609267186731341947592,19036.05957783399935578927398,169200,120,1410
seed_26_job_65282,0.98609267186731341947592,19308.13880838700060849078,171600,120,1430
seed_26_job_65282,0.98609267186731341947592,19579.55151876400123001076281,174000,120,1450
seed_26_job_65282,0.98609267186731341947592,19851.61625688699859892949462,176400,120,1470
seed_26_job_65282,0.98609267186731341947592,20124.11157675999857019633055,178800,120,1490
seed_26_job_65282,0.98609267186731341947592,20395.49451467399921966716647,181200,120,1510
seed_26_job_65282,0.98609267186731341947592,20666.86190874200110556557775,183600,120,1530
seed_26_job_65282,0.98609267186731341947592,20938.83475841900144587270916,186000,120,1550
seed_26_job_65282,0.98609267186731341947592,21209.46099056700040819123387,188400,120,1570
seed_26_job_65282,0.98609267186731341947592,21481.05265905199848930351436,190800,120,1590
seed_26_job_65282,0.98609267186731341947592,21752.83952727900032186880708,193200,120,1610
seed_26_job_65282,0.98609267186731341947592,22024.18841087900000275112689,195600,120,1630
seed_26_job_65282,0.98609267186731341947592,22298.02704371499930857680738,198000,120,1650
seed_26_job_65282,0.98609267186731341947592,22568.43431950599915580824018,200400,120,1670
seed_26_job_65282,0.98609267186731341947592,22840.59200274600152624770999,202800,120,1690
seed_26_job_65282,0.98609267186731341947592,23110.93765673899906687438488,205200,120,1710
seed_26_job_65282,0.98609267186731341947592,23382.97799361600118572823703,207600,120,1730
seed_26_job_65282,0.98609267186731341947592,23918.26803070499954628758132,212400,120,1770
seed_26_job_65282,0.98609267186731341947592,24451.78205988999980036169291,217200,120,1810
seed_26_job_65282,0.98609267186731341947592,24986.60712863500157254748046,222000,120,1850
seed_26_job_65282,0.98609267186731341947592,25520.03222795599867822602391,226800,120,1890
seed_26_job_65282,0.98609267186731341947592,26052.43786417700175661593676,231600,120,1930
seed_26_job_65282,0.98609267186731341947592,26587.2927165020009852014482,236400,120,1970
seed_26_job_65282,0.98609267186731341947592,27124.36929294700166792608798,241200,120,2010
seed_26_job_65282,0.98609267186731341947592,27658.02753987400137702934444,246000,120,2050
seed_26_job_65282,0.98609267186731341947592,28193.47303590299998177215457,250800,120,2090
seed_26_job_65282,0.98609267186731341947592,28729.94427696799903060309589,255600,120,2130
seed_26_job_65282,0.98609267186731341947592,29263.57263599200086900964379,260400,120,2170
seed_26_job_65282,0.98609267186731341947592,29796.85597843099822057411075,265200,120,2210
seed_26_job_65282,0.98609267186731341947592,30329.69722609699965687468648,270000,120,2250
seed_26_job_65282,0.98609267186731341947592,30862.0802355310006532818079,274800,120,2290
seed_26_job_65282,0.98609267186731341947592,31393.44238231100098346360028,279600,120,2330
seed_26_job_65282,0.98609267186731341947592,31926.39253666500007966533303,284400,120,2370
seed_26_job_65282,0.98609267186731341947592,32458.47087378699870896525681,289200,120,2410
seed_26_job_65282,0.98609267186731341947592,32987.91743617800239007920027,294000,120,2450
seed_26_job_65282,0.98609267186731341947592,33522.70350119000067934393883,298800,120,2490
seed_26_job_65282,0.98609267186731341947592,34058.41876857500028563663363,303600,120,2530
seed_26_job_65282,0.98609267186731341947592,34597.89594587899773614481091,308400,120,2570
seed_26_job_65282,0.98609267186731341947592,35684.09380776000034529715776,318000,120,2650
seed_26_job_65282,0.98609267186731341947592,36773.75274174100195523351431,327600,120,2730
seed_26_job_65282,0.98609267186731341947592,37864.19226346600044053047895,337200,120,2810
seed_26_job_65282,0.98609267186731341947592,38954.85102431500126840546727,346800,120,2890
seed_26_job_65282,0.98609267186731341947592,40044.1546182200036128051579,356400,120,2970
seed_26_job_65282,0.98609267186731341947592,41132.47928242600028170272708,366000,120,3050
seed_26_job_65282,0.98609267186731341947592,42221.27960970900312531739473,375600,120,3130
seed_26_job_65282,0.98609267186731341947592,43204.0423599929999909363687,375600,120,3202
