seed_21_job_63954,0.5340781160845409214488199723,132.5824858990000052472169045,1200,120,10
seed_21_job_63954,0.7927327124095874255615967741,265.6205246249999731844582129,2400,120,20
seed_21_job_63954,0.7927327124095874255615967741,399.3487810110000282293185592,3600,120,30
seed_21_job_63954,0.7927327124095874255615967741,533.0368726489999744444503449,4800,120,40
seed_21_job_63954,0.7927327124095874255615967741,667.8682958709999866186990403,6000,120,50
seed_21_job_63954,0.7927327124095874255615967741,801.6921316409999462848645635,7200,120,60
seed_21_job_63954,0.7927327124095874255615967741,935.8064268560000300567480735,8400,120,70
seed_21_job_63954,0.7927327124095874255615967741,1071.302213321999943218543194,9600,120,80
seed_21_job_63954,0.7927327124095874255615967741,1204.220230614999991303193383,10800,120,90
seed_21_job_63954,0.802563647745384356468889564,1337.640130588999909377889708,12000,120,100
seed_21_job_63954,0.802563647745384356468889564,1471.477339757999970970558934,13200,120,110
seed_21_job_63954,0.802563647745384356468889564,1604.885507356000061918166466,14400,120,120
seed_21_job_63954,0.802563647745384356468889564,1739.85566990999996050959453,15600,120,130
seed_21_job_63954,0.802563647745384356468889564,1873.929513395999947533709928,16800,120,140
seed_21_job_63954,0.802563647745384356468889564,2008.57768614800011164334137,18000,120,150
seed_21_job_63954,0.802563647745384356468889564,2142.197334636000050522852689,19200,120,160
seed_21_job_63954,0.802563647745384356468889564,2277.515393249000226205680519,20400,120,170
seed_21_job_63954,0.802563647745384356468889564,2411.242280106000180239789188,21600,120,180
seed_21_job_63954,0.802563647745384356468889564,2544.744607155999801761936396,22800,120,190
seed_21_job_63954,0.802563647745384356468889564,2678.664679786999840871430933,24000,120,200
seed_21_job_63954,0.802563647745384356468889564,2812.326844958000037877354771,25200,120,210
seed_21_job_63954,0.802563647745384356468889564,2945.719058789999962755246088,26400,120,220
seed_21_job_63954,0.802563647745384356468889564,3080.231437346999882720410824,27600,120,230
seed_21_job_63954,0.802563647745384356468889564,3215.991875276999962807167321,28800,120,240
seed_21_job_63954,0.802563647745384356468889564,3348.447421903999838832532987,30000,120,250
seed_21_job_63954,0.802563647745384356468889564,3482.422876647000066441250965,31200,120,260
seed_21_job_63954,0.802563647745384356468889564,3618.288993454999854293419048,32400,120,270
seed_21_job_63954,0.802563647745384356468889564,3754.418734714000038366066292,33600,120,280
seed_21_job_63954,0.802563647745384356468889564,3887.21856457300009424216114,34800,120,290
seed_21_job_63954,0.802563647745384356468889564,4021.663690601999860518844798,36000,120,300
seed_21_job_63954,0.802563647745384356468889564,4157.877994254999975964892656,37200,120,310
seed_21_job_63954,0.802563647745384356468889564,4293.588072407999788993038237,38400,120,320
seed_21_job_63954,0.802563647745384356468889564,4429.495245379000152752269059,39600,120,330
seed_21_job_63954,0.802563647745384356468889564,4563.962015995000001566950232,40800,120,340
seed_21_job_63954,0.802563647745384356468889564,4699.511689521999869612045586,42000,120,350
seed_21_job_63954,0.802563647745384356468889564,4835.675253530000190949067473,43200,120,360
seed_21_job_63954,0.802563647745384356468889564,4972.485529821999989508185536,44400,120,370
seed_21_job_63954,0.802563647745384356468889564,5109.040273212000101921148598,45600,120,380
seed_21_job_63954,0.802563647745384356468889564,5244.109387487999811128247529,46800,120,390
seed_21_job_63954,0.802563647745384356468889564,5378.65533731199957401258871,48000,120,400
seed_21_job_63954,0.802563647745384356468889564,5513.520674815999882412143052,49200,120,410
seed_21_job_63954,0.802563647745384356468889564,5648.497773830000369343906641,50400,120,420
seed_21_job_63954,0.802563647745384356468889564,5784.123428494999643589835614,51600,120,430
seed_21_job_63954,0.802563647745384356468889564,5918.829269947000284446403384,52800,120,440
seed_21_job_63954,0.802563647745384356468889564,6053.982442575999812106601894,54000,120,450
seed_21_job_63954,0.802563647745384356468889564,6189.374508427999899140559137,55200,120,460
seed_21_job_63954,0.802563647745384356468889564,6323.022354077000272809527814,56400,120,470
seed_21_job_63954,0.802563647745384356468889564,6456.408518338999783736653626,57600,120,480
seed_21_job_63954,0.802563647745384356468889564,6589.927063326999814307782799,58800,120,490
seed_21_job_63954,0.802563647745384356468889564,6723.733635331000186852179468,60000,120,500
seed_21_job_63954,0.802563647745384356468889564,6857.2746589580001455033198,61200,120,510
seed_21_job_63954,0.802563647745384356468889564,6993.036279984999964653979987,62400,120,520
seed_21_job_63954,0.802563647745384356468889564,7129.915126470999894081614912,63600,120,530
seed_21_job_63954,0.802563647745384356468889564,7265.219974888999786344356835,64800,120,540
seed_21_job_63954,0.802563647745384356468889564,7401.242072889999690232798457,66000,120,550
seed_21_job_63954,0.802563647745384356468889564,7535.312245504000202345196158,67200,120,560
seed_21_job_63954,0.802563647745384356468889564,7669.463145114000326429959387,68400,120,570
seed_21_job_63954,0.802563647745384356468889564,7803.8451330930001859087497,69600,120,580
seed_21_job_63954,0.802563647745384356468889564,7938.961279862000083085149527,70800,120,590
seed_21_job_63954,0.802563647745384356468889564,8074.206631289000142714940012,72000,120,600
seed_21_job_63954,0.802563647745384356468889564,8208.507866304000344825908542,73200,120,610
seed_21_job_63954,0.802563647745384356468889564,8342.64672911200068483594805,74400,120,620
seed_21_job_63954,0.802563647745384356468889564,8476.487577816000339225865901,75600,120,630
seed_21_job_63954,0.802563647745384356468889564,8614.025031622000824427232146,76800,120,640
seed_21_job_63954,0.802563647745384356468889564,8750.580562068000290310010314,78000,120,650
seed_21_job_63954,0.802563647745384356468889564,8886.286415601000044262036681,79200,120,660
seed_21_job_63954,0.802563647745384356468889564,9023.944829685000513563863933,80400,120,670
seed_21_job_63954,0.802563647745384356468889564,9160.931926582999949459917843,81600,120,680
seed_21_job_63954,0.802563647745384356468889564,9297.667186000999208772554994,82800,120,690
seed_21_job_63954,0.802563647745384356468889564,9434.827720232999126892536879,84000,120,700
seed_21_job_63954,0.802563647745384356468889564,9569.295769013000608538277447,85200,120,710
seed_21_job_63954,0.802563647745384356468889564,9704.046207835999666713178158,86400,120,720
seed_21_job_63954,0.802563647745384356468889564,9838.34317756999917037319392,87600,120,730
seed_21_job_63954,0.802563647745384356468889564,9973.244337871999960043467581,88800,120,740
seed_21_job_63954,0.802563647745384356468889564,10108.38174020000042219180614,90000,120,750
seed_21_job_63954,0.8034599433374255417206200036,10242.6586967599996569333598,91200,120,760
seed_21_job_63954,0.8034599433374255417206200036,10376.83133930199983296915889,92400,120,770
seed_21_job_63954,0.8034599433374255417206200036,10510.90216169300038018263876,93600,120,780
seed_21_job_63954,0.8034599433374255417206200036,10644.18443486700016364920884,94800,120,790
seed_21_job_63954,0.8034599433374255417206200036,10777.9053323589996580267325,96000,120,800
seed_21_job_63954,0.8034599433374255417206200036,10911.14998012599971843883395,97200,120,810
seed_21_job_63954,0.8034599433374255417206200036,11044.77789280800061533227563,98400,120,820
seed_21_job_63954,0.8034599433374255417206200036,11178.09122865700010152067989,99600,120,830
seed_21_job_63954,0.8034599433374255417206200036,11312.26309269400007906369865,100800,120,840
seed_21_job_63954,0.8034599433374255417206200036,11446.28925615700063644908369,102000,120,850
seed_21_job_63954,0.8034599433374255417206200036,11580.38699619500039261765778,103200,120,860
seed_21_job_63954,0.8034599433374255417206200036,11715.81585758199980773497373,104400,120,870
seed_21_job_63954,0.8034599433374255417206200036,11849.97093428900006983894855,105600,120,880
seed_21_job_63954,0.8034599433374255417206200036,11985.54194664900023781228811,106800,120,890
seed_21_job_63954,0.8034599433374255417206200036,12120.51349204600046505220234,108000,120,900
seed_21_job_63954,0.8034599433374255417206200036,12390.96554101100082334596664,110400,120,920
seed_21_job_63954,0.8034599433374255417206200036,12661.02593577799962076824158,112800,120,940
seed_21_job_63954,0.8034599433374255417206200036,12928.86809152199930394999683,115200,120,960
seed_21_job_63954,0.8034599433374255417206200036,13195.85344398499910312239081,117600,120,980
seed_21_job_63954,0.8034599433374255417206200036,13463.52698080399932223372161,120000,120,1000
seed_21_job_63954,0.8034599433374255417206200036,13732.10045097299916960764676,122400,120,1020
seed_21_job_63954,0.8034599433374255417206200036,14001.55066346099920338019729,124800,120,1040
seed_21_job_63954,0.8034599433374255417206200036,14270.88162807200023962650448,127200,120,1060
seed_21_job_63954,0.8034599433374255417206200036,14540.8904720449991145869717,129600,120,1080
seed_21_job_63954,0.8034599433374255417206200036,14813.23964372900081798434258,132000,120,1100
seed_21_job_63954,0.8039505997344220666889214044,15083.12920191599914687685668,134400,120,1120
seed_21_job_63954,0.8039505997344220666889214044,15353.24650735000068380031735,136800,120,1140
seed_21_job_63954,0.8039505997344220666889214044,15620.56557572299971070606261,139200,120,1160
seed_21_job_63954,0.8039505997344220666889214044,15889.4230051199992885813117,141600,120,1180
seed_21_job_63954,0.8039505997344220666889214044,16159.95949622099942644126713,144000,120,1200
seed_21_job_63954,0.8039505997344220666889214044,16429.10196810799970990046859,146400,120,1220
seed_21_job_63954,0.8039505997344220666889214044,16697.99600952499895356595516,148800,120,1240
seed_21_job_63954,0.8039505997344220666889214044,16968.2739333569988957606256,151200,120,1260
seed_21_job_63954,0.8039505997344220666889214044,17238.03819172500152490101755,153600,120,1280
seed_21_job_63954,0.8039505997344220666889214044,17509.82629271599944331683218,156000,120,1300
seed_21_job_63954,0.8039505997344220666889214044,17782.30397362100120517425239,158400,120,1320
seed_21_job_63954,0.8039505997344220666889214044,18053.04243559200040181167424,160800,120,1340
seed_21_job_63954,0.8039505997344220666889214044,18322.78548421199957374483347,163200,120,1360
seed_21_job_63954,0.8039505997344220666889214044,18594.35550309099926380440593,165600,120,1380
seed_21_job_63954,0.8039505997344220666889214044,18862.39896360399870900437236,168000,120,1400
seed_21_job_63954,0.8039505997344220666889214044,19131.08852760800073156133294,170400,120,1420
seed_21_job_63954,0.8039505997344220666889214044,19401.4867767989999265410006,172800,120,1440
seed_21_job_63954,0.8039505997344220666889214044,19674.72484154799894895404577,175200,120,1460
seed_21_job_63954,0.8039505997344220666889214044,19943.74769618099890067242086,177600,120,1480
seed_21_job_63954,0.8039505997344220666889214044,20214.31713783099985448643565,180000,120,1500
seed_21_job_63954,0.8039505997344220666889214044,20484.19088730400108033791184,182400,120,1520
seed_21_job_63954,0.8039505997344220666889214044,20759.05824236400076188147068,184800,120,1540
seed_21_job_63954,0.8039505997344220666889214044,21031.84317401400039670988917,187200,120,1560
seed_21_job_63954,0.8039505997344220666889214044,21305.15890473200124688446522,189600,120,1580
seed_21_job_63954,0.8039505997344220666889214044,21577.26121072399837430566549,192000,120,1600
seed_21_job_63954,0.8039505997344220666889214044,21847.19930471100087743252516,194400,120,1620
seed_21_job_63954,0.8039505997344220666889214044,22118.30583983000178704969585,196800,120,1640
seed_21_job_63954,0.8039505997344220666889214044,22387.81701398600125685334206,199200,120,1660
seed_21_job_63954,0.8039505997344220666889214044,22659.02479196800049976445735,201600,120,1680
seed_21_job_63954,0.8039505997344220666889214044,22930.26715295200119726359844,204000,120,1700
seed_21_job_63954,0.8039505997344220666889214044,23202.31425955400118255056441,206400,120,1720
seed_21_job_63954,0.8039505997344220666889214044,23473.08540196499961894005537,208800,120,1740
seed_21_job_63954,0.8039505997344220666889214044,23744.85370881500057294033468,211200,120,1760
seed_21_job_63954,0.8039505997344220666889214044,24015.82351795700014918111265,213600,120,1780
seed_21_job_63954,0.8039505997344220666889214044,24287.0623162679985398426652,216000,120,1800
seed_21_job_63954,0.8039505997344220666889214044,24558.70137577299828990362585,218400,120,1820
seed_21_job_63954,0.8039505997344220666889214044,24832.48068009200142114423215,220800,120,1840
seed_21_job_63954,0.8039505997344220666889214044,25103.58877837500040186569095,223200,120,1860
seed_21_job_63954,0.8039505997344220666889214044,25375.23819751499831909313798,225600,120,1880
seed_21_job_63954,0.8039505997344220666889214044,25645.43417209000108414329588,228000,120,1900
seed_21_job_63954,0.8039505997344220666889214044,25919.10368337000181782059371,230400,120,1920
seed_21_job_63954,0.8039505997344220666889214044,26192.47086346899959607981145,232800,120,1940
seed_21_job_63954,0.8039505997344220666889214044,26463.01678274300138582475483,235200,120,1960
seed_21_job_63954,0.8039505997344220666889214044,26733.471203824999975040555,237600,120,1980
seed_21_job_63954,0.8039505997344220666889214044,27004.6168522289990505669266,240000,120,2000
seed_21_job_63954,0.8039505997344220666889214044,27275.08100303899846039712429,242400,120,2020
seed_21_job_63954,0.8039505997344220666889214044,27549.25940262500080280005932,244800,120,2040
seed_21_job_63954,0.8039505997344220666889214044,27820.94973685700097121298313,247200,120,2060
seed_21_job_63954,0.8039505997344220666889214044,28093.23637704200154985301197,249600,120,2080
seed_21_job_63954,0.8039505997344220666889214044,28365.65385966100075165741146,252000,120,2100
seed_21_job_63954,0.8039505997344220666889214044,28640.36891263299912679940462,254400,120,2120
seed_21_job_63954,0.8039505997344220666889214044,28914.3112817430010181851685,256800,120,2140
seed_21_job_63954,0.8039505997344220666889214044,29189.56265947800056892447174,259200,120,2160
seed_21_job_63954,0.8039505997344220666889214044,29462.76487598200037609785795,261600,120,2180
seed_21_job_63954,0.8039505997344220666889214044,29736.07146078599907923489809,264000,120,2200
seed_21_job_63954,0.8039505997344220666889214044,30007.30127963899940368719399,266400,120,2220
seed_21_job_63954,0.8039505997344220666889214044,30278.52010639799846103414893,268800,120,2240
seed_21_job_63954,0.8039505997344220666889214044,30550.33939969800121616572142,271200,120,2260
seed_21_job_63954,0.8039505997344220666889214044,30824.80286133999834419228137,273600,120,2280
seed_21_job_63954,0.8039505997344220666889214044,31359.94687578500088420696557,278400,120,2320
seed_21_job_63954,0.8039505997344220666889214044,31894.87732321599833085201681,283200,120,2360
seed_21_job_63954,0.8039505997344220666889214044,32432.52281382599903736263514,288000,120,2400
seed_21_job_63954,0.8039505997344220666889214044,32971.84329095500288531184196,292800,120,2440
seed_21_job_63954,0.8039505997344220666889214044,33513.99061485000129323452711,297600,120,2480
seed_21_job_63954,0.8039505997344220666889214044,34054.07230516699928557500243,302400,120,2520
seed_21_job_63954,0.8039505997344220666889214044,34601.93606803000147920101881,307200,120,2560
seed_21_job_63954,0.8039505997344220666889214044,35147.22752884300280129536986,312000,120,2600
seed_21_job_63954,0.8039505997344220666889214044,35690.12699314000201411545277,316800,120,2640
seed_21_job_63954,0.8039505997344220666889214044,36233.6907032849994720891118,321600,120,2680
seed_21_job_63954,0.8039505997344220666889214044,36777.97035850900283548980951,326400,120,2720
seed_21_job_63954,0.8039505997344220666889214044,37323.82728625799791188910604,331200,120,2760
seed_21_job_63954,0.8072479668767695848430321348,37864.31829234299948439002037,336000,120,2800
seed_21_job_63954,0.8072479668767695848430321348,38413.04592940500151598826051,340800,120,2840
seed_21_job_63954,0.8072479668767695848430321348,38962.49614016599662136286497,345600,120,2880
seed_21_job_63954,0.9564031326879421923692348173,39513.28750203100207727402449,350400,120,2920
seed_21_job_63954,0.9564031326879421923692348173,40065.02960416700079804286361,355200,120,2960
seed_21_job_63954,0.9564031326879421923692348173,40614.55557545700139598920941,360000,120,3000
seed_21_job_63954,0.9564031326879421923692348173,41163.53839070999674731865525,364800,120,3040
seed_21_job_63954,0.9564031326879421923692348173,41708.20951560200046515092254,369600,120,3080
seed_21_job_63954,0.9564031326879421923692348173,42252.43268756200268398970366,374400,120,3120
seed_21_job_63954,0.9564031326879421923692348173,42797.96038072700321208685637,379200,120,3160
seed_21_job_63954,0.9564031326879421923692348173,43208.5200823050035978667438,379200,120,3190
