0.9861130714416504,1.0,2.0,3.0,4.0,5.0,6.0,7.0,8.0,9.0,10.0,11.0,12.0,13.0,14.0,15.0,16.0,17.0,18.0,19.0,20.0,21.0,22.0,23.0,24.0,25.0
1.012406826019287,1.0,2.0,3.0,4.0,5.0,6.0,7.0
1.0335986614227295,1.0,2.0,3.0,4.0,5.0,6.0,7.0,8.0
1.0558874607086182,1.0,2.0,3.0,4.0,5.0,6.0,7.0
1.083265781402588,1.0,2.0,3.0,4.0,5.0,6.0,7.0,8.0,9.0,10.0,11.0,12.0,13.0,14.0
1.1173326969146729,1.0,2.0,3.0,4.0,5.0,6.0,7.0,8.0
1.1565237045288086,1.0,2.0,3.0,4.0,5.0,6.0,7.0,8.0
1.1806628704071045,1.0,2.0,3.0,4.0,5.0,6.0,7.0
1.213414192199707,1.0,2.0,3.0,4.0,5.0,6.0,7.0,8.0
1.2543859481811523,1.0,2.0,3.0,4.0,5.0,6.0,7.0,8.0,9.0,10.0,11.0,12.0,13.0
1.2837178707122803,1.0,2.0,3.0,4.0,5.0,6.0,7.0,8.0
1.31154465675354,1.0,2.0,3.0,4.0,5.0,6.0,7.0
1.337993860244751,1.0,2.0,3.0,4.0,5.0,6.0,7.0,8.0
1.3665533065795898,1.0,2.0,3.0,4.0,5.0,6.0,7.0,8.0,9.0,10.0,11.0,12.0,13.0,14.0,15.0
1.3960962295532227,1.0,2.0,3.0,4.0,5.0,6.0
1.419492244720459,1.0,2.0,3.0,4.0,5.0,6.0,7.0,8.0
1.4436500072479248,1.0,2.0,3.0,4.0,5.0,6.0,7.0
1.472749948501587,1.0,2.0,3.0,4.0,5.0,6.0,7.0,8.0,9.0
1.5064773559570312,1.0,2.0,3.0,4.0,5.0,6.0,7.0,8.0,9.0,10.0,11.0,12.0,13.0,14.0,15.0,16.0,17.0,18.0,19.0
1.5352795124053955,1.0,2.0,3.0,4.0,5.0,6.0,7.0,8.0,9.0,10.0,11.0
1.562164545059204,1.0,2.0,3.0,4.0,5.0,6.0,7.0
1.5880966186523438,1.0,2.0,3.0,4.0,5.0,6.0,7.0,8.0
1.61444091796875,1.0,2.0,3.0,4.0,5.0,6.0,7.0
1.6434853076934814,1.0,2.0,3.0,4.0,5.0,6.0,7.0,8.0,9.0,10.0
1.666698694229126,1.0,2.0,3.0,4.0,5.0,6.0,7.0,8.0,9.0
1.6948747634887695,1.0,2.0,3.0,4.0,5.0,6.0,7.0,8.0,9.0,10.0,11.0,12.0,13.0,14.0,15.0
1.7664570808410645,1.0,2.0,3.0,4.0,5.0,6.0,7.0,8.0,9.0,10.0,11.0,12.0,13.0,14.0,15.0,16.0,17.0,18.0,19.0,20.0,21.0,22.0,23.0,24.0,25.0,26.0,27.0,28.0,29.0,30.0,31.0,32.0,33.0,34.0,35.0,36.0,37.0,38.0,39.0,40.0,41.0,42.0,43.0,44.0,45.0,46.0,47.0,48.0,49.0,50.0,51.0,52.0,53.0,54.0,55.0,56.0,57.0,58.0,59.0,60.0,61.0,62.0,63.0,64.0,65.0,66.0,67.0,68.0,69.0,70.0,71.0,72.0,73.0,74.0,75.0,76.0,77.0,78.0,79.0,80.0,81.0,82.0,83.0,84.0,85.0
1.7964839935302734,1.0,2.0,3.0,4.0,5.0,6.0,7.0
1.8210124969482422,1.0,2.0,3.0,4.0,5.0,6.0,7.0,8.0
1.8475604057312012,1.0,2.0,3.0,4.0,5.0,6.0,7.0
1.8771116733551025,1.0,2.0,3.0,4.0,5.0,6.0,7.0
1.9201059341430664,1.0,2.0,3.0,4.0,5.0,6.0,7.0,8.0,9.0,10.0,11.0,12.0,13.0,14.0
1.9459302425384521,1.0,2.0,3.0,4.0,5.0,6.0,7.0,8.0
1.982417106628418,1.0,2.0,3.0,4.0,5.0,6.0,7.0,8.0,9.0,10.0,11.0,12.0
2.0148208141326904,1.0,2.0,3.0,4.0,5.0,6.0,7.0
2.07245135307312,1.0,2.0,3.0,4.0,5.0,6.0
2.112334966659546,1.0,2.0,3.0,4.0,5.0,6.0,7.0,8.0,9.0,10.0,11.0,12.0,13.0,14.0,15.0,16.0,17.0,18.0,19.0
2.1485159397125244,1.0,2.0,3.0,4.0,5.0,6.0,7.0,8.0,9.0,10.0,11.0,12.0,13.0,14.0,15.0,16.0
2.1824703216552734,1.0,2.0,3.0,4.0,5.0,6.0,7.0,8.0,9.0,10.0,11.0,12.0,13.0,14.0
2.210360527038574,1.0,2.0,3.0,4.0,5.0,6.0,7.0,8.0
2.238762140274048,1.0,2.0,3.0,4.0,5.0,6.0,7.0,8.0
2.2689905166625977,1.0,2.0,3.0,4.0,5.0,6.0,7.0
2.309584617614746,1.0,2.0,3.0,4.0,5.0,6.0,7.0,8.0,9.0,10.0,11.0,12.0,13.0,14.0,15.0,16.0,17.0,18.0,19.0,20.0,21.0,22.0,23.0
2.3517792224884033,1.0,2.0,3.0,4.0,5.0,6.0,7.0,8.0,9.0,10.0,11.0,12.0,13.0,14.0,15.0,16.0,17.0,18.0,19.0,20.0,21.0,22.0,23.0,24.0,25.0,26.0,27.0,28.0,29.0,30.0,31.0,32.0,33.0,34.0,35.0,36.0
2.4061598777770996,1.0,2.0,3.0,4.0,5.0,6.0,7.0,8.0,9.0,10.0,11.0,12.0,13.0,14.0,15.0,16.0,17.0,18.0,19.0,20.0,21.0,22.0,23.0,24.0,25.0,26.0,27.0,28.0,29.0,30.0,31.0,32.0,33.0,34.0,35.0,36.0,37.0,38.0,39.0,40.0,41.0,42.0,43.0,44.0,45.0,46.0,47.0,48.0,49.0,50.0,51.0,52.0
2.4318583011627197,1.0,2.0,3.0,4.0,5.0,6.0,7.0
2.456835985183716,1.0,2.0,3.0,4.0,5.0,6.0,7.0,8.0,9.0
2.4817888736724854,1.0,2.0,3.0,4.0,5.0,6.0,7.0
2.5093746185302734,1.0,2.0,3.0,4.0,5.0,6.0,7.0,8.0
2.5351710319519043,1.0,2.0,3.0,4.0,5.0,6.0,7.0,8.0,9.0,10.0,11.0,12.0
2.5610265731811523,1.0,2.0,3.0,4.0,5.0,6.0,7.0,8.0
2.5864620208740234,1.0,2.0,3.0,4.0,5.0,6.0,7.0,8.0
2.6182522773742676,1.0,2.0,3.0,4.0,5.0,6.0,7.0,8.0,9.0,10.0,11.0,12.0
2.6882121562957764,1.0,2.0,3.0,4.0,5.0,6.0,7.0,8.0,9.0,10.0,11.0,12.0,13.0,14.0,15.0,16.0,17.0,18.0,19.0,20.0,21.0,22.0,23.0,24.0,25.0,26.0,27.0,28.0,29.0,30.0,31.0,32.0,33.0,34.0,35.0,36.0,37.0,38.0,39.0,40.0,41.0,42.0,43.0,44.0,45.0,46.0,47.0,48.0,49.0,50.0,51.0,52.0,53.0,54.0,55.0,56.0,57.0,58.0,59.0,60.0,61.0,62.0,63.0,64.0,65.0,66.0,67.0,68.0,69.0,70.0,71.0,72.0,73.0,74.0,75.0,76.0,77.0,78.0
2.714816093444824,1.0,2.0,3.0,4.0,5.0,6.0,7.0,8.0
2.7398521900177,1.0,2.0,3.0,4.0,5.0,6.0,7.0,8.0
2.7673563957214355,1.0,2.0,3.0,4.0,5.0,6.0,7.0,8.0,9.0
2.7924585342407227,1.0,2.0,3.0,4.0,5.0,6.0,7.0
2.8170928955078125,1.0,2.0,3.0,4.0,5.0,6.0,7.0
2.842097520828247,1.0,2.0,3.0,4.0,5.0,6.0
2.9301867485046387,1.0,2.0,3.0,4.0,5.0,6.0,7.0,8.0,9.0,10.0,11.0,12.0,13.0,14.0,15.0,16.0,17.0,18.0,19.0,20.0,21.0,22.0,23.0,24.0,25.0,26.0,27.0,28.0,29.0,30.0,31.0,32.0,33.0,34.0,35.0,36.0,37.0,38.0,39.0,40.0,41.0,42.0,43.0,44.0,45.0,46.0,47.0,48.0,49.0,50.0,51.0,52.0,53.0,54.0,55.0,56.0,57.0,58.0,59.0,60.0,61.0,62.0,63.0,64.0,65.0,66.0,67.0,68.0,69.0,70.0,71.0,72.0,73.0,74.0,75.0,76.0,77.0,78.0,79.0,80.0,81.0,82.0,83.0,84.0,85.0,86.0,87.0,88.0,89.0,90.0,91.0,92.0,93.0,94.0,95.0,96.0,97.0,98.0,99.0,100.0,101.0,102.0,103.0
2.958867073059082,1.0,2.0,3.0,4.0,5.0,6.0,7.0
2.9829413890838623,1.0,2.0,3.0,4.0,5.0,6.0,7.0
3.008864641189575,1.0,2.0,3.0,4.0,5.0,6.0,7.0,8.0
3.03358793258667,1.0,2.0,3.0,4.0,5.0,6.0,7.0,8.0
3.06070613861084,1.0,2.0,3.0,4.0,5.0,6.0,7.0,8.0,9.0
3.0866434574127197,1.0,2.0,3.0,4.0,5.0,6.0,7.0
3.126072645187378,1.0,2.0,3.0,4.0,5.0,6.0,7.0,8.0,9.0,10.0,11.0,12.0,13.0,14.0,15.0,16.0,17.0,18.0,19.0,20.0,21.0,22.0,23.0,24.0,25.0,26.0,27.0,28.0,29.0,30.0,31.0
3.150629997253418,1.0,2.0,3.0,4.0,5.0,6.0,7.0,8.0,9.0,10.0
3.1968655586242676,1.0,2.0,3.0,4.0,5.0,6.0,7.0,8.0,9.0,10.0,11.0,12.0,13.0,14.0,15.0,16.0,17.0,18.0,19.0,20.0,21.0,22.0,23.0,24.0,25.0,26.0,27.0,28.0,29.0,30.0,31.0,32.0,33.0,34.0,35.0,36.0,37.0,38.0,39.0,40.0
3.2261500358581543,1.0,2.0,3.0,4.0,5.0,6.0,7.0
3.2512402534484863,1.0,2.0,3.0,4.0,5.0,6.0,7.0
3.277242422103882,1.0,2.0,3.0,4.0,5.0,6.0
3.3060190677642822,1.0,2.0,3.0,4.0,5.0,6.0,7.0,8.0,9.0
3.3329660892486572,1.0,2.0,3.0,4.0,5.0,6.0,7.0,8.0,9.0
3.3619117736816406,1.0,2.0,3.0,4.0,5.0,6.0,7.0,8.0
3.390012264251709,1.0,2.0,3.0,4.0,5.0,6.0,7.0,8.0
3.4177894592285156,1.0,2.0,3.0,4.0,5.0,6.0,7.0
3.447169303894043,1.0,2.0,3.0,4.0,5.0,6.0,7.0,8.0
3.4749033451080322,1.0,2.0,3.0,4.0,5.0,6.0,7.0,8.0
3.500340223312378,1.0,2.0,3.0,4.0,5.0,6.0
3.533006191253662,1.0,2.0,3.0,4.0,5.0,6.0,7.0,8.0,9.0,10.0,11.0,12.0,13.0,14.0
3.561605215072632,1.0,2.0,3.0,4.0,5.0,6.0,7.0
3.5904242992401123,1.0,2.0,3.0,4.0,5.0,6.0,7.0,8.0,9.0,10.0
3.6185009479522705,1.0,2.0,3.0,4.0,5.0,6.0,7.0,8.0
3.6471893787384033,1.0,2.0,3.0,4.0,5.0,6.0,7.0,8.0
3.6759727001190186,1.0,2.0,3.0,4.0,5.0,6.0,7.0,8.0,9.0,10.0
3.713385820388794,1.0,2.0,3.0,4.0,5.0,6.0,7.0,8.0,9.0,10.0,11.0,12.0,13.0,14.0,15.0,16.0,17.0,18.0,19.0
3.7437374591827393,1.0,2.0,3.0,4.0,5.0,6.0,7.0,8.0,9.0,10.0
3.772479772567749,1.0,2.0,3.0,4.0,5.0,6.0,7.0
3.8023343086242676,1.0,2.0,3.0,4.0,5.0,6.0,7.0,8.0,9.0,10.0,11.0,12.0,13.0,14.0
3.829157829284668,1.0,2.0,3.0,4.0,5.0,6.0,7.0
3.8570659160614014,1.0,2.0,3.0,4.0,5.0,6.0,7.0,8.0
3.884185314178467,1.0,2.0,3.0,4.0,5.0,6.0,7.0
3.908068895339966,1.0,2.0,3.0,4.0,5.0,6.0
3.940680742263794,1.0,2.0,3.0,4.0,5.0,6.0,7.0,8.0,9.0,10.0,11.0,12.0,13.0,14.0,15.0,16.0,17.0,18.0,19.0,20.0,21.0,22.0,23.0,24.0,25.0
3.961405038833618,1.0,2.0,3.0,4.0,5.0,6.0,7.0
3.992003917694092,1.0,2.0,3.0,4.0,5.0,6.0
4.033125877380371,1.0,2.0,3.0,4.0,5.0,6.0,7.0,8.0
4.066091537475586,1.0,2.0,3.0,4.0,5.0,6.0,7.0,8.0,9.0,10.0,11.0,12.0,13.0,14.0,15.0
4.5421905517578125,1.0,2.0,3.0,4.0,5.0,6.0,7.0
4.5728230476379395,1.0,2.0,3.0,4.0,5.0,6.0,7.0,8.0,9.0,10.0,11.0,12.0
4.5998358726501465,1.0,2.0,3.0,4.0,5.0,6.0,7.0
4.6308958530426025,1.0,2.0,3.0,4.0,5.0,6.0,7.0,8.0,9.0
4.707400798797607,1.0,2.0,3.0,4.0,5.0,6.0,7.0,8.0,9.0,10.0,11.0,12.0,13.0,14.0,15.0,16.0,17.0,18.0,19.0,20.0,21.0,22.0,23.0,24.0,25.0,26.0,27.0,28.0,29.0,30.0,31.0,32.0,33.0,34.0,35.0,36.0,37.0,38.0,39.0,40.0,41.0,42.0,43.0,44.0,45.0,46.0,47.0,48.0,49.0,50.0,51.0,52.0,53.0,54.0,55.0,56.0,57.0,58.0,59.0,60.0,61.0,62.0,63.0,64.0,65.0,66.0,67.0,68.0,69.0,70.0,71.0
4.736800670623779,1.0,2.0,3.0,4.0,5.0,6.0,7.0,8.0
4.770234107971191,1.0,2.0,3.0,4.0,5.0,6.0,7.0,8.0,9.0,10.0,11.0,12.0,13.0,14.0
4.795888423919678,1.0,2.0,3.0,4.0,5.0,6.0,7.0
4.825285911560059,1.0,2.0,3.0,4.0,5.0,6.0,7.0,8.0,9.0
4.855389833450317,1.0,2.0,3.0,4.0,5.0,6.0,7.0,8.0
4.905073404312134,1.0,2.0,3.0,4.0,5.0,6.0,7.0,8.0,9.0,10.0,11.0,12.0,13.0,14.0,15.0,16.0,17.0,18.0,19.0,20.0,21.0,22.0,23.0,24.0,25.0,26.0,27.0,28.0,29.0,30.0,31.0
4.93357515335083,1.0,2.0,3.0,4.0,5.0,6.0,7.0,8.0,9.0
4.9653143882751465,1.0,2.0,3.0,4.0,5.0,6.0,7.0,8.0,9.0,10.0,11.0
4.993330240249634,1.0,2.0,3.0,4.0,5.0,6.0,7.0,8.0
5.02169942855835,1.0,2.0,3.0,4.0,5.0,6.0
5.046670436859131,1.0,2.0,3.0,4.0,5.0,6.0
5.0735578536987305,1.0,2.0,3.0,4.0,5.0,6.0,7.0
5.131638288497925,1.0,2.0,3.0,4.0,5.0,6.0,7.0,8.0,9.0,10.0,11.0,12.0,13.0,14.0,15.0,16.0,17.0,18.0,19.0,20.0,21.0,22.0,23.0,24.0,25.0,26.0,27.0,28.0,29.0,30.0,31.0,32.0,33.0,34.0,35.0,36.0,37.0,38.0,39.0,40.0,41.0,42.0,43.0,44.0,45.0,46.0,47.0
5.159695148468018,1.0,2.0,3.0,4.0,5.0,6.0,7.0,8.0
5.188915014266968,1.0,2.0,3.0,4.0,5.0,6.0,7.0
5.218929290771484,1.0,2.0,3.0,4.0,5.0,6.0,7.0,8.0
5.278234481811523,1.0,2.0,3.0,4.0,5.0,6.0,7.0,8.0,9.0,10.0,11.0,12.0,13.0,14.0,15.0,16.0,17.0,18.0,19.0,20.0,21.0,22.0,23.0,24.0,25.0,26.0,27.0,28.0,29.0,30.0,31.0,32.0,33.0,34.0,35.0,36.0,37.0,38.0,39.0,40.0,41.0,42.0,43.0,44.0,45.0,46.0,47.0,48.0,49.0,50.0,51.0,52.0,53.0,54.0,55.0,56.0,57.0,58.0,59.0,60.0,61.0,62.0
5.307841777801514,1.0,2.0,3.0,4.0,5.0,6.0,7.0,8.0,9.0,10.0,11.0
5.3334221839904785,1.0,2.0,3.0,4.0,5.0,6.0,7.0,8.0,9.0,10.0
5.3659749031066895,1.0,2.0,3.0,4.0,5.0,6.0,7.0,8.0,9.0,10.0,11.0,12.0,13.0,14.0,15.0,16.0,17.0,18.0,19.0,20.0,21.0
5.400032997131348,1.0,2.0,3.0,4.0,5.0,6.0,7.0,8.0,9.0,10.0,11.0,12.0,13.0,14.0,15.0,16.0,17.0,18.0,19.0,20.0,21.0,22.0,23.0,24.0,25.0
5.4257731437683105,1.0,2.0,3.0,4.0,5.0,6.0
5.449249029159546,1.0,2.0,3.0,4.0,5.0,6.0,7.0
5.488066673278809,1.0,2.0,3.0,4.0,5.0,6.0,7.0,8.0,9.0,10.0,11.0,12.0,13.0,14.0,15.0,16.0,17.0,18.0,19.0,20.0,21.0,22.0,23.0,24.0,25.0,26.0,27.0
5.517516851425171,1.0,2.0,3.0,4.0,5.0,6.0,7.0,8.0,9.0,10.0,11.0,12.0,13.0,14.0,15.0,16.0
5.542674541473389,1.0,2.0,3.0,4.0,5.0,6.0,7.0
5.572061538696289,1.0,2.0,3.0,4.0,5.0,6.0,7.0,8.0,9.0
5.602049350738525,1.0,2.0,3.0,4.0,5.0,6.0,7.0,8.0
5.633695602416992,1.0,2.0,3.0,4.0,5.0,6.0,7.0,8.0,9.0,10.0
5.661528587341309,1.0,2.0,3.0,4.0,5.0,6.0,7.0,8.0
5.691056728363037,1.0,2.0,3.0,4.0,5.0,6.0,7.0
5.750653028488159,1.0,2.0,3.0,4.0,5.0,6.0,7.0,8.0,9.0,10.0,11.0,12.0,13.0,14.0,15.0,16.0,17.0,18.0,19.0,20.0,21.0,22.0,23.0,24.0,25.0,26.0,27.0,28.0,29.0,30.0,31.0,32.0,33.0,34.0,35.0,36.0,37.0,38.0,39.0,40.0,41.0,42.0,43.0,44.0,45.0,46.0,47.0,48.0,49.0,50.0
5.777467250823975,1.0,2.0,3.0,4.0,5.0,6.0
5.8087615966796875,1.0,2.0,3.0,4.0,5.0,6.0,7.0,8.0,9.0,10.0
5.839433908462524,1.0,2.0,3.0,4.0,5.0,6.0,7.0,8.0,9.0,10.0
5.867759466171265,1.0,2.0,3.0,4.0,5.0,6.0,7.0
5.896000623703003,1.0,2.0,3.0,4.0,5.0,6.0,7.0,8.0
5.925852298736572,1.0,2.0,3.0,4.0,5.0,6.0,7.0,8.0
5.978723049163818,1.0,2.0,3.0,4.0,5.0,6.0,7.0,8.0,9.0,10.0,11.0,12.0,13.0,14.0,15.0,16.0,17.0,18.0,19.0,20.0,21.0,22.0,23.0,24.0,25.0,26.0,27.0,28.0,29.0,30.0,31.0,32.0,33.0,34.0,35.0,36.0,37.0,38.0,39.0,40.0,41.0
6.014049053192139,1.0,2.0,3.0,4.0,5.0,6.0,7.0,8.0,9.0,10.0,11.0,12.0,13.0,14.0,15.0
6.055159568786621,1.0,2.0,3.0,4.0,5.0,6.0,7.0,8.0,9.0,10.0,11.0,12.0,13.0,14.0,15.0,16.0,17.0,18.0,19.0,20.0,21.0,22.0,23.0,24.0,25.0,26.0
6.083251476287842,1.0,2.0,3.0,4.0,5.0,6.0,7.0
6.112687587738037,1.0,2.0,3.0,4.0,5.0,6.0,7.0,8.0
6.140207767486572,1.0,2.0,3.0,4.0,5.0,6.0,7.0
6.1859447956085205,1.0,2.0,3.0,4.0,5.0,6.0,7.0,8.0,9.0,10.0,11.0,12.0,13.0,14.0,15.0,16.0,17.0,18.0,19.0,20.0,21.0,22.0,23.0,24.0,25.0,26.0,27.0,28.0,29.0,30.0,31.0,32.0
6.281297206878662,1.0,2.0,3.0,4.0,5.0,6.0,7.0,8.0,9.0,10.0,11.0,12.0,13.0,14.0,15.0,16.0,17.0,18.0,19.0,20.0,21.0,22.0,23.0,24.0,25.0,26.0,27.0,28.0,29.0,30.0,31.0,32.0,33.0,34.0,35.0,36.0,37.0,38.0,39.0,40.0,41.0,42.0,43.0,44.0,45.0,46.0,47.0,48.0,49.0,50.0,51.0,52.0,53.0,54.0,55.0,56.0,57.0,58.0,59.0,60.0,61.0,62.0,63.0,64.0,65.0,66.0,67.0,68.0,69.0,70.0,71.0,72.0,73.0,74.0,75.0,76.0,77.0,78.0,79.0,80.0,81.0,82.0,83.0,84.0,85.0,86.0,87.0,88.0,89.0,90.0,91.0,92.0,93.0,94.0,95.0,96.0,97.0,98.0,99.0
6.331207990646362,1.0,2.0,3.0,4.0,5.0,6.0,7.0,8.0,9.0,10.0,11.0,12.0,13.0,14.0,15.0,16.0,17.0,18.0,19.0,20.0,21.0,22.0,23.0,24.0,25.0,26.0,27.0,28.0,29.0,30.0,31.0,32.0,33.0,34.0,35.0
6.359555959701538,1.0,2.0,3.0,4.0,5.0,6.0,7.0
6.387826204299927,1.0,2.0,3.0,4.0,5.0,6.0,7.0
6.427596092224121,1.0,2.0,3.0,4.0,5.0,6.0,7.0,8.0,9.0,10.0,11.0,12.0,13.0,14.0,15.0,16.0,17.0,18.0,19.0,20.0,21.0
6.4591875076293945,1.0,2.0,3.0,4.0,5.0,6.0,7.0,8.0,9.0,10.0
6.491029262542725,1.0,2.0,3.0,4.0,5.0,6.0,7.0,8.0,9.0,10.0,11.0,12.0,13.0
6.524735689163208,1.0,2.0,3.0,4.0,5.0,6.0,7.0,8.0,9.0,10.0,11.0,12.0,13.0,14.0,15.0
6.552151441574097,1.0,2.0,3.0,4.0,5.0,6.0,7.0,8.0,9.0
6.593540668487549,1.0,2.0,3.0,4.0,5.0,6.0,7.0,8.0,9.0,10.0,11.0,12.0,13.0,14.0,15.0,16.0,17.0,18.0,19.0,20.0,21.0,22.0,23.0,24.0,25.0,26.0
6.621947288513184,1.0,2.0,3.0,4.0,5.0,6.0,7.0,8.0
6.653568267822266,1.0,2.0,3.0,4.0,5.0,6.0,7.0,8.0,9.0,10.0,11.0
6.682308912277222,1.0,2.0,3.0,4.0,5.0,6.0,7.0
6.731342077255249,1.0,2.0,3.0,4.0,5.0,6.0,7.0,8.0,9.0,10.0,11.0,12.0,13.0,14.0,15.0,16.0,17.0,18.0,19.0,20.0,21.0,22.0,23.0,24.0,25.0,26.0,27.0,28.0,29.0,30.0,31.0,32.0,33.0,34.0,35.0,36.0
6.759801626205444,1.0,2.0,3.0,4.0,5.0,6.0,7.0
6.790367603302002,1.0,2.0,3.0,4.0,5.0,6.0,7.0,8.0
6.8189616203308105,1.0,2.0,3.0,4.0,5.0,6.0,7.0,8.0,9.0
6.848888397216797,1.0,2.0,3.0,4.0,5.0,6.0,7.0,8.0,9.0,10.0,11.0
6.8810436725616455,1.0,2.0,3.0,4.0,5.0,6.0,7.0,8.0,9.0,10.0,11.0,12.0,13.0
6.910654783248901,1.0,2.0,3.0,4.0,5.0,6.0,7.0,8.0,9.0,10.0,11.0
6.940427303314209,1.0,2.0,3.0,4.0,5.0,6.0,7.0,8.0
7.009266376495361,1.0,2.0,3.0,4.0,5.0,6.0,7.0,8.0,9.0,10.0,11.0,12.0,13.0,14.0,15.0,16.0,17.0,18.0,19.0,20.0,21.0,22.0,23.0,24.0,25.0,26.0,27.0,28.0,29.0,30.0,31.0,32.0,33.0,34.0,35.0,36.0,37.0,38.0,39.0,40.0,41.0,42.0,43.0,44.0,45.0,46.0,47.0,48.0,49.0,50.0,51.0,52.0,53.0,54.0,55.0,56.0,57.0,58.0,59.0
7.035942077636719,1.0,2.0,3.0,4.0,5.0,6.0,7.0
7.065166234970093,1.0,2.0,3.0,4.0,5.0,6.0,7.0,8.0,9.0,10.0
7.093068599700928,1.0,2.0,3.0,4.0,5.0,6.0,7.0,8.0
7.1250550746917725,1.0,2.0,3.0,4.0,5.0,6.0,7.0,8.0
7.1533520221710205,1.0,2.0,3.0,4.0,5.0,6.0,7.0,8.0
7.18117094039917,1.0,2.0,3.0,4.0,5.0,6.0,7.0,8.0
7.207068204879761,1.0,2.0,3.0,4.0,5.0,6.0,7.0
7.243138074874878,1.0,2.0,3.0,4.0,5.0,6.0,7.0,8.0,9.0,10.0,11.0,12.0,13.0,14.0,15.0,16.0,17.0
7.272291421890259,1.0,2.0,3.0,4.0,5.0,6.0,7.0,8.0,9.0,10.0
7.300992012023926,1.0,2.0,3.0,4.0,5.0,6.0,7.0
7.331599235534668,1.0,2.0,3.0,4.0,5.0,6.0,7.0,8.0,9.0
7.359038829803467,1.0,2.0,3.0,4.0,5.0,6.0,7.0
7.398446798324585,1.0,2.0,3.0,4.0,5.0,6.0,7.0,8.0,9.0,10.0,11.0,12.0,13.0,14.0,15.0,16.0,17.0,18.0,19.0,20.0,21.0,22.0,23.0,24.0
7.426851511001587,1.0,2.0,3.0,4.0,5.0,6.0,7.0
7.461082935333252,1.0,2.0,3.0,4.0,5.0,6.0,7.0,8.0,9.0,10.0,11.0,12.0,13.0,14.0
7.536773443222046,1.0,2.0,3.0,4.0,5.0,6.0,7.0,8.0,9.0,10.0,11.0,12.0,13.0,14.0,15.0,16.0,17.0,18.0,19.0,20.0,21.0,22.0,23.0,24.0,25.0,26.0,27.0,28.0,29.0,30.0,31.0,32.0,33.0,34.0,35.0,36.0,37.0,38.0,39.0,40.0,41.0,42.0,43.0,44.0,45.0,46.0,47.0,48.0
7.56322169303894,1.0,2.0,3.0,4.0,5.0,6.0,7.0,8.0,9.0
7.5872790813446045,1.0,2.0,3.0,4.0,5.0,6.0,7.0,8.0
7.617363452911377,1.0,2.0,3.0,4.0,5.0,6.0,7.0,8.0,9.0,10.0,11.0,12.0,13.0
7.642427206039429,1.0,2.0,3.0,4.0,5.0,6.0,7.0,8.0
7.666400671005249,1.0,2.0,3.0,4.0,5.0,6.0,7.0,8.0
7.716785430908203,1.0,2.0,3.0,4.0,5.0,6.0,7.0,8.0,9.0,10.0,11.0,12.0,13.0,14.0,15.0,16.0,17.0,18.0,19.0,20.0,21.0,22.0,23.0,24.0,25.0,26.0,27.0,28.0,29.0,30.0,31.0,32.0,33.0,34.0,35.0,36.0,37.0,38.0,39.0,40.0,41.0,42.0,43.0,44.0,45.0
7.741820573806763,1.0,2.0,3.0,4.0,5.0,6.0,7.0,8.0,9.0
7.766403675079346,1.0,2.0,3.0,4.0,5.0,6.0,7.0,8.0
7.7903032302856445,1.0,2.0,3.0,4.0,5.0,6.0,7.0
7.815346002578735,1.0,2.0,3.0,4.0,5.0,6.0,7.0,8.0
7.848559141159058,1.0,2.0,3.0,4.0,5.0,6.0,7.0,8.0,9.0,10.0,11.0,12.0,13.0,14.0,15.0,16.0,17.0,18.0,19.0,20.0
7.877585411071777,1.0,2.0,3.0,4.0,5.0,6.0,7.0,8.0
8.37913465499878,1.0,2.0,3.0,4.0,5.0,6.0,7.0,8.0,9.0,10.0,11.0,12.0,13.0,14.0,15.0,16.0,17.0,18.0,19.0,20.0,21.0,22.0,23.0,24.0,25.0,26.0,27.0,28.0,29.0,30.0,31.0,32.0,33.0,34.0,35.0,36.0,37.0,38.0,39.0,40.0,41.0,42.0,43.0,44.0,45.0,46.0,47.0,48.0,49.0,50.0
8.406922101974487,1.0,2.0,3.0,4.0,5.0,6.0
8.439688920974731,1.0,2.0,3.0,4.0,5.0,6.0,7.0,8.0,9.0,10.0,11.0,12.0,13.0
8.490350484848022,1.0,2.0,3.0,4.0,5.0,6.0,7.0,8.0,9.0,10.0,11.0,12.0,13.0,14.0,15.0,16.0,17.0,18.0,19.0,20.0,21.0,22.0,23.0,24.0,25.0,26.0,27.0,28.0,29.0,30.0,31.0,32.0,33.0,34.0,35.0,36.0,37.0,38.0
8.5350341796875,1.0,2.0,3.0,4.0,5.0,6.0,7.0,8.0,9.0,10.0,11.0,12.0,13.0,14.0,15.0,16.0,17.0,18.0,19.0,20.0,21.0,22.0,23.0,24.0,25.0,26.0,27.0,28.0,29.0
8.579543828964233,1.0,2.0,3.0,4.0,5.0,6.0,7.0,8.0,9.0,10.0,11.0,12.0,13.0,14.0,15.0,16.0,17.0,18.0,19.0,20.0,21.0,22.0,23.0,24.0,25.0,26.0,27.0,28.0,29.0,30.0,31.0,32.0
8.607043981552124,1.0,2.0,3.0,4.0,5.0,6.0,7.0,8.0
8.635407209396362,1.0,2.0,3.0,4.0,5.0,6.0,7.0,8.0
8.677282094955444,1.0,2.0,3.0,4.0,5.0,6.0,7.0,8.0,9.0,10.0,11.0,12.0,13.0,14.0,15.0,16.0,17.0,18.0,19.0,20.0,21.0,22.0,23.0,24.0,25.0
8.707682371139526,1.0,2.0,3.0,4.0,5.0,6.0,7.0,8.0
8.737309217453003,1.0,2.0,3.0,4.0,5.0,6.0,7.0,8.0,9.0,10.0,11.0
8.76628041267395,1.0,2.0,3.0,4.0,5.0,6.0,7.0,8.0
8.794820308685303,1.0,2.0,3.0,4.0,5.0,6.0
8.842111349105835,1.0,2.0,3.0,4.0,5.0,6.0,7.0,8.0,9.0,10.0,11.0,12.0,13.0,14.0,15.0,16.0,17.0,18.0,19.0,20.0,21.0,22.0,23.0,24.0,25.0,26.0,27.0,28.0,29.0,30.0,31.0,32.0
8.870526552200317,1.0,2.0,3.0,4.0,5.0,6.0,7.0,8.0
8.900326251983643,1.0,2.0,3.0,4.0,5.0,6.0,7.0,8.0,9.0
8.928154468536377,1.0,2.0,3.0,4.0,5.0,6.0,7.0,8.0
8.959604740142822,1.0,2.0,3.0,4.0,5.0,6.0,7.0,8.0,9.0,10.0,11.0,12.0,13.0
8.98771858215332,1.0,2.0,3.0,4.0,5.0,6.0,7.0,8.0,9.0,10.0
9.022231578826904,1.0,2.0,3.0,4.0,5.0,6.0,7.0,8.0,9.0,10.0,11.0,12.0,13.0,14.0
9.050094604492188,1.0,2.0,3.0,4.0,5.0,6.0,7.0,8.0
9.078736782073975,1.0,2.0,3.0,4.0,5.0,6.0,7.0
9.119816064834595,1.0,2.0,3.0,4.0,5.0,6.0,7.0,8.0,9.0,10.0,11.0,12.0,13.0,14.0,15.0,16.0,17.0,18.0,19.0,20.0,21.0,22.0,23.0,24.0
9.147661685943604,1.0,2.0,3.0,4.0,5.0,6.0,7.0,8.0
9.17511248588562,1.0,2.0,3.0,4.0,5.0,6.0
9.201811075210571,1.0,2.0,3.0,4.0,5.0,6.0,7.0,8.0
9.22713828086853,1.0,2.0,3.0,4.0,5.0,6.0,7.0,8.0,9.0,10.0,11.0,12.0
9.254199266433716,1.0,2.0,3.0,4.0,5.0,6.0,7.0,8.0,9.0,10.0,11.0
9.279261589050293,1.0,2.0,3.0,4.0,5.0,6.0,7.0
9.30778956413269,1.0,2.0,3.0,4.0,5.0,6.0,7.0,8.0
9.33048152923584,1.0,2.0,3.0,4.0,5.0,6.0
9.359039783477783,1.0,2.0,3.0,4.0,5.0,6.0,7.0,8.0,9.0,10.0,11.0,12.0,13.0
9.39393949508667,1.0,2.0,3.0,4.0,5.0,6.0,7.0,8.0,9.0,10.0,11.0,12.0,13.0,14.0,15.0,16.0,17.0,18.0,19.0,20.0
9.430959939956665,1.0,2.0,3.0,4.0,5.0,6.0,7.0,8.0,9.0,10.0,11.0,12.0,13.0,14.0,15.0,16.0,17.0,18.0,19.0,20.0,21.0,22.0,23.0,24.0,25.0,26.0,27.0,28.0,29.0
9.47418761253357,1.0,2.0,3.0,4.0,5.0,6.0,7.0,8.0,9.0,10.0,11.0,12.0,13.0,14.0,15.0,16.0,17.0,18.0,19.0,20.0,21.0,22.0,23.0,24.0,25.0,26.0,27.0,28.0
9.51246953010559,1.0,2.0,3.0,4.0,5.0,6.0,7.0,8.0,9.0,10.0,11.0,12.0,13.0,14.0,15.0,16.0,17.0,18.0,19.0,20.0,21.0,22.0,23.0,24.0,25.0,26.0,27.0,28.0
9.539241075515747,1.0,2.0,3.0,4.0,5.0,6.0,7.0,8.0
9.566253423690796,1.0,2.0,3.0,4.0,5.0,6.0,7.0,8.0,9.0
9.591888904571533,1.0,2.0,3.0,4.0,5.0,6.0,7.0,8.0,9.0
9.61844515800476,1.0,2.0,3.0,4.0,5.0,6.0,7.0,8.0,9.0,10.0,11.0
9.642587423324585,1.0,2.0,3.0,4.0,5.0,6.0,7.0
9.670068740844727,1.0,2.0,3.0,4.0,5.0,6.0,7.0,8.0
9.69756269454956,1.0,2.0,3.0,4.0,5.0,6.0,7.0,8.0
9.766597270965576,1.0,2.0,3.0,4.0,5.0,6.0,7.0,8.0,9.0,10.0,11.0,12.0,13.0,14.0,15.0,16.0,17.0,18.0,19.0,20.0,21.0,22.0,23.0,24.0,25.0,26.0,27.0,28.0,29.0,30.0,31.0,32.0,33.0,34.0,35.0,36.0,37.0,38.0,39.0,40.0,41.0,42.0,43.0,44.0,45.0,46.0,47.0,48.0,49.0,50.0,51.0,52.0,53.0,54.0,55.0,56.0,57.0,58.0,59.0,60.0,61.0,62.0,63.0,64.0,65.0,66.0,67.0,68.0,69.0,70.0,71.0,72.0,73.0,74.0,75.0,76.0
9.827051877975464,1.0,2.0,3.0,4.0,5.0,6.0,7.0,8.0,9.0,10.0,11.0,12.0,13.0,14.0,15.0,16.0,17.0,18.0,19.0,20.0,21.0,22.0,23.0,24.0,25.0,26.0,27.0,28.0,29.0,30.0,31.0,32.0,33.0,34.0,35.0,36.0,37.0,38.0,39.0,40.0,41.0,42.0,43.0,44.0,45.0,46.0,47.0,48.0,49.0,50.0,51.0,52.0,53.0,54.0,55.0,56.0,57.0,58.0,59.0,60.0,61.0,62.0,63.0,64.0,65.0
9.852983474731445,1.0,2.0,3.0,4.0,5.0,6.0,7.0,8.0
9.87996768951416,1.0,2.0,3.0,4.0,5.0,6.0,7.0
9.912615299224854,1.0,2.0,3.0,4.0,5.0,6.0,7.0,8.0,9.0,10.0,11.0,12.0,13.0,14.0,15.0,16.0,17.0,18.0,19.0,20.0,21.0
9.940558671951294,1.0,2.0,3.0,4.0,5.0,6.0
9.987484455108643,1.0,2.0,3.0,4.0,5.0,6.0,7.0,8.0,9.0,10.0,11.0,12.0,13.0,14.0,15.0,16.0,17.0,18.0,19.0,20.0,21.0,22.0,23.0,24.0,25.0,26.0,27.0,28.0,29.0,30.0,31.0,32.0,33.0,34.0,35.0
10.016217947006226,1.0,2.0,3.0,4.0,5.0,6.0,7.0
10.0494966506958,1.0,2.0,3.0,4.0,5.0,6.0,7.0,8.0,9.0,10.0,11.0,12.0,13.0,14.0,15.0
10.082946062088013,1.0,2.0,3.0,4.0,5.0,6.0,7.0,8.0,9.0,10.0,11.0,12.0,13.0,14.0
10.131818056106567,1.0,2.0,3.0,4.0,5.0,6.0,7.0,8.0,9.0,10.0,11.0,12.0,13.0,14.0,15.0,16.0,17.0,18.0,19.0,20.0,21.0,22.0,23.0,24.0,25.0,26.0,27.0,28.0,29.0,30.0,31.0
10.163049221038818,1.0,2.0,3.0,4.0,5.0,6.0,7.0,8.0,9.0,10.0,11.0,12.0
10.189533710479736,1.0,2.0,3.0,4.0,5.0,6.0,7.0,8.0
10.217809438705444,1.0,2.0,3.0,4.0,5.0,6.0,7.0
10.254048109054565,1.0,2.0,3.0,4.0,5.0,6.0,7.0,8.0,9.0,10.0,11.0,12.0,13.0,14.0,15.0,16.0,17.0,18.0,19.0
10.288304328918457,1.0,2.0,3.0,4.0,5.0,6.0,7.0,8.0,9.0,10.0,11.0,12.0,13.0,14.0,15.0
10.315685987472534,1.0,2.0,3.0,4.0,5.0,6.0,7.0
10.343976497650146,1.0,2.0,3.0,4.0,5.0,6.0,7.0,8.0
10.373222589492798,1.0,2.0,3.0,4.0,5.0,6.0,7.0,8.0,9.0,10.0
10.403458833694458,1.0,2.0,3.0,4.0,5.0,6.0,7.0
10.43150544166565,1.0,2.0,3.0,4.0,5.0,6.0,7.0,8.0,9.0,10.0
10.467946767807007,1.0,2.0,3.0,4.0,5.0,6.0,7.0,8.0,9.0,10.0,11.0,12.0,13.0,14.0,15.0,16.0,17.0,18.0,19.0
10.509761571884155,1.0,2.0,3.0,4.0,5.0,6.0,7.0,8.0,9.0,10.0,11.0,12.0,13.0,14.0,15.0,16.0,17.0,18.0,19.0,20.0,21.0,22.0,23.0,24.0,25.0
10.536420345306396,1.0,2.0,3.0,4.0,5.0,6.0
10.577088832855225,1.0,2.0,3.0,4.0,5.0,6.0,7.0,8.0,9.0,10.0,11.0,12.0,13.0,14.0,15.0,16.0,17.0,18.0,19.0,20.0,21.0,22.0
10.606169939041138,1.0,2.0,3.0,4.0,5.0,6.0,7.0
10.63804006576538,1.0,2.0,3.0,4.0,5.0,6.0,7.0,8.0,9.0,10.0,11.0,12.0,13.0
10.681030988693237,1.0,2.0,3.0,4.0,5.0,6.0,7.0,8.0,9.0,10.0,11.0,12.0,13.0,14.0,15.0,16.0,17.0,18.0,19.0,20.0,21.0,22.0,23.0,24.0,25.0,26.0
10.707626342773438,1.0,2.0,3.0,4.0,5.0,6.0,7.0
10.736286878585815,1.0,2.0,3.0,4.0,5.0,6.0,7.0,8.0,9.0
10.777448654174805,1.0,2.0,3.0,4.0,5.0,6.0,7.0,8.0,9.0,10.0,11.0,12.0,13.0,14.0,15.0,16.0,17.0,18.0,19.0,20.0,21.0,22.0,23.0,24.0,25.0
10.820251703262329,1.0,2.0,3.0,4.0,5.0,6.0,7.0,8.0,9.0,10.0,11.0,12.0,13.0,14.0,15.0,16.0,17.0,18.0,19.0,20.0,21.0,22.0,23.0,24.0,25.0,26.0,27.0
10.84856367111206,1.0,2.0,3.0,4.0,5.0,6.0,7.0
10.87748908996582,1.0,2.0,3.0,4.0,5.0,6.0,7.0,8.0,9.0
10.910833597183228,1.0,2.0,3.0,4.0,5.0,6.0,7.0,8.0,9.0,10.0,11.0,12.0,13.0
10.940747261047363,1.0,2.0,3.0,4.0,5.0,6.0,7.0,8.0
10.966720819473267,1.0,2.0,3.0,4.0,5.0,6.0,7.0
10.996057033538818,1.0,2.0,3.0,4.0,5.0,6.0,7.0,8.0
11.024169921875,1.0,2.0,3.0,4.0,5.0,6.0,7.0
11.051568746566772,1.0,2.0,3.0,4.0,5.0,6.0,7.0
11.085016012191772,1.0,2.0,3.0,4.0,5.0,6.0,7.0,8.0,9.0,10.0,11.0,12.0,13.0,14.0,15.0
11.110848188400269,1.0,2.0,3.0,4.0,5.0,6.0,7.0
11.147406101226807,1.0,2.0,3.0,4.0,5.0,6.0,7.0,8.0,9.0
11.19613003730774,1.0,2.0,3.0,4.0,5.0,6.0,7.0,8.0,9.0,10.0,11.0,12.0,13.0,14.0,15.0,16.0,17.0
11.249133586883545,1.0,2.0,3.0,4.0,5.0,6.0,7.0,8.0,9.0,10.0,11.0,12.0,13.0,14.0,15.0,16.0,17.0,18.0,19.0,20.0,21.0
11.291094779968262,1.0,2.0,3.0,4.0,5.0,6.0,7.0,8.0
11.330978155136108,1.0,2.0,3.0,4.0,5.0,6.0,7.0,8.0
11.394026517868042,1.0,2.0,3.0,4.0,5.0,6.0,7.0,8.0,9.0,10.0,11.0,12.0,13.0,14.0,15.0,16.0,17.0,18.0,19.0,20.0,21.0,22.0,23.0,24.0,25.0,26.0,27.0,28.0,29.0,30.0,31.0,32.0,33.0,34.0,35.0,36.0,37.0,38.0,39.0,40.0,41.0,42.0,43.0,44.0,45.0,46.0
11.419151544570923,1.0,2.0,3.0,4.0,5.0,6.0,7.0
11.450154066085815,1.0,2.0,3.0,4.0,5.0,6.0,7.0,8.0
11.486698627471924,1.0,2.0,3.0,4.0,5.0,6.0,7.0,8.0,9.0,10.0,11.0,12.0,13.0,14.0,15.0,16.0,17.0,18.0,19.0,20.0,21.0
11.535436391830444,1.0,2.0,3.0,4.0,5.0,6.0,7.0,8.0,9.0,10.0,11.0,12.0,13.0,14.0,15.0,16.0,17.0,18.0
11.57863998413086,1.0,2.0,3.0,4.0,5.0,6.0,7.0
11.62161660194397,1.0,2.0,3.0,4.0,5.0,6.0,7.0
11.660510301589966,1.0,2.0,3.0,4.0,5.0,6.0,7.0,8.0,9.0
11.693741798400879,1.0,2.0,3.0,4.0,5.0,6.0,7.0
11.738181114196777,1.0,2.0,3.0,4.0,5.0,6.0,7.0,8.0,9.0,10.0,11.0,12.0,13.0,14.0,15.0,16.0,17.0,18.0,19.0,20.0,21.0,22.0
12.694671630859375,1.0,2.0,3.0,4.0,5.0,6.0,7.0
12.72929048538208,1.0,2.0,3.0,4.0,5.0,6.0,7.0,8.0,9.0,10.0,11.0,12.0,13.0,14.0,15.0,16.0
12.758992671966553,1.0,2.0,3.0,4.0,5.0,6.0,7.0,8.0
12.787527799606323,1.0,2.0,3.0,4.0,5.0,6.0,7.0,8.0,9.0
12.81523871421814,1.0,2.0,3.0,4.0,5.0,6.0,7.0,8.0
12.842711687088013,1.0,2.0,3.0,4.0,5.0,6.0,7.0,8.0,9.0
12.901053428649902,1.0,2.0,3.0,4.0,5.0,6.0,7.0,8.0,9.0,10.0,11.0,12.0,13.0,14.0,15.0,16.0,17.0,18.0,19.0,20.0,21.0,22.0,23.0,24.0,25.0,26.0,27.0,28.0,29.0,30.0,31.0,32.0,33.0,34.0,35.0,36.0,37.0,38.0,39.0,40.0,41.0,42.0,43.0,44.0,45.0,46.0,47.0,48.0,49.0,50.0,51.0
12.929243803024292,1.0,2.0,3.0,4.0,5.0,6.0,7.0
12.956827878952026,1.0,2.0,3.0,4.0,5.0,6.0,7.0
12.997746229171753,1.0,2.0,3.0,4.0,5.0,6.0,7.0,8.0,9.0,10.0,11.0,12.0,13.0,14.0,15.0,16.0,17.0,18.0,19.0,20.0,21.0,22.0,23.0,24.0,25.0
13.025616645812988,1.0,2.0,3.0,4.0,5.0,6.0,7.0
13.054558038711548,1.0,2.0,3.0,4.0,5.0,6.0,7.0
13.104769229888916,1.0,2.0,3.0,4.0,5.0,6.0,7.0,8.0,9.0,10.0,11.0,12.0,13.0,14.0,15.0,16.0,17.0,18.0,19.0,20.0,21.0,22.0,23.0,24.0,25.0,26.0,27.0,28.0,29.0,30.0,31.0,32.0,33.0,34.0,35.0,36.0
13.131903171539307,1.0,2.0,3.0,4.0,5.0,6.0
13.162187576293945,1.0,2.0,3.0,4.0,5.0,6.0,7.0,8.0,9.0,10.0,11.0,12.0,13.0,14.0
13.21498155593872,1.0,2.0,3.0,4.0,5.0,6.0,7.0,8.0,9.0,10.0,11.0,12.0,13.0,14.0,15.0,16.0,17.0,18.0,19.0,20.0,21.0,22.0,23.0,24.0,25.0,26.0,27.0,28.0,29.0,30.0,31.0,32.0,33.0,34.0,35.0,36.0,37.0,38.0,39.0,40.0,41.0
13.252150058746338,1.0,2.0,3.0,4.0,5.0,6.0,7.0,8.0,9.0,10.0,11.0,12.0,13.0,14.0,15.0,16.0,17.0,18.0
13.282376527786255,1.0,2.0,3.0,4.0,5.0,6.0,7.0,8.0,9.0
13.312717199325562,1.0,2.0,3.0,4.0,5.0,6.0,7.0,8.0
13.342188835144043,1.0,2.0,3.0,4.0,5.0,6.0,7.0
13.369957208633423,1.0,2.0,3.0,4.0,5.0,6.0,7.0
13.415724754333496,1.0,2.0,3.0,4.0,5.0,6.0,7.0,8.0,9.0,10.0,11.0,12.0,13.0,14.0,15.0,16.0,17.0,18.0,19.0,20.0,21.0,22.0,23.0,24.0,25.0,26.0,27.0,28.0,29.0,30.0,31.0,32.0,33.0
13.461687564849854,1.0,2.0,3.0,4.0,5.0,6.0,7.0,8.0,9.0,10.0,11.0,12.0,13.0,14.0,15.0,16.0,17.0,18.0,19.0,20.0,21.0,22.0,23.0,24.0,25.0,26.0,27.0,28.0,29.0,30.0,31.0,32.0,33.0
13.494955778121948,1.0,2.0,3.0,4.0,5.0,6.0,7.0
13.525274515151978,1.0,2.0,3.0,4.0,5.0,6.0,7.0,8.0
13.551607131958008,1.0,2.0,3.0,4.0,5.0,6.0
13.577436685562134,1.0,2.0,3.0,4.0,5.0,6.0,7.0
13.605241537094116,1.0,2.0,3.0,4.0,5.0,6.0,7.0,8.0
13.632885217666626,1.0,2.0,3.0,4.0,5.0,6.0,7.0,8.0,9.0,10.0,11.0
13.657593488693237,1.0,2.0,3.0,4.0,5.0,6.0,7.0,8.0,9.0
13.684797763824463,1.0,2.0,3.0,4.0,5.0,6.0,7.0,8.0
13.763771772384644,1.0,2.0,3.0,4.0,5.0,6.0,7.0,8.0,9.0,10.0,11.0,12.0,13.0,14.0,15.0,16.0,17.0,18.0,19.0,20.0,21.0,22.0,23.0,24.0,25.0,26.0,27.0,28.0,29.0,30.0,31.0,32.0,33.0,34.0,35.0,36.0,37.0,38.0,39.0,40.0,41.0,42.0,43.0,44.0,45.0,46.0,47.0,48.0,49.0,50.0,51.0,52.0,53.0,54.0,55.0,56.0,57.0,58.0,59.0,60.0,61.0,62.0,63.0,64.0,65.0,66.0,67.0,68.0,69.0,70.0,71.0,72.0,73.0,74.0,75.0,76.0,77.0,78.0,79.0,80.0,81.0,82.0,83.0,84.0,85.0,86.0,87.0,88.0,89.0,90.0,91.0,92.0,93.0,94.0
13.790428161621094,1.0,2.0,3.0,4.0,5.0,6.0,7.0,8.0
13.843828916549683,1.0,2.0,3.0,4.0,5.0,6.0,7.0,8.0,9.0,10.0,11.0,12.0,13.0,14.0,15.0,16.0,17.0,18.0,19.0,20.0,21.0,22.0,23.0,24.0,25.0,26.0,27.0,28.0,29.0,30.0,31.0,32.0,33.0,34.0,35.0,36.0,37.0,38.0,39.0,40.0,41.0,42.0,43.0,44.0,45.0,46.0,47.0,48.0
13.947091102600098,1.0,2.0,3.0,4.0,5.0,6.0,7.0,8.0,9.0,10.0,11.0,12.0,13.0,14.0,15.0,16.0,17.0,18.0,19.0,20.0,21.0,22.0,23.0,24.0,25.0,26.0,27.0,28.0,29.0,30.0,31.0,32.0,33.0,34.0,35.0,36.0,37.0,38.0,39.0,40.0,41.0,42.0,43.0,44.0,45.0,46.0,47.0,48.0,49.0,50.0,51.0,52.0,53.0,54.0,55.0,56.0,57.0,58.0,59.0,60.0,61.0,62.0,63.0,64.0,65.0,66.0,67.0,68.0,69.0,70.0,71.0,72.0,73.0,74.0,75.0,76.0,77.0,78.0,79.0,80.0,81.0,82.0,83.0,84.0,85.0,86.0,87.0,88.0,89.0,90.0,91.0,92.0,93.0,94.0,95.0
14.000602960586548,1.0,2.0,3.0,4.0,5.0,6.0,7.0,8.0,9.0,10.0,11.0,12.0,13.0,14.0,15.0,16.0,17.0,18.0,19.0,20.0,21.0,22.0,23.0,24.0,25.0,26.0,27.0,28.0,29.0,30.0,31.0,32.0,33.0,34.0,35.0,36.0,37.0,38.0,39.0,40.0,41.0,42.0,43.0,44.0
14.032004356384277,1.0,2.0,3.0,4.0,5.0,6.0,7.0,8.0,9.0,10.0,11.0,12.0,13.0,14.0,15.0,16.0
14.06393837928772,1.0,2.0,3.0,4.0,5.0,6.0,7.0
14.110434293746948,1.0,2.0,3.0,4.0,5.0,6.0,7.0,8.0,9.0,10.0
14.138108253479004,1.0,2.0,3.0,4.0,5.0,6.0,7.0
14.181147575378418,1.0,2.0,3.0,4.0,5.0,6.0,7.0,8.0,9.0,10.0,11.0,12.0,13.0,14.0,15.0,16.0,17.0,18.0,19.0,20.0
14.210984468460083,1.0,2.0,3.0,4.0,5.0,6.0,7.0,8.0
14.24085807800293,1.0,2.0,3.0,4.0,5.0,6.0,7.0,8.0,9.0,10.0
14.27006196975708,1.0,2.0,3.0,4.0,5.0,6.0,7.0
14.299099206924438,1.0,2.0,3.0,4.0,5.0,6.0,7.0,8.0
14.326521873474121,1.0,2.0,3.0,4.0,5.0,6.0,7.0,8.0
14.357934951782227,1.0,2.0,3.0,4.0,5.0,6.0,7.0,8.0,9.0,10.0
14.388505458831787,1.0,2.0,3.0,4.0,5.0,6.0,7.0
14.417300939559937,1.0,2.0,3.0,4.0,5.0,6.0,7.0,8.0
14.476030826568604,1.0,2.0,3.0,4.0,5.0,6.0,7.0,8.0,9.0,10.0,11.0,12.0,13.0,14.0,15.0,16.0,17.0,18.0,19.0,20.0,21.0,22.0,23.0,24.0,25.0,26.0,27.0,28.0,29.0,30.0,31.0,32.0,33.0,34.0,35.0,36.0,37.0,38.0,39.0,40.0,41.0,42.0,43.0,44.0,45.0,46.0,47.0
14.504008531570435,1.0,2.0,3.0,4.0,5.0,6.0,7.0
14.544982194900513,1.0,2.0,3.0,4.0,5.0,6.0,7.0,8.0,9.0,10.0,11.0,12.0,13.0,14.0,15.0,16.0,17.0,18.0,19.0,20.0,21.0,22.0,23.0,24.0,25.0,26.0,27.0
14.573857307434082,1.0,2.0,3.0,4.0,5.0,6.0,7.0,8.0
14.605861186981201,1.0,2.0,3.0,4.0,5.0,6.0,7.0,8.0
14.634138345718384,1.0,2.0,3.0,4.0,5.0,6.0,7.0
14.694048643112183,1.0,2.0,3.0,4.0,5.0,6.0,7.0,8.0,9.0,10.0,11.0,12.0,13.0,14.0,15.0,16.0,17.0,18.0,19.0,20.0,21.0,22.0,23.0,24.0,25.0,26.0,27.0,28.0,29.0,30.0,31.0,32.0,33.0,34.0,35.0,36.0,37.0,38.0,39.0,40.0,41.0,42.0,43.0,44.0,45.0,46.0,47.0
14.721587419509888,1.0,2.0,3.0,4.0,5.0,6.0,7.0,8.0
14.747775554656982,1.0,2.0,3.0,4.0,5.0,6.0,7.0
14.774052619934082,1.0,2.0,3.0,4.0,5.0,6.0
14.80318546295166,1.0,2.0,3.0,4.0,5.0,6.0,7.0,8.0,9.0
14.833970308303833,1.0,2.0,3.0,4.0,5.0,6.0,7.0,8.0,9.0
14.866128921508789,1.0,2.0,3.0,4.0,5.0,6.0,7.0,8.0,9.0,10.0,11.0,12.0
14.894870281219482,1.0,2.0,3.0,4.0,5.0,6.0,7.0,8.0
14.920074224472046,1.0,2.0,3.0,4.0,5.0,6.0
14.948113918304443,1.0,2.0,3.0,4.0,5.0,6.0,7.0
14.977180242538452,1.0,2.0,3.0,4.0,5.0,6.0,7.0,8.0
15.015293836593628,1.0,2.0,3.0,4.0,5.0,6.0,7.0,8.0,9.0,10.0,11.0,12.0,13.0,14.0,15.0,16.0,17.0,18.0,19.0
15.047676801681519,1.0,2.0,3.0,4.0,5.0,6.0,7.0,8.0,9.0,10.0
15.073971509933472,1.0,2.0,3.0,4.0,5.0,6.0
15.12627649307251,1.0,2.0,3.0,4.0,5.0,6.0,7.0,8.0,9.0,10.0,11.0,12.0,13.0,14.0,15.0,16.0,17.0,18.0,19.0,20.0,21.0,22.0,23.0,24.0,25.0,26.0,27.0,28.0,29.0,30.0,31.0,32.0,33.0,34.0,35.0,36.0,37.0,38.0,39.0
15.206328392028809,1.0,2.0,3.0,4.0,5.0,6.0,7.0,8.0,9.0,10.0,11.0,12.0,13.0,14.0,15.0,16.0,17.0,18.0,19.0,20.0,21.0,22.0,23.0,24.0,25.0,26.0,27.0,28.0,29.0,30.0,31.0,32.0,33.0,34.0,35.0,36.0,37.0,38.0,39.0,40.0,41.0,42.0,43.0,44.0,45.0,46.0,47.0,48.0,49.0,50.0,51.0,52.0,53.0,54.0,55.0,56.0,57.0,58.0,59.0,60.0,61.0,62.0,63.0,64.0,65.0,66.0,67.0,68.0,69.0,70.0,71.0,72.0,73.0,74.0,75.0,76.0,77.0,78.0,79.0,80.0,81.0,82.0,83.0,84.0,85.0,86.0,87.0,88.0,89.0,90.0,91.0,92.0,93.0,94.0,95.0,96.0,97.0,98.0
15.24370002746582,1.0,2.0,3.0,4.0,5.0,6.0,7.0
15.275136470794678,1.0,2.0,3.0,4.0,5.0,6.0
15.29979658126831,1.0,2.0,3.0,4.0,5.0,6.0,7.0,8.0,9.0
15.324785947799683,1.0,2.0,3.0,4.0,5.0,6.0,7.0
15.387824773788452,1.0,2.0,3.0,4.0,5.0,6.0,7.0,8.0,9.0,10.0,11.0,12.0,13.0,14.0,15.0,16.0,17.0,18.0,19.0,20.0,21.0,22.0,23.0,24.0,25.0,26.0,27.0,28.0,29.0,30.0,31.0,32.0,33.0,34.0,35.0,36.0,37.0,38.0,39.0,40.0,41.0,42.0,43.0,44.0,45.0,46.0,47.0,48.0,49.0,50.0,51.0,52.0,53.0,54.0,55.0,56.0,57.0,58.0,59.0,60.0,61.0,62.0,63.0,64.0,65.0,66.0,67.0,68.0
15.4255530834198,1.0,2.0,3.0,4.0,5.0,6.0,7.0,8.0,9.0,10.0,11.0,12.0,13.0,14.0,15.0,16.0,17.0,18.0,19.0,20.0,21.0,22.0,23.0,24.0,25.0,26.0,27.0,28.0
15.455280780792236,1.0,2.0,3.0,4.0,5.0,6.0,7.0,8.0,9.0,10.0,11.0,12.0,13.0,14.0
15.480008602142334,1.0,2.0,3.0,4.0,5.0,6.0,7.0,8.0
15.505841493606567,1.0,2.0,3.0,4.0,5.0,6.0,7.0,8.0
15.530159711837769,1.0,2.0,3.0,4.0,5.0,6.0,7.0,8.0
15.555830717086792,1.0,2.0,3.0,4.0,5.0,6.0,7.0,8.0,9.0
15.582833766937256,1.0,2.0,3.0,4.0,5.0,6.0,7.0,8.0
15.608039617538452,1.0,2.0,3.0,4.0,5.0,6.0,7.0
15.634469747543335,1.0,2.0,3.0,4.0,5.0,6.0,7.0,8.0
15.658596277236938,1.0,2.0,3.0,4.0,5.0,6.0,7.0,8.0
15.682329416275024,1.0,2.0,3.0,4.0,5.0,6.0
15.706223726272583,1.0,2.0,3.0,4.0,5.0,6.0
15.729131698608398,1.0,2.0,3.0,4.0,5.0,6.0,7.0,8.0
15.756634712219238,1.0,2.0,3.0,4.0,5.0,6.0,7.0,8.0,9.0,10.0
15.8711519241333,1.0,2.0,3.0,4.0,5.0,6.0,7.0,8.0,9.0,10.0,11.0,12.0,13.0,14.0,15.0,16.0,17.0,18.0,19.0,20.0,21.0,22.0,23.0,24.0,25.0,26.0,27.0,28.0,29.0,30.0,31.0,32.0,33.0,34.0,35.0,36.0,37.0,38.0,39.0,40.0,41.0,42.0,43.0,44.0,45.0,46.0,47.0,48.0,49.0,50.0,51.0,52.0,53.0,54.0,55.0,56.0,57.0,58.0,59.0,60.0,61.0,62.0,63.0,64.0,65.0,66.0,67.0,68.0,69.0,70.0,71.0,72.0,73.0,74.0,75.0,76.0,77.0,78.0,79.0,80.0,81.0,82.0,83.0,84.0,85.0,86.0,87.0,88.0,89.0,90.0,91.0,92.0,93.0,94.0,95.0,96.0,97.0,98.0,99.0,100.0,101.0,102.0,103.0,104.0,105.0,106.0,107.0,108.0,109.0,110.0,111.0,112.0,113.0,114.0,115.0,116.0,117.0,118.0,119.0,120.0,121.0,122.0,123.0,124.0,125.0,126.0,127.0,128.0,129.0,130.0,131.0,132.0,133.0,134.0,135.0,136.0,137.0,138.0,139.0,140.0,141.0,142.0
15.901766538619995,1.0,2.0,3.0,4.0,5.0,6.0,7.0,8.0
15.926566123962402,1.0,2.0,3.0,4.0,5.0,6.0,7.0,8.0
15.951816082000732,1.0,2.0,3.0,4.0,5.0,6.0,7.0
15.977530479431152,1.0,2.0,3.0,4.0,5.0,6.0,7.0
16.022431135177612,1.0,2.0,3.0,4.0,5.0,6.0,7.0,8.0,9.0,10.0,11.0,12.0,13.0,14.0,15.0,16.0,17.0,18.0,19.0,20.0,21.0,22.0,23.0,24.0,25.0,26.0,27.0,28.0,29.0,30.0,31.0,32.0,33.0,34.0,35.0,36.0,37.0,38.0,39.0
16.04909920692444,1.0,2.0,3.0,4.0,5.0,6.0,7.0,8.0,9.0,10.0
16.081679821014404,1.0,2.0,3.0,4.0,5.0,6.0,7.0,8.0,9.0,10.0,11.0,12.0,13.0,14.0,15.0,16.0,17.0,18.0,19.0,20.0,21.0,22.0,23.0
16.115420818328857,1.0,2.0,3.0,4.0,5.0,6.0,7.0,8.0,9.0,10.0,11.0,12.0,13.0,14.0,15.0,16.0,17.0,18.0,19.0,20.0,21.0,22.0
16.14396834373474,1.0,2.0,3.0,4.0,5.0,6.0,7.0,8.0,9.0,10.0,11.0,12.0,13.0,14.0
16.600406885147095,1.0,2.0,3.0,4.0,5.0,6.0,7.0,8.0,9.0,10.0,11.0,12.0,13.0
16.648070096969604,1.0,2.0,3.0,4.0,5.0,6.0,7.0,8.0,9.0,10.0,11.0,12.0,13.0,14.0,15.0,16.0,17.0,18.0,19.0,20.0,21.0,22.0,23.0,24.0,25.0,26.0,27.0,28.0,29.0,30.0,31.0,32.0
16.680841207504272,1.0,2.0,3.0,4.0,5.0,6.0,7.0,8.0,9.0,10.0,11.0,12.0,13.0,14.0
16.709744215011597,1.0,2.0,3.0,4.0,5.0,6.0,7.0,8.0
16.7369065284729,1.0,2.0,3.0,4.0,5.0,6.0,7.0,8.0
16.76454997062683,1.0,2.0,3.0,4.0,5.0,6.0,7.0,8.0
16.791542530059814,1.0,2.0,3.0,4.0,5.0,6.0
16.818475484848022,1.0,2.0,3.0,4.0,5.0,6.0
16.902710676193237,1.0,2.0,3.0,4.0,5.0,6.0,7.0,8.0,9.0,10.0,11.0,12.0,13.0,14.0,15.0,16.0,17.0,18.0,19.0,20.0,21.0,22.0,23.0,24.0,25.0,26.0,27.0,28.0,29.0,30.0,31.0,32.0,33.0,34.0,35.0,36.0,37.0,38.0,39.0,40.0,41.0,42.0,43.0,44.0,45.0,46.0,47.0,48.0,49.0,50.0,51.0,52.0,53.0,54.0,55.0,56.0,57.0,58.0,59.0,60.0,61.0,62.0,63.0,64.0,65.0,66.0,67.0,68.0,69.0,70.0,71.0,72.0,73.0,74.0,75.0,76.0,77.0,78.0,79.0,80.0,81.0,82.0,83.0,84.0,85.0,86.0,87.0
16.934962034225464,1.0,2.0,3.0,4.0,5.0,6.0,7.0,8.0,9.0,10.0,11.0,12.0,13.0
16.963982343673706,1.0,2.0,3.0,4.0,5.0,6.0,7.0,8.0
16.991023063659668,1.0,2.0,3.0,4.0,5.0,6.0,7.0
17.018438577651978,1.0,2.0,3.0,4.0,5.0,6.0,7.0
17.04569673538208,1.0,2.0,3.0,4.0,5.0,6.0
17.07525610923767,1.0,2.0,3.0,4.0,5.0,6.0,7.0,8.0
17.10995602607727,1.0,2.0,3.0,4.0,5.0,6.0,7.0,8.0,9.0,10.0,11.0,12.0,13.0,14.0,15.0,16.0
17.138263940811157,1.0,2.0,3.0,4.0,5.0,6.0
17.163891792297363,1.0,2.0,3.0,4.0,5.0,6.0,7.0,8.0
17.23721408843994,1.0,2.0,3.0,4.0,5.0,6.0,7.0,8.0,9.0,10.0,11.0,12.0,13.0,14.0,15.0,16.0,17.0,18.0,19.0,20.0,21.0,22.0,23.0,24.0,25.0,26.0,27.0,28.0,29.0,30.0,31.0,32.0,33.0,34.0,35.0,36.0,37.0,38.0,39.0,40.0,41.0,42.0,43.0,44.0,45.0,46.0,47.0,48.0,49.0,50.0,51.0,52.0,53.0,54.0,55.0,56.0,57.0,58.0,59.0,60.0,61.0,62.0,63.0,64.0,65.0,66.0,67.0,68.0,69.0,70.0,71.0,72.0,73.0,74.0,75.0,76.0,77.0,78.0,79.0,80.0,81.0,82.0,83.0,84.0,85.0,86.0,87.0,88.0
17.263438940048218,1.0,2.0,3.0,4.0,5.0,6.0,7.0,8.0
17.287062883377075,1.0,2.0,3.0,4.0,5.0,6.0,7.0
17.312182426452637,1.0,2.0,3.0,4.0,5.0,6.0,7.0,8.0
17.33512306213379,1.0,2.0,3.0,4.0,5.0,6.0,7.0,8.0
17.358877420425415,1.0,2.0,3.0,4.0,5.0,6.0,7.0,8.0,9.0
17.394083738327026,1.0,2.0,3.0,4.0,5.0,6.0,7.0,8.0,9.0,10.0,11.0,12.0,13.0,14.0,15.0,16.0,17.0,18.0,19.0,20.0,21.0,22.0,23.0,24.0
17.42663335800171,1.0,2.0,3.0,4.0,5.0,6.0,7.0,8.0,9.0,10.0,11.0,12.0,13.0,14.0,15.0,16.0,17.0,18.0,19.0,20.0,21.0
17.453020811080933,1.0,2.0,3.0,4.0,5.0,6.0,7.0
17.484406232833862,1.0,2.0,3.0,4.0,5.0,6.0,7.0,8.0,9.0,10.0,11.0,12.0,13.0,14.0,15.0,16.0,17.0,18.0,19.0,20.0
17.508514404296875,1.0,2.0,3.0,4.0,5.0,6.0,7.0
17.533750534057617,1.0,2.0,3.0,4.0,5.0,6.0,7.0,8.0
17.555370807647705,1.0,2.0,3.0,4.0,5.0,6.0
17.578881978988647,1.0,2.0,3.0,4.0,5.0,6.0,7.0,8.0
17.601642370224,1.0,2.0,3.0,4.0,5.0,6.0,7.0,8.0
17.626100063323975,1.0,2.0,3.0,4.0,5.0,6.0,7.0
17.660484313964844,1.0,2.0,3.0,4.0,5.0,6.0,7.0,8.0,9.0,10.0,11.0,12.0,13.0,14.0,15.0,16.0,17.0,18.0,19.0,20.0,21.0,22.0
17.698238611221313,1.0,2.0,3.0,4.0,5.0,6.0,7.0,8.0,9.0,10.0,11.0,12.0,13.0,14.0,15.0,16.0,17.0,18.0,19.0,20.0,21.0,22.0,23.0,24.0,25.0,26.0,27.0,28.0,29.0,30.0,31.0,32.0
17.723955392837524,1.0,2.0,3.0,4.0,5.0,6.0
17.767027854919434,1.0,2.0,3.0,4.0,5.0,6.0,7.0,8.0,9.0,10.0,11.0,12.0,13.0,14.0,15.0,16.0,17.0,18.0,19.0,20.0,21.0,22.0,23.0,24.0,25.0,26.0,27.0
17.791722297668457,1.0,2.0,3.0,4.0,5.0,6.0,7.0
17.83295178413391,1.0,2.0,3.0,4.0,5.0,6.0,7.0,8.0,9.0,10.0,11.0,12.0,13.0,14.0,15.0,16.0,17.0,18.0,19.0,20.0,21.0,22.0,23.0,24.0,25.0,26.0,27.0,28.0,29.0
17.861165523529053,1.0,2.0,3.0,4.0,5.0,6.0,7.0,8.0
17.88911509513855,1.0,2.0,3.0,4.0,5.0,6.0,7.0
17.92070436477661,1.0,2.0,3.0,4.0,5.0,6.0,7.0,8.0,9.0,10.0,11.0,12.0
17.95089101791382,1.0,2.0,3.0,4.0,5.0,6.0,7.0,8.0,9.0
17.9779052734375,1.0,2.0,3.0,4.0,5.0,6.0,7.0
18.005094289779663,1.0,2.0,3.0,4.0,5.0,6.0
18.034332036972046,1.0,2.0,3.0,4.0,5.0,6.0,7.0,8.0
18.071467876434326,1.0,2.0,3.0,4.0,5.0,6.0,7.0,8.0,9.0,10.0,11.0,12.0,13.0,14.0,15.0
18.163495540618896,1.0,2.0,3.0,4.0,5.0,6.0,7.0,8.0,9.0,10.0,11.0,12.0,13.0,14.0,15.0,16.0,17.0,18.0,19.0,20.0,21.0,22.0,23.0,24.0,25.0,26.0,27.0,28.0,29.0,30.0,31.0,32.0,33.0,34.0,35.0,36.0,37.0,38.0,39.0,40.0,41.0,42.0,43.0,44.0,45.0,46.0,47.0,48.0,49.0,50.0,51.0,52.0,53.0,54.0,55.0,56.0,57.0,58.0,59.0,60.0,61.0,62.0,63.0,64.0,65.0,66.0,67.0,68.0,69.0,70.0,71.0,72.0,73.0,74.0,75.0,76.0,77.0,78.0,79.0,80.0,81.0,82.0,83.0,84.0,85.0,86.0,87.0,88.0,89.0,90.0,91.0,92.0,93.0,94.0,95.0,96.0,97.0
18.233019828796387,1.0,2.0,3.0,4.0,5.0,6.0,7.0,8.0,9.0,10.0,11.0,12.0,13.0,14.0,15.0,16.0,17.0,18.0,19.0,20.0,21.0,22.0,23.0,24.0,25.0,26.0,27.0,28.0,29.0,30.0,31.0,32.0,33.0,34.0,35.0,36.0,37.0,38.0,39.0,40.0,41.0,42.0,43.0,44.0,45.0,46.0,47.0,48.0,49.0,50.0,51.0,52.0,53.0,54.0,55.0,56.0,57.0,58.0,59.0,60.0,61.0,62.0,63.0,64.0,65.0,66.0,67.0,68.0,69.0
18.262380838394165,1.0,2.0,3.0,4.0,5.0,6.0,7.0,8.0,9.0,10.0,11.0,12.0,13.0
18.292089223861694,1.0,2.0,3.0,4.0,5.0,6.0,7.0,8.0,9.0,10.0,11.0
18.319435358047485,1.0,2.0,3.0,4.0,5.0,6.0,7.0,8.0
18.346705436706543,1.0,2.0,3.0,4.0,5.0,6.0,7.0
18.390480756759644,1.0,2.0,3.0,4.0,5.0,6.0,7.0,8.0,9.0,10.0,11.0,12.0,13.0,14.0,15.0,16.0,17.0,18.0,19.0,20.0,21.0,22.0,23.0,24.0,25.0,26.0,27.0
18.43531036376953,1.0,2.0,3.0,4.0,5.0,6.0,7.0,8.0,9.0,10.0,11.0,12.0,13.0,14.0,15.0,16.0,17.0,18.0,19.0,20.0,21.0,22.0,23.0,24.0,25.0,26.0,27.0,28.0,29.0,30.0
18.462665557861328,1.0,2.0,3.0,4.0,5.0,6.0
18.492985486984253,1.0,2.0,3.0,4.0,5.0,6.0,7.0
18.534526586532593,1.0,2.0,3.0,4.0,5.0,6.0,7.0,8.0,9.0,10.0,11.0,12.0,13.0,14.0,15.0,16.0,17.0,18.0,19.0,20.0,21.0,22.0
18.559884548187256,1.0,2.0,3.0,4.0,5.0,6.0,7.0
18.599846839904785,1.0,2.0,3.0,4.0,5.0,6.0,7.0,8.0,9.0,10.0,11.0,12.0,13.0,14.0,15.0,16.0,17.0,18.0,19.0,20.0,21.0,22.0,23.0,24.0
18.6298611164093,1.0,2.0,3.0,4.0,5.0,6.0,7.0,8.0
18.702784776687622,1.0,2.0,3.0,4.0,5.0,6.0,7.0,8.0,9.0,10.0,11.0,12.0,13.0,14.0,15.0,16.0,17.0,18.0,19.0,20.0,21.0,22.0,23.0,24.0,25.0,26.0,27.0,28.0,29.0,30.0,31.0,32.0,33.0,34.0,35.0,36.0,37.0,38.0,39.0,40.0,41.0,42.0,43.0,44.0,45.0,46.0,47.0,48.0,49.0,50.0,51.0,52.0,53.0,54.0,55.0,56.0,57.0,58.0,59.0,60.0,61.0,62.0,63.0,64.0,65.0,66.0,67.0,68.0,69.0
18.73235511779785,1.0,2.0,3.0,4.0,5.0,6.0,7.0
18.761495351791382,1.0,2.0,3.0,4.0,5.0,6.0,7.0,8.0,9.0,10.0,11.0
18.794931650161743,1.0,2.0,3.0,4.0,5.0,6.0,7.0,8.0,9.0,10.0,11.0,12.0,13.0
18.84602642059326,1.0,2.0,3.0,4.0,5.0,6.0,7.0,8.0,9.0,10.0,11.0,12.0,13.0,14.0,15.0,16.0,17.0,18.0,19.0,20.0,21.0,22.0,23.0,24.0,25.0,26.0,27.0,28.0,29.0,30.0,31.0,32.0,33.0,34.0
18.876049280166626,1.0,2.0,3.0,4.0,5.0,6.0,7.0,8.0
18.907009840011597,1.0,2.0,3.0,4.0,5.0,6.0,7.0
18.93584132194519,1.0,2.0,3.0,4.0,5.0,6.0,7.0,8.0
19.03171706199646,1.0,2.0,3.0,4.0,5.0,6.0,7.0,8.0,9.0,10.0,11.0,12.0,13.0,14.0,15.0,16.0,17.0,18.0,19.0,20.0,21.0,22.0,23.0,24.0,25.0,26.0,27.0,28.0,29.0,30.0,31.0,32.0,33.0,34.0,35.0,36.0,37.0,38.0,39.0,40.0,41.0,42.0,43.0,44.0,45.0,46.0,47.0,48.0,49.0,50.0,51.0,52.0,53.0,54.0,55.0,56.0,57.0,58.0,59.0,60.0,61.0,62.0,63.0,64.0,65.0,66.0,67.0,68.0,69.0,70.0,71.0,72.0,73.0,74.0,75.0,76.0,77.0,78.0,79.0,80.0,81.0
19.064757823944092,1.0,2.0,3.0,4.0,5.0,6.0,7.0,8.0,9.0,10.0,11.0,12.0,13.0,14.0,15.0,16.0
19.0897114276886,1.0,2.0,3.0,4.0,5.0,6.0,7.0
19.11653470993042,1.0,2.0,3.0,4.0,5.0,6.0,7.0
19.144871711730957,1.0,2.0,3.0,4.0,5.0,6.0,7.0,8.0,9.0
19.17344069480896,1.0,2.0,3.0,4.0,5.0,6.0,7.0,8.0
19.21468424797058,1.0,2.0,3.0,4.0,5.0,6.0,7.0,8.0,9.0,10.0,11.0,12.0,13.0,14.0,15.0,16.0,17.0,18.0,19.0,20.0,21.0,22.0,23.0,24.0,25.0,26.0,27.0
19.244661569595337,1.0,2.0,3.0,4.0,5.0,6.0,7.0,8.0,9.0,10.0
19.273651123046875,1.0,2.0,3.0,4.0,5.0,6.0,7.0,8.0
19.302131414413452,1.0,2.0,3.0,4.0,5.0,6.0,7.0,8.0,9.0,10.0
19.327994346618652,1.0,2.0,3.0,4.0,5.0,6.0,7.0
19.355144739151,1.0,2.0,3.0,4.0,5.0,6.0
19.383986711502075,1.0,2.0,3.0,4.0,5.0,6.0,7.0
19.4670991897583,1.0,2.0,3.0,4.0,5.0,6.0,7.0,8.0,9.0,10.0,11.0,12.0,13.0,14.0,15.0,16.0,17.0,18.0,19.0,20.0,21.0,22.0,23.0,24.0,25.0,26.0,27.0,28.0,29.0,30.0,31.0,32.0,33.0,34.0,35.0,36.0,37.0,38.0,39.0,40.0,41.0,42.0,43.0,44.0,45.0,46.0,47.0,48.0,49.0,50.0,51.0,52.0,53.0,54.0,55.0,56.0,57.0,58.0,59.0,60.0,61.0,62.0,63.0,64.0,65.0,66.0,67.0,68.0,69.0,70.0,71.0,72.0,73.0,74.0,75.0,76.0,77.0,78.0,79.0,80.0,81.0,82.0
19.49698829650879,1.0,2.0,3.0,4.0,5.0,6.0,7.0,8.0,9.0
19.524596691131592,1.0,2.0,3.0,4.0,5.0,6.0,7.0
19.55034112930298,1.0,2.0,3.0,4.0,5.0,6.0,7.0,8.0
19.574151754379272,1.0,2.0,3.0,4.0,5.0,6.0,7.0,8.0
19.642468214035034,1.0,2.0,3.0,4.0,5.0,6.0,7.0,8.0,9.0,10.0,11.0,12.0,13.0,14.0,15.0,16.0,17.0,18.0,19.0,20.0,21.0,22.0,23.0,24.0,25.0,26.0,27.0,28.0,29.0,30.0,31.0,32.0,33.0,34.0,35.0,36.0,37.0,38.0,39.0,40.0,41.0,42.0,43.0,44.0,45.0,46.0,47.0,48.0,49.0,50.0,51.0,52.0,53.0,54.0,55.0,56.0,57.0,58.0,59.0,60.0,61.0,62.0,63.0,64.0,65.0,66.0,67.0,68.0,69.0,70.0,71.0,72.0,73.0,74.0,75.0,76.0,77.0,78.0
19.685691356658936,1.0,2.0,3.0,4.0,5.0,6.0
19.71054220199585,1.0,2.0,3.0,4.0,5.0,6.0,7.0
19.748250007629395,1.0,2.0,3.0,4.0,5.0,6.0,7.0,8.0,9.0,10.0,11.0,12.0,13.0,14.0,15.0,16.0,17.0,18.0,19.0,20.0,21.0,22.0,23.0,24.0,25.0,26.0,27.0,28.0,29.0,30.0,31.0
19.77338933944702,1.0,2.0,3.0,4.0,5.0,6.0,7.0
19.801769018173218,1.0,2.0,3.0,4.0,5.0,6.0,7.0,8.0,9.0,10.0
19.828417539596558,1.0,2.0,3.0,4.0,5.0,6.0,7.0
19.855133771896362,1.0,2.0,3.0,4.0,5.0,6.0,7.0,8.0
19.884445905685425,1.0,2.0,3.0,4.0,5.0,6.0,7.0,8.0
19.925086736679077,1.0,2.0,3.0,4.0,5.0,6.0,7.0,8.0,9.0,10.0,11.0,12.0,13.0,14.0,15.0,16.0,17.0,18.0,19.0,20.0,21.0,22.0,23.0,24.0
19.95269012451172,1.0,2.0,3.0,4.0,5.0,6.0,7.0
19.97844672203064,1.0,2.0,3.0,4.0,5.0,6.0,7.0
20.464212894439697,1.0,2.0,3.0,4.0,5.0,6.0,7.0,8.0,9.0,10.0,11.0,12.0,13.0,14.0,15.0
20.492371320724487,1.0,2.0,3.0,4.0,5.0,6.0,7.0
20.51553726196289,1.0,2.0,3.0,4.0,5.0,6.0
20.54218626022339,1.0,2.0,3.0,4.0,5.0,6.0,7.0,8.0,9.0
20.572405338287354,1.0,2.0,3.0,4.0,5.0,6.0,7.0,8.0,9.0,10.0,11.0,12.0,13.0,14.0,15.0,16.0,17.0
20.597386121749878,1.0,2.0,3.0,4.0,5.0,6.0,7.0
20.62148141860962,1.0,2.0,3.0,4.0,5.0,6.0,7.0,8.0
20.647827863693237,1.0,2.0,3.0,4.0,5.0,6.0,7.0
20.671342849731445,1.0,2.0,3.0,4.0,5.0,6.0,7.0
20.699536323547363,1.0,2.0,3.0,4.0,5.0,6.0,7.0,8.0,9.0,10.0,11.0,12.0,13.0,14.0,15.0
20.737686157226562,1.0,2.0,3.0,4.0,5.0,6.0,7.0,8.0,9.0,10.0,11.0,12.0,13.0,14.0,15.0,16.0,17.0,18.0,19.0,20.0,21.0,22.0,23.0,24.0,25.0,26.0,27.0
20.771406173706055,1.0,2.0,3.0,4.0,5.0,6.0,7.0,8.0,9.0,10.0,11.0,12.0,13.0,14.0,15.0,16.0,17.0,18.0,19.0,20.0,21.0
20.799465656280518,1.0,2.0,3.0,4.0,5.0,6.0,7.0,8.0,9.0,10.0,11.0
20.82565975189209,1.0,2.0,3.0,4.0,5.0,6.0,7.0,8.0
20.865795850753784,1.0,2.0,3.0,4.0,5.0,6.0,7.0,8.0,9.0,10.0,11.0,12.0,13.0,14.0,15.0,16.0,17.0,18.0,19.0,20.0,21.0,22.0,23.0,24.0,25.0
20.88961672782898,1.0,2.0,3.0,4.0,5.0,6.0
20.92430853843689,1.0,2.0,3.0,4.0,5.0,6.0,7.0,8.0,9.0,10.0,11.0,12.0,13.0,14.0,15.0,16.0,17.0,18.0,19.0,20.0,21.0,22.0
20.947751760482788,1.0,2.0,3.0,4.0,5.0,6.0,7.0
20.978020429611206,1.0,2.0,3.0,4.0,5.0,6.0,7.0,8.0,9.0,10.0,11.0,12.0,13.0,14.0,15.0,16.0,17.0,18.0,19.0
21.00663685798645,1.0,2.0,3.0,4.0,5.0,6.0,7.0,8.0,9.0,10.0,11.0,12.0,13.0,14.0,15.0,16.0
21.051743030548096,1.0,2.0,3.0,4.0,5.0,6.0,7.0,8.0,9.0,10.0,11.0,12.0,13.0,14.0,15.0,16.0,17.0,18.0,19.0,20.0,21.0,22.0,23.0,24.0,25.0,26.0,27.0,28.0,29.0,30.0,31.0,32.0,33.0,34.0,35.0,36.0,37.0,38.0,39.0,40.0,41.0
21.076191902160645,1.0,2.0,3.0,4.0,5.0,6.0,7.0,8.0
21.10047221183777,1.0,2.0,3.0,4.0,5.0,6.0,7.0,8.0
21.127135753631592,1.0,2.0,3.0,4.0,5.0,6.0,7.0,8.0,9.0
21.15194272994995,1.0,2.0,3.0,4.0,5.0,6.0,7.0
21.17754554748535,1.0,2.0,3.0,4.0,5.0,6.0,7.0,8.0
21.205052614212036,1.0,2.0,3.0,4.0,5.0,6.0,7.0,8.0
21.23160219192505,1.0,2.0,3.0,4.0,5.0,6.0,7.0
21.256867170333862,1.0,2.0,3.0,4.0,5.0,6.0,7.0,8.0
21.28422784805298,1.0,2.0,3.0,4.0,5.0,6.0,7.0,8.0,9.0
21.3134822845459,1.0,2.0,3.0,4.0,5.0,6.0,7.0,8.0,9.0,10.0,11.0,12.0,13.0,14.0
21.3396258354187,1.0,2.0,3.0,4.0,5.0,6.0,7.0,8.0,9.0,10.0
21.37125301361084,1.0,2.0,3.0,4.0,5.0,6.0,7.0,8.0,9.0,10.0,11.0,12.0,13.0,14.0,15.0,16.0,17.0,18.0,19.0,20.0
21.405369997024536,1.0,2.0,3.0,4.0,5.0,6.0,7.0,8.0,9.0,10.0,11.0,12.0,13.0,14.0,15.0,16.0,17.0,18.0,19.0,20.0,21.0,22.0,23.0,24.0
21.470622777938843,1.0,2.0,3.0,4.0,5.0,6.0,7.0,8.0,9.0,10.0,11.0,12.0,13.0,14.0,15.0,16.0,17.0,18.0,19.0,20.0,21.0,22.0,23.0,24.0,25.0,26.0,27.0,28.0,29.0,30.0,31.0,32.0,33.0,34.0,35.0,36.0,37.0,38.0,39.0,40.0,41.0,42.0,43.0,44.0,45.0,46.0,47.0,48.0,49.0,50.0,51.0,52.0,53.0,54.0,55.0,56.0,57.0,58.0,59.0,60.0,61.0,62.0,63.0,64.0,65.0,66.0,67.0,68.0
21.505805015563965,1.0,2.0,3.0,4.0,5.0,6.0,7.0,8.0,9.0,10.0,11.0,12.0,13.0,14.0,15.0,16.0,17.0,18.0,19.0,20.0,21.0,22.0,23.0
21.52978754043579,1.0,2.0,3.0,4.0,5.0,6.0,7.0,8.0
21.557779550552368,1.0,2.0,3.0,4.0,5.0,6.0,7.0,8.0,9.0,10.0,11.0,12.0,13.0
21.63315749168396,1.0,2.0,3.0,4.0,5.0,6.0,7.0,8.0,9.0,10.0,11.0,12.0,13.0,14.0,15.0,16.0,17.0,18.0,19.0,20.0,21.0,22.0,23.0,24.0,25.0,26.0,27.0,28.0,29.0,30.0,31.0,32.0,33.0,34.0,35.0,36.0,37.0,38.0,39.0,40.0,41.0,42.0,43.0,44.0,45.0,46.0,47.0,48.0,49.0,50.0,51.0,52.0,53.0,54.0,55.0,56.0,57.0,58.0,59.0,60.0,61.0,62.0,63.0,64.0,65.0,66.0,67.0,68.0,69.0,70.0
21.669832468032837,1.0,2.0,3.0,4.0,5.0,6.0,7.0,8.0,9.0,10.0,11.0,12.0,13.0,14.0,15.0
21.698965072631836,1.0,2.0,3.0,4.0,5.0,6.0,7.0,8.0
21.82729697227478,1.0,2.0,3.0,4.0,5.0,6.0,7.0,8.0,9.0,10.0,11.0,12.0,13.0,14.0,15.0,16.0,17.0,18.0,19.0,20.0,21.0,22.0,23.0,24.0,25.0,26.0,27.0,28.0,29.0,30.0,31.0,32.0,33.0,34.0,35.0,36.0,37.0,38.0,39.0,40.0,41.0,42.0,43.0,44.0,45.0,46.0,47.0,48.0,49.0,50.0,51.0,52.0,53.0,54.0,55.0,56.0,57.0,58.0,59.0,60.0,61.0,62.0,63.0,64.0,65.0,66.0,67.0,68.0,69.0,70.0,71.0,72.0,73.0,74.0,75.0,76.0,77.0,78.0,79.0,80.0,81.0,82.0,83.0,84.0,85.0,86.0,87.0,88.0,89.0,90.0,91.0,92.0,93.0,94.0,95.0,96.0,97.0,98.0,99.0,100.0,101.0,102.0,103.0,104.0,105.0,106.0,107.0,108.0,109.0,110.0,111.0,112.0,113.0,114.0,115.0,116.0,117.0,118.0,119.0,120.0,121.0,122.0,123.0,124.0,125.0,126.0,127.0,128.0,129.0,130.0,131.0,132.0,133.0,134.0,135.0,136.0,137.0,138.0
21.857280015945435,1.0,2.0,3.0,4.0,5.0,6.0,7.0,8.0,9.0
21.884138107299805,1.0,2.0,3.0,4.0,5.0,6.0
21.92830181121826,1.0,2.0,3.0,4.0,5.0,6.0,7.0,8.0,9.0,10.0,11.0,12.0,13.0,14.0,15.0,16.0,17.0,18.0,19.0,20.0,21.0,22.0,23.0,24.0,25.0,26.0,27.0,28.0,29.0,30.0,31.0
21.962732553482056,1.0,2.0,3.0,4.0,5.0,6.0,7.0,8.0,9.0,10.0,11.0,12.0,13.0,14.0
21.993616819381714,1.0,2.0,3.0,4.0,5.0,6.0,7.0,8.0,9.0,10.0,11.0
22.023605585098267,1.0,2.0,3.0,4.0,5.0,6.0,7.0,8.0,9.0
22.05672550201416,1.0,2.0,3.0,4.0,5.0,6.0,7.0,8.0,9.0,10.0,11.0,12.0,13.0
22.106907606124878,1.0,2.0,3.0,4.0,5.0,6.0,7.0,8.0,9.0,10.0,11.0,12.0,13.0,14.0,15.0,16.0,17.0,18.0,19.0,20.0,21.0,22.0,23.0,24.0,25.0,26.0,27.0,28.0,29.0,30.0,31.0,32.0,33.0,34.0,35.0,36.0,37.0,38.0,39.0,40.0
22.13494563102722,1.0,2.0,3.0,4.0,5.0,6.0,7.0
22.162793159484863,1.0,2.0,3.0,4.0,5.0,6.0,7.0,8.0
22.191426038742065,1.0,2.0,3.0,4.0,5.0,6.0,7.0
22.219786882400513,1.0,2.0,3.0,4.0,5.0,6.0,7.0,8.0
22.254794597625732,1.0,2.0,3.0,4.0,5.0,6.0,7.0,8.0,9.0
22.286683797836304,1.0,2.0,3.0,4.0,5.0,6.0,7.0,8.0,9.0,10.0,11.0,12.0
22.34281587600708,1.0,2.0,3.0,4.0,5.0,6.0,7.0,8.0,9.0,10.0,11.0,12.0,13.0,14.0,15.0,16.0,17.0,18.0,19.0,20.0,21.0,22.0,23.0,24.0,25.0,26.0,27.0,28.0,29.0,30.0,31.0,32.0,33.0,34.0,35.0,36.0,37.0,38.0,39.0,40.0,41.0,42.0,43.0,44.0,45.0,46.0,47.0
22.37237524986267,1.0,2.0,3.0,4.0,5.0,6.0,7.0,8.0,9.0
22.451037168502808,1.0,2.0,3.0,4.0,5.0,6.0,7.0,8.0,9.0,10.0,11.0,12.0,13.0,14.0,15.0,16.0,17.0,18.0,19.0,20.0,21.0,22.0,23.0,24.0,25.0,26.0,27.0,28.0,29.0,30.0,31.0,32.0,33.0,34.0,35.0,36.0,37.0,38.0,39.0,40.0,41.0,42.0,43.0,44.0,45.0,46.0,47.0,48.0,49.0,50.0,51.0,52.0,53.0,54.0,55.0,56.0,57.0,58.0,59.0,60.0,61.0,62.0,63.0,64.0,65.0,66.0,67.0,68.0,69.0,70.0,71.0,72.0,73.0
22.485154151916504,1.0,2.0,3.0,4.0,5.0,6.0,7.0,8.0,9.0,10.0,11.0,12.0,13.0,14.0,15.0,16.0,17.0
22.51556396484375,1.0,2.0,3.0,4.0,5.0,6.0,7.0,8.0,9.0,10.0,11.0,12.0
22.551157236099243,1.0,2.0,3.0,4.0,5.0,6.0,7.0,8.0,9.0,10.0,11.0,12.0,13.0,14.0,15.0,16.0,17.0,18.0,19.0
22.587820291519165,1.0,2.0,3.0,4.0,5.0,6.0,7.0,8.0,9.0,10.0,11.0,12.0,13.0,14.0,15.0,16.0,17.0,18.0,19.0,20.0,21.0
22.624221801757812,1.0,2.0,3.0,4.0,5.0,6.0,7.0,8.0,9.0,10.0,11.0,12.0,13.0,14.0,15.0,16.0,17.0,18.0,19.0,20.0,21.0,22.0,23.0,24.0,25.0,26.0
22.65404486656189,1.0,2.0,3.0,4.0,5.0,6.0,7.0,8.0,9.0,10.0,11.0,12.0,13.0,14.0,15.0,16.0,17.0,18.0
22.679025650024414,1.0,2.0,3.0,4.0,5.0,6.0,7.0,8.0,9.0,10.0
22.70836639404297,1.0,2.0,3.0,4.0,5.0,6.0,7.0,8.0,9.0,10.0,11.0,12.0,13.0,14.0,15.0
22.73940658569336,1.0,2.0,3.0,4.0,5.0,6.0,7.0,8.0,9.0,10.0,11.0,12.0,13.0,14.0,15.0,16.0,17.0,18.0,19.0,20.0,21.0,22.0,23.0,24.0
22.765921592712402,1.0,2.0,3.0,4.0,5.0,6.0,7.0
22.817874908447266,1.0,2.0,3.0,4.0,5.0,6.0,7.0,8.0,9.0,10.0,11.0,12.0,13.0,14.0,15.0
22.869474411010742,1.0,2.0,3.0,4.0,5.0,6.0,7.0,8.0,9.0,10.0,11.0,12.0,13.0,14.0,15.0,16.0,17.0,18.0
22.93067693710327,1.0,2.0,3.0,4.0,5.0,6.0,7.0,8.0,9.0,10.0,11.0,12.0,13.0,14.0,15.0,16.0,17.0,18.0,19.0,20.0,21.0,22.0,23.0,24.0,25.0,26.0,27.0,28.0,29.0
22.957643508911133,1.0,2.0,3.0,4.0,5.0,6.0,7.0,8.0
22.986120223999023,1.0,2.0,3.0,4.0,5.0,6.0,7.0,8.0
23.01526975631714,1.0,2.0,3.0,4.0,5.0,6.0,7.0
23.04424262046814,1.0,2.0,3.0,4.0,5.0,6.0,7.0
23.127720832824707,1.0,2.0,3.0,4.0,5.0,6.0,7.0,8.0,9.0,10.0,11.0,12.0,13.0,14.0,15.0,16.0,17.0,18.0,19.0,20.0,21.0,22.0,23.0,24.0,25.0,26.0,27.0,28.0,29.0,30.0,31.0,32.0,33.0,34.0,35.0,36.0,37.0,38.0,39.0,40.0,41.0,42.0,43.0,44.0,45.0,46.0,47.0,48.0,49.0,50.0,51.0,52.0,53.0,54.0,55.0,56.0,57.0,58.0,59.0,60.0,61.0,62.0,63.0,64.0,65.0,66.0,67.0,68.0,69.0,70.0,71.0,72.0,73.0,74.0,75.0,76.0,77.0,78.0,79.0,80.0,81.0
23.155640602111816,1.0,2.0,3.0,4.0,5.0,6.0
23.18370246887207,1.0,2.0,3.0,4.0,5.0,6.0,7.0
23.218984127044678,1.0,2.0,3.0,4.0,5.0,6.0,7.0,8.0,9.0,10.0,11.0,12.0,13.0,14.0,15.0,16.0,17.0,18.0
23.247426509857178,1.0,2.0,3.0,4.0,5.0,6.0,7.0,8.0
23.276097774505615,1.0,2.0,3.0,4.0,5.0,6.0,7.0,8.0,9.0,10.0,11.0,12.0,13.0,14.0
23.30231523513794,1.0,2.0,3.0,4.0,5.0,6.0,7.0
23.33221936225891,1.0,2.0,3.0,4.0,5.0,6.0,7.0,8.0,9.0,10.0
23.357518196105957,1.0,2.0,3.0,4.0,5.0,6.0,7.0
23.383629083633423,1.0,2.0,3.0,4.0,5.0,6.0,7.0
23.417090892791748,1.0,2.0,3.0,4.0,5.0,6.0,7.0,8.0,9.0,10.0,11.0,12.0,13.0,14.0,15.0,16.0,17.0,18.0,19.0,20.0,21.0,22.0,23.0,24.0,25.0
23.442768096923828,1.0,2.0,3.0,4.0,5.0,6.0,7.0
23.473191738128662,1.0,2.0,3.0,4.0,5.0,6.0
23.507858514785767,1.0,2.0,3.0,4.0,5.0,6.0,7.0,8.0
23.540830612182617,1.0,2.0,3.0,4.0,5.0,6.0,7.0,8.0,9.0
23.580849647521973,1.0,2.0,3.0,4.0,5.0,6.0,7.0,8.0
23.64254355430603,1.0,2.0,3.0,4.0,5.0,6.0,7.0,8.0,9.0,10.0,11.0,12.0,13.0,14.0,15.0,16.0,17.0,18.0,19.0,20.0,21.0,22.0,23.0,24.0,25.0,26.0,27.0,28.0,29.0
23.682732343673706,1.0,2.0,3.0,4.0,5.0,6.0,7.0,8.0,9.0,10.0,11.0,12.0,13.0,14.0,15.0,16.0,17.0,18.0,19.0,20.0
23.710278511047363,1.0,2.0,3.0,4.0,5.0,6.0,7.0,8.0
23.84716773033142,1.0,2.0,3.0,4.0,5.0,6.0,7.0,8.0,9.0,10.0,11.0,12.0,13.0,14.0,15.0,16.0,17.0,18.0,19.0,20.0,21.0,22.0,23.0,24.0,25.0,26.0,27.0,28.0,29.0,30.0,31.0,32.0,33.0,34.0,35.0,36.0,37.0,38.0,39.0,40.0,41.0,42.0,43.0,44.0,45.0,46.0,47.0,48.0,49.0,50.0,51.0,52.0,53.0,54.0,55.0,56.0,57.0,58.0,59.0,60.0,61.0,62.0,63.0,64.0,65.0,66.0,67.0,68.0,69.0,70.0,71.0,72.0,73.0,74.0,75.0,76.0,77.0,78.0,79.0,80.0,81.0,82.0,83.0,84.0,85.0,86.0,87.0,88.0,89.0,90.0,91.0,92.0,93.0,94.0,95.0,96.0,97.0,98.0,99.0,100.0,101.0,102.0,103.0,104.0,105.0,106.0,107.0,108.0,109.0,110.0,111.0,112.0,113.0,114.0,115.0,116.0,117.0,118.0,119.0,120.0,121.0,122.0,123.0,124.0,125.0,126.0,127.0,128.0,129.0,130.0,131.0,132.0,133.0,134.0,135.0,136.0,137.0,138.0,139.0,140.0,141.0,142.0,143.0,144.0,145.0,146.0,147.0,148.0,149.0,150.0,151.0,152.0
23.878456115722656,1.0,2.0,3.0,4.0,5.0,6.0,7.0,8.0
23.90579080581665,1.0,2.0,3.0,4.0,5.0,6.0,7.0,8.0,9.0
23.94076681137085,1.0,2.0,3.0,4.0,5.0,6.0,7.0,8.0,9.0,10.0,11.0,12.0,13.0,14.0,15.0,16.0,17.0,18.0,19.0,20.0
23.96813988685608,1.0,2.0,3.0,4.0,5.0,6.0,7.0
24.876182556152344,1.0,2.0,3.0,4.0,5.0,6.0,7.0,8.0
24.905736446380615,1.0,2.0,3.0,4.0,5.0,6.0,7.0,8.0
24.93579125404358,1.0,2.0,3.0,4.0,5.0,6.0,7.0,8.0
24.962979078292847,1.0,2.0,3.0,4.0,5.0,6.0,7.0,8.0
24.988809823989868,1.0,2.0,3.0,4.0,5.0,6.0
25.01772141456604,1.0,2.0,3.0,4.0,5.0,6.0,7.0,8.0,9.0
