0.9995083808898926,1.0,2.0,3.0,4.0,5.0,6.0,7.0,8.0,9.0
1.043959617614746,1.0,2.0,3.0,4.0,5.0,6.0,7.0,8.0,9.0,10.0,11.0,12.0,13.0,14.0,15.0,16.0,17.0,18.0,19.0,20.0,21.0,22.0,23.0,24.0,25.0
1.1002106666564941,1.0,2.0,3.0,4.0,5.0,6.0,7.0,8.0,9.0,10.0,11.0,12.0,13.0,14.0,15.0,16.0,17.0,18.0,19.0,20.0,21.0,22.0,23.0,24.0,25.0,26.0,27.0,28.0,29.0,30.0,31.0,32.0,33.0
1.1396582126617432,1.0,2.0,3.0,4.0,5.0,6.0,7.0,8.0,9.0
1.1927318572998047,1.0,2.0,3.0,4.0,5.0,6.0,7.0,8.0,9.0,10.0,11.0,12.0,13.0,14.0,15.0,16.0,17.0,18.0,19.0,20.0,21.0,22.0,23.0,24.0,25.0,26.0,27.0,28.0,29.0,30.0,31.0,32.0,33.0,34.0,35.0,36.0,37.0,38.0,39.0,40.0,41.0,42.0
1.2600631713867188,1.0,2.0,3.0,4.0,5.0,6.0,7.0,8.0,9.0,10.0,11.0,12.0,13.0,14.0,15.0,16.0,17.0,18.0,19.0,20.0,21.0,22.0,23.0,24.0,25.0,26.0,27.0,28.0,29.0,30.0,31.0,32.0,33.0,34.0,35.0,36.0,37.0,38.0,39.0,40.0,41.0,42.0,43.0,44.0,45.0,46.0,47.0,48.0,49.0,50.0,51.0,52.0,53.0,54.0
1.3171894550323486,1.0,2.0,3.0,4.0,5.0,6.0,7.0,8.0,9.0,10.0,11.0,12.0,13.0,14.0,15.0,16.0,17.0,18.0,19.0,20.0,21.0
1.3560030460357666,1.0,2.0,3.0,4.0,5.0,6.0,7.0,8.0,9.0
1.3873660564422607,1.0,2.0,3.0,4.0,5.0,6.0,7.0,8.0,9.0,10.0,11.0,12.0,13.0
1.4199163913726807,1.0,2.0,3.0,4.0,5.0,6.0,7.0,8.0,9.0,10.0,11.0,12.0,13.0,14.0,15.0
1.4726285934448242,1.0,2.0,3.0,4.0,5.0,6.0,7.0,8.0,9.0,10.0,11.0,12.0,13.0,14.0,15.0,16.0,17.0,18.0,19.0,20.0,21.0,22.0,23.0,24.0,25.0,26.0,27.0,28.0,29.0,30.0,31.0,32.0,33.0,34.0
1.5242338180541992,1.0,2.0,3.0,4.0,5.0,6.0,7.0,8.0,9.0,10.0,11.0,12.0,13.0,14.0,15.0,16.0
1.6091902256011963,1.0,2.0,3.0,4.0,5.0,6.0,7.0,8.0,9.0,10.0,11.0,12.0,13.0,14.0,15.0,16.0,17.0,18.0,19.0,20.0,21.0,22.0,23.0,24.0,25.0,26.0,27.0,28.0,29.0,30.0,31.0,32.0,33.0,34.0,35.0,36.0,37.0,38.0,39.0,40.0,41.0,42.0,43.0,44.0,45.0,46.0,47.0,48.0,49.0,50.0,51.0,52.0,53.0,54.0,55.0,56.0,57.0,58.0,59.0,60.0,61.0,62.0,63.0,64.0,65.0,66.0,67.0,68.0,69.0,70.0,71.0,72.0,73.0,74.0,75.0,76.0,77.0,78.0,79.0,80.0,81.0,82.0,83.0,84.0,85.0,86.0,87.0,88.0,89.0,90.0,91.0,92.0,93.0,94.0,95.0,96.0,97.0,98.0,99.0,100.0,101.0,102.0,103.0,104.0
1.6409499645233154,1.0,2.0,3.0,4.0,5.0,6.0,7.0,8.0,9.0,10.0,11.0,12.0,13.0
1.6677491664886475,1.0,2.0,3.0,4.0,5.0,6.0,7.0,8.0,9.0,10.0,11.0,12.0,13.0,14.0
1.6965386867523193,1.0,2.0,3.0,4.0,5.0,6.0,7.0,8.0,9.0
1.7264735698699951,1.0,2.0,3.0,4.0,5.0,6.0,7.0,8.0,9.0,10.0,11.0
1.749351978302002,1.0,2.0,3.0,4.0,5.0,6.0,7.0
1.8366150856018066,1.0,2.0,3.0,4.0,5.0,6.0,7.0,8.0,9.0,10.0,11.0,12.0,13.0,14.0,15.0,16.0,17.0,18.0,19.0,20.0,21.0,22.0,23.0,24.0,25.0,26.0,27.0,28.0,29.0,30.0,31.0,32.0,33.0,34.0,35.0,36.0,37.0,38.0,39.0,40.0,41.0,42.0,43.0,44.0,45.0,46.0,47.0,48.0,49.0,50.0,51.0,52.0,53.0,54.0,55.0,56.0,57.0,58.0,59.0,60.0,61.0,62.0,63.0,64.0,65.0,66.0,67.0,68.0,69.0,70.0,71.0,72.0,73.0,74.0,75.0,76.0,77.0,78.0,79.0,80.0,81.0,82.0,83.0,84.0,85.0,86.0,87.0,88.0,89.0,90.0,91.0,92.0,93.0,94.0,95.0,96.0,97.0,98.0,99.0,100.0,101.0,102.0,103.0,104.0,105.0,106.0,107.0,108.0,109.0
1.8691892623901367,1.0,2.0,3.0,4.0,5.0,6.0,7.0,8.0,9.0,10.0,11.0
1.8930208683013916,1.0,2.0,3.0,4.0,5.0,6.0,7.0
1.915961742401123,1.0,2.0,3.0,4.0,5.0,6.0,7.0
1.941457748413086,1.0,2.0,3.0,4.0,5.0,6.0,7.0,8.0
1.9654409885406494,1.0,2.0,3.0,4.0,5.0,6.0,7.0,8.0
1.9886894226074219,1.0,2.0,3.0,4.0,5.0,6.0,7.0,8.0
2.014712333679199,1.0,2.0,3.0,4.0,5.0,6.0,7.0,8.0,9.0
2.03975248336792,1.0,2.0,3.0,4.0,5.0,6.0,7.0,8.0
2.0675623416900635,1.0,2.0,3.0,4.0,5.0,6.0,7.0
2.095393419265747,1.0,2.0,3.0,4.0,5.0,6.0,7.0
2.1383965015411377,1.0,2.0,3.0,4.0,5.0,6.0,7.0,8.0,9.0,10.0,11.0,12.0,13.0,14.0,15.0,16.0,17.0,18.0,19.0,20.0,21.0,22.0,23.0,24.0,25.0,26.0,27.0,28.0,29.0,30.0,31.0
2.165417432785034,1.0,2.0,3.0,4.0,5.0,6.0,7.0
2.1883907318115234,1.0,2.0,3.0,4.0,5.0,6.0,7.0,8.0
2.2133193016052246,1.0,2.0,3.0,4.0,5.0,6.0
2.2397654056549072,1.0,2.0,3.0,4.0,5.0,6.0,7.0,8.0
2.2790844440460205,1.0,2.0,3.0,4.0,5.0,6.0,7.0,8.0,9.0,10.0,11.0,12.0,13.0,14.0,15.0,16.0,17.0,18.0,19.0,20.0,21.0,22.0,23.0,24.0,25.0,26.0,27.0,28.0,29.0,30.0,31.0,32.0,33.0,34.0
2.3054606914520264,1.0,2.0,3.0,4.0,5.0,6.0,7.0,8.0,9.0
2.328789472579956,1.0,2.0,3.0,4.0,5.0,6.0,7.0,8.0,9.0,10.0,11.0
2.383694887161255,1.0,2.0,3.0,4.0,5.0,6.0,7.0,8.0,9.0,10.0,11.0,12.0,13.0,14.0,15.0,16.0,17.0,18.0,19.0,20.0,21.0,22.0,23.0,24.0,25.0,26.0,27.0,28.0,29.0,30.0,31.0,32.0,33.0,34.0,35.0,36.0,37.0,38.0,39.0,40.0,41.0,42.0,43.0,44.0,45.0,46.0,47.0,48.0,49.0,50.0,51.0,52.0,53.0,54.0
2.457333564758301,1.0,2.0,3.0,4.0,5.0,6.0,7.0,8.0,9.0,10.0,11.0,12.0,13.0,14.0,15.0,16.0,17.0,18.0,19.0,20.0,21.0,22.0,23.0,24.0,25.0,26.0,27.0,28.0,29.0,30.0,31.0,32.0,33.0,34.0,35.0,36.0,37.0,38.0,39.0,40.0,41.0,42.0,43.0,44.0,45.0,46.0,47.0,48.0,49.0,50.0,51.0,52.0,53.0,54.0,55.0,56.0,57.0,58.0,59.0,60.0,61.0,62.0,63.0,64.0,65.0,66.0,67.0,68.0,69.0,70.0,71.0,72.0,73.0,74.0,75.0,76.0,77.0,78.0,79.0,80.0,81.0,82.0,83.0,84.0,85.0,86.0,87.0,88.0,89.0
2.481874704360962,1.0,2.0,3.0,4.0,5.0,6.0,7.0
2.512578010559082,1.0,2.0,3.0,4.0,5.0,6.0,7.0,8.0,9.0,10.0,11.0,12.0,13.0,14.0,15.0,16.0,17.0,18.0,19.0,20.0,21.0
2.536078691482544,1.0,2.0,3.0,4.0,5.0,6.0,7.0,8.0
2.562520980834961,1.0,2.0,3.0,4.0,5.0,6.0,7.0
2.5875890254974365,1.0,2.0,3.0,4.0,5.0,6.0,7.0,8.0,9.0
2.617091178894043,1.0,2.0,3.0,4.0,5.0,6.0,7.0,8.0,9.0,10.0,11.0,12.0,13.0
2.6443123817443848,1.0,2.0,3.0,4.0,5.0,6.0,7.0,8.0
2.6717238426208496,1.0,2.0,3.0,4.0,5.0,6.0,7.0,8.0,9.0
2.7240793704986572,1.0,2.0,3.0,4.0,5.0,6.0,7.0,8.0,9.0,10.0,11.0,12.0,13.0,14.0,15.0,16.0,17.0,18.0,19.0,20.0,21.0,22.0,23.0,24.0,25.0,26.0,27.0,28.0,29.0,30.0,31.0,32.0,33.0,34.0,35.0,36.0,37.0,38.0,39.0,40.0,41.0,42.0
2.753774642944336,1.0,2.0,3.0,4.0,5.0,6.0,7.0,8.0,9.0,10.0
2.785560369491577,1.0,2.0,3.0,4.0,5.0,6.0,7.0,8.0,9.0,10.0,11.0,12.0,13.0
2.811767339706421,1.0,2.0,3.0,4.0,5.0,6.0,7.0
2.8390090465545654,1.0,2.0,3.0,4.0,5.0,6.0,7.0
2.873765230178833,1.0,2.0,3.0,4.0,5.0,6.0,7.0,8.0,9.0,10.0,11.0,12.0,13.0,14.0,15.0,16.0
2.9011282920837402,1.0,2.0,3.0,4.0,5.0,6.0,7.0,8.0
2.9277985095977783,1.0,2.0,3.0,4.0,5.0,6.0,7.0
2.9558656215667725,1.0,2.0,3.0,4.0,5.0,6.0,7.0,8.0,9.0
2.985412836074829,1.0,2.0,3.0,4.0,5.0,6.0,7.0,8.0,9.0
3.0235252380371094,1.0,2.0,3.0,4.0,5.0,6.0,7.0,8.0,9.0,10.0,11.0,12.0,13.0,14.0,15.0,16.0,17.0,18.0,19.0,20.0,21.0,22.0,23.0
3.055736780166626,1.0,2.0,3.0,4.0,5.0,6.0,7.0,8.0,9.0,10.0,11.0,12.0,13.0,14.0,15.0
3.0849974155426025,1.0,2.0,3.0,4.0,5.0,6.0,7.0,8.0,9.0,10.0,11.0
3.1124637126922607,1.0,2.0,3.0,4.0,5.0,6.0,7.0
3.13938045501709,1.0,2.0,3.0,4.0,5.0,6.0,7.0,8.0,9.0
3.16430401802063,1.0,2.0,3.0,4.0,5.0,6.0,7.0
3.1889142990112305,1.0,2.0,3.0,4.0,5.0,6.0,7.0,8.0
3.2155330181121826,1.0,2.0,3.0,4.0,5.0,6.0,7.0,8.0,9.0,10.0,11.0,12.0,13.0,14.0
3.2401859760284424,1.0,2.0,3.0,4.0,5.0,6.0,7.0,8.0
3.2752482891082764,1.0,2.0,3.0,4.0,5.0,6.0,7.0,8.0,9.0,10.0,11.0,12.0,13.0,14.0,15.0,16.0,17.0,18.0,19.0,20.0
3.3345541954040527,1.0,2.0,3.0,4.0,5.0,6.0,7.0,8.0,9.0,10.0,11.0,12.0,13.0,14.0,15.0,16.0,17.0,18.0,19.0,20.0,21.0,22.0,23.0,24.0,25.0,26.0,27.0,28.0,29.0,30.0,31.0,32.0,33.0,34.0,35.0,36.0,37.0,38.0,39.0,40.0,41.0,42.0,43.0,44.0,45.0,46.0,47.0,48.0,49.0,50.0,51.0,52.0,53.0,54.0,55.0,56.0,57.0
3.365203619003296,1.0,2.0,3.0,4.0,5.0,6.0,7.0,8.0,9.0,10.0,11.0,12.0,13.0,14.0,15.0,16.0,17.0,18.0
3.3874645233154297,1.0,2.0,3.0,4.0,5.0,6.0,7.0
3.418342113494873,1.0,2.0,3.0,4.0,5.0,6.0,7.0,8.0,9.0,10.0,11.0,12.0,13.0,14.0,15.0,16.0
3.44120454788208,1.0,2.0,3.0,4.0,5.0,6.0,7.0
3.4780044555664062,1.0,2.0,3.0,4.0,5.0,6.0,7.0,8.0,9.0,10.0,11.0,12.0,13.0,14.0,15.0,16.0,17.0,18.0,19.0,20.0,21.0,22.0,23.0,24.0,25.0
3.5038270950317383,1.0,2.0,3.0,4.0,5.0,6.0,7.0,8.0,9.0,10.0,11.0
3.526297092437744,1.0,2.0,3.0,4.0,5.0,6.0,7.0
3.549551486968994,1.0,2.0,3.0,4.0,5.0,6.0
3.5714643001556396,1.0,2.0,3.0,4.0,5.0,6.0,7.0
3.629436492919922,1.0,2.0,3.0,4.0,5.0,6.0,7.0,8.0,9.0,10.0,11.0,12.0,13.0,14.0,15.0,16.0,17.0,18.0,19.0,20.0,21.0,22.0,23.0,24.0,25.0,26.0,27.0,28.0,29.0,30.0,31.0,32.0,33.0,34.0,35.0,36.0,37.0,38.0,39.0,40.0,41.0,42.0,43.0,44.0,45.0,46.0,47.0,48.0,49.0,50.0,51.0,52.0,53.0,54.0,55.0,56.0,57.0,58.0,59.0
3.6530137062072754,1.0,2.0,3.0,4.0,5.0,6.0
3.6789190769195557,1.0,2.0,3.0,4.0,5.0,6.0,7.0,8.0,9.0,10.0
3.7076518535614014,1.0,2.0,3.0,4.0,5.0,6.0,7.0,8.0,9.0,10.0,11.0,12.0,13.0,14.0,15.0,16.0,17.0,18.0
3.732450246810913,1.0,2.0,3.0,4.0,5.0,6.0,7.0
3.758000373840332,1.0,2.0,3.0,4.0,5.0,6.0,7.0,8.0,9.0,10.0,11.0,12.0,13.0
3.7887415885925293,1.0,2.0,3.0,4.0,5.0,6.0,7.0,8.0,9.0,10.0,11.0,12.0,13.0,14.0,15.0,16.0,17.0,18.0
3.8137762546539307,1.0,2.0,3.0,4.0,5.0,6.0,7.0
3.839799404144287,1.0,2.0,3.0,4.0,5.0,6.0,7.0,8.0
3.8657267093658447,1.0,2.0,3.0,4.0,5.0,6.0,7.0,8.0,9.0,10.0,11.0,12.0,13.0,14.0
3.9008917808532715,1.0,2.0,3.0,4.0,5.0,6.0,7.0,8.0,9.0,10.0,11.0,12.0,13.0,14.0,15.0,16.0,17.0,18.0,19.0,20.0,21.0,22.0,23.0,24.0,25.0,26.0,27.0,28.0,29.0,30.0,31.0
3.9352176189422607,1.0,2.0,3.0,4.0,5.0,6.0,7.0,8.0,9.0,10.0,11.0,12.0,13.0,14.0,15.0,16.0,17.0,18.0,19.0,20.0,21.0,22.0,23.0,24.0
3.9585511684417725,1.0,2.0,3.0,4.0,5.0,6.0,7.0,8.0
3.9822471141815186,1.0,2.0,3.0,4.0,5.0,6.0
4.011185884475708,1.0,2.0,3.0,4.0,5.0,6.0,7.0
4.0430097579956055,1.0,2.0,3.0,4.0,5.0,6.0,7.0
4.085177898406982,1.0,2.0,3.0,4.0,5.0,6.0,7.0,8.0,9.0,10.0,11.0,12.0,13.0,14.0,15.0,16.0,17.0,18.0,19.0,20.0,21.0,22.0,23.0,24.0,25.0,26.0,27.0,28.0,29.0,30.0,31.0,32.0,33.0,34.0,35.0,36.0,37.0,38.0,39.0
4.108513355255127,1.0,2.0,3.0,4.0,5.0,6.0,7.0,8.0,9.0,10.0,11.0
4.132821559906006,1.0,2.0,3.0,4.0,5.0,6.0,7.0
4.156729459762573,1.0,2.0,3.0,4.0,5.0,6.0,7.0
4.180877208709717,1.0,2.0,3.0,4.0,5.0,6.0,7.0,8.0,9.0,10.0
4.2059431076049805,1.0,2.0,3.0,4.0,5.0,6.0,7.0
4.236093521118164,1.0,2.0,3.0,4.0,5.0,6.0,7.0,8.0,9.0,10.0,11.0,12.0,13.0
4.705654621124268,1.0,2.0,3.0,4.0,5.0,6.0,7.0
4.744720220565796,1.0,2.0,3.0,4.0,5.0,6.0,7.0,8.0,9.0,10.0,11.0,12.0,13.0,14.0,15.0,16.0,17.0,18.0,19.0,20.0,21.0,22.0,23.0
4.770202875137329,1.0,2.0,3.0,4.0,5.0,6.0,7.0,8.0
4.797295570373535,1.0,2.0,3.0,4.0,5.0,6.0,7.0,8.0,9.0
4.824052333831787,1.0,2.0,3.0,4.0,5.0,6.0,7.0
4.854588508605957,1.0,2.0,3.0,4.0,5.0,6.0,7.0,8.0,9.0,10.0,11.0
4.891155242919922,1.0,2.0,3.0,4.0,5.0,6.0,7.0,8.0,9.0,10.0,11.0,12.0,13.0,14.0,15.0,16.0,17.0,18.0,19.0,20.0
4.916604280471802,1.0,2.0,3.0,4.0,5.0,6.0,7.0,8.0
4.947811126708984,1.0,2.0,3.0,4.0,5.0,6.0,7.0,8.0,9.0,10.0,11.0,12.0,13.0,14.0,15.0,16.0
5.016122579574585,1.0,2.0,3.0,4.0,5.0,6.0,7.0,8.0,9.0,10.0,11.0,12.0,13.0,14.0,15.0,16.0,17.0,18.0,19.0,20.0,21.0,22.0,23.0,24.0,25.0,26.0,27.0,28.0,29.0,30.0,31.0,32.0,33.0,34.0
5.041982889175415,1.0,2.0,3.0,4.0,5.0,6.0,7.0,8.0
5.0662760734558105,1.0,2.0,3.0,4.0,5.0,6.0,7.0
5.100506782531738,1.0,2.0,3.0,4.0,5.0,6.0,7.0,8.0
5.138260126113892,1.0,2.0,3.0,4.0,5.0,6.0,7.0,8.0,9.0,10.0
5.166234254837036,1.0,2.0,3.0,4.0,5.0,6.0,7.0
5.192999362945557,1.0,2.0,3.0,4.0,5.0,6.0,7.0,8.0,9.0,10.0,11.0,12.0
5.255581855773926,1.0,2.0,3.0,4.0,5.0,6.0,7.0,8.0,9.0,10.0,11.0,12.0,13.0,14.0,15.0,16.0,17.0,18.0,19.0,20.0,21.0,22.0,23.0,24.0,25.0,26.0,27.0,28.0,29.0,30.0,31.0,32.0,33.0,34.0,35.0,36.0,37.0,38.0,39.0,40.0,41.0,42.0,43.0,44.0,45.0,46.0,47.0,48.0,49.0,50.0,51.0,52.0,53.0,54.0,55.0,56.0,57.0,58.0,59.0,60.0,61.0,62.0,63.0,64.0,65.0,66.0,67.0,68.0,69.0,70.0,71.0,72.0,73.0,74.0,75.0,76.0,77.0
5.277920246124268,1.0,2.0,3.0,4.0,5.0,6.0,7.0
5.301722526550293,1.0,2.0,3.0,4.0,5.0,6.0,7.0,8.0
5.332641124725342,1.0,2.0,3.0,4.0,5.0,6.0,7.0,8.0,9.0,10.0,11.0,12.0,13.0,14.0,15.0,16.0,17.0,18.0
5.365570306777954,1.0,2.0,3.0,4.0,5.0,6.0,7.0,8.0,9.0,10.0,11.0,12.0,13.0,14.0,15.0,16.0,17.0,18.0,19.0,20.0,21.0
5.389817237854004,1.0,2.0,3.0,4.0,5.0,6.0,7.0
5.413676738739014,1.0,2.0,3.0,4.0,5.0,6.0,7.0,8.0
5.439210891723633,1.0,2.0,3.0,4.0,5.0,6.0,7.0,8.0
5.466828107833862,1.0,2.0,3.0,4.0,5.0,6.0,7.0,8.0,9.0,10.0,11.0,12.0
5.49111270904541,1.0,2.0,3.0,4.0,5.0,6.0,7.0,8.0,9.0,10.0
5.514173746109009,1.0,2.0,3.0,4.0,5.0,6.0
5.547913074493408,1.0,2.0,3.0,4.0,5.0,6.0,7.0,8.0,9.0,10.0,11.0,12.0,13.0,14.0,15.0,16.0,17.0,18.0,19.0,20.0,21.0
5.569889783859253,1.0,2.0,3.0,4.0,5.0,6.0,7.0,8.0
5.592270374298096,1.0,2.0,3.0,4.0,5.0,6.0,7.0,8.0
5.612634658813477,1.0,2.0,3.0,4.0,5.0,6.0
5.7052600383758545,1.0,2.0,3.0,4.0,5.0,6.0,7.0,8.0,9.0,10.0,11.0,12.0,13.0,14.0,15.0,16.0,17.0,18.0,19.0,20.0,21.0,22.0,23.0,24.0,25.0,26.0,27.0,28.0,29.0,30.0,31.0,32.0,33.0,34.0,35.0,36.0,37.0,38.0,39.0,40.0,41.0,42.0,43.0,44.0,45.0,46.0,47.0,48.0,49.0,50.0,51.0,52.0,53.0,54.0,55.0,56.0,57.0,58.0,59.0,60.0,61.0,62.0,63.0,64.0,65.0,66.0,67.0,68.0,69.0,70.0,71.0,72.0,73.0,74.0,75.0,76.0,77.0,78.0,79.0,80.0,81.0,82.0,83.0,84.0,85.0,86.0,87.0,88.0,89.0,90.0,91.0,92.0,93.0,94.0,95.0,96.0,97.0,98.0,99.0,100.0,101.0,102.0,103.0,104.0,105.0,106.0,107.0,108.0,109.0,110.0,111.0,112.0,113.0,114.0,115.0,116.0,117.0,118.0,119.0
5.7354066371917725,1.0,2.0,3.0,4.0,5.0,6.0,7.0
5.758700609207153,1.0,2.0,3.0,4.0,5.0,6.0
5.800694227218628,1.0,2.0,3.0,4.0,5.0,6.0,7.0,8.0,9.0,10.0,11.0,12.0,13.0,14.0,15.0,16.0,17.0,18.0,19.0,20.0,21.0,22.0,23.0,24.0,25.0,26.0,27.0,28.0,29.0,30.0,31.0
5.8306896686553955,1.0,2.0,3.0,4.0,5.0,6.0,7.0,8.0,9.0,10.0,11.0,12.0,13.0,14.0,15.0,16.0,17.0,18.0,19.0
5.855647563934326,1.0,2.0,3.0,4.0,5.0,6.0,7.0,8.0,9.0,10.0
5.8922131061553955,1.0,2.0,3.0,4.0,5.0,6.0,7.0,8.0,9.0,10.0,11.0,12.0,13.0,14.0,15.0,16.0,17.0,18.0,19.0,20.0,21.0,22.0,23.0,24.0,25.0,26.0,27.0,28.0,29.0,30.0
5.940282821655273,1.0,2.0,3.0,4.0,5.0,6.0,7.0,8.0,9.0,10.0,11.0,12.0,13.0,14.0,15.0,16.0,17.0,18.0,19.0,20.0,21.0,22.0,23.0,24.0,25.0,26.0,27.0,28.0,29.0,30.0,31.0,32.0,33.0,34.0,35.0,36.0,37.0,38.0,39.0,40.0,41.0,42.0,43.0,44.0,45.0,46.0
5.9686360359191895,1.0,2.0,3.0,4.0,5.0,6.0,7.0,8.0,9.0,10.0,11.0,12.0
5.997269153594971,1.0,2.0,3.0,4.0,5.0,6.0,7.0,8.0,9.0,10.0,11.0,12.0,13.0,14.0
6.025525093078613,1.0,2.0,3.0,4.0,5.0,6.0,7.0,8.0,9.0,10.0,11.0,12.0
6.050272464752197,1.0,2.0,3.0,4.0,5.0,6.0
6.075526237487793,1.0,2.0,3.0,4.0,5.0,6.0
6.099587678909302,1.0,2.0,3.0,4.0,5.0,6.0,7.0,8.0
6.125084400177002,1.0,2.0,3.0,4.0,5.0,6.0,7.0
6.147731065750122,1.0,2.0,3.0,4.0,5.0,6.0,7.0,8.0
6.172923564910889,1.0,2.0,3.0,4.0,5.0,6.0,7.0,8.0
6.196034908294678,1.0,2.0,3.0,4.0,5.0,6.0,7.0
6.222475528717041,1.0,2.0,3.0,4.0,5.0,6.0,7.0,8.0
6.248162269592285,1.0,2.0,3.0,4.0,5.0,6.0,7.0,8.0,9.0,10.0
6.274108648300171,1.0,2.0,3.0,4.0,5.0,6.0,7.0,8.0,9.0
6.317678213119507,1.0,2.0,3.0,4.0,5.0,6.0,7.0,8.0,9.0,10.0,11.0,12.0,13.0,14.0,15.0,16.0,17.0,18.0,19.0,20.0,21.0,22.0,23.0,24.0,25.0,26.0,27.0,28.0,29.0,30.0,31.0,32.0,33.0,34.0,35.0,36.0,37.0,38.0,39.0,40.0,41.0
6.342045307159424,1.0,2.0,3.0,4.0,5.0,6.0,7.0,8.0,9.0
6.364716291427612,1.0,2.0,3.0,4.0,5.0,6.0,7.0,8.0
6.386171340942383,1.0,2.0,3.0,4.0,5.0,6.0,7.0
6.409109592437744,1.0,2.0,3.0,4.0,5.0,6.0
6.434229612350464,1.0,2.0,3.0,4.0,5.0,6.0,7.0
6.46296501159668,1.0,2.0,3.0,4.0,5.0,6.0,7.0,8.0,9.0,10.0,11.0,12.0,13.0,14.0
6.486459732055664,1.0,2.0,3.0,4.0,5.0,6.0,7.0,8.0
6.511647939682007,1.0,2.0,3.0,4.0,5.0,6.0
6.536242723464966,1.0,2.0,3.0,4.0,5.0,6.0
6.560366153717041,1.0,2.0,3.0,4.0,5.0,6.0,7.0,8.0
6.586465120315552,1.0,2.0,3.0,4.0,5.0,6.0,7.0,8.0,9.0
6.614899158477783,1.0,2.0,3.0,4.0,5.0,6.0,7.0,8.0,9.0,10.0
6.643731594085693,1.0,2.0,3.0,4.0,5.0,6.0,7.0
6.671932935714722,1.0,2.0,3.0,4.0,5.0,6.0,7.0
6.700667858123779,1.0,2.0,3.0,4.0,5.0,6.0,7.0,8.0
6.75084114074707,1.0,2.0,3.0,4.0,5.0,6.0,7.0,8.0,9.0,10.0,11.0,12.0,13.0,14.0,15.0,16.0,17.0,18.0,19.0,20.0,21.0,22.0,23.0,24.0,25.0,26.0,27.0,28.0,29.0,30.0,31.0,32.0,33.0,34.0,35.0,36.0,37.0,38.0
6.915083408355713,1.0,2.0,3.0,4.0,5.0,6.0,7.0,8.0,9.0,10.0,11.0,12.0,13.0,14.0,15.0,16.0,17.0,18.0,19.0,20.0,21.0,22.0,23.0,24.0,25.0,26.0,27.0,28.0,29.0,30.0,31.0,32.0,33.0,34.0,35.0,36.0,37.0,38.0,39.0,40.0,41.0,42.0,43.0,44.0,45.0,46.0,47.0,48.0,49.0,50.0,51.0,52.0,53.0,54.0,55.0,56.0,57.0,58.0,59.0,60.0,61.0,62.0,63.0,64.0,65.0,66.0,67.0,68.0,69.0,70.0,71.0,72.0,73.0,74.0,75.0,76.0,77.0,78.0,79.0,80.0,81.0,82.0,83.0,84.0,85.0,86.0,87.0,88.0,89.0,90.0,91.0,92.0,93.0,94.0,95.0,96.0,97.0,98.0,99.0,100.0,101.0,102.0,103.0,104.0,105.0,106.0,107.0,108.0,109.0,110.0,111.0,112.0,113.0,114.0,115.0,116.0,117.0,118.0,119.0,120.0,121.0,122.0,123.0,124.0,125.0,126.0,127.0,128.0,129.0,130.0,131.0,132.0,133.0,134.0,135.0,136.0,137.0,138.0,139.0,140.0,141.0,142.0,143.0,144.0,145.0,146.0,147.0,148.0,149.0,150.0,151.0,152.0,153.0,154.0,155.0,156.0,157.0,158.0,159.0,160.0,161.0,162.0,163.0,164.0,165.0,166.0,167.0,168.0,169.0,170.0,171.0,172.0,173.0,174.0,175.0,176.0,177.0,178.0,179.0,180.0,181.0,182.0,183.0,184.0,185.0,186.0,187.0,188.0,189.0,190.0,191.0,192.0,193.0,194.0,195.0,196.0,197.0,198.0,199.0,200.0,201.0,202.0,203.0,204.0,205.0,206.0,207.0,208.0,209.0,210.0,211.0,212.0,213.0,214.0,215.0,216.0,217.0,218.0,219.0,220.0,221.0,222.0,223.0,224.0,225.0,226.0,227.0,228.0,229.0,230.0,231.0,232.0,233.0,234.0,235.0,236.0,237.0
6.956310033798218,1.0,2.0,3.0,4.0,5.0,6.0,7.0,8.0,9.0,10.0,11.0,12.0,13.0,14.0,15.0,16.0,17.0,18.0,19.0,20.0,21.0,22.0,23.0,24.0,25.0,26.0,27.0,28.0,29.0,30.0,31.0,32.0
6.99203896522522,1.0,2.0,3.0,4.0,5.0,6.0,7.0,8.0,9.0,10.0,11.0,12.0,13.0,14.0,15.0,16.0,17.0,18.0,19.0,20.0,21.0
7.017587423324585,1.0,2.0,3.0,4.0,5.0,6.0
7.0477728843688965,1.0,2.0,3.0,4.0,5.0,6.0,7.0,8.0,9.0,10.0,11.0
7.074509382247925,1.0,2.0,3.0,4.0,5.0,6.0,7.0
7.134596109390259,1.0,2.0,3.0,4.0,5.0,6.0,7.0,8.0,9.0,10.0,11.0,12.0,13.0,14.0,15.0,16.0,17.0,18.0,19.0,20.0,21.0,22.0,23.0,24.0,25.0,26.0,27.0,28.0,29.0,30.0,31.0,32.0,33.0,34.0,35.0,36.0,37.0,38.0,39.0,40.0,41.0,42.0,43.0,44.0,45.0,46.0,47.0,48.0,49.0,50.0,51.0,52.0,53.0,54.0,55.0,56.0
7.163207530975342,1.0,2.0,3.0,4.0,5.0,6.0,7.0,8.0
7.191479206085205,1.0,2.0,3.0,4.0,5.0,6.0,7.0,8.0,9.0,10.0
7.217056035995483,1.0,2.0,3.0,4.0,5.0,6.0,7.0
7.244996547698975,1.0,2.0,3.0,4.0,5.0,6.0,7.0,8.0
7.2748565673828125,1.0,2.0,3.0,4.0,5.0,6.0,7.0,8.0,9.0,10.0,11.0
7.301451921463013,1.0,2.0,3.0,4.0,5.0,6.0,7.0,8.0
7.329124689102173,1.0,2.0,3.0,4.0,5.0,6.0,7.0,8.0,9.0
7.3594725131988525,1.0,2.0,3.0,4.0,5.0,6.0,7.0,8.0,9.0,10.0,11.0,12.0,13.0
7.387786626815796,1.0,2.0,3.0,4.0,5.0,6.0,7.0
7.441507577896118,1.0,2.0,3.0,4.0,5.0,6.0,7.0,8.0,9.0,10.0,11.0,12.0,13.0,14.0,15.0,16.0,17.0,18.0,19.0,20.0,21.0,22.0,23.0,24.0,25.0,26.0,27.0,28.0,29.0,30.0,31.0,32.0,33.0,34.0,35.0,36.0,37.0,38.0,39.0,40.0,41.0,42.0,43.0,44.0
7.470047473907471,1.0,2.0,3.0,4.0,5.0,6.0,7.0
7.498976469039917,1.0,2.0,3.0,4.0,5.0,6.0,7.0,8.0,9.0
7.527160406112671,1.0,2.0,3.0,4.0,5.0,6.0,7.0,8.0
7.567667484283447,1.0,2.0,3.0,4.0,5.0,6.0,7.0,8.0,9.0,10.0,11.0,12.0,13.0,14.0,15.0,16.0,17.0,18.0,19.0,20.0,21.0,22.0,23.0,24.0,25.0,26.0,27.0,28.0
7.5939576625823975,1.0,2.0,3.0,4.0,5.0,6.0,7.0,8.0
7.616469860076904,1.0,2.0,3.0,4.0,5.0,6.0
7.640193700790405,1.0,2.0,3.0,4.0,5.0,6.0,7.0,8.0
7.667433738708496,1.0,2.0,3.0,4.0,5.0,6.0,7.0,8.0
7.699761867523193,1.0,2.0,3.0,4.0,5.0,6.0,7.0,8.0,9.0,10.0,11.0,12.0,13.0,14.0,15.0,16.0,17.0,18.0
7.74897837638855,1.0,2.0,3.0,4.0,5.0,6.0,7.0,8.0,9.0,10.0,11.0,12.0
7.807624340057373,1.0,2.0,3.0,4.0,5.0,6.0,7.0,8.0,9.0,10.0,11.0,12.0,13.0,14.0,15.0,16.0,17.0,18.0,19.0,20.0,21.0,22.0,23.0,24.0,25.0,26.0,27.0,28.0,29.0,30.0,31.0,32.0,33.0,34.0,35.0,36.0,37.0,38.0,39.0,40.0,41.0,42.0,43.0,44.0,45.0,46.0,47.0,48.0,49.0,50.0,51.0,52.0,53.0,54.0,55.0,56.0,57.0
7.837022542953491,1.0,2.0,3.0,4.0,5.0,6.0,7.0,8.0,9.0,10.0,11.0,12.0,13.0
7.8674657344818115,1.0,2.0,3.0,4.0,5.0,6.0,7.0,8.0,9.0,10.0,11.0,12.0,13.0,14.0,15.0,16.0,17.0
7.889495611190796,1.0,2.0,3.0,4.0,5.0,6.0,7.0,8.0
8.392500400543213,1.0,2.0,3.0,4.0,5.0,6.0,7.0,8.0,9.0,10.0,11.0,12.0,13.0,14.0,15.0,16.0,17.0,18.0,19.0,20.0,21.0,22.0,23.0,24.0,25.0,26.0,27.0,28.0,29.0,30.0,31.0,32.0,33.0,34.0,35.0,36.0,37.0,38.0,39.0,40.0,41.0,42.0,43.0,44.0,45.0,46.0,47.0,48.0,49.0,50.0,51.0,52.0,53.0,54.0,55.0,56.0,57.0,58.0,59.0,60.0,61.0,62.0,63.0,64.0,65.0,66.0,67.0,68.0,69.0,70.0,71.0,72.0,73.0,74.0,75.0,76.0,77.0,78.0,79.0,80.0,81.0,82.0,83.0,84.0,85.0,86.0,87.0,88.0,89.0,90.0,91.0,92.0,93.0,94.0,95.0,96.0,97.0,98.0,99.0,100.0,101.0,102.0,103.0,104.0,105.0,106.0,107.0,108.0,109.0,110.0,111.0,112.0,113.0,114.0
8.419538974761963,1.0,2.0,3.0,4.0,5.0,6.0,7.0
8.45129919052124,1.0,2.0,3.0,4.0,5.0,6.0,7.0,8.0,9.0,10.0,11.0,12.0,13.0,14.0,15.0,16.0
8.476656198501587,1.0,2.0,3.0,4.0,5.0,6.0,7.0
8.501314401626587,1.0,2.0,3.0,4.0,5.0,6.0,7.0,8.0,9.0
8.523995637893677,1.0,2.0,3.0,4.0,5.0,6.0,7.0
8.547699213027954,1.0,2.0,3.0,4.0,5.0,6.0,7.0
8.581041812896729,1.0,2.0,3.0,4.0,5.0,6.0,7.0,8.0,9.0,10.0,11.0,12.0,13.0,14.0,15.0,16.0,17.0,18.0,19.0,20.0,21.0
8.608882904052734,1.0,2.0,3.0,4.0,5.0,6.0,7.0,8.0,9.0,10.0,11.0,12.0,13.0,14.0,15.0
8.633934020996094,1.0,2.0,3.0,4.0,5.0,6.0,7.0
8.668128252029419,1.0,2.0,3.0,4.0,5.0,6.0,7.0,8.0,9.0,10.0,11.0,12.0,13.0,14.0,15.0,16.0,17.0,18.0,19.0,20.0,21.0,22.0,23.0,24.0,25.0,26.0,27.0,28.0,29.0,30.0,31.0,32.0,33.0,34.0,35.0,36.0,37.0,38.0,39.0,40.0
8.698459386825562,1.0,2.0,3.0,4.0,5.0,6.0,7.0,8.0
8.728376626968384,1.0,2.0,3.0,4.0,5.0,6.0,7.0,8.0,9.0,10.0
8.797932863235474,1.0,2.0,3.0,4.0,5.0,6.0,7.0
8.827317237854004,1.0,2.0,3.0,4.0,5.0,6.0,7.0
8.854723691940308,1.0,2.0,3.0,4.0,5.0,6.0,7.0
8.883189916610718,1.0,2.0,3.0,4.0,5.0,6.0,7.0,8.0
8.908312559127808,1.0,2.0,3.0,4.0,5.0,6.0,7.0,8.0,9.0
8.931204557418823,1.0,2.0,3.0,4.0,5.0,6.0,7.0,8.0
8.96024775505066,1.0,2.0,3.0,4.0,5.0,6.0,7.0,8.0,9.0,10.0,11.0,12.0,13.0
8.994879961013794,1.0,2.0,3.0,4.0,5.0,6.0,7.0,8.0,9.0,10.0,11.0,12.0,13.0,14.0,15.0,16.0,17.0,18.0,19.0,20.0,21.0,22.0,23.0,24.0,25.0,26.0,27.0,28.0,29.0
9.026405096054077,1.0,2.0,3.0,4.0,5.0,6.0,7.0,8.0,9.0,10.0,11.0,12.0,13.0,14.0,15.0,16.0,17.0,18.0,19.0,20.0,21.0
9.050456047058105,1.0,2.0,3.0,4.0,5.0,6.0,7.0,8.0,9.0
9.075155019760132,1.0,2.0,3.0,4.0,5.0,6.0,7.0
9.100570917129517,1.0,2.0,3.0,4.0,5.0,6.0,7.0,8.0
9.123116493225098,1.0,2.0,3.0,4.0,5.0,6.0,7.0
9.149089336395264,1.0,2.0,3.0,4.0,5.0,6.0,7.0,8.0,9.0,10.0
9.183992862701416,1.0,2.0,3.0,4.0,5.0,6.0,7.0,8.0,9.0,10.0,11.0,12.0,13.0,14.0,15.0,16.0,17.0,18.0,19.0,20.0,21.0,22.0,23.0,24.0,25.0
9.21079969406128,1.0,2.0,3.0,4.0,5.0,6.0,7.0,8.0
9.254199266433716,1.0,2.0,3.0,4.0,5.0,6.0,7.0,8.0,9.0,10.0,11.0,12.0,13.0,14.0,15.0,16.0,17.0,18.0,19.0,20.0,21.0,22.0,23.0,24.0,25.0,26.0,27.0,28.0,29.0,30.0,31.0,32.0,33.0,34.0,35.0,36.0,37.0,38.0,39.0,40.0,41.0,42.0,43.0,44.0
9.277979373931885,1.0,2.0,3.0,4.0,5.0,6.0,7.0
9.303555965423584,1.0,2.0,3.0,4.0,5.0,6.0,7.0
9.334055185317993,1.0,2.0,3.0,4.0,5.0,6.0,7.0,8.0,9.0
9.359421014785767,1.0,2.0,3.0,4.0,5.0,6.0,7.0
9.38564419746399,1.0,2.0,3.0,4.0,5.0,6.0,7.0
9.412834167480469,1.0,2.0,3.0,4.0,5.0,6.0,7.0,8.0
9.440356254577637,1.0,2.0,3.0,4.0,5.0,6.0,7.0
9.469716548919678,1.0,2.0,3.0,4.0,5.0,6.0,7.0,8.0,9.0
9.499833583831787,1.0,2.0,3.0,4.0,5.0,6.0,7.0,8.0,9.0,10.0,11.0,12.0,13.0
9.528354406356812,1.0,2.0,3.0,4.0,5.0,6.0,7.0,8.0,9.0,10.0
9.590616226196289,1.0,2.0,3.0,4.0,5.0,6.0,7.0,8.0,9.0,10.0,11.0,12.0,13.0,14.0,15.0,16.0,17.0,18.0,19.0,20.0,21.0,22.0,23.0,24.0,25.0,26.0,27.0,28.0,29.0,30.0,31.0,32.0,33.0,34.0,35.0,36.0,37.0,38.0,39.0,40.0,41.0,42.0,43.0,44.0,45.0,46.0,47.0,48.0,49.0,50.0,51.0,52.0,53.0,54.0,55.0,56.0,57.0,58.0,59.0,60.0,61.0,62.0
9.649949550628662,1.0,2.0,3.0,4.0,5.0,6.0,7.0,8.0,9.0,10.0,11.0,12.0,13.0,14.0,15.0,16.0,17.0,18.0,19.0,20.0,21.0,22.0,23.0,24.0,25.0,26.0,27.0,28.0,29.0,30.0,31.0,32.0,33.0,34.0,35.0,36.0,37.0,38.0,39.0,40.0,41.0,42.0,43.0,44.0,45.0,46.0,47.0,48.0,49.0,50.0,51.0,52.0,53.0
9.678696870803833,1.0,2.0,3.0,4.0,5.0,6.0,7.0,8.0
9.706193923950195,1.0,2.0,3.0,4.0,5.0,6.0,7.0,8.0
9.73445725440979,1.0,2.0,3.0,4.0,5.0,6.0,7.0,8.0,9.0,10.0,11.0
9.780904531478882,1.0,2.0,3.0,4.0,5.0,6.0,7.0,8.0,9.0,10.0,11.0,12.0,13.0,14.0,15.0,16.0,17.0,18.0,19.0,20.0,21.0,22.0,23.0,24.0,25.0,26.0,27.0,28.0,29.0,30.0
9.81714153289795,1.0,2.0,3.0,4.0,5.0,6.0,7.0,8.0,9.0,10.0,11.0,12.0,13.0,14.0,15.0,16.0,17.0,18.0,19.0
9.84458589553833,1.0,2.0,3.0,4.0,5.0,6.0,7.0,8.0
9.873317956924438,1.0,2.0,3.0,4.0,5.0,6.0,7.0,8.0
9.900299549102783,1.0,2.0,3.0,4.0,5.0,6.0,7.0,8.0
9.925153493881226,1.0,2.0,3.0,4.0,5.0,6.0,7.0
9.951201915740967,1.0,2.0,3.0,4.0,5.0,6.0
9.97940468788147,1.0,2.0,3.0,4.0,5.0,6.0,7.0,8.0
10.008442640304565,1.0,2.0,3.0,4.0,5.0,6.0,7.0,8.0
10.036078929901123,1.0,2.0,3.0,4.0,5.0,6.0,7.0
10.064557075500488,1.0,2.0,3.0,4.0,5.0,6.0,7.0
10.108298540115356,1.0,2.0,3.0,4.0,5.0,6.0,7.0,8.0,9.0,10.0,11.0,12.0,13.0,14.0,15.0,16.0,17.0,18.0,19.0,20.0,21.0,22.0,23.0,24.0,25.0,26.0,27.0
10.135037422180176,1.0,2.0,3.0,4.0,5.0,6.0,7.0
10.160502910614014,1.0,2.0,3.0,4.0,5.0,6.0,7.0,8.0
10.18843936920166,1.0,2.0,3.0,4.0,5.0,6.0,7.0
10.21431827545166,1.0,2.0,3.0,4.0,5.0,6.0,7.0
10.240480422973633,1.0,2.0,3.0,4.0,5.0,6.0,7.0,8.0
10.270727396011353,1.0,2.0,3.0,4.0,5.0,6.0,7.0,8.0,9.0
10.297265768051147,1.0,2.0,3.0,4.0,5.0,6.0,7.0,8.0,9.0
10.325333833694458,1.0,2.0,3.0,4.0,5.0,6.0,7.0
10.360663175582886,1.0,2.0,3.0,4.0,5.0,6.0,7.0,8.0,9.0,10.0,11.0,12.0,13.0,14.0,15.0,16.0,17.0,18.0
10.394644021987915,1.0,2.0,3.0,4.0,5.0,6.0,7.0,8.0,9.0,10.0,11.0,12.0,13.0,14.0,15.0,16.0,17.0,18.0,19.0,20.0
10.421404123306274,1.0,2.0,3.0,4.0,5.0,6.0,7.0,8.0
10.461039781570435,1.0,2.0,3.0,4.0,5.0,6.0,7.0,8.0,9.0,10.0,11.0,12.0,13.0,14.0,15.0,16.0,17.0,18.0,19.0,20.0,21.0,22.0,23.0,24.0,25.0
10.491080284118652,1.0,2.0,3.0,4.0,5.0,6.0,7.0,8.0,9.0,10.0,11.0
10.529294490814209,1.0,2.0,3.0,4.0,5.0,6.0,7.0,8.0,9.0,10.0,11.0,12.0,13.0,14.0,15.0,16.0,17.0,18.0,19.0,20.0,21.0,22.0
10.555708169937134,1.0,2.0,3.0,4.0,5.0,6.0
10.584734916687012,1.0,2.0,3.0,4.0,5.0,6.0,7.0,8.0,9.0,10.0
10.613259315490723,1.0,2.0,3.0,4.0,5.0,6.0,7.0,8.0,9.0
10.64797568321228,1.0,2.0,3.0,4.0,5.0,6.0,7.0,8.0,9.0,10.0,11.0,12.0,13.0,14.0,15.0,16.0,17.0
10.67491340637207,1.0,2.0,3.0,4.0,5.0,6.0,7.0,8.0
10.702151775360107,1.0,2.0,3.0,4.0,5.0,6.0,7.0,8.0
10.730936288833618,1.0,2.0,3.0,4.0,5.0,6.0,7.0,8.0
10.773220300674438,1.0,2.0,3.0,4.0,5.0,6.0,7.0,8.0,9.0,10.0,11.0,12.0,13.0,14.0,15.0,16.0,17.0,18.0,19.0,20.0,21.0,22.0,23.0,24.0,25.0,26.0,27.0,28.0,29.0,30.0,31.0
10.799350261688232,1.0,2.0,3.0,4.0,5.0,6.0,7.0,8.0
10.836832284927368,1.0,2.0,3.0,4.0,5.0,6.0,7.0,8.0,9.0,10.0,11.0,12.0,13.0,14.0,15.0,16.0,17.0,18.0,19.0,20.0,21.0
10.864582300186157,1.0,2.0,3.0,4.0,5.0,6.0,7.0,8.0,9.0
10.89406132698059,1.0,2.0,3.0,4.0,5.0,6.0,7.0,8.0,9.0,10.0,11.0,12.0,13.0,14.0,15.0,16.0,17.0
10.91882038116455,1.0,2.0,3.0,4.0,5.0,6.0,7.0
10.948578357696533,1.0,2.0,3.0,4.0,5.0,6.0,7.0
10.975781440734863,1.0,2.0,3.0,4.0,5.0,6.0,7.0
11.00320816040039,1.0,2.0,3.0,4.0,5.0,6.0,7.0,8.0
11.03059458732605,1.0,2.0,3.0,4.0,5.0,6.0,7.0,8.0
11.067857503890991,1.0,2.0,3.0,4.0,5.0,6.0,7.0,8.0,9.0,10.0,11.0,12.0,13.0,14.0,15.0,16.0,17.0,18.0,19.0,20.0,21.0,22.0
11.09308671951294,1.0,2.0,3.0,4.0,5.0,6.0,7.0
11.121050357818604,1.0,2.0,3.0,4.0,5.0,6.0,7.0,8.0
11.147077798843384,1.0,2.0,3.0,4.0,5.0,6.0,7.0
11.188095092773438,1.0,2.0,3.0,4.0,5.0,6.0,7.0,8.0,9.0,10.0,11.0,12.0,13.0,14.0,15.0,16.0,17.0,18.0,19.0,20.0,21.0,22.0
11.215856790542603,1.0,2.0,3.0,4.0,5.0,6.0,7.0
11.253051519393921,1.0,2.0,3.0,4.0,5.0,6.0,7.0,8.0,9.0,10.0,11.0,12.0,13.0,14.0,15.0,16.0,17.0,18.0
11.281061172485352,1.0,2.0,3.0,4.0,5.0,6.0,7.0
11.309327840805054,1.0,2.0,3.0,4.0,5.0,6.0,7.0,8.0
11.341548919677734,1.0,2.0,3.0,4.0,5.0,6.0,7.0,8.0,9.0,10.0,11.0,12.0,13.0,14.0,15.0,16.0
11.386162281036377,1.0,2.0,3.0,4.0,5.0,6.0,7.0,8.0,9.0,10.0,11.0,12.0,13.0,14.0,15.0,16.0,17.0,18.0,19.0,20.0,21.0,22.0,23.0,24.0,25.0,26.0,27.0,28.0,29.0,30.0,31.0,32.0
11.416327476501465,1.0,2.0,3.0,4.0,5.0,6.0,7.0,8.0,9.0,10.0,11.0
12.497960567474365,1.0,2.0,3.0,4.0,5.0,6.0,7.0,8.0,9.0,10.0,11.0,12.0
12.559004545211792,1.0,2.0,3.0,4.0,5.0,6.0,7.0,8.0,9.0,10.0,11.0,12.0,13.0,14.0,15.0,16.0,17.0,18.0,19.0,20.0,21.0,22.0
12.59765362739563,1.0,2.0,3.0,4.0,5.0,6.0,7.0
12.632981300354004,1.0,2.0,3.0,4.0,5.0,6.0,7.0
12.67257308959961,1.0,2.0,3.0,4.0,5.0,6.0,7.0,8.0,9.0,10.0,11.0,12.0,13.0,14.0,15.0,16.0,17.0,18.0,19.0
12.75887155532837,1.0,2.0,3.0,4.0,5.0,6.0,7.0,8.0,9.0,10.0,11.0,12.0,13.0,14.0,15.0
12.804443597793579,1.0,2.0,3.0,4.0,5.0,6.0,7.0,8.0
12.8859121799469,1.0,2.0,3.0,4.0,5.0,6.0,7.0,8.0,9.0,10.0,11.0,12.0,13.0
12.972012996673584,1.0,2.0,3.0,4.0,5.0,6.0,7.0,8.0,9.0,10.0,11.0,12.0,13.0,14.0,15.0,16.0,17.0,18.0,19.0
13.022166013717651,1.0,2.0,3.0,4.0,5.0,6.0,7.0,8.0
13.069402933120728,1.0,2.0,3.0,4.0,5.0,6.0,7.0,8.0
13.1463143825531,1.0,2.0,3.0,4.0,5.0,6.0,7.0,8.0,9.0,10.0,11.0,12.0,13.0,14.0,15.0,16.0,17.0,18.0,19.0,20.0,21.0,22.0,23.0,24.0,25.0,26.0,27.0,28.0,29.0,30.0,31.0,32.0,33.0,34.0
13.188056945800781,1.0,2.0,3.0,4.0,5.0,6.0,7.0,8.0
13.227874279022217,1.0,2.0,3.0,4.0,5.0,6.0,7.0,8.0,9.0
13.2659432888031,1.0,2.0,3.0,4.0,5.0,6.0,7.0
13.304894208908081,1.0,2.0,3.0,4.0,5.0,6.0,7.0
13.359091520309448,1.0,2.0,3.0,4.0,5.0,6.0,7.0,8.0,9.0,10.0,11.0,12.0,13.0,14.0,15.0,16.0
13.409922361373901,1.0,2.0,3.0,4.0,5.0,6.0,7.0,8.0,9.0,10.0,11.0,12.0,13.0,14.0,15.0,16.0,17.0,18.0,19.0,20.0,21.0,22.0,23.0
13.439149618148804,1.0,2.0,3.0,4.0,5.0,6.0,7.0,8.0
13.735267162322998,1.0,2.0,3.0,4.0,5.0,6.0,7.0,8.0,9.0,10.0,11.0,12.0,13.0,14.0,15.0,16.0,17.0,18.0,19.0,20.0,21.0,22.0,23.0,24.0,25.0,26.0,27.0,28.0,29.0,30.0,31.0,32.0,33.0,34.0,35.0,36.0,37.0,38.0,39.0,40.0,41.0,42.0,43.0,44.0,45.0,46.0,47.0,48.0,49.0,50.0,51.0,52.0,53.0,54.0,55.0,56.0,57.0,58.0,59.0,60.0,61.0,62.0,63.0,64.0,65.0,66.0,67.0,68.0,69.0,70.0,71.0,72.0,73.0,74.0,75.0,76.0,77.0,78.0,79.0,80.0,81.0,82.0,83.0,84.0,85.0,86.0,87.0,88.0,89.0,90.0,91.0,92.0,93.0,94.0,95.0,96.0,97.0,98.0,99.0,100.0,101.0,102.0,103.0,104.0,105.0,106.0,107.0,108.0,109.0,110.0,111.0,112.0,113.0,114.0,115.0,116.0,117.0,118.0,119.0,120.0,121.0,122.0,123.0,124.0,125.0,126.0,127.0,128.0,129.0,130.0,131.0,132.0,133.0,134.0,135.0,136.0,137.0,138.0,139.0,140.0,141.0,142.0,143.0,144.0,145.0,146.0,147.0,148.0,149.0,150.0,151.0,152.0,153.0,154.0,155.0,156.0,157.0,158.0,159.0,160.0,161.0,162.0,163.0,164.0,165.0,166.0,167.0,168.0,169.0,170.0,171.0,172.0,173.0,174.0,175.0,176.0,177.0,178.0,179.0,180.0,181.0,182.0,183.0,184.0,185.0,186.0,187.0,188.0,189.0,190.0,191.0,192.0,193.0,194.0,195.0,196.0,197.0,198.0,199.0,200.0,201.0,202.0,203.0,204.0,205.0,206.0,207.0,208.0,209.0,210.0,211.0,212.0,213.0,214.0,215.0,216.0,217.0,218.0,219.0,220.0,221.0,222.0,223.0,224.0,225.0,226.0,227.0,228.0,229.0,230.0,231.0,232.0,233.0,234.0,235.0,236.0,237.0,238.0,239.0,240.0,241.0,242.0,243.0,244.0,245.0,246.0,247.0,248.0,249.0,250.0,251.0,252.0,253.0,254.0,255.0,256.0,257.0,258.0,259.0,260.0,261.0,262.0,263.0,264.0,265.0,266.0,267.0,268.0,269.0,270.0,271.0,272.0,273.0,274.0,275.0,276.0,277.0,278.0,279.0,280.0,281.0,282.0,283.0,284.0,285.0,286.0,287.0,288.0,289.0,290.0,291.0,292.0,293.0,294.0,295.0,296.0,297.0,298.0,299.0,300.0,301.0,302.0,303.0,304.0,305.0,306.0,307.0,308.0,309.0,310.0,311.0,312.0,313.0,314.0,315.0,316.0,317.0,318.0,319.0,320.0,321.0,322.0,323.0,324.0,325.0,326.0,327.0,328.0,329.0,330.0,331.0,332.0,333.0,334.0,335.0,336.0,337.0,338.0,339.0,340.0,341.0,342.0,343.0,344.0,345.0,346.0,347.0,348.0,349.0,350.0,351.0,352.0,353.0,354.0,355.0
13.767945051193237,1.0,2.0,3.0,4.0,5.0,6.0
13.794734239578247,1.0,2.0,3.0,4.0,5.0,6.0,7.0
13.821830034255981,1.0,2.0,3.0,4.0,5.0,6.0,7.0,8.0,9.0
13.84992241859436,1.0,2.0,3.0,4.0,5.0,6.0,7.0,8.0,9.0,10.0
13.885638236999512,1.0,2.0,3.0,4.0,5.0,6.0,7.0,8.0,9.0,10.0,11.0,12.0,13.0,14.0,15.0,16.0,17.0,18.0
13.915944814682007,1.0,2.0,3.0,4.0,5.0,6.0,7.0,8.0
13.943449258804321,1.0,2.0,3.0,4.0,5.0,6.0,7.0
13.969769716262817,1.0,2.0,3.0,4.0,5.0,6.0,7.0,8.0
14.000824928283691,1.0,2.0,3.0,4.0,5.0,6.0,7.0,8.0,9.0,10.0,11.0
14.029470682144165,1.0,2.0,3.0,4.0,5.0,6.0,7.0
14.057879447937012,1.0,2.0,3.0,4.0,5.0,6.0,7.0
14.088826894760132,1.0,2.0,3.0,4.0,5.0,6.0,7.0,8.0,9.0,10.0
14.143540859222412,1.0,2.0,3.0,4.0,5.0,6.0,7.0,8.0,9.0,10.0,11.0,12.0,13.0,14.0,15.0,16.0,17.0,18.0,19.0,20.0,21.0,22.0,23.0,24.0,25.0,26.0,27.0,28.0,29.0,30.0,31.0,32.0,33.0,34.0,35.0,36.0,37.0,38.0,39.0,40.0,41.0,42.0
14.185879468917847,1.0,2.0,3.0,4.0,5.0,6.0,7.0,8.0,9.0,10.0,11.0,12.0,13.0,14.0,15.0,16.0,17.0,18.0,19.0,20.0,21.0,22.0,23.0,24.0,25.0,26.0,27.0,28.0
14.216577291488647,1.0,2.0,3.0,4.0,5.0,6.0,7.0,8.0,9.0,10.0
14.241978168487549,1.0,2.0,3.0,4.0,5.0,6.0,7.0
14.269927024841309,1.0,2.0,3.0,4.0,5.0,6.0,7.0,8.0
14.29856252670288,1.0,2.0,3.0,4.0,5.0,6.0,7.0
14.389522790908813,1.0,2.0,3.0,4.0,5.0,6.0,7.0,8.0,9.0,10.0,11.0,12.0,13.0,14.0,15.0,16.0,17.0,18.0,19.0,20.0,21.0,22.0,23.0,24.0,25.0,26.0,27.0,28.0,29.0,30.0,31.0,32.0,33.0,34.0,35.0,36.0,37.0,38.0,39.0,40.0,41.0,42.0,43.0,44.0,45.0,46.0,47.0,48.0,49.0,50.0,51.0,52.0,53.0,54.0,55.0,56.0,57.0,58.0,59.0,60.0,61.0,62.0,63.0,64.0,65.0,66.0,67.0,68.0,69.0,70.0,71.0,72.0,73.0,74.0,75.0,76.0,77.0,78.0,79.0,80.0,81.0,82.0,83.0,84.0,85.0,86.0,87.0,88.0,89.0,90.0,91.0,92.0,93.0,94.0,95.0
14.417163610458374,1.0,2.0,3.0,4.0,5.0,6.0,7.0
14.443108558654785,1.0,2.0,3.0,4.0,5.0,6.0
14.470635652542114,1.0,2.0,3.0,4.0,5.0,6.0,7.0
14.498109579086304,1.0,2.0,3.0,4.0,5.0,6.0,7.0
14.53001356124878,1.0,2.0,3.0,4.0,5.0,6.0,7.0,8.0,9.0
14.55877137184143,1.0,2.0,3.0,4.0,5.0,6.0,7.0
14.624863624572754,1.0,2.0,3.0,4.0,5.0,6.0,7.0,8.0,9.0,10.0,11.0,12.0,13.0,14.0,15.0,16.0,17.0,18.0,19.0,20.0,21.0,22.0,23.0,24.0,25.0,26.0,27.0,28.0,29.0,30.0,31.0,32.0,33.0,34.0,35.0,36.0,37.0,38.0,39.0,40.0,41.0,42.0,43.0,44.0,45.0,46.0,47.0,48.0,49.0,50.0,51.0,52.0,53.0,54.0,55.0,56.0
14.651286602020264,1.0,2.0,3.0,4.0,5.0,6.0,7.0
14.677428960800171,1.0,2.0,3.0,4.0,5.0,6.0,7.0,8.0
14.704606056213379,1.0,2.0,3.0,4.0,5.0,6.0,7.0,8.0
14.733614921569824,1.0,2.0,3.0,4.0,5.0,6.0,7.0,8.0
14.7633638381958,1.0,2.0,3.0,4.0,5.0,6.0,7.0,8.0,9.0,10.0,11.0,12.0
14.791449069976807,1.0,2.0,3.0,4.0,5.0,6.0,7.0,8.0
14.820103168487549,1.0,2.0,3.0,4.0,5.0,6.0,7.0,8.0
14.848051309585571,1.0,2.0,3.0,4.0,5.0,6.0,7.0
14.876574993133545,1.0,2.0,3.0,4.0,5.0,6.0,7.0,8.0,9.0
14.904477834701538,1.0,2.0,3.0,4.0,5.0,6.0,7.0,8.0
14.932098388671875,1.0,2.0,3.0,4.0,5.0,6.0,7.0
14.967624425888062,1.0,2.0,3.0,4.0,5.0,6.0,7.0,8.0,9.0,10.0,11.0,12.0,13.0,14.0,15.0
15.014533281326294,1.0,2.0,3.0,4.0,5.0,6.0,7.0,8.0,9.0,10.0,11.0,12.0,13.0,14.0,15.0,16.0,17.0,18.0,19.0,20.0,21.0,22.0,23.0,24.0,25.0,26.0,27.0,28.0,29.0,30.0,31.0,32.0
15.047359943389893,1.0,2.0,3.0,4.0,5.0,6.0,7.0,8.0,9.0,10.0,11.0,12.0,13.0,14.0,15.0
15.075825214385986,1.0,2.0,3.0,4.0,5.0,6.0,7.0,8.0,9.0,10.0,11.0,12.0,13.0
15.099281549453735,1.0,2.0,3.0,4.0,5.0,6.0,7.0
15.123150825500488,1.0,2.0,3.0,4.0,5.0,6.0,7.0
15.150960206985474,1.0,2.0,3.0,4.0,5.0,6.0,7.0,8.0,9.0,10.0
15.17832088470459,1.0,2.0,3.0,4.0,5.0,6.0,7.0,8.0
15.214160203933716,1.0,2.0,3.0,4.0,5.0,6.0,7.0,8.0,9.0,10.0,11.0,12.0,13.0,14.0,15.0,16.0,17.0,18.0,19.0,20.0,21.0,22.0,23.0
15.24068307876587,1.0,2.0,3.0,4.0,5.0,6.0,7.0
15.2629554271698,1.0,2.0,3.0,4.0,5.0,6.0,7.0
15.287996053695679,1.0,2.0,3.0,4.0,5.0,6.0,7.0,8.0
15.30972170829773,1.0,2.0,3.0,4.0,5.0,6.0,7.0
15.335679769515991,1.0,2.0,3.0,4.0,5.0,6.0,7.0,8.0,9.0,10.0,11.0,12.0,13.0,14.0
15.443449258804321,1.0,2.0,3.0,4.0,5.0,6.0,7.0,8.0,9.0,10.0,11.0,12.0,13.0,14.0,15.0,16.0,17.0,18.0,19.0,20.0,21.0,22.0,23.0,24.0,25.0,26.0,27.0,28.0,29.0,30.0,31.0,32.0,33.0,34.0,35.0,36.0,37.0,38.0,39.0,40.0,41.0,42.0,43.0,44.0,45.0,46.0,47.0,48.0,49.0,50.0,51.0,52.0,53.0,54.0,55.0,56.0,57.0,58.0,59.0,60.0,61.0,62.0,63.0,64.0,65.0,66.0,67.0,68.0,69.0,70.0,71.0,72.0,73.0,74.0,75.0,76.0,77.0,78.0,79.0,80.0,81.0,82.0,83.0,84.0,85.0,86.0,87.0,88.0,89.0,90.0,91.0,92.0,93.0,94.0,95.0,96.0,97.0,98.0,99.0,100.0,101.0,102.0,103.0,104.0,105.0,106.0,107.0,108.0,109.0,110.0,111.0,112.0,113.0,114.0,115.0,116.0,117.0,118.0,119.0,120.0,121.0,122.0,123.0,124.0,125.0,126.0,127.0,128.0,129.0,130.0,131.0,132.0,133.0,134.0,135.0,136.0,137.0,138.0,139.0,140.0
15.469830751419067,1.0,2.0,3.0,4.0,5.0,6.0,7.0,8.0
15.494307279586792,1.0,2.0,3.0,4.0,5.0,6.0
15.526577472686768,1.0,2.0,3.0,4.0,5.0,6.0,7.0,8.0,9.0,10.0,11.0,12.0,13.0
15.550475358963013,1.0,2.0,3.0,4.0,5.0,6.0,7.0,8.0
15.574320077896118,1.0,2.0,3.0,4.0,5.0,6.0,7.0
15.602890253067017,1.0,2.0,3.0,4.0,5.0,6.0,7.0,8.0,9.0,10.0,11.0
15.627037286758423,1.0,2.0,3.0,4.0,5.0,6.0,7.0,8.0
15.650362730026245,1.0,2.0,3.0,4.0,5.0,6.0,7.0,8.0
15.67611312866211,1.0,2.0,3.0,4.0,5.0,6.0,7.0
15.698370456695557,1.0,2.0,3.0,4.0,5.0,6.0
15.733362197875977,1.0,2.0,3.0,4.0,5.0,6.0,7.0,8.0,9.0,10.0,11.0,12.0,13.0,14.0,15.0,16.0,17.0,18.0,19.0,20.0,21.0,22.0,23.0,24.0
15.756627321243286,1.0,2.0,3.0,4.0,5.0,6.0,7.0
15.785887956619263,1.0,2.0,3.0,4.0,5.0,6.0,7.0,8.0,9.0,10.0,11.0,12.0,13.0,14.0,15.0
15.811093091964722,1.0,2.0,3.0,4.0,5.0,6.0,7.0,8.0
15.843489646911621,1.0,2.0,3.0,4.0,5.0,6.0,7.0,8.0,9.0,10.0,11.0,12.0,13.0,14.0,15.0,16.0
15.869424104690552,1.0,2.0,3.0,4.0,5.0,6.0,7.0,8.0
15.899763107299805,1.0,2.0,3.0,4.0,5.0,6.0,7.0,8.0,9.0,10.0,11.0
15.923325061798096,1.0,2.0,3.0,4.0,5.0,6.0
15.96609902381897,1.0,2.0,3.0,4.0,5.0,6.0,7.0,8.0,9.0,10.0,11.0,12.0,13.0,14.0,15.0,16.0,17.0,18.0,19.0,20.0,21.0,22.0,23.0,24.0,25.0,26.0,27.0,28.0,29.0,30.0,31.0,32.0,33.0,34.0,35.0,36.0
15.99183988571167,1.0,2.0,3.0,4.0,5.0,6.0,7.0,8.0,9.0
16.027804374694824,1.0,2.0,3.0,4.0,5.0,6.0,7.0,8.0,9.0,10.0,11.0,12.0,13.0,14.0,15.0,16.0,17.0,18.0,19.0,20.0,21.0,22.0,23.0,24.0,25.0,26.0,27.0
16.06489324569702,1.0,2.0,3.0,4.0,5.0,6.0,7.0,8.0,9.0,10.0,11.0,12.0,13.0,14.0,15.0,16.0,17.0,18.0,19.0,20.0,21.0,22.0,23.0,24.0,25.0,26.0
16.08935284614563,1.0,2.0,3.0,4.0,5.0,6.0,7.0
16.125443696975708,1.0,2.0,3.0,4.0,5.0,6.0,7.0,8.0,9.0,10.0,11.0,12.0,13.0,14.0,15.0,16.0,17.0,18.0,19.0,20.0,21.0,22.0,23.0,24.0,25.0,26.0,27.0,28.0,29.0,30.0,31.0
16.150186777114868,1.0,2.0,3.0,4.0,5.0,6.0,7.0
16.175057649612427,1.0,2.0,3.0,4.0,5.0,6.0,7.0,8.0
16.20467710494995,1.0,2.0,3.0,4.0,5.0,6.0,7.0,8.0,9.0,10.0,11.0,12.0,13.0,14.0,15.0,16.0,17.0
16.230884075164795,1.0,2.0,3.0,4.0,5.0,6.0,7.0,8.0,9.0
16.696996688842773,1.0,2.0,3.0,4.0,5.0,6.0,7.0,8.0
16.72350239753723,1.0,2.0,3.0,4.0,5.0,6.0,7.0
16.74554991722107,1.0,2.0,3.0,4.0,5.0,6.0,7.0
16.770384550094604,1.0,2.0,3.0,4.0,5.0,6.0,7.0
16.79654812812805,1.0,2.0,3.0,4.0,5.0,6.0,7.0,8.0
16.821725845336914,1.0,2.0,3.0,4.0,5.0,6.0,7.0
16.859179258346558,1.0,2.0,3.0,4.0,5.0,6.0,7.0,8.0,9.0,10.0,11.0,12.0,13.0,14.0,15.0,16.0,17.0,18.0,19.0,20.0,21.0,22.0,23.0,24.0,25.0
16.8876793384552,1.0,2.0,3.0,4.0,5.0,6.0,7.0,8.0,9.0,10.0,11.0
16.915729999542236,1.0,2.0,3.0,4.0,5.0,6.0,7.0,8.0,9.0,10.0,11.0,12.0
16.951144695281982,1.0,2.0,3.0,4.0,5.0,6.0,7.0
16.991069316864014,1.0,2.0,3.0,4.0,5.0,6.0,7.0,8.0,9.0,10.0,11.0,12.0
17.02869725227356,1.0,2.0,3.0,4.0,5.0,6.0,7.0,8.0
17.072123765945435,1.0,2.0,3.0,4.0,5.0,6.0,7.0,8.0,9.0,10.0,11.0,12.0,13.0,14.0,15.0,16.0,17.0
17.095548629760742,1.0,2.0,3.0,4.0,5.0,6.0,7.0
17.119729042053223,1.0,2.0,3.0,4.0,5.0,6.0,7.0,8.0
17.160681009292603,1.0,2.0,3.0,4.0,5.0,6.0,7.0,8.0,9.0,10.0,11.0,12.0,13.0,14.0,15.0,16.0,17.0,18.0,19.0,20.0,21.0,22.0,23.0,24.0,25.0
17.197365283966064,1.0,2.0,3.0,4.0,5.0,6.0,7.0,8.0
17.225948572158813,1.0,2.0,3.0,4.0,5.0,6.0,7.0,8.0,9.0
17.25032067298889,1.0,2.0,3.0,4.0,5.0,6.0,7.0,8.0
17.275875568389893,1.0,2.0,3.0,4.0,5.0,6.0,7.0
17.301320791244507,1.0,2.0,3.0,4.0,5.0,6.0
17.364200592041016,1.0,2.0,3.0,4.0,5.0,6.0,7.0,8.0,9.0,10.0,11.0,12.0,13.0,14.0,15.0,16.0,17.0,18.0,19.0,20.0,21.0,22.0,23.0,24.0,25.0,26.0,27.0,28.0,29.0,30.0,31.0,32.0,33.0,34.0,35.0,36.0,37.0,38.0,39.0,40.0,41.0,42.0,43.0,44.0,45.0,46.0,47.0,48.0,49.0,50.0,51.0,52.0,53.0,54.0,55.0,56.0,57.0,58.0,59.0
17.39126205444336,1.0,2.0,3.0,4.0,5.0,6.0
17.459502458572388,1.0,2.0,3.0,4.0,5.0,6.0,7.0,8.0,9.0,10.0,11.0,12.0,13.0,14.0,15.0,16.0,17.0,18.0,19.0,20.0,21.0,22.0,23.0,24.0,25.0,26.0,27.0,28.0,29.0,30.0,31.0,32.0,33.0,34.0,35.0,36.0,37.0,38.0,39.0,40.0,41.0,42.0,43.0,44.0,45.0,46.0,47.0,48.0,49.0,50.0,51.0,52.0,53.0,54.0,55.0,56.0,57.0,58.0,59.0,60.0,61.0,62.0
17.486244678497314,1.0,2.0,3.0,4.0,5.0,6.0,7.0
17.516183137893677,1.0,2.0,3.0,4.0,5.0,6.0,7.0,8.0,9.0
17.54664659500122,1.0,2.0,3.0,4.0,5.0,6.0,7.0,8.0,9.0
17.579904794692993,1.0,2.0,3.0,4.0,5.0,6.0,7.0,8.0,9.0,10.0,11.0,12.0,13.0,14.0,15.0
17.610021591186523,1.0,2.0,3.0,4.0,5.0,6.0,7.0,8.0,9.0,10.0
17.63822031021118,1.0,2.0,3.0,4.0,5.0,6.0,7.0,8.0
17.663560390472412,1.0,2.0,3.0,4.0,5.0,6.0
17.735625505447388,1.0,2.0,3.0,4.0,5.0,6.0,7.0,8.0,9.0,10.0,11.0,12.0,13.0,14.0,15.0,16.0,17.0,18.0,19.0,20.0,21.0,22.0,23.0,24.0,25.0,26.0,27.0,28.0,29.0,30.0,31.0,32.0,33.0,34.0,35.0,36.0,37.0,38.0,39.0,40.0,41.0,42.0,43.0,44.0,45.0,46.0,47.0,48.0,49.0,50.0,51.0,52.0,53.0,54.0,55.0,56.0,57.0,58.0,59.0,60.0,61.0,62.0,63.0,64.0,65.0,66.0,67.0,68.0,69.0,70.0,71.0
17.76081395149231,1.0,2.0,3.0,4.0,5.0,6.0,7.0
17.787066221237183,1.0,2.0,3.0,4.0,5.0,6.0,7.0
17.815568447113037,1.0,2.0,3.0,4.0,5.0,6.0,7.0,8.0,9.0,10.0,11.0,12.0,13.0,14.0,15.0,16.0,17.0
17.840022563934326,1.0,2.0,3.0,4.0,5.0,6.0,7.0,8.0,9.0
17.862022876739502,1.0,2.0,3.0,4.0,5.0,6.0,7.0
17.888745069503784,1.0,2.0,3.0,4.0,5.0,6.0,7.0,8.0,9.0,10.0,11.0,12.0,13.0,14.0
17.928794145584106,1.0,2.0,3.0,4.0,5.0,6.0,7.0,8.0,9.0,10.0,11.0,12.0,13.0,14.0,15.0,16.0,17.0,18.0,19.0,20.0,21.0,22.0,23.0,24.0,25.0,26.0,27.0
17.953250646591187,1.0,2.0,3.0,4.0,5.0,6.0,7.0
17.989362001419067,1.0,2.0,3.0,4.0,5.0,6.0,7.0,8.0,9.0,10.0,11.0,12.0,13.0,14.0,15.0,16.0,17.0,18.0,19.0,20.0,21.0,22.0,23.0,24.0,25.0,26.0,27.0,28.0,29.0,30.0
18.01379108428955,1.0,2.0,3.0,4.0,5.0,6.0,7.0
18.044176816940308,1.0,2.0,3.0,4.0,5.0,6.0,7.0,8.0,9.0,10.0,11.0
18.07347273826599,1.0,2.0,3.0,4.0,5.0,6.0,7.0,8.0,9.0,10.0,11.0,12.0,13.0,14.0
18.10019063949585,1.0,2.0,3.0,4.0,5.0,6.0,7.0,8.0,9.0,10.0,11.0
18.126352787017822,1.0,2.0,3.0,4.0,5.0,6.0,7.0,8.0
18.151169538497925,1.0,2.0,3.0,4.0,5.0,6.0,7.0
18.17703151702881,1.0,2.0,3.0,4.0,5.0,6.0,7.0
18.20103669166565,1.0,2.0,3.0,4.0,5.0,6.0,7.0,8.0
18.23548984527588,1.0,2.0,3.0,4.0,5.0,6.0,7.0,8.0,9.0,10.0,11.0,12.0,13.0,14.0,15.0,16.0,17.0,18.0,19.0,20.0,21.0,22.0
18.257586240768433,1.0,2.0,3.0,4.0,5.0,6.0
18.29844045639038,1.0,2.0,3.0,4.0,5.0,6.0,7.0,8.0,9.0,10.0,11.0,12.0,13.0,14.0,15.0,16.0,17.0,18.0,19.0,20.0,21.0,22.0,23.0,24.0,25.0,26.0,27.0,28.0,29.0,30.0,31.0,32.0,33.0,34.0,35.0,36.0,37.0,38.0,39.0,40.0
18.323676824569702,1.0,2.0,3.0,4.0,5.0,6.0,7.0,8.0,9.0
18.364031553268433,1.0,2.0,3.0,4.0,5.0,6.0,7.0,8.0,9.0,10.0,11.0,12.0,13.0,14.0,15.0,16.0,17.0,18.0,19.0,20.0,21.0,22.0,23.0,24.0,25.0,26.0,27.0,28.0,29.0,30.0,31.0,32.0,33.0,34.0,35.0
18.39159107208252,1.0,2.0,3.0,4.0,5.0,6.0,7.0,8.0,9.0,10.0,11.0,12.0
18.41687536239624,1.0,2.0,3.0,4.0,5.0,6.0,7.0
18.444093942642212,1.0,2.0,3.0,4.0,5.0,6.0,7.0,8.0,9.0,10.0,11.0
18.46786403656006,1.0,2.0,3.0,4.0,5.0,6.0
18.51129126548767,1.0,2.0,3.0,4.0,5.0,6.0,7.0,8.0,9.0,10.0,11.0,12.0,13.0,14.0,15.0,16.0,17.0,18.0,19.0,20.0,21.0,22.0,23.0,24.0,25.0,26.0,27.0,28.0,29.0,30.0,31.0,32.0,33.0,34.0,35.0,36.0,37.0,38.0,39.0
18.538957834243774,1.0,2.0,3.0,4.0,5.0,6.0,7.0,8.0,9.0,10.0,11.0
18.573317289352417,1.0,2.0,3.0,4.0,5.0,6.0,7.0,8.0,9.0,10.0,11.0,12.0,13.0,14.0,15.0,16.0,17.0,18.0,19.0,20.0,21.0,22.0,23.0,24.0
18.61051082611084,1.0,2.0,3.0,4.0,5.0,6.0,7.0,8.0,9.0,10.0,11.0,12.0,13.0,14.0,15.0,16.0,17.0,18.0,19.0,20.0,21.0,22.0,23.0,24.0,25.0,26.0,27.0,28.0,29.0,30.0,31.0,32.0,33.0,34.0
18.651959657669067,1.0,2.0,3.0,4.0,5.0,6.0,7.0,8.0,9.0,10.0,11.0,12.0,13.0,14.0,15.0,16.0,17.0,18.0,19.0,20.0,21.0,22.0,23.0,24.0,25.0,26.0,27.0,28.0,29.0,30.0,31.0,32.0,33.0
18.682271480560303,1.0,2.0,3.0,4.0,5.0,6.0,7.0,8.0,9.0,10.0,11.0,12.0,13.0,14.0,15.0,16.0
18.707935333251953,1.0,2.0,3.0,4.0,5.0,6.0,7.0
18.735194206237793,1.0,2.0,3.0,4.0,5.0,6.0,7.0,8.0,9.0,10.0,11.0,12.0,13.0,14.0,15.0
18.758281707763672,1.0,2.0,3.0,4.0,5.0,6.0,7.0
18.790578842163086,1.0,2.0,3.0,4.0,5.0,6.0,7.0,8.0,9.0,10.0,11.0,12.0,13.0,14.0,15.0,16.0,17.0,18.0,19.0,20.0,21.0,22.0,23.0,24.0
18.81421136856079,1.0,2.0,3.0,4.0,5.0,6.0,7.0,8.0
18.863293409347534,1.0,2.0,3.0,4.0,5.0,6.0,7.0,8.0,9.0,10.0,11.0,12.0,13.0,14.0,15.0,16.0,17.0,18.0,19.0,20.0,21.0,22.0,23.0,24.0,25.0,26.0,27.0,28.0,29.0,30.0,31.0,32.0,33.0,34.0,35.0,36.0,37.0,38.0,39.0,40.0,41.0,42.0,43.0,44.0,45.0,46.0,47.0,48.0,49.0,50.0,51.0
18.888245344161987,1.0,2.0,3.0,4.0,5.0,6.0,7.0,8.0,9.0
18.91176700592041,1.0,2.0,3.0,4.0,5.0,6.0,7.0,8.0
18.939225435256958,1.0,2.0,3.0,4.0,5.0,6.0,7.0,8.0,9.0,10.0,11.0,12.0,13.0,14.0
18.969646215438843,1.0,2.0,3.0,4.0,5.0,6.0,7.0,8.0,9.0,10.0,11.0,12.0,13.0,14.0
18.993146419525146,1.0,2.0,3.0,4.0,5.0,6.0,7.0
19.018864393234253,1.0,2.0,3.0,4.0,5.0,6.0,7.0,8.0,9.0,10.0
19.042900800704956,1.0,2.0,3.0,4.0,5.0,6.0,7.0,8.0,9.0
19.06748628616333,1.0,2.0,3.0,4.0,5.0,6.0,7.0,8.0,9.0
19.090499877929688,1.0,2.0,3.0,4.0,5.0,6.0,7.0,8.0
19.114617586135864,1.0,2.0,3.0,4.0,5.0,6.0,7.0,8.0,9.0,10.0
19.136184692382812,1.0,2.0,3.0,4.0,5.0,6.0
19.15920901298523,1.0,2.0,3.0,4.0,5.0,6.0,7.0
19.183715343475342,1.0,2.0,3.0,4.0,5.0,6.0,7.0
19.20643973350525,1.0,2.0,3.0,4.0,5.0,6.0
19.230581760406494,1.0,2.0,3.0,4.0,5.0,6.0,7.0
19.252529621124268,1.0,2.0,3.0,4.0,5.0,6.0
19.275167226791382,1.0,2.0,3.0,4.0,5.0,6.0,7.0
19.306998252868652,1.0,2.0,3.0,4.0,5.0,6.0,7.0,8.0,9.0,10.0,11.0,12.0,13.0,14.0
19.33528733253479,1.0,2.0,3.0,4.0,5.0,6.0,7.0,8.0,9.0,10.0,11.0
19.364385843276978,1.0,2.0,3.0,4.0,5.0,6.0,7.0,8.0,9.0,10.0
19.39168882369995,1.0,2.0,3.0,4.0,5.0,6.0
19.425878047943115,1.0,2.0,3.0,4.0,5.0,6.0,7.0,8.0,9.0,10.0,11.0,12.0,13.0,14.0,15.0,16.0
19.45403504371643,1.0,2.0,3.0,4.0,5.0,6.0,7.0,8.0,9.0
19.486000537872314,1.0,2.0,3.0,4.0,5.0,6.0,7.0,8.0,9.0,10.0,11.0,12.0
19.511614084243774,1.0,2.0,3.0,4.0,5.0,6.0,7.0
19.540853261947632,1.0,2.0,3.0,4.0,5.0,6.0,7.0,8.0
19.56740427017212,1.0,2.0,3.0,4.0,5.0,6.0,7.0
19.59868597984314,1.0,2.0,3.0,4.0,5.0,6.0,7.0,8.0,9.0,10.0
19.626712322235107,1.0,2.0,3.0,4.0,5.0,6.0,7.0,8.0
19.658112287521362,1.0,2.0,3.0,4.0,5.0,6.0,7.0,8.0,9.0,10.0,11.0
20.12344264984131,1.0,2.0,3.0,4.0,5.0,6.0
20.15093493461609,1.0,2.0,3.0,4.0,5.0,6.0,7.0
20.18226146697998,1.0,2.0,3.0,4.0,5.0,6.0,7.0,8.0,9.0,10.0,11.0,12.0,13.0
20.21355366706848,1.0,2.0,3.0,4.0,5.0,6.0,7.0,8.0,9.0,10.0,11.0,12.0,13.0,14.0,15.0,16.0,17.0,18.0,19.0,20.0
20.246129751205444,1.0,2.0,3.0,4.0,5.0,6.0,7.0
20.309483766555786,1.0,2.0,3.0,4.0,5.0,6.0,7.0,8.0,9.0,10.0,11.0,12.0,13.0,14.0,15.0,16.0,17.0
20.337939023971558,1.0,2.0,3.0,4.0,5.0,6.0,7.0,8.0
20.367061376571655,1.0,2.0,3.0,4.0,5.0,6.0,7.0,8.0,9.0
20.393782377243042,1.0,2.0,3.0,4.0,5.0,6.0,7.0,8.0
20.419151067733765,1.0,2.0,3.0,4.0,5.0,6.0,7.0
20.47353458404541,1.0,2.0,3.0,4.0,5.0,6.0,7.0,8.0,9.0,10.0,11.0,12.0,13.0,14.0,15.0,16.0,17.0,18.0,19.0,20.0,21.0,22.0,23.0,24.0,25.0,26.0,27.0,28.0,29.0,30.0,31.0,32.0,33.0,34.0,35.0,36.0,37.0,38.0,39.0,40.0,41.0,42.0,43.0,44.0,45.0,46.0,47.0,48.0,49.0,50.0,51.0,52.0,53.0,54.0,55.0,56.0,57.0,58.0
20.544681072235107,1.0,2.0,3.0,4.0,5.0,6.0,7.0,8.0,9.0,10.0,11.0,12.0,13.0,14.0,15.0,16.0,17.0,18.0,19.0,20.0,21.0,22.0,23.0,24.0,25.0,26.0,27.0,28.0,29.0,30.0,31.0,32.0,33.0,34.0,35.0,36.0,37.0,38.0,39.0,40.0,41.0,42.0,43.0,44.0,45.0,46.0,47.0,48.0,49.0,50.0,51.0,52.0,53.0,54.0,55.0,56.0,57.0,58.0,59.0,60.0,61.0,62.0,63.0,64.0,65.0,66.0,67.0,68.0,69.0,70.0,71.0,72.0,73.0,74.0,75.0,76.0,77.0,78.0,79.0,80.0,81.0,82.0,83.0,84.0,85.0,86.0,87.0,88.0,89.0,90.0,91.0,92.0,93.0,94.0
20.565186262130737,1.0,2.0,3.0,4.0,5.0,6.0,7.0
20.671406984329224,1.0,2.0,3.0,4.0,5.0,6.0,7.0,8.0,9.0,10.0,11.0,12.0,13.0,14.0,15.0,16.0,17.0,18.0,19.0,20.0,21.0,22.0,23.0,24.0,25.0,26.0,27.0,28.0,29.0,30.0,31.0,32.0,33.0,34.0,35.0,36.0,37.0,38.0,39.0,40.0,41.0,42.0,43.0,44.0,45.0,46.0,47.0,48.0,49.0,50.0,51.0,52.0,53.0,54.0,55.0,56.0,57.0,58.0,59.0,60.0,61.0
20.696369886398315,1.0,2.0,3.0,4.0,5.0,6.0,7.0,8.0
20.723254919052124,1.0,2.0,3.0,4.0,5.0,6.0,7.0,8.0
20.74983501434326,1.0,2.0,3.0,4.0,5.0,6.0
20.785046100616455,1.0,2.0,3.0,4.0,5.0,6.0,7.0,8.0,9.0
20.81465244293213,1.0,2.0,3.0,4.0,5.0,6.0,7.0,8.0,9.0,10.0
20.838525533676147,1.0,2.0,3.0,4.0,5.0,6.0,7.0
20.86365270614624,1.0,2.0,3.0,4.0,5.0,6.0,7.0
20.89332866668701,1.0,2.0,3.0,4.0,5.0,6.0,7.0,8.0,9.0,10.0,11.0,12.0
20.92032217979431,1.0,2.0,3.0,4.0,5.0,6.0,7.0
20.948381185531616,1.0,2.0,3.0,4.0,5.0,6.0,7.0,8.0
20.97984528541565,1.0,2.0,3.0,4.0,5.0,6.0,7.0,8.0,9.0,10.0,11.0,12.0,13.0
21.010255336761475,1.0,2.0,3.0,4.0,5.0,6.0,7.0,8.0,9.0,10.0
21.058711051940918,1.0,2.0,3.0,4.0,5.0,6.0,7.0,8.0,9.0,10.0,11.0,12.0,13.0,14.0,15.0,16.0,17.0,18.0,19.0,20.0,21.0,22.0,23.0,24.0,25.0,26.0,27.0,28.0,29.0,30.0,31.0,32.0,33.0,34.0,35.0,36.0,37.0,38.0,39.0,40.0,41.0,42.0
21.097838163375854,1.0,2.0,3.0,4.0,5.0,6.0,7.0,8.0,9.0,10.0,11.0,12.0,13.0,14.0,15.0,16.0,17.0,18.0,19.0,20.0,21.0,22.0,23.0,24.0,25.0,26.0,27.0,28.0,29.0,30.0,31.0,32.0,33.0,34.0
21.12601399421692,1.0,2.0,3.0,4.0,5.0,6.0,7.0
21.171223878860474,1.0,2.0,3.0,4.0,5.0,6.0,7.0,8.0,9.0,10.0,11.0,12.0,13.0,14.0,15.0,16.0,17.0,18.0,19.0,20.0,21.0,22.0,23.0,24.0,25.0,26.0,27.0,28.0,29.0
21.1964910030365,1.0,2.0,3.0,4.0,5.0,6.0
21.22552251815796,1.0,2.0,3.0,4.0,5.0,6.0,7.0,8.0
21.25377368927002,1.0,2.0,3.0,4.0,5.0,6.0,7.0,8.0,9.0
21.28504776954651,1.0,2.0,3.0,4.0,5.0,6.0,7.0,8.0,9.0,10.0,11.0,12.0,13.0,14.0
21.31186294555664,1.0,2.0,3.0,4.0,5.0,6.0,7.0,8.0,9.0,10.0,11.0
21.34928250312805,1.0,2.0,3.0,4.0,5.0,6.0,7.0,8.0,9.0,10.0,11.0,12.0,13.0,14.0,15.0,16.0,17.0,18.0,19.0
21.380687475204468,1.0,2.0,3.0,4.0,5.0,6.0,7.0,8.0,9.0,10.0,11.0
21.446794986724854,1.0,2.0,3.0,4.0,5.0,6.0,7.0,8.0,9.0,10.0,11.0,12.0,13.0,14.0,15.0,16.0,17.0,18.0,19.0,20.0,21.0,22.0,23.0,24.0,25.0,26.0,27.0,28.0,29.0,30.0,31.0,32.0,33.0,34.0,35.0,36.0,37.0,38.0,39.0,40.0,41.0,42.0,43.0,44.0,45.0,46.0,47.0,48.0,49.0,50.0,51.0,52.0,53.0,54.0,55.0,56.0,57.0,58.0,59.0,60.0
21.474034309387207,1.0,2.0,3.0,4.0,5.0,6.0,7.0,8.0
21.498483419418335,1.0,2.0,3.0,4.0,5.0,6.0,7.0,8.0,9.0,10.0
21.525575876235962,1.0,2.0,3.0,4.0,5.0,6.0,7.0,8.0
21.564185619354248,1.0,2.0,3.0,4.0,5.0,6.0,7.0,8.0,9.0,10.0,11.0,12.0,13.0,14.0,15.0,16.0,17.0,18.0,19.0,20.0,21.0,22.0,23.0,24.0,25.0,26.0,27.0,28.0,29.0,30.0
21.58655047416687,1.0,2.0,3.0,4.0,5.0,6.0,7.0,8.0
21.612313747406006,1.0,2.0,3.0,4.0,5.0,6.0,7.0
21.666024208068848,1.0,2.0,3.0,4.0,5.0,6.0,7.0,8.0,9.0,10.0,11.0,12.0,13.0,14.0,15.0,16.0,17.0,18.0,19.0,20.0,21.0,22.0,23.0,24.0,25.0,26.0,27.0,28.0,29.0,30.0,31.0,32.0,33.0,34.0,35.0,36.0,37.0,38.0,39.0,40.0,41.0,42.0,43.0
21.692179441452026,1.0,2.0,3.0,4.0,5.0,6.0,7.0
21.72634482383728,1.0,2.0,3.0,4.0,5.0,6.0,7.0,8.0,9.0,10.0,11.0,12.0,13.0,14.0,15.0,16.0
21.751691341400146,1.0,2.0,3.0,4.0,5.0,6.0,7.0,8.0,9.0
21.80802869796753,1.0,2.0,3.0,4.0,5.0,6.0,7.0,8.0,9.0,10.0,11.0,12.0,13.0,14.0,15.0,16.0,17.0,18.0,19.0,20.0,21.0,22.0,23.0,24.0,25.0,26.0,27.0,28.0,29.0,30.0,31.0,32.0,33.0,34.0,35.0,36.0,37.0,38.0,39.0,40.0,41.0,42.0,43.0,44.0,45.0,46.0
21.836331844329834,1.0,2.0,3.0,4.0,5.0,6.0,7.0,8.0
21.927579402923584,1.0,2.0,3.0,4.0,5.0,6.0,7.0,8.0,9.0,10.0,11.0,12.0,13.0,14.0,15.0,16.0,17.0,18.0,19.0,20.0,21.0,22.0,23.0,24.0,25.0,26.0,27.0,28.0,29.0,30.0,31.0,32.0,33.0,34.0,35.0,36.0,37.0,38.0,39.0,40.0,41.0,42.0,43.0,44.0,45.0,46.0,47.0,48.0,49.0,50.0,51.0,52.0,53.0,54.0,55.0,56.0,57.0,58.0,59.0,60.0,61.0,62.0,63.0,64.0,65.0,66.0,67.0,68.0,69.0,70.0,71.0,72.0,73.0,74.0,75.0,76.0,77.0,78.0,79.0,80.0,81.0,82.0,83.0,84.0,85.0,86.0,87.0,88.0
21.954888582229614,1.0,2.0,3.0,4.0,5.0,6.0,7.0
21.983121871948242,1.0,2.0,3.0,4.0,5.0,6.0,7.0
22.016000986099243,1.0,2.0,3.0,4.0,5.0,6.0,7.0,8.0,9.0,10.0,11.0,12.0,13.0,14.0,15.0
22.042771577835083,1.0,2.0,3.0,4.0,5.0,6.0
22.07083296775818,1.0,2.0,3.0,4.0,5.0,6.0
22.095381498336792,1.0,2.0,3.0,4.0,5.0,6.0
22.123425006866455,1.0,2.0,3.0,4.0,5.0,6.0,7.0
22.1514732837677,1.0,2.0,3.0,4.0,5.0,6.0,7.0,8.0
22.18541169166565,1.0,2.0,3.0,4.0,5.0,6.0,7.0,8.0,9.0,10.0,11.0,12.0,13.0,14.0,15.0,16.0,17.0
22.21532678604126,1.0,2.0,3.0,4.0,5.0,6.0,7.0,8.0
22.24523091316223,1.0,2.0,3.0,4.0,5.0,6.0,7.0,8.0,9.0,10.0,11.0
22.278454542160034,1.0,2.0,3.0,4.0,5.0,6.0,7.0,8.0,9.0,10.0,11.0,12.0,13.0,14.0,15.0,16.0
22.315850019454956,1.0,2.0,3.0,4.0,5.0,6.0,7.0,8.0,9.0,10.0,11.0,12.0,13.0,14.0,15.0,16.0,17.0,18.0,19.0,20.0,21.0
22.394262313842773,1.0,2.0,3.0,4.0,5.0,6.0,7.0,8.0,9.0,10.0,11.0,12.0,13.0,14.0,15.0,16.0,17.0,18.0,19.0,20.0,21.0,22.0,23.0,24.0,25.0,26.0,27.0,28.0,29.0,30.0,31.0,32.0,33.0,34.0,35.0,36.0,37.0,38.0,39.0,40.0,41.0,42.0,43.0,44.0,45.0,46.0,47.0,48.0,49.0,50.0,51.0,52.0,53.0,54.0,55.0,56.0,57.0,58.0,59.0,60.0,61.0,62.0,63.0,64.0,65.0,66.0,67.0,68.0,69.0,70.0,71.0,72.0,73.0,74.0,75.0,76.0,77.0,78.0,79.0
22.421137809753418,1.0,2.0,3.0,4.0,5.0,6.0,7.0,8.0
22.44787073135376,1.0,2.0,3.0,4.0,5.0,6.0,7.0
22.475343227386475,1.0,2.0,3.0,4.0,5.0,6.0,7.0
22.50401544570923,1.0,2.0,3.0,4.0,5.0,6.0,7.0
22.546497583389282,1.0,2.0,3.0,4.0,5.0,6.0,7.0,8.0,9.0,10.0,11.0,12.0,13.0,14.0,15.0,16.0,17.0,18.0,19.0,20.0,21.0,22.0,23.0,24.0,25.0
22.596506118774414,1.0,2.0,3.0,4.0,5.0,6.0,7.0,8.0,9.0,10.0,11.0,12.0,13.0,14.0,15.0,16.0,17.0,18.0,19.0,20.0,21.0,22.0,23.0,24.0,25.0,26.0,27.0,28.0,29.0,30.0,31.0,32.0,33.0,34.0,35.0,36.0,37.0,38.0
22.635897159576416,1.0,2.0,3.0,4.0,5.0,6.0,7.0,8.0,9.0,10.0,11.0,12.0,13.0,14.0,15.0,16.0,17.0,18.0,19.0,20.0,21.0,22.0,23.0
22.67401123046875,1.0,2.0,3.0,4.0,5.0,6.0,7.0,8.0,9.0,10.0,11.0,12.0,13.0,14.0,15.0,16.0,17.0,18.0,19.0,20.0,21.0,22.0,23.0,24.0
22.752379655838013,1.0,2.0,3.0,4.0,5.0,6.0,7.0,8.0,9.0,10.0,11.0,12.0,13.0,14.0,15.0,16.0,17.0,18.0,19.0,20.0,21.0,22.0,23.0,24.0,25.0,26.0,27.0,28.0,29.0,30.0,31.0,32.0,33.0,34.0,35.0,36.0,37.0,38.0,39.0,40.0,41.0,42.0,43.0,44.0,45.0,46.0,47.0,48.0,49.0,50.0,51.0,52.0,53.0,54.0,55.0,56.0,57.0,58.0,59.0,60.0,61.0,62.0,63.0,64.0,65.0,66.0,67.0,68.0,69.0,70.0,71.0,72.0,73.0,74.0
22.783032417297363,1.0,2.0,3.0,4.0,5.0,6.0,7.0,8.0,9.0
22.846349477767944,1.0,2.0,3.0,4.0,5.0,6.0,7.0,8.0,9.0,10.0,11.0,12.0,13.0,14.0,15.0,16.0,17.0,18.0,19.0,20.0,21.0,22.0,23.0,24.0,25.0,26.0,27.0,28.0,29.0,30.0,31.0,32.0,33.0,34.0,35.0,36.0,37.0,38.0,39.0,40.0,41.0,42.0,43.0,44.0,45.0,46.0,47.0,48.0,49.0,50.0,51.0,52.0,53.0,54.0,55.0,56.0,57.0,58.0,59.0,60.0
22.87462568283081,1.0,2.0,3.0,4.0,5.0,6.0
22.901588439941406,1.0,2.0,3.0,4.0,5.0,6.0,7.0,8.0
22.927253007888794,1.0,2.0,3.0,4.0,5.0,6.0,7.0
22.957613229751587,1.0,2.0,3.0,4.0,5.0,6.0,7.0,8.0,9.0,10.0,11.0,12.0,13.0
22.98370862007141,1.0,2.0,3.0,4.0,5.0,6.0,7.0
23.009982109069824,1.0,2.0,3.0,4.0,5.0,6.0
23.03765892982483,1.0,2.0,3.0,4.0,5.0,6.0,7.0,8.0
23.065741062164307,1.0,2.0,3.0,4.0,5.0,6.0,7.0,8.0
23.091012716293335,1.0,2.0,3.0,4.0,5.0,6.0,7.0,8.0
23.126500129699707,1.0,2.0,3.0,4.0,5.0,6.0,7.0,8.0,9.0,10.0,11.0,12.0,13.0,14.0,15.0,16.0,17.0,18.0,19.0
23.152655839920044,1.0,2.0,3.0,4.0,5.0,6.0,7.0
23.179805040359497,1.0,2.0,3.0,4.0,5.0,6.0,7.0
23.20768690109253,1.0,2.0,3.0,4.0,5.0,6.0,7.0,8.0
23.233961820602417,1.0,2.0,3.0,4.0,5.0,6.0,7.0,8.0
23.259588479995728,1.0,2.0,3.0,4.0,5.0,6.0,7.0,8.0
23.28783917427063,1.0,2.0,3.0,4.0,5.0,6.0,7.0,8.0
23.316185474395752,1.0,2.0,3.0,4.0,5.0,6.0,7.0
23.345546007156372,1.0,2.0,3.0,4.0,5.0,6.0,7.0,8.0
23.37328600883484,1.0,2.0,3.0,4.0,5.0,6.0,7.0
23.400747776031494,1.0,2.0,3.0,4.0,5.0,6.0,7.0,8.0
23.43056297302246,1.0,2.0,3.0,4.0,5.0,6.0,7.0
23.497325658798218,1.0,2.0,3.0,4.0,5.0,6.0,7.0,8.0,9.0,10.0,11.0,12.0,13.0,14.0,15.0,16.0,17.0,18.0,19.0,20.0,21.0,22.0,23.0,24.0,25.0,26.0,27.0,28.0,29.0,30.0,31.0,32.0,33.0,34.0,35.0,36.0,37.0,38.0,39.0,40.0,41.0,42.0,43.0,44.0,45.0,46.0,47.0,48.0,49.0,50.0,51.0,52.0,53.0,54.0,55.0,56.0,57.0,58.0,59.0,60.0,61.0,62.0,63.0,64.0,65.0,66.0,67.0,68.0,69.0,70.0,71.0,72.0,73.0,74.0,75.0,76.0,77.0
23.524030208587646,1.0,2.0,3.0,4.0,5.0,6.0,7.0,8.0,9.0,10.0,11.0
23.547292470932007,1.0,2.0,3.0,4.0,5.0,6.0,7.0,8.0
24.778576612472534,1.0,2.0,3.0,4.0,5.0,6.0,7.0,8.0,9.0
24.84050726890564,1.0,2.0,3.0,4.0,5.0,6.0,7.0,8.0,9.0,10.0,11.0,12.0,13.0,14.0,15.0,16.0,17.0,18.0,19.0,20.0,21.0,22.0,23.0,24.0,25.0,26.0,27.0,28.0
24.916135787963867,1.0,2.0,3.0,4.0,5.0,6.0,7.0,8.0,9.0,10.0,11.0,12.0,13.0,14.0,15.0,16.0,17.0,18.0,19.0
24.967116832733154,1.0,2.0,3.0,4.0,5.0,6.0
25.138808965682983,1.0,2.0,3.0,4.0,5.0,6.0,7.0,8.0,9.0,10.0,11.0,12.0,13.0,14.0,15.0,16.0,17.0,18.0,19.0,20.0,21.0,22.0,23.0,24.0,25.0,26.0,27.0,28.0,29.0,30.0,31.0,32.0,33.0,34.0,35.0,36.0,37.0,38.0,39.0,40.0,41.0,42.0,43.0,44.0,45.0,46.0,47.0,48.0,49.0,50.0,51.0,52.0,53.0,54.0,55.0,56.0,57.0,58.0,59.0,60.0,61.0,62.0,63.0,64.0,65.0,66.0,67.0,68.0,69.0,70.0,71.0,72.0,73.0,74.0,75.0,76.0,77.0,78.0,79.0,80.0,81.0,82.0,83.0,84.0,85.0,86.0,87.0,88.0,89.0,90.0,91.0,92.0,93.0,94.0,95.0,96.0,97.0,98.0,99.0,100.0,101.0,102.0,103.0,104.0,105.0,106.0,107.0,108.0,109.0
