seed_19_level_6-4,553,561.6007304191589,429082,150,(57;93;100;53;55;56;100;100;57;59;53;52;57;62;53;100;57;57;57;51;52;66;53;100;52;57;60;57;73;53;100;100;55;100;53;57;52;73;100;53;100;87;52;95;104;53;100;54;57;55;52;54;57;100;57;57;100;100;100;57;52;54;56;100;57;66;100;88;52;63;100;49;100;67;100;60;52;100;58;52;59;53;100;100;60;54;53;100;57;52;61;100;57;100;55;56;59;89;100;100;54;100;100;100;100;100;52;100;55;100;52;57;100;58;100;57;57;100;52;88;52;60;100;100;61;100;100;53;52;100;100;52;100;53;61;112;52;100;59;57;100;90;100;57;53;100;62;100;57;57)
seed_19_level_6-4,569,1128.0638308525085,858016,300,(100;100;100;100;100;100;100;100;100;100;100;100;100;100;100;100;100;100;100;100;100;100;100;100;100;100;100;100;100;100;100;100;100;100;100;100;100;100;100;100;100;63;100;100;100;100;100;100;100;100;54;56;58;57;53;57;53;57;57;57;57;57;57;57;53;57;58;57;57;57;57;57;57;57;57;55;60;57;59;53;53;53;55;57;55;54;56;53;54;49;60;53;57;61;51;52;56;59;52;61;52;52;52;60;53;52;53;54;52;52;52;52;52;54;53;52;53;52;52;52;53;52;53;55;53;53;57;58;52;67;58;88;58;113;62;60;66;55;62;63;86;73;95;104;91;93;87;75;99;96)
seed_19_level_6-4,569,1686.3005652427673,1283989,450,(100;100;100;100;100;100;100;100;100;100;100;100;100;100;100;100;100;100;100;100;100;100;100;100;100;100;100;100;100;100;100;100;100;100;100;100;100;100;100;100;100;100;100;100;100;100;100;100;100;54;53;58;57;53;57;57;53;57;57;57;57;57;57;59;57;57;57;57;57;57;57;57;53;55;60;54;57;53;53;53;53;57;55;56;53;86;54;49;57;53;57;60;51;52;56;59;52;62;63;52;52;52;60;53;52;54;54;52;52;52;52;52;54;53;52;53;52;52;52;53;52;54;57;53;55;53;57;58;52;65;58;89;60;58;63;74;66;63;62;73;75;87;86;90;74;94;68;96;113;88)
seed_19_level_6-4,569,2246.8897800445557,1716085,600,(100;100;100;100;100;100;100;100;100;100;100;100;100;100;100;100;100;100;100;100;100;100;100;100;100;100;100;100;100;100;100;100;100;100;100;100;100;100;100;100;100;100;100;100;100;100;100;100;100;54;53;58;57;57;53;57;57;57;57;57;57;57;57;59;57;57;57;57;57;57;57;57;57;57;51;60;52;57;55;53;55;53;56;55;56;53;54;49;56;57;61;51;52;53;59;52;100;52;52;52;60;53;52;53;53;52;52;52;52;52;54;54;52;53;52;52;52;53;52;54;53;57;57;55;53;61;58;52;66;58;58;89;104;55;63;68;63;62;95;74;73;75;84;73;87;77;80;105;96;113)
seed_19_level_6-4,569,2798.666037797928,2152862,750,(100;100;100;100;100;100;100;100;100;100;100;100;100;100;100;100;100;100;100;100;100;100;100;100;100;100;100;100;100;100;100;100;100;100;100;100;100;100;100;100;100;100;100;100;100;100;100;100;100;100;54;56;58;57;57;53;57;57;57;57;57;57;57;57;59;57;57;53;57;57;57;57;57;57;57;57;57;60;52;57;53;55;53;56;55;57;53;59;51;54;49;57;61;56;55;56;51;52;59;52;62;52;52;52;60;53;52;53;54;52;52;52;52;52;53;54;52;53;52;52;52;54;52;53;57;56;53;59;52;65;58;106;76;67;61;62;63;73;86;60;87;88;75;91;95;104;87;112;113;77)
seed_19_level_6-4,569,3356.1974148750305,2585810,900,(100;100;100;100;100;100;100;100;100;100;100;100;100;100;100;100;100;100;100;100;100;100;100;100;100;100;100;100;100;100;100;100;100;100;100;100;100;100;100;100;100;63;100;100;100;100;100;100;100;100;54;56;58;57;57;53;57;57;57;57;57;57;57;57;59;57;57;57;57;57;57;57;53;57;53;57;57;60;52;57;53;55;53;56;55;57;53;51;54;49;57;61;53;53;56;51;52;59;52;52;52;52;60;53;52;54;53;52;52;52;52;52;53;54;52;53;52;52;52;54;52;54;59;53;55;53;62;52;66;58;55;63;74;68;90;64;62;73;75;88;81;79;87;88;86;104;75;106;113;112)
seed_19_level_6-4,569,3909.8206176757812,3009709,1050,(100;100;100;100;100;100;100;100;100;100;100;100;100;100;100;100;100;100;100;100;100;100;100;100;100;100;100;100;100;100;100;100;100;100;100;100;100;100;100;100;100;100;100;100;100;100;100;100;100;54;53;59;60;57;53;57;57;57;57;57;57;57;57;58;57;57;57;57;57;57;57;57;57;53;60;52;57;55;55;55;56;54;57;55;55;53;55;54;49;57;61;56;53;51;52;59;52;63;52;52;52;60;53;52;54;54;52;52;52;52;52;53;54;52;54;52;52;52;53;52;53;58;57;53;57;56;53;61;52;65;58;68;63;62;63;90;73;76;75;76;80;75;90;88;87;73;105;81;96;58)
seed_19_level_6-4,569,4469.30268073082,3439483,1200,(100;100;100;100;100;100;100;100;100;100;100;100;100;100;100;100;100;100;100;100;100;100;100;100;100;100;100;100;100;100;100;100;100;100;100;100;100;100;100;100;100;100;100;100;100;100;100;100;100;54;56;59;57;53;57;57;57;57;57;57;57;57;58;57;57;57;57;57;57;57;57;53;57;53;60;55;52;57;53;53;55;56;54;57;59;60;53;54;49;57;60;53;53;56;51;52;59;52;62;100;52;52;52;60;53;52;54;54;52;52;52;52;52;53;54;52;53;52;52;52;53;52;54;53;53;56;53;58;52;66;58;58;67;62;76;90;63;107;73;80;113;75;55;90;87;91;90;73;60;96)
seed_19_level_6-4,569,5060.424532413483,3864052,1350,(100;100;100;100;100;100;100;100;100;100;100;100;100;100;100;100;100;100;100;100;100;100;100;100;100;100;100;100;100;100;100;100;100;100;100;100;100;100;100;100;100;100;100;100;100;100;100;100;100;100;54;53;58;57;53;57;57;57;57;57;57;57;57;59;57;57;57;57;57;57;53;57;53;60;55;54;57;53;55;55;57;54;56;53;55;55;57;54;49;57;61;56;56;51;52;59;52;52;52;52;60;53;52;54;53;52;52;52;52;52;53;53;52;53;52;52;52;54;52;53;53;53;53;53;56;53;62;59;52;66;58;55;58;73;92;74;66;90;77;80;73;75;87;89;87;76;96;75;73;67)
seed_19_level_6-4,569,5616.299976110458,4288454,1500,(100;100;100;100;100;100;100;100;100;100;100;100;100;100;100;100;100;100;100;100;100;100;100;100;100;100;100;100;100;100;100;100;100;100;100;100;100;100;100;100;100;63;100;100;100;100;100;100;100;100;54;53;58;60;57;53;57;57;57;57;57;57;57;57;59;57;57;57;57;57;57;57;60;55;52;57;53;55;53;56;55;56;53;55;55;54;49;57;60;55;56;53;51;52;59;52;52;52;52;60;53;52;53;54;52;52;52;52;52;53;53;52;53;52;52;52;53;52;54;58;57;57;53;57;57;53;55;53;61;52;66;58;58;74;81;68;60;86;73;93;75;89;95;89;65;63;92;87;88;96)
seed_19_level_6-4,1190,6181.556707382202,4739652,1650,(100;100;100;100;100;100;100;100;100;100;100;100;100;100;100;100;100;100;100;100;100;100;100;100;100;100;100;100;100;100;100;100;100;100;100;100;100;100;100;100;100;100;100;100;100;100;100;100;100;54;53;59;57;53;57;57;57;57;57;57;57;57;58;57;57;57;57;57;57;57;53;53;53;53;60;51;54;57;53;53;53;57;54;56;53;55;55;57;54;49;57;60;56;55;56;51;52;59;52;61;100;52;52;52;60;53;52;53;54;52;52;52;52;52;54;54;52;54;52;52;52;53;52;54;53;53;56;53;58;52;65;58;76;105;76;66;90;63;110;201;113;75;74;73;88;92;94;87;62;96)
seed_19_level_6-4,1190,6745.806732177734,5165969,1801,(100;100;100;100;100;100;100;100;100;100;100;100;100;100;100;100;100;100;100;100;100;100;100;100;100;100;100;100;100;100;100;100;100;100;100;100;100;100;100;100;100;100;100;100;100;100;100;100;100;100;54;56;58;57;57;53;57;57;57;57;57;57;57;57;59;57;57;57;57;57;57;57;60;54;57;53;55;53;56;55;57;61;59;51;53;54;49;57;60;56;53;56;51;52;59;52;62;52;52;52;60;53;52;54;54;52;52;52;52;52;54;53;52;54;52;52;52;54;52;54;57;53;57;57;53;53;55;53;58;52;65;58;68;89;64;62;95;73;75;58;87;90;104;61;88;60;96;81;65;73;52)
seed_19_level_6-4,1190,7311.8293533325195,5591635,1951,(100;100;100;100;100;100;100;100;100;100;100;100;100;100;100;100;100;100;100;100;100;100;100;100;100;100;100;100;100;100;100;100;100;100;100;100;100;100;100;100;100;100;100;100;100;100;100;100;100;100;54;56;59;60;57;53;57;57;57;57;57;57;57;57;59;57;57;57;57;57;57;53;57;57;57;60;52;57;55;55;55;56;55;56;53;51;53;54;49;57;61;53;53;51;52;59;52;52;52;52;60;53;52;54;53;52;52;52;52;52;54;53;52;53;52;52;52;53;52;53;57;53;53;55;53;62;59;52;65;58;89;55;59;92;63;66;90;55;66;62;63;86;67;75;88;74;99;74;87;107)
seed_19_level_6-4,1190,7878.189156293869,6025075,2101,(100;100;100;100;100;100;100;100;100;100;100;100;100;100;100;100;100;100;100;100;100;100;100;100;100;100;100;100;100;100;100;100;100;100;100;100;100;100;100;100;100;63;100;100;100;100;100;100;100;100;54;53;59;57;53;57;57;57;57;57;57;57;57;59;57;57;57;57;57;57;53;57;53;57;60;54;57;53;55;55;56;55;56;55;53;55;61;60;55;54;49;57;60;56;53;51;52;59;52;52;52;52;60;53;52;53;53;52;52;52;52;52;54;53;52;53;52;52;52;53;52;53;59;53;57;57;56;53;62;52;66;58;105;58;96;113;92;67;62;90;63;95;88;93;87;73;109;74;73;87)
seed_19_level_6-4,1190,8432.326941728592,6450926,2251,(100;100;100;100;100;100;100;100;100;100;100;100;100;100;100;100;100;100;100;100;100;100;100;100;100;100;100;100;100;100;100;100;100;100;100;100;100;100;100;100;100;100;100;100;100;100;100;100;100;54;56;59;57;53;57;57;57;57;57;57;57;57;58;57;57;57;57;57;57;53;57;57;57;60;52;51;57;53;53;55;56;54;57;55;53;57;54;49;57;60;53;53;53;51;52;59;52;100;52;52;52;60;53;52;53;53;52;52;52;52;52;53;54;52;53;52;52;52;53;52;53;58;57;57;57;56;53;62;52;65;58;58;61;68;62;63;60;89;73;89;88;87;104;63;90;88;75;87;67;96)
seed_19_level_6-4,1190,8991.58303642273,6876106,2401,(100;100;100;100;100;100;100;100;100;100;100;100;100;100;100;100;100;100;100;100;100;100;100;100;100;100;100;100;100;100;100;100;100;100;100;100;100;100;100;100;100;100;100;100;100;100;100;100;100;100;54;56;58;57;57;53;57;57;57;57;57;57;57;57;58;57;57;57;57;57;57;53;53;57;57;57;53;60;52;57;55;55;53;57;55;57;55;53;53;51;54;49;57;60;56;53;51;52;59;52;52;52;52;60;53;52;53;54;52;52;52;52;52;54;54;52;53;52;52;52;54;52;53;57;56;53;59;62;52;65;58;58;89;67;66;74;75;92;62;63;73;75;80;87;93;73;95;87;58;96)
seed_19_level_6-4,1190,9560.878719091415,7320894,2555,(100;52;100;100;100;100;100;100;53;100;100;100;53;100;100;100;67;100;57;53;52;52;57;64;204;57;59;57;53;52;55;100;53;100;55;57;77;100;53;53;57;90;53;57;53;57;57;53;53;52;61;57;85;59;58;53;88;59;58;73;100;81;56;100;89;74;100;100;100;67;100;57;100;53;97;58;100;90;88;74;54;56;97;100;62;100;100;54;55;60;100;52;58;100;58;53;94;53;60;57;62;57;100;73;57;52;74;100;53;52;75;63;56;53;56;51;63;68;52;52;52;50;53;52;85;59;53;54;100;58;89;62;100;66;100;53;57;100;88;58;150;58;55;100;53;112;91;109;63;54;57;57;53;57)
seed_19_level_6-4,1190,10122.20579457283,7770432,2707,(100;100;57;57;64;52;52;100;67;100;100;55;88;57;89;74;100;100;56;63;57;53;100;57;57;100;62;100;74;74;55;75;100;59;52;88;53;52;77;93;57;53;57;58;58;52;55;56;86;57;100;57;52;53;57;53;53;102;52;53;100;93;91;100;60;77;55;53;57;61;96;81;59;57;63;57;62;90;62;57;56;59;53;100;53;107;94;57;60;59;53;61;52;55;102;77;100;55;100;53;56;58;85;93;100;206;56;57;100;90;90;62;52;100;57;58;89;88;100;62;58;57;100;88;55;53;100;63;100;100;100;112;53;53;57;66;59;125;100;53;59;53;204;57;57;55;53;100;100;53;53;55)
seed_19_level_6-4,1190,10688.977741003036,8163025,2860,(100;100;100;66;100;100;100;52;100;52;52;88;53;56;55;70;57;100;57;63;100;53;57;75;93;57;76;63;100;100;53;52;100;53;88;57;52;57;82;57;57;57;52;57;52;52;53;88;58;57;71;58;59;100;100;57;86;100;100;52;53;76;100;57;55;88;56;53;74;61;56;59;59;53;95;51;51;55;54;51;53;53;52;93;107;100;53;56;56;104;56;58;90;57;56;49;53;55;76;53;53;75;59;88;100;74;57;57;63;93;51;52;100;52;52;56;58;204;52;53;53;56;51;66;56;57;53;90;54;59;100;86;61;52;98;52;59;53;57;53;95;57;55;99;59;75;100;88;56;53;72;53;57)
seed_19_level_6-4,1196,11242.050428628922,8614515,3010,(100;52;100;100;53;52;90;60;71;53;53;62;86;100;88;100;87;55;52;100;88;57;60;69;64;55;100;53;57;100;100;52;52;53;64;93;54;52;56;53;57;57;88;76;53;53;63;100;100;79;55;57;53;100;57;53;86;65;90;63;60;52;57;54;57;75;52;78;62;100;100;57;93;90;52;49;55;53;60;56;52;63;59;88;53;100;53;217;55;88;57;100;88;88;57;75;75;82;60;100;60;92;206;53;100;57;100;53;56;56;51;88;57;51;52;72;52;53;57;104;150;88;65;60;100;88;100;100;57;201;100;86;52;59;52;52;73;52;52;98;57;100;60;58;57;57;53;88;52;52)
seed_19_level_6-4,1196,11775.331881284714,9035188,3154,(100;100;53;52;53;100;73;73;87;56;63;100;100;104;100;76;100;55;52;53;81;50;86;100;51;53;77;54;58;71;100;88;59;61;100;100;89;62;53;54;93;57;57;60;88;55;57;57;59;93;53;57;53;61;60;55;53;100;100;100;100;53;100;56;100;100;204;57;52;62;57;53;54;88;75;56;88;58;97;58;57;57;105;53;58;88;52;86;52;57;88;90;53;53;96;100;100;57;77;57;100;57;56;56;107;52;60;57;60;56;100;52;102;77;55;52;100;100;100;52;52;78;104;88;100;56;100;60;57;75;53;90;88;109;53;60;57;100;62;90;61;62;57;59)
seed_19_level_6-4,1196,12342.023120641708,9431682,3308,(100;87;100;55;63;59;58;55;53;58;55;52;57;167;57;57;57;57;69;57;75;57;53;86;52;61;100;52;52;100;53;66;88;54;100;55;53;100;100;100;56;57;100;74;53;56;60;52;53;52;53;56;91;87;52;58;54;100;90;200;53;52;93;52;51;51;57;56;53;61;59;57;88;53;75;57;96;94;53;88;60;90;100;88;93;56;52;62;74;53;52;60;100;59;61;75;53;53;52;67;57;57;56;86;80;62;97;100;52;53;100;62;52;100;52;57;90;91;64;58;62;57;57;115;57;57;57;51;58;88;53;57;57;57;90;88;57;56;53;53;52;79;74;53;67;57;57;100;53;58;57;104;53;84)
seed_19_level_6-4,1196,12895.771439790726,9833208,3456,(100;100;104;100;100;100;51;100;59;62;90;53;100;100;52;100;52;53;106;100;56;57;60;100;80;95;86;55;86;52;55;53;56;100;74;52;74;53;73;53;100;53;52;76;93;57;57;57;53;88;64;61;63;63;57;118;56;100;82;88;56;57;56;53;57;53;75;56;56;53;52;100;100;53;59;100;52;58;61;57;57;56;56;63;60;56;61;53;100;102;53;58;52;56;88;55;57;53;86;57;86;52;88;88;52;58;86;100;86;57;53;88;99;65;53;100;89;54;82;53;82;76;56;88;76;59;100;53;89;56;53;53;57;79;57;88;88;57;100;74;100;57;52;100;100;86;52;89)
seed_19_level_6-4,1196,13451.882332324982,10188398,3609,(100;53;92;52;54;52;57;88;57;57;57;74;59;52;100;57;75;57;77;101;56;51;57;63;68;56;52;74;54;89;60;90;53;86;100;54;57;65;87;58;51;63;52;57;89;61;55;63;52;101;66;62;86;51;53;59;51;52;52;58;51;49;52;87;57;53;71;53;100;53;95;56;84;57;53;52;52;57;52;90;104;76;57;52;57;52;88;88;52;53;87;56;57;52;90;50;90;100;75;102;53;57;53;53;69;55;58;53;53;59;52;86;88;77;74;53;53;54;56;100;57;57;53;58;53;96;54;81;100;161;56;57;83;53;55;90;57;63;57;86;63;55;52;52;59;75;51;55;59;100;75;52;53)
seed_19_level_6-4,1199,14009.999464273453,10599607,3762,(100;100;88;61;52;56;56;52;53;57;52;52;59;56;56;88;57;57;88;100;88;75;62;57;89;57;57;57;65;88;100;100;57;52;54;53;58;100;86;52;53;58;52;86;51;52;59;52;59;92;51;75;89;100;76;87;53;52;52;75;52;97;90;53;88;57;86;52;56;52;53;52;89;93;57;55;53;53;54;57;59;76;61;92;54;53;89;89;54;57;61;52;109;53;102;82;82;100;57;100;100;53;100;100;100;51;57;100;86;53;56;75;87;52;52;52;100;60;56;53;53;75;88;88;100;100;88;100;57;53;58;56;52;86;53;80;57;60;90;53;112;56;53;58;58;80;62;102;53;214;56;78;57)
seed_19_level_6-4,1382,14575.492267847061,11014642,3914,(100;100;100;83;100;100;100;58;59;53;100;100;100;88;52;54;55;52;97;55;59;58;54;59;88;60;53;57;56;57;53;100;53;57;56;53;88;56;65;88;52;52;57;93;52;60;57;57;77;55;93;90;75;52;51;103;53;52;58;67;50;55;53;55;87;53;97;86;98;68;54;54;53;58;61;100;52;92;86;87;57;50;86;75;89;51;58;73;53;56;88;53;89;53;57;57;57;88;53;53;53;57;57;53;86;57;62;57;62;93;53;56;57;100;55;62;86;52;53;74;54;57;52;53;56;56;53;120;86;101;53;52;102;52;100;173;57;56;234;53;53;91;59;100;52;53;56;100;53;100;100;79)
seed_19_level_6-4,1382,15125.35072851181,11474586,4063,(100;100;88;57;53;285;53;56;52;56;84;57;57;100;56;100;87;91;121;100;53;100;100;58;100;57;55;62;66;100;61;88;57;57;57;88;57;59;88;55;54;57;57;55;100;56;57;88;60;52;93;100;60;52;52;52;57;52;88;92;54;88;92;88;77;57;93;66;88;52;101;85;52;59;88;53;90;93;53;57;67;91;93;61;77;87;57;81;57;59;57;57;52;73;53;53;74;67;56;58;56;53;57;56;53;52;50;107;96;52;62;107;55;53;88;100;279;61;55;55;57;53;56;56;52;165;51;57;91;56;60;92;55;52;53;51;57;58;100;51;86;100;53;60;56;60;53;88;52)
seed_19_level_6-4,1382,15667.008456230164,11887124,4213,(100;100;100;76;57;52;86;66;62;56;113;52;88;118;56;96;52;92;52;52;57;58;51;53;52;58;52;52;100;52;88;58;53;88;52;56;57;57;57;57;51;88;56;57;53;55;52;61;90;65;57;54;56;95;62;63;88;57;74;60;56;100;89;107;52;75;91;55;52;92;85;57;89;75;109;56;60;57;63;90;105;57;59;57;60;59;100;100;100;58;56;54;100;52;100;59;93;53;94;91;57;53;61;78;57;53;63;65;58;93;65;57;57;115;107;52;52;64;52;57;53;59;66;88;90;91;56;62;100;51;55;56;88;93;210;57;150;53;85;58;57;87;66;57;56;93;58;90;62;53)
seed_19_level_6-4,1382,16209.077259778976,12279302,4361,(100;100;119;71;57;55;91;65;73;53;53;59;59;88;52;58;88;52;56;51;58;51;53;51;62;58;52;57;65;58;59;88;57;57;57;57;88;88;58;88;57;57;53;57;57;77;52;52;57;57;94;57;57;55;55;75;90;112;106;57;53;75;53;90;56;54;275;57;51;88;53;53;55;52;62;56;54;53;52;79;55;53;52;74;60;52;58;65;55;58;57;90;59;88;80;114;90;52;56;57;57;60;61;62;60;57;82;61;100;51;57;53;57;53;57;100;51;100;53;88;72;53;53;52;55;150;129;89;88;57;76;57;56;59;93;100;53;74;57;61;97;75;57;88;57;89;107;57)
seed_19_level_6-4,1382,16749.362334251404,12655834,4508,(100;88;88;52;58;52;88;53;55;53;53;57;100;67;57;85;88;88;100;88;58;57;88;56;88;54;86;57;100;54;53;53;88;57;53;57;57;57;88;57;88;57;74;53;57;100;57;89;96;56;59;54;100;86;55;52;59;55;58;75;59;58;59;57;63;107;53;52;75;57;91;57;75;59;57;53;57;93;77;57;58;103;76;54;100;52;52;100;100;52;62;53;100;63;88;53;106;59;57;88;113;52;58;100;59;104;105;59;100;106;61;57;57;110;89;53;52;56;74;56;53;52;52;53;53;58;53;53;53;53;107;62;53;52;107;53;61;91;52;78;88;75;57;74;52;92;52)
seed_19_level_6-4,1382,17297.7199010849,13007331,4657,(100;103;56;51;74;58;69;55;63;100;52;57;100;74;100;52;88;57;53;100;77;57;57;57;53;57;62;53;88;59;57;57;57;76;54;76;54;71;54;56;61;56;56;97;67;59;55;88;54;53;100;94;90;90;52;100;54;52;57;53;57;88;56;61;90;100;53;52;53;97;102;74;55;53;53;55;93;57;58;57;103;53;52;52;52;57;53;52;88;54;58;90;90;53;62;57;57;53;53;52;53;90;53;59;57;88;90;107;53;53;66;57;57;52;90;75;51;107;57;53;57;90;57;52;90;75;53;105;52;74;59;58;52;61;90;57;62;89;59;59;59;74;57;60;74;76;62;63;57)
seed_19_level_6-4,1382,17833.373655080795,13387687,4805,(100;100;103;60;58;100;53;96;110;63;65;53;100;55;53;56;56;100;88;55;59;59;57;53;88;62;57;57;53;61;53;88;57;141;90;55;88;57;51;79;52;53;74;51;90;100;52;54;51;61;97;58;52;90;87;53;89;59;53;93;57;53;51;70;52;71;86;100;60;56;52;66;57;55;88;62;52;52;58;52;53;53;58;52;57;105;88;49;59;76;50;53;58;91;57;88;88;100;52;53;55;52;56;88;75;57;90;106;55;57;52;53;59;90;57;61;109;93;53;104;88;53;88;93;57;59;53;107;71;75;58;58;61;57;57;55;57;57;59;57;74;57;74;105;150;51;84;76)
seed_19_level_6-4,1382,18370.054564476013,13777211,4953,(100;104;60;59;61;58;60;53;109;87;61;95;54;57;57;56;93;59;53;52;58;88;58;90;90;52;88;53;57;55;58;88;79;53;55;87;53;55;59;88;155;88;57;55;51;57;100;88;88;57;88;88;100;57;57;82;57;57;57;96;100;53;100;55;100;100;100;54;55;54;93;54;100;101;54;53;101;55;54;88;56;88;55;88;53;52;53;53;53;88;88;88;88;57;53;56;53;88;53;90;53;107;100;88;90;57;63;58;56;90;59;53;52;63;57;52;57;91;75;89;64;64;56;51;106;57;57;64;76;88;57;57;57;77;56;52;93;53;54;53;52;106;93;52;54;53;81;51)
seed_19_level_6-4,1382,18920.490711450577,14178673,5103,(96;95;60;90;74;100;89;100;96;90;89;53;53;93;92;61;100;58;54;91;59;78;100;53;54;90;151;55;57;112;57;59;57;53;66;159;66;59;57;68;52;100;92;62;53;61;88;57;53;56;100;98;61;93;104;53;52;53;99;53;102;53;90;57;57;57;74;55;53;76;56;52;52;63;93;57;104;53;53;57;82;55;106;57;53;53;88;88;52;88;57;90;55;53;88;88;59;88;52;61;53;86;69;55;51;88;53;59;88;52;88;57;53;88;53;53;96;55;53;88;61;86;53;75;53;76;54;53;54;54;88;88;57;91;58;55;59;53;58;88;75;53;57;61;55;88;61;62;57;88)
seed_19_level_6-4,1382,19458.848482847214,14538390,5252,(80;100;100;55;53;54;57;53;93;100;65;53;59;62;100;53;100;56;88;66;53;57;63;88;93;71;57;88;53;55;56;52;55;51;54;86;74;53;50;88;53;88;49;88;88;90;88;56;54;53;90;52;52;57;52;53;51;49;106;58;55;75;53;57;52;60;109;58;53;53;95;93;52;113;75;52;88;106;57;104;57;60;82;57;64;52;53;57;52;56;54;88;53;58;67;88;53;58;52;100;51;52;52;90;62;73;53;90;53;52;53;86;88;57;52;61;88;100;59;53;77;75;55;59;114;58;59;57;59;58;55;53;82;62;53;58;59;88;63;57;53;86;58;77;80;54;105;54;93)
seed_19_level_6-4,1382,20000.10287284851,14924881,5400,(77;55;53;59;57;104;100;58;54;100;100;100;75;100;53;76;53;51;57;62;57;75;56;88;88;52;54;53;92;57;100;57;100;100;54;51;100;67;100;57;100;100;53;53;88;88;75;100;100;53;100;88;100;100;57;88;88;53;88;57;52;90;52;57;73;57;57;88;88;88;57;53;53;58;53;55;88;56;54;57;57;53;57;57;88;76;86;52;100;60;55;55;74;53;59;52;58;54;58;90;94;57;54;58;62;55;53;54;54;100;54;64;53;86;55;106;106;109;53;58;104;59;53;93;65;57;59;58;97;53;57;58;52;95;53;61;57;57;52;58;90;57;53;100;93;57;63;88)
seed_19_level_6-4,1382,20539.73231101036,15266498,5548,(88;52;53;100;93;59;53;53;100;56;57;92;53;57;57;52;52;52;56;64;86;52;57;53;100;75;53;88;90;57;75;57;57;68;57;59;80;53;52;74;57;75;57;55;57;51;62;53;62;53;88;52;89;53;58;100;52;53;56;100;53;61;58;78;58;56;53;51;104;58;66;54;53;62;91;57;77;53;77;61;60;88;88;90;88;53;74;53;89;57;52;89;59;93;52;52;51;52;53;85;52;90;53;55;90;52;52;58;88;88;57;58;55;103;58;57;88;58;102;93;52;53;59;59;53;73;86;73;52;53;60;93;52;93;109;54;53;90;58;58;52;57;91;52;86;52;57;52)
seed_19_level_6-4,1382,21070.581015586853,15634813,5697,(88;83;51;57;90;57;100;56;57;53;88;57;53;90;57;57;57;53;55;57;88;53;74;53;52;53;104;57;54;57;57;54;57;71;85;104;59;57;57;52;58;57;78;86;57;75;53;64;75;75;54;86;58;53;88;57;57;50;63;52;56;75;62;104;58;56;57;100;56;53;88;77;88;56;57;52;62;88;88;88;109;102;88;56;88;57;90;90;88;55;61;53;86;58;52;55;55;53;50;57;59;86;52;57;88;56;79;88;86;53;52;88;90;91;58;104;75;57;74;57;58;74;53;88;59;104;90;52;102;93;58;57;90;52;53;55;58;53;104;63;95;51;73;88;57;53;53;104;57)
seed_19_level_6-4,1382,21616.9501581192,15983395,5845,(88;57;51;74;59;59;51;50;51;76;54;53;57;56;52;90;57;88;57;51;62;53;53;51;55;75;57;59;76;90;59;57;59;57;57;79;52;75;59;100;57;76;57;67;57;59;81;52;86;76;105;59;57;57;75;57;86;88;52;88;53;57;53;80;63;114;79;56;53;53;57;51;55;90;53;54;100;93;57;57;88;75;88;91;53;53;88;100;88;58;61;80;59;88;57;53;56;74;53;52;52;57;53;88;53;53;58;52;50;51;91;52;86;57;51;103;88;73;109;88;58;88;52;77;52;52;102;52;53;58;75;57;58;52;88;53;52;53;58;102;53;62;63;53;86;106;58;120)
seed_19_level_6-4,1382,22162.282229185104,16332634,5995,(88;51;57;88;57;53;51;88;52;88;51;52;53;75;52;56;53;93;57;57;75;86;53;90;58;51;88;57;52;53;51;58;58;57;55;54;53;53;53;53;57;58;56;52;51;58;57;57;88;51;88;55;63;57;53;53;107;87;75;53;75;100;54;56;74;57;55;54;106;58;57;76;60;52;56;58;57;54;57;93;53;59;88;100;58;94;90;55;86;54;74;57;51;88;56;53;56;97;73;56;52;61;114;51;57;56;53;55;60;63;57;53;106;100;90;57;104;96;66;93;58;62;104;63;53;52;57;93;55;96;110;86;93;52;52;57;61;53;53;52;88;106;52;53;52;57;89;53;88;53)
seed_19_level_6-4,1382,22711.314395189285,16697826,6146,(88;51;53;59;51;51;53;55;56;53;93;61;57;54;51;53;52;57;93;51;51;52;88;54;57;96;88;57;89;52;57;69;59;75;90;61;53;57;53;62;63;57;75;57;59;79;74;74;88;53;93;53;82;61;52;53;107;88;56;82;59;82;74;58;100;104;52;56;106;52;88;88;88;88;52;58;56;100;53;53;56;56;88;53;59;74;57;53;88;49;61;93;57;53;57;57;93;57;53;88;52;51;88;53;52;56;57;74;58;57;51;90;51;51;53;53;94;85;54;77;82;75;57;53;85;57;57;57;57;85;63;52;110;120;109;76;57;93;53;57;51;93;75;63;57;104;107;53;93;57;80)
seed_19_level_6-4,1382,23258.139693021774,17072814,6296,(88;56;53;88;54;55;57;57;57;58;88;52;93;57;65;57;63;53;61;88;88;52;57;93;57;59;57;75;57;88;50;57;88;99;57;57;53;88;55;56;56;53;56;58;88;58;90;74;107;73;59;88;53;55;56;104;90;88;57;54;53;57;74;57;52;86;58;57;82;93;91;57;91;59;58;57;88;86;54;81;57;57;57;88;57;53;88;64;100;57;58;57;80;77;55;86;54;54;60;60;53;90;57;55;88;88;88;112;93;57;116;53;75;59;55;63;61;109;109;53;57;57;53;53;57;58;77;93;57;57;52;57;79;104;57;53;88;58;56;77;88;93;53;53;87;58;93;113;53;57)
seed_19_level_6-4,1382,23793.64742398262,17428154,6446,(91;57;52;88;57;57;56;90;57;59;100;57;59;55;56;57;100;64;55;56;55;74;57;51;100;57;100;108;61;57;58;53;53;91;90;57;67;88;57;53;108;57;75;78;91;77;90;53;88;55;64;53;75;52;75;53;56;57;74;61;62;88;86;106;88;52;53;104;53;57;73;150;57;57;59;56;57;74;57;76;90;57;53;107;56;57;57;53;53;88;57;61;53;77;75;57;96;93;57;57;51;58;57;52;85;57;57;57;69;57;52;53;53;64;80;67;53;57;52;93;55;57;52;68;58;52;65;53;53;82;53;116;52;67;77;57;68;93;81;63;59;53;54;53;65;69;55;57;54;77)
seed_19_level_6-4,1382,24337.304114341736,17808668,6597,(92;74;58;62;71;55;86;59;62;74;78;54;89;58;60;57;54;59;53;92;55;53;86;76;60;77;75;58;56;58;56;55;65;88;88;80;59;75;57;58;55;57;76;57;100;57;59;56;59;92;53;53;61;88;79;57;57;53;208;57;53;57;59;74;58;52;63;57;77;53;58;95;90;95;87;95;86;57;57;54;85;57;53;57;81;88;98;56;80;53;63;52;81;57;65;53;57;57;59;82;84;88;57;55;75;57;55;56;74;57;88;59;57;64;60;49;57;88;57;88;51;109;74;55;104;57;52;75;56;90;74;88;59;76;75;57;57;61;53;90;57;88;88;107;54;75;88;88;64;52;88)
seed_19_level_6-4,1382,24891.093849897385,18220094,6746,(90;89;53;90;90;54;54;59;55;59;57;100;74;54;54;100;93;61;59;59;57;54;53;90;57;88;55;100;100;53;53;58;54;77;57;62;76;54;74;58;58;77;53;53;88;75;67;110;53;62;54;53;63;57;57;88;53;96;81;52;57;54;53;100;103;57;52;57;57;68;55;88;109;53;57;63;86;61;53;53;61;56;52;52;58;74;103;90;62;93;64;87;61;105;109;57;63;53;75;57;75;75;88;87;57;58;100;59;107;63;100;52;53;107;91;150;74;60;52;53;91;121;90;64;59;52;73;57;104;100;54;78;59;53;56;101;53;58;55;55;89;52;57;54;91;59;222;56;77)
seed_19_level_6-4,1382,25422.18442630768,18600606,6895,(74;77;115;53;54;57;54;92;66;126;58;100;89;90;80;55;87;59;57;52;57;58;107;59;74;60;110;63;57;88;59;58;76;63;56;59;55;53;55;100;63;90;90;88;54;52;208;57;57;80;67;52;53;61;53;57;53;52;110;77;93;100;52;52;52;65;68;53;57;57;57;57;52;102;53;52;55;91;53;61;52;56;60;54;57;57;52;52;88;100;57;52;73;64;55;57;80;56;57;56;88;52;55;75;53;52;53;74;53;57;57;104;56;52;88;99;74;107;74;52;53;52;100;55;57;56;106;74;58;52;55;97;74;53;77;74;100;55;56;57;86;95;88;85;78;52;55;52;58)
seed_19_level_6-4,1382,25974.34898686409,19061553,7044,(208;100;62;100;102;78;57;100;57;94;256;57;52;53;57;57;104;57;53;52;53;57;57;57;52;86;52;52;52;100;104;57;55;57;100;74;57;100;57;88;62;53;100;57;57;57;109;53;88;96;107;90;57;73;57;76;88;77;91;76;82;53;63;93;53;53;56;61;107;120;60;88;78;95;53;53;59;57;75;90;52;77;106;74;74;52;53;57;74;122;88;52;56;57;58;100;55;58;132;74;70;54;57;100;55;62;64;91;53;68;100;100;60;63;56;57;150;90;59;53;76;100;54;66;57;100;58;52;58;89;52;74;100;59;59;100;56;53;52;100;61;54;100;57;89;62;54;59;58)
seed_19_level_6-4,1382,26506.91849374771,19429915,7193,(90;76;58;95;58;75;57;58;79;100;58;62;63;90;59;59;60;54;58;94;56;61;87;87;59;63;90;87;108;79;61;59;58;57;100;77;59;53;60;54;58;57;53;53;168;55;53;93;57;53;52;57;100;53;98;53;57;54;104;82;53;52;57;52;52;75;57;55;58;146;53;52;111;52;93;62;78;68;57;62;57;57;112;57;54;93;51;57;53;53;62;53;54;58;59;56;52;93;58;62;88;94;88;91;83;73;52;75;57;52;82;53;63;57;52;91;89;52;56;100;63;90;88;52;53;52;53;58;88;52;63;58;53;53;73;107;57;53;58;52;57;77;64;88;53;88;52;57;52)
seed_19_level_6-4,1382,27077.009440898895,20009705,7343,(211;87;97;58;77;53;110;102;100;121;52;108;59;61;52;53;100;100;53;54;53;116;123;53;52;54;53;103;100;161;56;88;100;201;73;53;60;87;52;58;54;86;92;60;89;59;75;57;58;57;66;70;58;59;64;74;496;69;54;54;72;57;61;54;97;59;56;56;58;95;57;75;78;63;58;75;89;53;58;57;76;61;88;95;65;53;55;88;59;89;52;69;52;106;62;74;74;75;57;53;100;107;88;75;69;56;53;57;107;57;88;52;56;59;106;52;88;52;54;57;57;56;52;50;52;52;74;91;79;88;58;107;88;57;54;57;75;106;57;88;90;90;88;100;88;88;91;53;101;93)
seed_19_level_6-4,1382,27631.302286863327,20486297,7494,(74;90;102;57;75;74;93;101;88;57;53;57;57;52;57;53;57;75;110;59;74;61;67;52;52;58;53;59;53;82;75;62;56;53;99;74;52;90;88;63;107;56;76;93;57;204;58;88;65;61;57;107;256;52;57;80;59;52;57;53;108;74;100;59;100;89;60;80;58;52;201;55;57;61;90;55;51;52;53;94;73;53;118;86;52;52;57;57;52;75;103;53;57;92;52;86;52;73;52;106;73;58;100;52;59;90;84;107;58;52;75;63;55;76;75;106;89;55;55;88;107;73;52;88;91;104;79;95;89;79;86;73;57;90;91;75;91;55;58;91;57;75;67;91;90;57;94;59;57;107;58)
seed_19_level_6-4,1382,28181.22377538681,20988724,7644,(172;52;286;93;57;169;52;52;57;90;53;95;93;110;55;52;62;62;52;52;53;100;88;73;64;62;95;58;58;62;66;62;52;80;100;52;52;75;52;52;52;52;89;52;57;55;94;57;52;76;107;57;52;76;53;91;89;53;61;64;57;74;58;52;56;53;52;61;53;52;100;57;64;99;59;57;59;57;52;56;92;57;74;168;75;91;74;100;56;81;102;75;59;96;57;56;88;57;89;57;107;57;57;106;57;57;53;54;107;104;56;68;53;58;62;88;77;57;74;75;91;77;74;114;88;88;114;100;91;98;53;75;104;104;107;89;256;75;52;62;63;60;59;90;74;88;88;57;89;53)
seed_19_level_6-4,1382,28730.435568094254,21512063,7793,(73;93;82;63;58;53;100;93;102;57;57;75;56;52;57;59;59;53;93;57;63;57;57;79;79;69;52;100;88;53;73;57;57;57;201;53;75;57;57;57;57;59;53;99;77;74;53;223;104;58;52;57;96;89;52;108;211;55;161;78;109;88;73;108;52;52;52;167;96;53;75;52;208;100;103;52;98;52;79;55;52;58;55;52;55;58;52;52;89;104;201;92;55;52;58;118;74;52;57;63;52;74;57;88;91;88;113;58;57;74;52;87;88;67;216;53;77;57;79;57;107;53;73;91;90;59;63;57;58;75;53;57;107;57;57;63;56;53;107;77;57;61;107;114;50;59;56;63;58)
seed_19_level_6-4,1382,29272.867707967758,21987859,7943,(97;59;57;88;57;58;61;80;202;107;91;88;67;98;54;61;90;107;57;88;57;55;57;88;100;57;52;104;57;95;59;96;86;57;53;104;90;52;94;53;75;102;57;56;93;60;61;113;86;57;64;57;57;56;62;88;75;57;61;90;88;80;59;107;68;59;62;52;57;57;57;119;88;91;53;64;58;88;57;58;77;115;74;68;52;63;57;52;59;73;57;74;52;107;100;77;75;74;211;118;62;52;55;58;58;57;93;73;52;56;52;52;93;90;57;52;109;53;52;218;52;104;52;90;86;201;53;57;57;52;93;55;63;52;86;62;73;52;73;52;61;52;52;108;52;52;94;95;53;52)
seed_19_level_6-4,1382,29809.132842063904,22455108,8092,(74;58;61;62;77;56;56;53;88;90;56;91;55;52;58;54;52;61;74;57;67;56;86;62;57;57;107;74;58;59;74;91;65;59;89;53;57;54;73;75;53;90;59;61;75;63;87;75;59;88;57;104;58;57;104;91;53;113;64;61;88;56;59;75;57;52;57;57;57;104;57;57;57;61;59;56;57;52;59;57;58;56;118;57;103;61;57;202;107;53;57;54;75;57;57;92;57;97;211;74;52;53;52;62;100;93;73;103;52;53;67;74;201;79;53;52;58;77;52;55;57;58;114;53;102;78;58;58;52;89;52;64;123;89;99;201;94;95;52;86;52;52;211;89;94;109;57;53;52)
seed_19_level_6-4,1382,30352.75670027733,22948372,8241,(202;75;57;90;88;107;56;56;88;53;77;57;57;202;88;53;77;107;112;53;88;61;57;53;100;57;53;88;56;91;78;88;53;75;53;88;107;50;77;108;53;88;96;75;57;57;77;75;53;55;58;89;53;74;57;52;63;52;77;57;53;57;104;76;59;75;57;57;91;52;67;56;57;56;75;52;52;57;53;88;112;57;77;58;56;63;60;57;79;56;77;57;75;57;56;211;52;52;73;92;114;86;53;52;101;57;101;201;53;56;58;82;90;93;86;199;52;64;53;100;57;52;52;77;52;62;94;58;53;92;53;113;86;80;205;106;52;62;52;84;88;52;63;52;95;52;105;52;53)
seed_19_level_6-4,1382,30908.882085323334,23564286,8391,(104;52;56;59;76;100;53;57;57;59;75;115;52;115;52;53;54;52;63;57;75;52;61;57;202;100;56;57;109;52;52;57;52;57;56;59;93;73;57;77;104;53;53;53;57;96;88;53;77;90;53;88;86;88;57;77;57;56;53;88;59;61;77;57;57;57;53;89;91;57;60;250;53;55;88;57;57;57;90;107;88;57;92;91;52;57;58;57;90;88;53;93;201;102;57;73;73;52;62;104;52;52;73;92;100;211;201;62;52;57;52;52;62;87;97;57;93;55;86;52;201;57;62;55;52;58;52;211;100;56;58;55;100;212;92;52;100;52;88;202;100;211;105;73;100;57;279;58;53;86)
seed_19_level_6-4,1382,31462.40594148636,24188536,8541,(74;75;58;57;57;74;75;75;52;109;52;53;52;53;112;57;82;74;90;52;165;57;53;85;57;57;107;57;98;61;53;76;74;59;97;59;57;53;59;95;53;75;55;91;88;90;107;90;57;57;56;55;90;52;53;61;90;104;52;66;75;63;94;91;76;88;58;90;57;61;53;55;88;57;91;57;60;58;58;88;57;52;56;107;53;60;91;58;55;60;107;56;57;58;102;201;97;52;52;73;57;231;100;102;52;52;93;52;75;86;102;90;73;215;210;100;53;52;52;79;100;201;89;53;89;100;91;54;52;208;73;86;77;52;89;52;207;52;52;297;199;52;59;52;90;102;206;94;100;52)
seed_19_level_6-4,1382,32023.5362200737,24835347,8691,(234;53;56;53;60;74;53;53;53;54;74;63;52;88;106;52;55;57;78;74;54;56;57;54;202;88;88;88;53;88;57;57;91;88;51;77;88;56;101;81;58;112;59;88;61;57;104;57;88;53;100;97;104;56;91;88;57;57;76;51;51;58;59;107;56;55;77;75;59;59;75;55;57;57;77;88;104;53;57;113;52;64;63;74;93;57;61;56;57;52;204;57;52;57;57;58;53;53;97;100;100;52;62;62;52;52;201;79;104;86;52;249;249;104;201;86;55;80;201;93;52;106;75;57;52;52;55;73;73;93;216;66;217;201;88;65;74;212;94;210;52;58;52;52;73;52;52;52;89;52)
seed_19_level_6-4,1382,32570.585119724274,25460491,8841,(113;57;57;57;52;57;53;53;57;101;61;53;52;56;52;77;89;52;57;78;73;56;53;59;79;59;59;75;86;57;55;59;57;57;104;53;53;54;57;76;76;53;52;52;280;57;52;57;59;58;100;52;59;57;75;52;55;56;53;202;55;57;76;88;75;57;88;58;217;59;52;63;57;59;63;52;66;88;52;63;53;90;96;88;111;58;52;91;62;113;86;53;88;93;67;53;63;88;57;249;57;52;57;86;211;52;57;52;166;52;52;52;87;63;53;52;53;52;168;57;81;52;94;63;207;73;58;92;230;206;52;92;106;52;160;53;115;86;94;53;52;93;217;159;94;53;205;92;106;106)
seed_19_level_6-4,1382,33125.796820402145,26030180,8991,(74;57;74;76;69;75;57;53;53;56;57;52;58;114;216;52;63;53;52;76;52;86;53;98;51;58;57;75;104;116;61;75;51;74;50;58;57;53;75;57;115;93;61;52;56;62;52;110;53;52;88;53;52;58;57;107;55;58;102;88;100;90;57;88;63;58;61;53;105;74;70;53;89;100;59;75;51;57;73;57;213;107;51;113;79;77;90;80;88;114;59;88;53;58;88;57;53;107;53;86;52;62;52;105;175;55;107;55;52;84;53;78;86;52;207;52;55;52;57;52;164;73;92;55;52;100;52;160;55;78;63;100;200;86;52;52;53;52;206;55;85;79;206;92;53;220;73;74;100;165)
seed_19_level_6-4,1382,33669.94645357132,26550870,9141,(74;52;63;69;77;57;72;64;53;57;52;57;63;52;53;58;53;51;109;60;74;58;57;59;89;61;86;202;57;77;79;73;56;77;75;75;104;57;57;59;52;56;52;75;53;58;93;65;53;57;54;52;53;75;53;57;99;57;57;87;57;80;57;75;94;59;88;53;107;65;88;59;88;52;100;53;57;95;88;53;62;53;74;90;88;54;100;59;113;58;62;59;53;107;75;100;90;52;91;91;62;55;220;77;202;52;101;92;83;52;78;165;89;211;52;53;52;55;67;74;52;62;55;52;52;95;57;57;79;57;52;58;52;73;55;202;56;234;55;52;211;167;90;52;52;77;52;52;101;52)
seed_19_level_6-4,1382,34226.30956697464,27202985,9290,(74;89;57;109;88;57;54;74;77;74;52;59;52;75;79;52;102;106;57;53;57;90;77;55;69;52;57;53;75;53;57;62;57;53;113;88;88;51;54;57;90;88;91;91;107;88;52;57;91;54;75;57;60;57;57;88;85;88;91;100;90;51;88;88;100;53;51;88;57;57;77;56;67;52;63;53;52;102;109;172;53;84;56;113;52;61;52;52;54;113;60;52;87;57;53;63;62;104;91;55;57;57;75;201;63;53;89;207;212;55;58;201;52;52;74;86;57;52;52;212;86;52;223;57;57;207;52;65;52;211;52;52;201;52;100;61;57;160;210;86;92;52;55;202;166;201;52;201;52)
seed_19_level_6-4,1382,34782.39349484444,27854935,9440,(212;57;82;76;52;53;63;88;75;57;61;68;56;57;52;57;102;56;102;91;102;57;76;52;52;88;115;62;60;88;75;59;53;57;74;62;57;56;61;54;56;52;57;56;53;58;53;57;63;53;52;88;77;63;73;67;100;57;57;57;57;57;53;52;61;113;53;75;91;88;91;88;57;113;57;58;117;77;57;91;88;57;57;60;57;52;63;57;57;58;57;79;88;57;63;57;88;57;62;223;52;74;86;206;74;53;53;52;68;55;73;52;52;202;187;57;201;100;75;207;52;201;52;207;90;201;52;227;57;77;202;53;52;52;57;53;57;52;226;251;52;89;89;106;52;201;59;91;114;52)
seed_19_level_6-4,1382,35343.86179685593,28538271,9589,(107;54;52;95;52;74;100;52;76;53;51;54;53;106;57;57;53;100;100;53;52;55;54;52;53;57;74;54;57;101;113;57;73;88;59;104;59;57;114;52;51;109;104;57;88;60;51;57;57;105;107;74;104;57;57;73;55;86;63;57;75;88;57;212;61;75;88;57;53;52;57;53;57;109;53;75;89;52;63;57;88;93;88;77;53;57;88;86;93;79;63;85;120;57;101;107;251;55;73;52;73;76;56;53;57;214;169;52;53;52;201;76;90;100;52;53;92;52;184;202;86;65;59;211;52;57;201;206;201;87;55;73;52;73;206;101;219;76;202;86;53;73;58;233;94;52;52;76;112)
seed_19_level_6-4,1382,35908.00892996788,29296497,9739,(106;64;53;51;58;55;100;57;57;100;79;50;53;100;52;59;59;68;96;52;52;52;88;100;53;53;58;59;53;100;51;104;77;56;63;57;212;53;57;75;74;92;89;52;57;88;76;93;58;80;52;99;61;55;100;77;112;53;75;57;76;88;88;52;61;202;100;62;57;63;52;52;75;88;90;63;58;52;88;58;74;73;57;108;159;79;100;52;53;168;162;52;201;53;74;206;73;160;97;158;86;52;53;53;201;52;52;201;52;199;209;54;201;201;57;52;73;51;196;75;53;52;88;223;161;57;57;52;57;86;73;52;52;211;202;52;53;73;291;52;52;57;60;106;52;211;57;52;201;58)
seed_19_level_6-4,1382,36487.091277599335,30146741,9890,(75;75;58;63;98;57;100;77;64;51;100;56;53;79;62;57;59;96;190;75;83;91;104;90;96;91;100;105;88;58;95;53;100;93;202;57;52;57;59;88;88;57;59;89;108;88;52;52;87;56;53;88;75;59;88;89;63;63;88;61;88;88;51;109;53;57;88;88;76;61;63;64;88;57;57;58;62;88;52;58;88;291;210;195;206;52;280;52;201;91;58;206;53;58;107;53;53;53;55;52;159;86;73;108;90;91;52;201;238;52;53;80;53;158;92;168;96;89;52;73;55;52;107;209;57;211;201;53;201;161;53;106;207;107;201;99;65;201;52;57;52;201;56;74;52;53;86;52;52;55;172)
seed_19_level_6-4,1382,37057.84053063393,30988737,10041,(86;91;90;59;99;57;62;80;57;67;52;52;96;52;64;52;52;75;77;65;116;108;62;53;182;63;100;92;56;90;70;91;75;53;77;100;51;63;160;88;112;88;58;89;56;63;51;88;61;88;57;51;57;93;96;115;96;88;53;63;53;57;115;97;52;53;60;75;90;73;165;55;88;88;88;90;88;109;55;57;88;52;165;52;200;88;88;112;52;231;86;97;53;100;208;219;108;241;53;58;52;79;176;53;159;55;89;55;73;53;53;57;210;53;90;280;53;52;201;52;86;61;53;201;52;53;52;89;57;210;52;52;201;237;102;201;101;169;52;202;52;52;52;53;202;81;97;77;52;207;202)
seed_19_level_6-4,1382,37625.693796634674,31779426,10192,(79;74;100;88;75;100;63;70;77;56;90;53;76;53;81;57;79;77;59;77;75;111;57;77;61;79;65;202;86;55;60;74;59;67;127;202;75;100;53;77;57;57;57;90;160;61;57;58;57;54;106;75;202;57;88;85;61;52;57;88;54;57;52;55;64;63;58;75;57;57;75;88;93;93;54;59;88;57;57;106;101;52;56;121;231;52;291;75;55;93;59;161;59;81;89;201;62;52;210;102;92;57;89;56;53;219;60;206;52;57;52;52;159;210;85;58;53;52;105;57;52;93;99;53;201;209;159;58;201;161;111;202;55;55;53;53;201;202;90;52;58;74;53;85;52;89;158;59;52;97;202)
seed_19_level_6-4,1382,38201.89095950127,32733107,10342,(107;61;100;90;58;74;90;75;86;74;57;55;58;88;57;73;74;61;88;66;74;62;52;88;57;58;56;73;89;52;59;61;88;90;91;57;90;88;102;74;53;62;62;74;52;57;91;202;75;100;57;105;63;57;202;54;91;75;52;53;53;58;52;57;63;77;53;56;59;75;57;57;86;57;57;75;54;103;57;52;111;57;77;59;231;117;89;52;211;89;201;201;160;227;243;210;73;169;94;52;55;201;211;59;90;53;107;107;105;92;57;201;53;59;52;52;58;158;94;53;240;91;201;161;86;109;52;234;108;211;210;207;89;201;88;86;184;52;100;201;51;201;210;53;90;90;243;203;164;56)
seed_19_level_6-4,1382,38793.472987651825,33776384,10492,(93;57;57;57;88;84;58;75;58;75;98;75;57;74;90;91;100;53;57;101;91;90;74;104;100;61;59;202;91;58;73;54;88;75;96;88;88;91;88;102;61;57;201;88;77;75;74;107;61;94;88;59;58;61;57;64;75;86;62;54;53;57;56;57;73;60;90;75;61;64;57;57;88;57;57;57;219;53;62;234;86;102;90;222;52;202;100;199;211;104;87;160;55;52;57;75;202;86;277;202;57;86;88;52;73;86;207;53;52;201;86;95;57;216;52;90;234;101;58;202;234;89;89;202;272;58;52;86;86;161;53;53;202;61;222;201;53;200;205;86;57;202;211;240;52;165;252;90;161;86)
seed_19_level_6-4,1382,39363.913517951965,34528674,10643,(73;90;57;102;53;63;52;57;76;57;57;107;95;53;53;63;57;63;63;63;55;56;56;59;59;62;107;63;57;57;57;57;201;57;53;53;57;103;59;202;53;53;90;86;108;100;88;77;90;52;53;88;52;76;61;202;95;57;57;100;116;53;57;54;63;91;57;53;57;98;57;104;57;109;57;100;91;57;75;90;234;77;52;108;53;57;75;106;54;138;202;57;90;53;52;57;56;54;243;201;52;211;52;201;210;86;57;107;57;202;209;86;53;52;52;209;53;120;52;53;85;55;201;55;161;52;53;89;107;106;74;231;73;53;73;53;109;234;106;110;74;53;104;201;53;58;58;53;116;52;74)
seed_19_level_6-4,1436,39938.4161427021,35332213,10794,(88;75;63;63;57;52;105;64;59;107;91;57;63;88;57;59;52;52;55;88;73;58;61;57;75;57;75;52;57;57;88;57;107;88;59;77;56;57;75;59;160;57;91;56;102;57;78;79;104;53;202;57;77;107;57;73;100;58;53;56;57;57;73;86;53;75;88;84;58;100;169;75;75;89;53;57;53;75;57;74;52;61;53;57;202;102;52;65;52;86;52;160;242;52;209;202;52;233;74;103;207;61;68;63;201;58;53;104;106;53;59;86;53;52;207;201;243;86;161;104;53;100;58;89;104;234;104;57;92;202;75;89;158;53;202;52;201;93;234;89;160;61;212;59;52;88;52;89;105;86;53)
seed_19_level_6-4,1436,40514.799287080765,36091416,10944,(75;53;106;53;57;75;75;73;88;68;57;75;53;74;90;58;75;89;106;106;86;56;75;57;107;57;106;57;91;57;88;57;57;107;75;74;107;63;56;91;57;87;70;116;82;59;57;57;91;95;59;160;90;54;90;57;62;53;65;91;54;57;57;66;90;88;88;60;106;72;100;59;57;59;57;59;57;78;74;57;59;100;242;58;89;159;54;234;53;88;87;52;161;53;57;202;202;86;97;88;86;53;52;89;89;53;201;59;53;202;53;93;160;103;202;93;159;57;92;216;57;234;75;88;53;103;76;53;202;59;57;53;53;88;201;102;106;57;105;201;243;115;202;52;90;90;57;89;101;57)
seed_19_level_6-4,1436,41073.37576889992,36732485,11093,(101;213;87;57;79;92;57;115;53;52;74;90;57;57;88;91;100;75;57;86;57;104;52;88;52;75;59;57;89;58;100;57;91;57;52;56;57;55;88;52;102;74;53;57;88;57;57;57;57;107;53;107;74;62;75;88;57;57;53;88;107;57;55;57;53;57;56;57;63;57;63;212;107;56;62;53;53;63;57;75;52;74;218;52;52;109;89;52;73;57;61;58;52;86;58;108;52;86;57;88;104;75;59;110;52;52;159;202;73;52;58;62;201;57;52;232;157;100;56;102;201;201;57;52;52;86;61;75;53;160;61;56;104;52;210;214;89;213;53;53;52;89;73;202;108;57;52;52;52)
seed_19_level_6-4,1436,41660.90190386772,37689480,11243,(212;57;201;100;106;55;86;117;106;92;54;56;53;55;57;54;57;53;90;56;64;75;57;54;88;54;104;65;56;100;201;74;75;62;63;74;62;57;213;106;64;57;213;57;212;242;86;160;74;57;57;88;75;118;58;87;57;88;88;107;57;236;107;57;53;88;202;107;57;92;88;100;88;91;75;102;88;75;88;86;104;212;91;86;88;232;59;232;57;92;62;97;57;201;53;52;213;161;218;86;91;51;52;86;86;58;203;54;90;162;52;62;201;86;158;49;57;201;101;201;54;91;54;59;52;201;89;90;108;88;52;58;90;232;211;86;52;85;61;86;53;231;88;52;52;62;88;98;112;201)
seed_19_level_6-4,1436,42259.33620738983,38688062,11393,(75;61;102;57;117;57;211;90;211;77;57;63;212;57;74;100;75;90;74;202;63;76;100;75;63;88;100;63;75;53;63;202;75;211;54;75;54;82;56;52;87;64;88;96;233;104;159;75;100;68;115;108;53;75;57;52;104;119;57;62;58;202;75;57;52;57;202;75;202;74;88;87;79;118;86;272;100;100;75;86;57;202;202;160;138;202;107;75;75;232;54;207;103;86;57;221;58;57;158;52;58;58;56;74;61;201;74;59;202;57;54;52;57;52;60;160;89;98;160;85;201;57;52;86;201;232;202;76;210;59;53;86;86;59;54;203;52;202;91;62;58;52;59;158;52;86;55;53;89;161)
seed_19_level_6-4,1436,42836.39119076729,39516794,11543,(62;63;63;90;100;107;105;53;57;54;53;61;61;100;88;100;202;217;75;75;88;87;220;56;54;202;57;92;75;63;73;57;54;57;100;90;53;212;75;107;54;74;88;57;57;57;202;102;53;75;93;102;90;107;57;59;91;92;93;91;93;57;91;91;88;57;57;77;77;212;91;107;75;75;57;53;52;75;53;57;88;52;75;86;66;88;108;86;88;101;75;66;202;232;232;54;118;201;86;89;52;58;202;201;75;58;209;111;61;52;59;58;52;202;52;57;52;55;54;52;86;53;212;58;160;52;57;53;210;59;210;106;104;52;58;57;111;201;58;53;58;201;52;86;203;108;52;57;88;52)
seed_19_level_6-4,1436,43408.974487543106,40329031,11693,(217;63;53;76;57;63;57;88;86;202;55;202;162;107;107;111;202;52;167;58;202;63;90;57;55;93;75;64;75;55;63;69;74;88;107;61;77;88;107;56;56;202;217;212;53;86;104;107;109;53;75;75;55;53;75;75;75;91;52;100;208;57;64;53;57;119;272;53;57;61;88;96;53;88;62;67;86;100;91;104;87;52;53;107;88;116;104;53;58;75;91;202;232;57;57;53;55;52;58;52;58;57;52;52;86;210;201;52;53;201;52;58;157;52;89;57;62;55;201;52;59;52;56;86;52;57;86;74;53;75;52;52;52;213;59;210;210;57;73;52;52;52;57;86;59;52;52;86;74;201)
seed_19_level_6-4,1436,43986.562537670135,41064344,11843,(107;104;57;212;87;91;57;57;107;88;57;202;116;74;87;57;88;212;57;87;88;116;80;53;202;75;61;75;159;88;57;52;53;53;108;61;88;57;104;75;86;57;116;57;105;57;91;232;56;89;159;57;53;52;88;85;57;73;52;201;53;53;52;211;61;57;86;53;73;52;202;58;52;230;52;58;52;59;201;201;58;53;199;100;100;91;158;55;53;58;53;210;73;52;58;212;90;232;52;202;67;57;61;88;88;57;63;55;75;96;75;74;93;62;88;58;56;57;54;74;88;80;80;57;54;57;58;62;90;57;54;113;54;75;105;95;77;62;56;55;53;57;75;75;58;93;53;58;88;64)
seed_19_level_6-4,1436,44567.83972644806,41942591,11992,(88;53;100;53;57;88;77;88;88;52;88;88;88;57;75;91;88;88;63;54;90;55;77;88;53;53;75;89;68;75;88;216;52;88;88;57;60;202;77;75;57;88;162;241;75;60;160;115;100;75;57;57;57;51;115;86;79;63;52;92;57;75;57;91;87;83;75;87;57;93;86;108;91;75;75;57;115;53;202;53;75;57;57;52;52;72;79;88;92;68;202;75;57;160;209;60;210;58;52;211;58;161;211;59;58;100;270;58;230;58;59;52;52;52;59;86;201;52;52;158;160;52;58;52;100;58;91;201;52;232;52;52;52;158;89;89;201;52;52;232;59;52;62;201;160;52;201;201;210)
seed_19_level_6-4,1436,45142.94511342049,42688915,12142,(118;91;75;64;75;87;115;57;86;63;86;107;69;202;107;75;53;86;91;52;86;93;116;86;75;75;62;75;75;92;115;57;57;91;57;57;88;116;77;88;88;202;202;116;75;76;88;57;57;53;90;57;52;93;272;93;73;75;58;54;74;82;63;53;75;84;54;88;63;57;52;55;55;90;105;69;90;88;109;186;56;54;77;90;90;88;53;61;75;88;232;202;57;62;270;57;203;53;58;57;52;57;52;86;52;232;52;52;52;52;202;57;52;52;201;52;58;231;52;63;52;52;58;52;100;53;161;53;52;58;57;59;59;52;52;214;53;216;52;201;58;57;52;75;52;157;52;59;52;52)
seed_19_level_6-4,1436,45728.046436309814,43575986,12293,(75;75;53;53;68;52;81;57;55;107;80;107;79;63;53;69;88;74;60;55;88;74;54;73;55;79;59;89;55;93;55;89;88;52;63;88;88;88;58;272;88;57;232;52;75;243;201;230;52;89;57;52;52;52;202;52;161;201;52;52;201;52;52;75;52;52;89;201;52;201;52;52;52;56;201;52;52;52;52;57;57;52;52;269;201;201;201;161;57;62;52;52;52;52;52;52;231;201;58;53;86;88;57;107;57;86;57;57;202;202;57;88;88;61;104;88;91;159;57;212;118;88;107;57;57;88;115;104;57;96;104;202;57;53;57;103;75;92;202;88;117;75;88;202;75;117;53;88;57;57;53)
seed_19_level_6-4,1436,46300.91096019745,44336473,12443,(272;54;75;88;74;90;90;88;202;75;57;88;105;61;57;57;77;88;88;55;55;105;88;58;57;88;61;75;57;90;117;77;53;73;75;58;64;88;57;52;93;116;57;91;89;52;88;62;57;88;57;57;88;88;57;107;57;53;202;57;60;57;55;57;57;91;57;88;57;107;61;75;75;75;160;160;56;57;53;88;115;57;75;53;89;116;87;62;226;52;280;158;52;98;52;100;201;52;86;52;52;54;57;52;52;201;52;243;52;58;52;52;52;242;52;160;201;58;58;53;52;52;74;52;52;201;201;57;53;52;52;52;52;57;161;86;58;52;52;52;52;58;52;58;73;201;201;201;52;208)
seed_19_level_6-4,1436,46874.723546266556,45152392,12593,(86;57;51;87;202;57;111;53;202;53;75;53;107;87;52;107;57;86;57;93;53;57;209;88;88;57;57;57;53;53;202;53;92;53;100;90;201;57;107;57;52;88;53;86;116;272;53;75;88;88;212;107;88;88;88;58;88;100;61;202;75;93;58;77;63;75;68;88;88;57;57;57;58;56;55;96;64;82;77;57;54;59;57;59;53;61;243;52;52;57;58;52;58;243;58;104;52;57;58;57;203;207;100;52;106;240;73;210;60;158;89;202;75;212;58;52;52;86;58;52;52;58;52;57;232;52;86;52;52;52;203;52;202;53;52;52;73;52;58;75;52;52;53;52;52;242;59;52;52;209)
seed_19_level_6-4,1436,47469.88338136673,46184838,12743,(272;75;58;88;77;90;110;88;75;63;96;88;75;88;88;86;75;79;88;88;75;54;74;58;77;80;57;58;81;57;99;68;93;63;88;77;75;55;88;107;88;79;87;202;87;104;82;100;201;91;57;161;202;56;53;53;86;202;57;52;107;55;56;53;88;52;88;88;202;59;95;73;202;53;90;91;202;202;91;90;75;53;101;202;53;52;52;84;52;202;58;202;52;58;160;201;52;52;202;87;73;201;52;201;52;52;52;86;55;52;243;58;53;106;243;52;86;210;52;52;52;73;91;210;201;52;52;201;55;94;86;242;270;201;73;52;52;222;158;49;55;57;166;219;201;63;161;52;201;52)
seed_19_level_6-4,1436,48047.1818356514,46978467,12892,(75;91;88;96;90;77;88;54;160;53;55;88;158;74;75;58;57;63;88;64;53;57;100;96;57;64;80;59;89;174;57;74;76;58;88;75;53;100;107;58;76;89;52;53;91;57;106;86;52;93;58;57;57;57;57;56;52;88;107;88;74;82;74;53;202;62;53;82;75;114;53;272;88;57;57;104;52;104;90;57;53;56;53;56;202;88;57;89;53;53;94;73;52;52;232;201;58;201;52;56;58;86;52;52;52;98;58;52;105;86;61;52;52;52;211;75;158;86;201;73;52;52;59;86;232;59;52;52;89;88;73;86;201;57;232;52;161;73;234;52;86;201;86;52;201;210;231;86;212)
seed_19_level_6-4,1436,48634.93365955353,48017487,13041,(86;86;202;116;203;57;52;75;53;57;202;86;116;103;52;53;90;53;52;86;59;88;53;89;56;201;100;86;77;104;88;202;52;52;78;53;260;86;82;88;202;53;159;116;90;62;75;88;58;75;63;88;63;53;75;75;87;88;54;62;88;89;75;57;88;90;74;54;57;61;58;88;57;88;88;88;75;55;93;57;58;88;57;202;92;73;62;60;234;59;57;201;210;88;53;52;201;57;202;89;59;61;73;58;203;243;52;158;52;202;88;230;52;58;52;53;202;90;211;201;100;202;201;58;202;230;209;53;210;55;73;85;86;201;58;57;281;201;55;88;73;61;59;243;61;53;104;58;199)
seed_19_level_6-4,1436,49231.566279411316,49037636,13191,(63;63;79;91;88;80;62;63;80;107;56;57;89;58;88;57;89;88;88;89;60;88;57;54;57;55;88;77;96;57;57;88;91;88;88;212;219;76;88;72;52;58;57;58;105;74;86;74;53;90;88;91;57;58;57;79;53;57;100;100;52;52;86;75;104;52;53;61;127;62;72;90;98;68;83;53;102;201;57;57;150;53;53;115;53;202;234;234;160;57;160;186;52;52;52;52;52;57;52;86;52;52;60;52;52;52;54;52;201;109;90;201;52;218;160;202;52;102;234;52;58;52;52;201;202;202;243;59;58;202;201;231;57;201;240;52;86;234;85;75;270;201;201;211;199;52;201;59;56;232)
seed_19_level_6-4,1436,49822.942947387695,50042801,13341,(202;94;60;75;52;201;74;75;116;109;87;55;88;115;106;57;91;59;78;91;59;62;59;80;100;61;120;57;56;56;88;111;88;57;57;53;53;104;59;92;74;109;212;90;88;53;160;55;57;109;54;88;55;58;160;56;56;63;73;90;52;104;88;75;90;93;53;88;76;88;75;88;107;57;107;57;88;91;54;57;90;58;88;234;73;232;201;86;52;201;53;52;201;202;85;102;53;55;201;88;57;73;57;201;73;53;193;202;53;202;52;231;52;219;53;52;53;52;245;53;57;202;201;238;201;234;53;54;201;57;243;201;53;101;86;52;52;161;52;53;53;52;97;202;243;55;52;91;52;234)
seed_19_level_6-4,1444,50416.795615673065,51024803,13490,(159;160;88;57;150;75;57;113;92;88;201;150;87;77;115;100;53;62;53;59;202;88;96;53;56;53;77;76;77;56;53;57;104;59;52;95;118;87;77;61;68;88;88;57;165;88;88;79;75;88;105;88;107;88;102;95;106;95;107;75;88;75;57;55;57;96;107;75;75;88;90;88;61;75;105;57;57;74;57;74;57;75;217;101;86;160;53;109;201;201;101;52;57;86;76;158;53;73;64;53;201;57;73;245;245;52;58;202;57;57;202;201;52;100;202;55;161;52;74;64;202;53;280;53;57;232;101;57;52;52;211;201;209;57;202;77;52;57;202;160;52;56;101;58;230;59;75;234;209)
seed_19_level_6-4,1444,51022.475457668304,52233507,13640,(217;106;102;88;60;75;88;57;54;114;232;75;232;58;102;109;88;75;57;59;109;88;106;102;102;107;79;88;88;89;86;88;75;75;88;57;172;75;57;57;61;63;88;79;75;88;88;57;212;75;79;89;88;57;86;231;52;57;52;53;201;87;101;57;52;57;86;159;107;214;233;86;109;107;61;52;232;243;233;57;53;53;57;52;232;243;57;162;243;52;57;73;55;90;161;243;211;201;52;270;52;75;100;54;233;55;109;62;86;241;62;58;53;203;201;196;57;243;77;57;202;100;52;57;201;53;52;234;55;91;232;53;52;57;207;270;57;73;93;232;232;158;90;52;52;87;54;58;90;51)
seed_19_level_6-4,1444,51630.91428422928,53430262,13790,(232;101;88;107;55;75;105;55;75;54;53;57;57;61;271;106;88;249;86;57;202;107;88;75;88;57;73;88;74;88;75;102;272;88;75;88;86;57;88;251;200;53;74;91;88;88;74;105;88;202;75;57;202;106;118;212;88;102;61;88;100;99;85;232;52;56;86;57;53;53;53;53;55;52;52;73;232;201;245;101;50;62;53;59;55;62;57;201;75;234;52;57;105;73;233;201;90;52;91;101;56;58;75;243;162;202;75;55;218;234;53;109;90;243;88;201;271;73;201;235;86;73;75;232;100;243;57;233;73;86;61;158;74;232;52;73;73;57;73;52;57;201;73;89;49;86;53;161;53;53)
seed_19_level_6-4,1444,52257.95794796944,54766657,13940,(75;75;59;75;76;113;159;88;88;86;77;79;57;57;86;221;279;61;88;271;90;202;79;89;57;74;89;82;53;109;74;90;203;272;75;202;74;104;75;202;218;77;108;102;88;89;202;88;90;271;272;75;280;75;88;57;75;88;88;88;203;75;202;75;88;233;89;234;74;100;52;52;53;201;201;233;233;101;89;159;73;159;74;233;74;57;73;75;77;202;194;52;74;201;57;59;55;89;100;106;56;101;52;201;201;100;55;52;159;233;60;201;86;56;232;160;109;199;209;59;201;73;100;201;90;77;52;202;52;100;56;73;90;58;201;75;94;201;211;52;55;52;52;73;53;52;161;55;202;53)
seed_19_level_6-4,1444,52854.279514074326,55967822,14090,(76;201;76;106;77;74;107;74;88;74;52;204;217;54;109;75;74;104;53;88;54;62;77;102;90;217;90;74;210;57;217;231;89;88;57;89;74;232;57;57;115;88;107;203;56;58;52;90;54;90;113;54;272;103;74;75;53;52;54;74;76;98;57;52;58;52;90;74;91;233;232;86;200;201;73;233;53;201;88;233;100;202;88;57;157;52;100;55;56;90;232;57;101;100;199;270;159;62;100;84;63;201;55;55;55;53;218;58;209;52;211;53;53;62;55;56;57;270;75;52;232;73;75;282;270;201;53;56;163;100;73;75;52;52;59;161;77;52;57;223;57;202;59;52;211;64;66;57;61;201)
seed_19_level_6-4,1451,53484.756196022034,57461387,14240,(232;60;160;272;89;58;74;207;159;159;271;88;58;231;59;88;90;88;271;56;104;77;57;75;248;202;272;203;90;208;76;88;87;75;61;58;56;235;202;272;90;96;242;95;55;77;90;280;57;209;67;202;233;202;231;75;75;88;231;88;58;201;58;99;57;57;161;53;233;86;100;73;52;73;53;99;86;90;218;55;158;52;201;73;102;57;73;73;78;58;243;243;91;52;281;158;55;57;59;159;52;73;73;270;201;52;89;52;53;74;77;73;73;55;199;74;201;234;73;53;77;52;253;86;53;57;233;242;201;200;233;63;62;53;86;61;233;57;57;100;55;158;91;73;100;91;202;89;89;63)
seed_19_level_6-4,1451,54092.21341300011,58660294,14390,(253;73;52;53;52;52;89;270;107;53;76;57;57;88;73;52;243;100;61;90;220;233;54;160;52;73;52;201;53;100;86;75;58;62;52;53;56;53;52;233;56;233;76;185;86;89;55;103;61;60;233;221;242;52;73;52;241;89;269;57;61;272;194;61;52;53;271;209;58;73;100;159;78;201;233;76;88;56;202;90;74;103;57;101;88;231;271;52;52;63;74;57;57;89;209;76;93;98;89;78;202;202;77;104;56;76;73;109;59;74;106;74;52;78;58;58;89;53;59;58;231;57;74;104;91;52;201;202;234;73;160;91;57;58;74;57;94;202;79;213;101;57;90;231;106;57;53;105;76;56)
seed_19_level_6-4,1451,54715.17339873314,60205159,14540,(74;231;53;56;58;202;271;54;271;54;74;202;99;90;201;202;55;53;60;74;55;74;213;88;62;272;54;271;58;98;201;75;55;75;101;113;201;52;201;53;54;201;57;58;102;109;87;90;95;202;74;204;231;57;159;274;89;55;214;160;60;271;74;202;55;75;58;56;201;60;106;231;74;253;55;73;52;201;58;73;52;73;53;88;209;158;209;73;233;52;87;100;159;245;75;52;234;73;59;201;86;52;158;52;62;53;200;94;86;74;90;233;73;233;73;106;232;201;59;73;201;201;52;201;53;52;94;52;209;270;201;58;107;233;218;193;233;57;270;58;202;52;58;64;201;56;201;89;53;73)
seed_19_level_6-4,1451,55328.44320893288,61617919,14690,(201;53;52;59;52;90;101;76;56;76;74;202;201;89;53;53;90;74;114;57;57;56;63;201;54;94;58;202;232;95;57;57;162;74;57;56;160;56;101;58;231;100;234;201;88;53;57;105;73;58;57;109;58;74;101;231;52;54;56;86;88;272;53;74;55;88;201;202;202;58;106;202;57;56;253;201;61;201;100;57;58;58;73;201;211;89;201;233;52;52;243;210;52;233;88;86;86;52;55;209;61;52;89;233;52;201;233;58;243;75;58;203;57;61;270;52;73;201;89;281;202;53;85;202;91;57;243;233;57;203;233;89;57;52;52;202;235;86;58;52;280;58;58;73;159;235;52;52;201;201)
seed_19_level_6-4,1451,55938.85744047165,62952349,14840,(232;202;106;53;75;53;232;57;271;52;53;56;57;271;58;53;89;202;58;107;52;202;53;211;88;82;102;202;88;75;74;89;74;88;201;58;74;231;57;272;53;60;74;57;52;201;54;62;202;58;57;56;74;57;53;74;58;58;231;56;231;95;53;74;272;159;56;57;253;201;88;270;52;280;75;89;53;76;53;54;233;201;53;52;61;272;53;57;53;59;57;57;57;234;270;58;233;86;251;73;60;52;201;91;106;86;245;52;203;53;53;88;243;57;73;61;57;53;52;58;232;270;57;86;210;233;86;91;58;86;76;52;52;59;57;270;195;52;58;58;100;61;89;233;89;53;61;58;89;52)
seed_19_level_6-4,1451,56547.14216709137,64212870,14990,(232;90;202;88;202;77;56;231;52;202;75;271;57;53;231;88;74;90;57;272;74;88;75;56;57;58;184;74;202;74;57;93;77;61;56;61;74;88;213;104;52;58;88;88;88;58;90;61;56;53;52;74;56;56;89;201;201;74;202;74;235;231;57;55;231;88;93;59;59;75;159;253;61;89;243;57;52;52;61;58;232;53;54;56;233;52;52;58;234;52;209;106;202;52;52;91;201;201;272;53;201;161;53;60;233;58;211;58;98;61;53;52;52;52;232;234;88;162;75;52;59;73;53;199;76;243;53;61;272;89;87;52;53;53;52;91;74;270;53;91;53;57;52;201;89;52;234;86;61;52)
