seed_30_level_4-2,466,491.02313137054443,417141,150,(48;100;59;100;51;51;41;44;100;53;41;54;100;54;41;51;45;100;50;41;100;41;100;47;100;100;57;100;52;48;100;100;48;100;48;41;55;61;57;61;51;100;63;48;58;51;100;41;100;100;51;100;100;100;45;100;71;100;54;43;100;100;41;41;41;43;100;40;100;100;44;53;40;100;100;100;40;69;100;58;100;43;100;100;45;45;100;42;42;100;51;100;100;42;100;61;100;100;100;100;100;57;100;52;67;100;100;41;44;52;52;51;48;53;44;64;42;100;100;59;41;41;100;100;100;42;68;41;100;100;100;51;150;51;41;100;100;100;55;58;45;48;41;100;60;48;43;47;51;100)
seed_30_level_4-2,466,990.5583500862122,828642,300,(45;100;100;100;100;100;100;100;100;100;100;100;100;100;100;100;100;100;100;100;100;100;100;100;100;100;100;100;100;100;100;100;100;100;100;100;100;100;100;100;100;100;100;100;100;100;100;100;62;100;100;100;100;100;100;100;100;100;100;100;53;43;57;51;41;51;41;41;52;43;41;41;51;41;41;42;42;51;41;52;51;42;41;41;41;41;41;48;51;42;42;41;45;47;58;53;45;45;54;48;50;40;40;57;52;48;44;44;44;48;48;45;44;48;47;48;41;44;44;45;51;51;54;55;71;61;51;58;54;57;51;51;58;53;54;53;69;58;52;57;55;62;59;60;63;64;62;61;67;150)
seed_30_level_4-2,661,1488.8418140411377,1250314,450,(100;100;100;100;100;100;100;100;100;100;100;100;100;100;100;100;100;100;100;100;100;100;100;100;100;100;100;100;100;100;100;100;100;100;100;100;100;100;100;100;100;100;100;100;100;100;100;100;100;100;100;100;100;100;100;100;100;100;45;50;43;57;51;41;51;41;41;52;41;41;51;41;41;42;42;51;41;52;47;42;41;46;42;41;41;51;45;42;42;41;45;47;53;45;45;45;41;54;48;40;40;52;48;44;44;44;45;48;45;48;48;47;48;48;41;44;43;51;56;54;55;71;61;100;58;51;58;54;51;51;58;53;54;53;68;58;57;57;69;51;55;59;60;131;63;64;62;61;67;150)
seed_30_level_4-2,661,1991.0595257282257,1671064,601,(100;100;100;100;100;100;100;100;100;100;100;100;100;100;100;100;100;100;100;100;100;100;100;100;100;100;100;100;100;100;100;100;100;100;100;100;100;100;100;100;100;100;100;100;100;100;100;100;100;100;100;100;100;100;100;100;100;100;100;100;53;52;57;51;41;51;41;41;48;41;41;51;41;41;42;45;51;41;52;42;41;41;42;41;47;51;41;42;42;48;41;45;47;56;45;45;45;48;51;47;48;40;40;53;48;50;44;44;44;48;42;48;48;47;48;41;43;44;51;54;51;55;71;61;40;51;58;54;51;51;58;53;60;54;53;69;58;69;40;57;55;59;68;63;64;62;61;67;150;62;60)
seed_30_level_4-2,661,2493.1407384872437,2091523,752,(100;100;100;100;100;100;100;100;100;100;100;100;100;100;100;100;100;100;100;100;100;100;100;100;100;100;100;100;100;100;100;100;100;100;100;100;100;100;100;100;100;100;100;100;100;100;100;100;100;100;100;100;100;100;100;100;100;100;100;100;50;42;53;57;51;41;51;43;41;41;42;51;41;41;42;45;51;41;52;42;41;41;45;41;51;41;48;51;50;42;42;40;47;41;45;46;45;44;45;47;52;48;40;40;48;57;44;44;45;48;44;48;48;48;47;48;41;44;44;51;54;51;55;71;52;61;51;58;56;51;51;58;53;57;54;53;68;58;69;57;55;68;59;59;51;63;64;62;61;67;150)
seed_30_level_4-2,661,2994.127505540848,2509276,902,(100;100;100;100;100;100;100;100;100;100;100;100;100;100;100;100;100;100;100;100;100;100;100;100;100;100;100;45;100;100;100;100;100;100;100;100;100;100;100;100;100;100;100;100;100;100;100;100;100;100;100;100;100;100;100;100;100;100;100;100;53;42;57;47;41;51;41;41;51;41;41;42;42;51;43;52;42;47;41;42;41;51;41;51;45;52;41;41;48;43;42;40;53;47;41;45;45;45;100;48;40;45;48;52;47;44;44;45;45;48;44;48;48;48;48;48;41;44;44;51;54;51;55;71;61;51;58;54;51;51;58;53;56;53;69;58;69;57;57;57;62;55;60;59;63;42;62;61;67;150)
seed_30_level_4-2,661,3499.759610891342,2922698,1052,(100;100;100;100;100;100;100;100;100;100;100;100;100;100;100;100;100;100;100;100;100;100;100;100;100;100;100;100;100;100;100;100;100;100;47;100;100;100;100;100;100;100;100;100;100;100;100;100;62;100;100;100;100;100;100;100;100;100;100;100;100;50;43;57;41;51;41;41;51;41;41;42;42;51;52;42;41;47;41;51;41;51;52;41;41;48;43;42;40;53;47;41;45;43;45;47;45;64;47;41;45;48;48;40;48;52;47;41;44;48;45;48;44;48;48;48;48;41;44;44;51;54;51;55;71;61;51;58;54;51;51;47;56;53;53;68;58;52;40;51;57;55;68;59;59;63;61;62;67;150)
seed_30_level_4-2,661,4009.7889652252197,3344701,1202,(100;100;100;100;100;100;100;100;100;100;100;100;100;100;100;100;100;100;100;100;100;100;100;100;100;100;100;100;100;100;100;100;100;100;100;100;100;100;100;100;100;100;100;100;100;100;100;100;100;100;100;100;100;100;100;100;100;100;100;50;43;57;41;51;41;41;51;41;41;42;42;51;52;45;41;41;51;41;51;52;41;41;48;41;41;43;42;40;54;53;42;41;45;46;47;45;42;51;50;46;42;52;44;58;57;45;44;47;45;48;44;48;48;48;48;48;41;40;44;43;51;54;51;55;71;61;100;51;58;57;51;51;56;57;53;100;69;51;69;51;55;60;59;62;64;63;62;61;67;150)
seed_30_level_4-2,661,4509.67773604393,3747176,1352,(100;100;100;100;100;100;100;100;100;100;100;100;100;100;100;100;100;100;100;100;100;100;100;100;100;100;100;45;100;100;100;100;100;100;100;100;100;100;100;100;100;100;100;100;100;100;100;100;100;100;62;100;100;100;100;100;100;53;100;100;100;50;43;48;57;41;51;41;41;51;41;41;42;42;51;52;41;41;51;41;51;52;41;41;48;41;41;49;51;45;42;42;42;58;47;53;46;45;47;45;40;45;47;52;45;48;44;44;47;45;48;44;48;44;48;44;41;46;43;45;51;54;51;55;71;61;58;51;58;52;51;51;57;57;53;69;53;59;51;58;55;68;59;59;64;63;61;61;67;62)
seed_30_level_4-2,661,5004.97879576683,4158544,1502,(100;100;100;100;100;100;100;100;100;100;100;100;100;100;100;100;100;100;100;100;100;100;100;100;100;100;100;100;100;100;100;100;100;100;100;100;100;100;100;100;100;100;100;54;100;100;100;100;100;100;100;100;100;100;100;100;100;100;45;53;42;48;54;41;41;51;41;48;51;41;41;42;42;51;52;41;41;51;41;51;52;41;41;41;41;51;42;48;41;43;42;47;53;45;47;45;45;54;51;48;45;45;40;52;44;44;44;47;45;48;44;48;48;41;45;48;43;51;54;51;55;66;45;100;40;58;57;58;54;52;51;58;57;53;54;53;69;58;57;69;52;68;62;59;62;64;63;150;61;67)
seed_30_level_4-2,661,5502.562595844269,4581927,1652,(100;100;100;100;100;100;100;100;100;100;100;100;100;100;100;100;100;100;100;100;100;100;100;100;100;100;100;100;100;100;100;100;100;100;100;100;100;100;100;100;100;100;100;100;100;100;100;100;100;100;100;100;100;100;100;100;100;100;100;45;50;43;45;51;41;51;41;41;42;42;51;52;41;41;51;41;51;52;41;41;41;45;43;42;48;43;42;42;41;41;53;45;47;45;45;44;52;41;100;48;45;40;52;48;44;44;61;48;42;47;45;48;48;48;48;48;41;40;43;44;51;54;51;55;71;58;58;54;51;55;57;53;56;53;44;51;69;58;54;57;57;60;59;131;64;63;62;61;67;150)
seed_30_level_4-2,661,6003.6082265377045,4999617,1803,(100;100;100;100;100;100;100;100;100;100;100;100;100;100;100;100;100;100;100;100;100;100;100;100;100;100;100;100;100;100;100;100;100;47;100;100;100;100;100;100;100;100;100;100;100;100;100;100;100;100;100;100;100;100;100;100;100;100;100;100;57;53;43;51;41;51;41;41;42;42;51;52;41;41;51;41;51;52;41;45;41;41;42;41;41;48;42;51;54;68;41;42;58;42;53;45;53;45;45;51;57;48;46;40;52;45;48;44;44;48;47;45;48;48;48;48;41;46;43;44;51;54;51;55;71;61;58;58;56;51;54;51;54;53;69;58;51;40;57;51;55;68;59;64;63;62;61;67;150;62;41)
seed_30_level_4-2,661,6499.390258073807,5420101,1953,(100;100;100;100;100;100;100;100;100;100;100;100;100;100;100;100;100;100;100;100;100;100;100;100;100;100;100;100;100;100;100;100;100;100;100;100;100;100;100;100;100;100;100;100;100;100;100;100;100;59;100;100;100;100;100;100;100;100;100;54;43;57;45;43;41;51;41;41;42;42;51;52;41;41;51;41;51;52;41;41;41;41;42;47;41;42;51;42;41;51;45;47;45;47;42;41;60;45;47;45;45;48;40;43;57;44;44;48;47;45;48;48;48;48;41;45;40;43;44;51;54;51;55;71;61;40;58;58;57;51;51;53;51;57;69;54;53;69;58;57;59;55;60;150;64;63;62;61;67;150)
seed_30_level_4-2,661,7005.152225017548,5839781,2103,(100;100;100;100;100;100;100;100;100;100;100;100;100;100;100;100;100;100;100;100;100;100;100;100;100;100;100;100;100;100;100;100;100;100;100;100;100;100;100;100;100;100;100;100;100;100;100;100;100;100;100;100;100;100;100;100;100;100;100;42;100;57;41;51;46;41;42;42;51;52;41;47;51;41;51;46;41;41;41;41;42;41;42;51;41;48;44;48;53;51;42;58;47;47;41;45;49;45;45;44;45;50;42;48;40;48;44;48;47;45;48;44;48;52;48;41;44;42;51;54;51;55;71;61;69;58;58;54;51;51;51;53;68;60;53;52;58;40;51;57;55;62;68;64;63;62;61;67;62;150)
seed_30_level_4-2,661,7497.961473226547,6253949,2253,(100;100;100;100;100;100;100;100;100;100;100;100;100;100;100;100;100;100;100;100;100;100;100;100;100;100;100;100;100;100;100;100;100;100;50;100;100;100;100;100;100;100;100;100;100;100;100;100;100;100;60;100;100;100;100;100;100;100;100;100;42;57;41;51;45;41;42;42;45;52;44;51;43;51;52;47;41;41;41;42;41;42;51;41;51;45;48;43;42;53;41;47;41;45;45;45;45;44;41;48;47;48;42;52;57;44;44;44;48;47;45;48;51;48;48;41;40;43;51;54;51;55;71;45;54;45;100;58;58;54;51;51;51;51;53;68;53;58;69;57;55;60;59;59;64;62;62;61;67;150)
seed_30_level_4-2,661,7995.237092494965,6671821,2403,(100;100;100;100;100;100;100;100;100;100;100;100;100;100;100;100;100;100;100;100;100;100;100;100;100;100;100;100;100;100;100;100;100;100;100;100;100;100;100;100;100;100;100;100;100;100;100;100;100;100;100;100;100;100;100;100;100;100;100;50;43;57;41;51;41;41;46;42;51;52;41;51;51;52;47;41;41;42;41;42;51;41;45;41;41;42;61;40;41;48;42;42;53;47;41;45;45;45;46;47;40;41;50;65;48;51;40;44;44;44;48;47;45;48;48;48;41;43;44;51;54;51;55;71;58;62;54;51;51;51;55;100;54;53;68;53;58;69;41;51;55;60;59;59;64;63;62;61;67;150)
seed_30_level_4-2,661,8420.684137105942,6977049,2533,(100;100;100;100;100;100;100;100;100;100;100;100;45;100;100;100;100;100;100;100;100;100;100;100;100;100;100;62;100;100;46;100;100;57;100;51;51;52;42;41;44;41;41;42;100;41;41;42;100;51;51;41;47;47;69;41;51;41;41;41;41;50;64;58;46;47;41;42;44;42;54;51;53;45;100;44;45;47;100;41;44;40;39;57;43;44;44;44;56;41;42;43;58;51;41;51;59;54;51;52;100;51;41;51;59;69;47;58;67;52;100;48;48;59;40;41;62;53;43;58;59;46;67;47;65;150;51;51;57;49)
seed_30_level_4-2,661,8899.750331163406,7341843,2677,(100;100;100;100;100;100;100;100;100;100;100;100;100;100;100;100;100;100;100;100;100;42;100;100;100;65;100;45;42;42;45;47;57;100;100;41;47;48;52;100;54;45;100;51;51;51;52;43;39;42;41;100;48;43;51;51;61;51;41;47;41;47;41;150;53;150;51;40;62;100;51;41;41;44;44;41;44;44;44;74;82;100;44;41;53;45;55;57;44;42;48;41;150;43;51;42;74;64;69;100;51;100;47;51;46;54;54;41;41;68;100;50;68;74;50;58;100;62;59;51;56;51;59;41;41;59;62;100;100;51;43;41;59;100;40;41;59;45;59;51;67;100;49;100)
seed_30_level_4-2,661,9416.892309427261,7733975,2833,(100;100;100;100;100;100;100;100;100;100;100;100;100;100;100;100;100;100;57;100;45;100;50;42;51;47;56;76;47;82;52;45;41;65;41;41;67;62;59;51;41;54;100;68;49;100;52;58;43;64;41;69;49;61;57;42;100;42;48;43;52;100;100;48;42;100;41;46;41;41;41;44;45;51;42;45;100;47;44;48;47;51;100;48;100;49;48;44;51;41;41;44;41;100;41;59;100;41;62;56;43;51;53;51;53;48;150;150;42;44;41;100;41;41;73;54;63;40;51;41;41;48;51;40;54;46;74;49;53;122;43;100;52;71;60;41;51;50;40;150;51;40;41;150;100;100;50;150;100;100;51;59;47;43;41;111)
seed_30_level_4-2,661,9941.804530620575,8134510,2990,(100;100;100;100;100;100;100;100;100;100;100;100;100;100;100;57;100;100;50;51;100;56;100;65;45;45;100;48;72;100;44;44;41;51;41;41;47;48;66;48;44;70;100;100;100;42;41;53;69;100;59;71;49;78;45;100;41;57;51;44;54;41;41;42;41;41;41;42;82;100;46;47;49;100;47;58;100;52;51;44;44;51;60;40;150;60;100;51;39;40;60;58;52;61;53;44;51;59;44;48;48;47;45;63;82;100;100;53;48;118;40;48;52;59;42;51;43;62;48;51;100;54;69;72;44;73;43;150;41;64;43;62;58;62;72;51;53;67;100;100;49;111;48;39;45;39;39;150;100;45;48;45;122;100;50;47;150)
seed_30_level_4-2,661,10456.619164705276,8521953,3147,(100;100;100;100;100;100;100;100;100;100;100;100;100;57;100;100;100;43;50;51;72;50;45;51;48;82;51;100;100;68;58;100;50;42;41;100;44;41;45;41;41;65;48;100;41;40;41;72;44;44;44;42;62;54;150;60;60;100;52;44;150;41;100;40;51;55;48;100;51;67;41;40;65;58;58;51;55;60;57;150;58;41;44;41;51;41;39;39;68;59;84;57;59;41;40;54;51;71;54;60;51;51;53;60;100;57;51;41;100;70;41;68;47;59;41;50;100;69;51;40;54;62;54;53;41;59;52;100;100;60;53;48;51;39;39;118;48;47;61;150;48;150;100;60;53;100;50;62;52;42;52;122;64;68;62;44;43)
seed_30_level_4-2,969,10982.72023844719,8961527,3305,(100;100;100;100;45;100;100;100;100;100;100;150;100;100;57;51;50;43;50;45;54;41;44;44;44;62;66;64;45;100;52;43;51;51;41;65;48;62;48;51;58;51;41;41;44;50;186;100;65;63;47;48;82;70;41;59;51;41;44;41;44;150;40;41;73;43;72;48;52;111;57;40;62;51;54;39;54;47;58;150;45;48;55;54;54;59;53;100;68;150;42;63;100;41;46;44;100;42;41;55;100;100;51;100;59;50;53;100;70;69;62;55;48;41;70;59;52;69;45;67;66;100;150;49;62;150;54;62;76;59;62;44;39;68;100;67;100;100;60;51;100;74;59;150;100;150;100;58;122;100;64;57;61;118;48;49;45;50)
seed_30_level_4-2,969,11522.482444047928,9404423,3467,(100;100;100;100;100;100;100;100;100;100;100;55;44;53;68;66;100;67;44;42;100;44;51;42;150;45;100;44;41;44;44;75;44;46;41;50;44;38;100;50;53;100;51;45;48;43;44;72;100;48;48;44;100;42;52;59;52;46;43;58;61;100;60;54;40;44;52;45;150;100;68;44;41;60;66;44;57;51;41;48;51;59;51;41;54;41;41;46;55;52;56;100;150;51;150;100;70;48;65;51;150;66;62;66;114;100;54;49;59;51;41;41;66;60;51;51;63;43;100;100;59;62;51;56;150;66;43;41;150;68;42;51;62;44;43;53;118;46;40;40;122;63;46;41;100;114;54;51;54;150;44;44;44;45;186;60;61;48;150;100;100;69)
seed_30_level_4-2,969,12044.231057167053,9852116,3625,(100;100;100;100;100;100;100;100;100;100;100;100;45;63;100;100;43;45;38;49;45;50;70;75;44;100;44;150;55;43;48;41;51;41;47;41;58;59;100;56;44;42;44;44;44;53;55;51;51;45;54;62;44;60;48;50;57;51;41;59;43;48;55;100;45;150;128;100;60;41;61;66;41;51;63;66;52;47;150;42;100;53;62;53;44;150;41;116;44;46;65;65;51;111;67;59;41;55;40;100;150;41;53;46;51;69;58;52;58;52;114;47;44;150;45;122;54;100;40;66;46;44;45;150;57;51;44;41;150;41;54;54;55;59;62;44;40;41;118;100;46;48;48;111;51;51;39;51;150;44;65;42;150;185;55;49;66;150)
seed_30_level_4-2,969,12561.386690616608,10297858,3782,(100;100;100;100;100;100;100;100;100;100;44;42;55;54;39;47;45;100;56;51;47;55;100;100;45;43;41;41;44;41;44;54;44;48;44;44;59;43;43;46;43;100;100;38;41;46;43;150;58;50;75;100;45;100;51;100;40;41;66;46;49;57;100;51;59;66;46;66;70;59;51;62;48;69;46;100;100;59;44;54;62;150;39;52;48;61;43;42;62;51;150;45;62;53;44;64;62;100;43;57;79;73;54;48;100;100;66;100;122;52;44;150;45;150;52;40;54;60;41;62;48;111;51;51;59;150;47;150;43;116;41;55;46;46;44;62;65;100;57;57;57;130;44;47;51;111;42;58;200;52;48;186;68;70;68;43;150)
seed_30_level_4-2,969,13081.230813503265,10785671,3936,(100;100;100;100;100;100;100;100;45;43;150;66;81;62;75;100;51;55;100;51;41;44;68;52;67;44;150;68;63;65;68;38;46;47;45;43;150;54;44;44;66;100;62;100;59;54;48;62;58;54;56;52;46;54;61;100;41;66;59;51;46;62;47;150;150;47;150;44;48;41;47;54;52;43;61;65;150;52;100;62;51;60;65;41;62;52;56;150;46;150;100;43;57;58;73;62;47;44;54;59;41;40;44;45;62;62;48;62;48;150;53;51;53;116;55;46;54;62;122;100;100;45;111;66;44;58;57;150;51;150;57;57;150;69;43;62;51;130;56;43;100;40;111;100;56;39;39;186;150;150;150;45;55;62)
seed_30_level_4-2,969,13569.017506599426,11236484,4085,(100;100;100;100;100;100;55;150;51;43;41;100;100;48;75;51;60;66;38;46;40;48;51;42;41;40;54;44;52;44;61;66;41;51;59;46;49;41;56;100;57;62;100;54;73;48;39;57;54;40;63;60;122;41;55;66;63;48;150;57;51;48;150;62;59;53;62;47;44;53;150;41;59;51;111;41;111;100;150;44;59;60;41;43;44;130;40;39;48;150;61;64;54;150;51;61;41;60;42;41;43;62;51;100;44;150;150;43;48;150;51;60;61;150;118;48;71;69;100;67;75;116;57;41;41;150;51;51;43;68;65;65;100;66;100;100;50;111;79;42;53;39;54;185;62;150;118;43;53)
seed_30_level_4-2,969,14069.531685113907,11752058,4233,(100;100;100;100;100;100;58;66;150;128;43;41;57;46;150;57;52;40;100;51;48;40;62;53;41;52;71;47;60;100;62;59;44;65;62;150;51;51;60;57;100;54;41;47;44;58;48;73;100;43;62;44;62;150;51;40;66;51;41;47;69;52;52;150;47;62;54;100;66;62;59;62;56;68;61;51;65;51;150;44;39;100;51;111;48;51;52;51;150;44;100;43;130;40;48;51;45;150;41;100;52;40;150;44;63;54;54;116;41;46;52;42;150;42;66;48;60;150;62;150;44;47;150;57;51;150;150;122;54;51;59;114;42;51;62;100;118;64;150;51;49;200;150;150;200;63;43;100)
seed_30_level_4-2,1152,14569.224849700928,12280238,4382,(100;100;100;100;100;40;48;62;100;53;73;42;43;51;41;150;51;100;51;100;41;100;51;41;43;41;150;41;39;42;58;60;42;100;150;51;42;44;150;51;58;57;44;42;60;100;150;100;71;41;41;47;61;68;100;77;66;48;53;150;52;51;41;68;48;66;65;64;55;70;52;59;41;39;41;116;66;46;55;150;56;44;65;59;57;43;44;150;40;52;100;111;42;51;53;62;62;59;54;113;54;57;43;150;48;69;70;130;150;54;40;150;65;51;63;54;61;47;150;47;150;44;118;62;100;150;100;214;150;150;46;57;65;51;122;54;69;43;60;128;150;150;100;180;69;68;100;49;69)
seed_30_level_4-2,1152,15089.352370977402,12866228,4535,(100;100;100;100;100;53;53;100;150;100;48;41;43;43;100;42;100;67;41;48;60;42;150;54;100;48;59;71;43;67;68;48;100;57;57;63;44;54;46;100;150;100;42;59;59;44;59;41;55;150;41;56;150;119;100;66;46;48;62;73;55;100;150;41;100;58;59;128;150;65;62;115;62;43;64;41;41;68;65;42;120;65;150;48;150;44;57;150;44;59;53;43;150;59;50;100;150;51;47;52;51;62;56;100;44;44;150;58;62;51;57;150;150;54;40;150;42;100;54;40;111;39;42;56;53;122;68;54;51;150;60;185;114;68;150;150;116;44;46;51;67;130;62;59;44;52;214;150;210;42;46;61;43)
seed_30_level_4-2,1152,15612.127720832825,13372923,4687,(100;100;100;43;48;49;51;40;54;46;150;50;46;68;56;48;49;62;61;41;54;59;63;65;73;100;45;100;60;52;100;41;111;60;123;47;71;45;72;49;150;51;100;55;59;46;47;41;150;100;48;48;57;57;57;62;114;50;44;150;42;111;58;150;57;51;63;66;59;47;66;48;150;54;50;51;39;150;51;41;51;150;100;58;48;59;42;51;59;150;51;54;41;150;60;150;150;54;114;100;41;52;150;54;56;43;116;150;66;64;128;66;150;65;41;69;130;48;71;41;57;56;120;46;62;58;100;66;122;44;119;61;54;118;65;41;60;68;100;62;114;100;100;54;100;185;70;43;44;47;54;54)
seed_30_level_4-2,1152,16122.619624376297,13879184,4835,(100;100;100;73;42;47;43;100;47;100;150;100;100;46;49;51;51;60;68;57;114;56;64;55;61;64;150;150;150;71;56;53;54;42;43;59;51;40;150;52;100;150;45;46;57;51;51;51;150;64;66;62;54;100;68;50;63;150;42;51;41;114;62;40;55;40;150;57;50;56;48;59;51;59;44;41;150;39;100;40;40;150;62;54;54;51;120;52;52;100;57;186;150;119;61;150;67;130;67;150;100;44;66;72;45;44;114;43;62;51;100;116;41;100;46;41;128;45;62;62;58;111;59;41;41;59;150;41;62;52;45;100;122;65;114;61;58;61;116;48;150;41;66;123;57;47;40;42)
seed_30_level_4-2,1152,16646.49721097946,14513289,4987,(100;100;100;150;100;100;43;41;42;49;48;51;48;150;40;53;42;54;54;54;54;62;41;46;47;150;53;59;51;150;150;54;100;100;71;66;100;41;73;100;45;41;116;46;56;48;59;41;64;120;41;50;62;150;43;51;59;47;150;43;100;44;59;57;51;58;59;43;59;150;150;40;57;69;68;100;45;100;114;53;100;58;150;57;65;43;123;44;54;56;61;68;56;70;114;62;46;43;42;60;125;52;47;100;114;200;40;52;200;59;40;111;45;52;51;48;51;128;44;150;100;44;200;116;64;46;45;49;56;150;66;150;43;150;66;150;43;150;122;56;68;118;48;50;51;200;250;62;100;250;150;68)
seed_30_level_4-2,1152,17161.820162773132,15061975,5140,(100;100;100;150;57;68;47;48;150;58;56;71;51;42;43;44;100;39;48;56;52;73;52;100;150;44;43;62;62;64;54;41;41;51;53;150;61;52;150;59;150;54;51;52;59;42;48;217;176;63;57;50;66;59;40;54;54;42;60;51;51;59;59;116;52;46;62;64;150;65;100;40;41;65;39;100;49;43;62;64;150;45;51;128;43;200;65;44;150;62;62;54;59;114;114;42;43;51;130;44;51;62;100;150;62;58;50;41;150;55;57;62;150;62;150;65;53;61;58;150;51;46;42;41;123;59;40;57;65;185;100;150;56;68;67;150;66;41;48;150;62;114;100;54;65;44;65;122;65;72;44;150;43)
seed_30_level_4-2,1152,17675.4065656662,15580253,5293,(100;100;100;68;100;76;47;57;100;61;71;43;47;41;57;43;43;49;54;40;54;118;150;49;58;64;68;48;60;48;59;51;100;67;73;57;47;59;150;100;41;41;64;46;41;61;150;46;43;150;125;62;114;56;100;130;51;41;59;150;51;150;41;52;120;49;70;63;59;40;52;51;55;64;100;44;150;66;51;51;64;116;48;42;62;48;48;67;100;51;100;62;150;48;44;122;51;65;58;67;150;51;100;44;100;51;150;100;41;40;48;51;150;53;51;62;68;128;48;150;100;65;72;123;61;48;69;47;42;114;51;58;43;39;200;114;58;42;62;72;67;185;54;61;69;53;70;70;217;65;63;66;68)
seed_30_level_4-2,1152,18196.642421007156,16134985,5445,(100;100;100;67;61;60;100;100;68;49;100;150;44;150;150;62;64;41;51;71;43;47;57;44;49;150;41;51;100;63;150;44;43;115;51;59;54;100;39;46;68;150;48;48;48;59;42;42;41;150;67;40;40;54;67;116;51;48;48;46;150;54;61;65;66;150;61;44;44;48;150;44;62;150;64;150;57;42;54;41;100;150;54;47;71;45;53;123;57;54;55;65;150;58;43;66;67;65;114;50;39;44;48;128;150;100;177;100;122;56;100;51;100;100;118;57;54;115;51;114;50;48;44;100;130;63;51;63;59;150;42;46;52;48;125;57;100;48;150;51;186;45;49;150;60;44;196;41;43;62;47;51)
seed_30_level_4-2,1234,18715.538251161575,16692361,5597,(100;100;100;65;44;45;100;122;150;44;57;52;59;44;58;61;71;42;54;51;150;54;66;64;39;57;46;55;42;64;64;52;51;150;54;51;100;120;51;100;41;64;44;43;62;150;52;100;58;60;150;47;41;51;114;100;51;41;150;48;52;100;150;47;59;47;114;48;48;70;66;116;45;40;58;114;41;57;54;44;42;67;100;50;48;150;64;64;48;48;150;51;53;66;44;57;150;62;41;43;53;62;115;41;41;43;57;40;196;54;45;64;51;100;57;60;43;57;100;40;62;186;66;68;350;100;54;67;150;43;150;150;62;51;130;100;150;40;45;62;115;60;64;48;46;66;179;49;48;66;41;65)
seed_30_level_4-2,1234,19245.757120370865,17289608,5750,(100;100;100;68;100;43;67;54;48;71;68;56;57;43;52;42;150;150;68;100;100;100;150;40;41;59;43;62;57;150;100;51;53;50;61;150;150;47;44;62;44;52;118;48;62;48;64;62;54;46;46;150;41;50;62;45;120;120;46;41;50;150;100;60;41;51;59;57;44;48;44;114;69;63;175;59;114;41;48;51;150;150;39;54;43;59;59;115;57;40;150;51;150;150;65;150;62;150;47;51;62;150;61;130;150;58;59;57;116;68;46;40;46;217;53;44;45;44;47;125;62;66;44;100;60;115;45;54;69;150;55;50;150;51;150;150;150;65;62;122;53;43;47;44;60;182;68;114;150;51;85;48;72)
seed_30_level_4-2,1234,19732.95937395096,17806176,5896,(100;100;150;53;68;59;65;48;100;46;71;49;51;40;150;47;62;52;62;44;41;42;59;54;43;53;150;51;100;48;150;43;61;67;67;48;100;48;64;46;48;46;150;47;49;66;150;51;51;62;48;150;66;100;54;122;60;100;54;44;116;100;40;41;125;150;57;116;73;118;51;59;58;150;44;45;43;44;54;42;150;48;58;48;47;196;44;48;41;47;114;43;54;57;51;42;115;66;50;114;48;65;115;41;41;150;113;117;120;53;47;150;58;100;150;62;66;62;57;64;150;62;65;57;44;54;130;55;100;150;100;41;182;56;43;55;100;66;65;175;59;47;114;41;51;51)
seed_30_level_4-2,1234,20253.80009651184,18382198,6046,(100;100;67;116;150;65;100;65;54;52;44;43;71;51;51;150;100;43;42;45;62;62;44;44;43;64;64;51;48;46;116;48;46;40;41;150;150;52;57;59;51;41;44;41;130;64;46;51;51;150;100;43;61;44;150;59;39;51;63;50;120;120;100;42;51;50;71;41;54;54;72;52;42;100;52;52;150;150;40;44;54;150;59;51;52;51;150;43;51;61;41;182;45;62;51;51;150;150;64;62;58;60;150;62;60;44;150;150;59;217;100;52;150;44;41;118;135;64;41;61;66;51;175;113;118;118;56;59;112;48;115;56;65;43;66;50;69;116;60;62;69;62;150;177;41;41;41;150;150;173)
seed_30_level_4-2,1234,20778.08459019661,19007338,6195,(100;100;150;62;59;45;42;54;72;44;65;100;41;111;122;51;44;51;44;52;51;41;41;41;59;51;50;42;150;44;44;61;114;41;51;61;62;100;60;100;150;47;53;51;64;45;60;64;116;46;48;62;150;100;150;150;150;100;59;100;100;150;69;42;41;53;100;150;100;65;48;100;48;150;150;57;48;46;130;55;150;56;52;100;120;100;120;45;48;53;115;61;45;45;66;63;217;41;44;114;45;150;44;43;44;57;150;350;60;150;41;57;54;53;60;100;43;46;48;135;51;43;228;62;57;116;49;57;44;41;42;44;173;41;150;111;58;59;41;54;175;50;52;58;53;42;118;150;42)
seed_30_level_4-2,1234,21295.81219959259,19640177,6344,(100;100;60;47;100;100;150;62;52;51;62;62;60;72;72;45;150;59;100;68;100;52;40;51;54;150;150;150;54;54;59;59;41;50;54;114;54;67;63;52;64;150;56;48;47;43;64;41;70;45;42;150;59;150;46;48;150;54;62;61;58;150;44;43;48;50;122;64;50;41;52;50;130;54;43;54;44;150;48;40;150;47;150;111;48;42;41;57;114;54;66;53;58;116;46;45;42;41;120;150;150;45;52;115;66;45;50;73;150;114;41;150;112;175;54;64;150;51;50;55;51;350;68;54;54;65;58;150;68;173;59;49;40;46;100;100;228;65;133;200;43;50;66;196;54;41;47;41;44)
seed_30_level_4-2,1234,21796.53568959236,20181107,6490,(100;60;44;100;72;52;43;47;150;47;50;67;52;41;42;46;44;64;65;43;66;150;100;48;65;59;63;41;54;59;62;116;52;59;45;46;47;111;55;100;59;45;44;173;111;59;150;123;60;150;44;100;42;48;122;50;42;60;66;150;150;62;41;52;42;150;52;63;150;65;44;130;45;58;47;40;41;150;48;42;42;44;196;44;47;54;62;62;62;41;54;62;116;41;52;46;179;45;61;115;42;60;47;52;53;150;58;150;52;150;43;175;41;45;44;62;100;62;120;150;42;68;68;100;80;121;74;100;51;62;100;228;67;100;60;150;150;150;48;114;57;42;51;62;42;51)
seed_30_level_4-2,1234,22284.57447719574,20647904,6634,(60;48;52;44;41;45;150;62;59;60;48;51;56;56;54;150;48;51;150;150;54;61;48;150;121;41;67;51;63;43;130;55;55;49;51;114;57;100;58;42;62;111;55;49;41;41;150;150;42;48;150;116;58;44;46;54;150;51;39;43;44;62;64;74;54;60;52;63;41;57;41;41;64;48;44;42;53;175;40;63;57;64;53;115;52;57;47;61;122;64;50;48;66;48;150;54;59;51;51;54;60;150;57;60;53;100;45;46;120;58;100;50;67;44;100;217;67;51;54;54;100;60;64;54;63;54;54;46;60;228;41;54;54;150;45;46;173;41;44;60;150;41;45;100)
seed_30_level_4-2,1234,22776.59565615654,21131834,6780,(52;51;44;100;46;56;47;43;52;60;54;100;63;40;54;46;150;51;57;100;150;43;120;43;120;67;49;50;64;51;45;41;150;57;51;43;150;65;61;65;43;65;64;63;56;53;67;70;58;114;150;62;51;65;116;47;43;41;100;66;113;58;150;53;41;42;62;62;100;64;100;150;58;66;68;48;52;228;56;74;44;42;54;115;150;66;48;54;48;150;150;67;41;52;122;58;49;55;51;54;100;173;59;49;59;41;41;61;197;40;69;58;114;51;63;130;51;51;40;55;63;121;65;59;54;51;62;62;150;46;61;68;51;48;150;51;56;51;62;175;56;65;51;40;100;41)
seed_30_level_4-2,1234,23270.58385324478,21675892,6926,(60;52;66;100;52;52;41;40;52;42;64;55;42;62;48;54;51;62;62;63;100;54;41;59;122;62;59;51;54;54;116;58;48;43;41;44;41;150;43;56;43;61;150;150;42;43;150;62;44;150;39;51;150;56;150;150;100;68;51;60;60;100;150;41;59;44;57;62;114;150;66;100;51;43;65;150;150;118;66;150;58;53;175;52;100;100;63;39;130;150;66;100;100;67;42;111;57;56;44;39;48;41;115;146;60;42;40;48;60;228;43;53;150;71;59;58;173;41;111;41;100;42;46;41;120;44;50;47;66;65;58;114;44;62;150;44;62;48;196;200;46;42;66;44;44;44)
seed_30_level_4-2,1234,23756.26265501976,22189948,7071,(60;55;57;53;63;150;64;65;68;48;60;63;44;53;46;42;64;64;67;53;52;70;69;150;49;47;41;43;70;111;48;41;45;40;48;52;59;130;41;64;40;52;52;100;100;175;42;55;50;62;51;58;150;42;51;51;62;54;41;44;120;150;58;67;65;100;58;46;150;51;62;43;52;51;150;150;64;150;52;150;100;57;43;173;49;59;58;100;43;48;200;100;100;114;42;150;114;63;52;150;49;197;61;51;51;49;47;65;47;41;42;67;100;43;48;58;64;100;41;115;100;55;66;48;49;51;41;228;57;51;61;51;41;150;44;47;150;118;118;150;46;41;69;65;118)
seed_30_level_4-2,1234,24261.986107110977,22727422,7218,(58;48;61;59;41;54;60;130;54;47;41;54;100;125;150;51;48;45;51;51;48;150;51;51;57;62;64;68;63;54;63;42;100;114;100;111;41;61;39;58;51;62;173;100;62;100;150;60;62;44;41;115;41;55;45;59;66;48;68;72;100;67;40;63;196;40;62;44;53;46;51;47;41;150;114;150;114;54;65;150;150;44;62;53;51;51;150;61;64;52;66;56;44;45;40;63;52;60;71;52;100;60;120;58;100;50;100;100;50;49;62;228;52;150;100;48;51;41;200;150;175;52;41;55;61;39;58;41;114;111;41;51;150;43;150;63;40;118;150;150;57;44;65;66;51;118;61)
seed_30_level_4-2,1634,24786.615595579147,23572886,7367,(120;48;58;51;46;47;41;150;100;48;150;60;100;150;46;44;45;53;48;66;63;55;52;60;66;72;48;56;76;84;52;60;61;57;100;58;51;43;55;41;150;150;61;51;52;51;59;62;114;51;61;114;62;41;55;44;217;52;58;41;48;64;150;59;115;63;66;48;62;66;55;40;150;51;52;62;42;119;100;111;52;54;150;41;48;222;44;130;55;59;66;56;150;100;44;175;177;63;100;49;43;45;42;100;173;44;45;62;60;100;41;41;228;45;55;150;46;550;43;150;114;41;45;51;62;51;100;62;150;200;118;69;51;118;150;51;61;51;179;114;70;68;72;350;44;66;300;150;114)
seed_30_level_4-2,1634,25288.01749444008,24197385,7513,(150;63;44;53;47;41;54;71;58;92;44;100;200;150;60;100;68;100;46;63;46;100;60;57;100;100;114;53;150;41;44;150;150;45;63;59;47;60;58;68;64;130;40;40;100;41;40;45;150;150;65;51;45;62;51;173;100;45;56;42;112;41;118;51;44;59;114;42;65;43;115;46;64;51;150;51;47;67;64;177;43;100;41;78;46;44;51;114;52;63;150;150;54;150;44;44;197;40;54;100;100;48;47;59;48;222;44;150;48;39;150;85;51;72;114;150;60;58;51;118;67;76;150;44;150;150;48;51;62;66;41;45;43;59;350;61;71;44;54;62;150;100;52;73;44;53)
seed_30_level_4-2,1634,25797.23276925087,24831761,7661,(53;60;58;54;58;130;40;51;66;59;52;123;40;150;100;52;47;55;65;100;100;150;51;57;47;48;44;51;51;57;62;49;100;100;52;44;150;43;44;61;200;118;46;60;44;177;48;56;50;150;100;54;100;55;150;150;150;58;58;41;150;60;67;41;64;60;100;40;47;47;115;45;300;51;48;100;46;56;55;119;300;62;44;44;54;64;53;58;62;54;41;114;54;150;42;65;54;46;43;43;173;44;111;100;58;41;182;62;114;62;100;52;50;51;150;42;48;114;71;66;150;63;150;150;62;51;119;222;51;60;41;45;42;41;114;51;55;42;47;118;119;61;100;64;61;44;180;100)
seed_30_level_4-2,1634,26333.664381742477,25493218,7812,(62;54;100;67;48;57;150;58;45;65;65;65;100;64;51;44;52;48;47;52;150;57;51;51;57;58;48;60;62;53;150;51;62;48;114;114;59;52;62;65;150;42;114;42;116;44;44;114;43;42;177;51;100;65;100;48;100;51;66;65;56;150;150;51;51;48;51;51;100;62;62;118;100;100;131;100;150;45;48;46;58;54;150;64;54;68;44;43;150;54;62;71;54;222;41;39;150;41;100;100;100;51;49;56;50;180;100;62;44;51;48;51;68;178;66;41;130;150;60;51;123;60;51;57;60;100;59;114;66;58;45;150;112;62;125;115;51;150;150;173;150;174;64;174;185;181;150;200;44;41;150)
seed_30_level_4-2,1634,26858.915145397186,26217026,7963,(64;100;63;100;48;54;48;64;65;40;64;46;47;177;51;60;112;49;44;61;41;41;222;45;150;44;55;150;46;48;40;100;150;40;51;51;150;67;51;47;131;41;46;51;150;52;62;48;100;150;150;59;51;65;51;59;51;66;150;51;150;65;65;57;65;150;150;150;51;65;41;43;41;58;300;54;150;67;150;62;62;67;150;114;180;41;74;47;69;100;47;52;48;118;130;59;60;59;59;63;48;51;150;57;114;54;41;42;114;150;114;41;41;114;52;100;118;51;150;48;62;51;55;125;59;41;68;46;48;51;51;117;66;43;150;300;173;150;150;150;41;150;100;170;41;62;111;62;174;59;150)
seed_30_level_4-2,1634,27394.254726171494,26988551,8116,(67;52;100;56;44;43;61;48;44;63;64;72;48;131;100;48;48;75;52;100;67;68;150;40;51;40;61;42;44;150;44;51;150;150;150;150;150;150;45;45;150;45;300;150;52;42;41;64;100;150;61;43;114;114;63;46;51;59;200;65;62;70;54;111;180;66;48;53;118;65;40;118;69;51;150;42;177;41;61;47;114;57;100;51;100;114;44;150;58;49;100;63;65;100;58;65;150;300;44;350;40;41;112;125;41;54;44;150;51;51;114;54;150;114;43;42;70;42;114;150;54;150;350;57;62;47;111;72;54;54;62;44;66;62;62;54;173;41;44;43;62;59;51;114;42;41;61;57;59;56;41;100;59)
seed_30_level_4-2,1634,27908.084154844284,27626847,8263,(67;52;100;100;52;51;61;131;41;118;100;100;100;48;100;66;100;150;54;56;68;48;58;51;61;100;64;47;62;48;54;63;52;52;175;150;41;63;41;59;42;45;40;44;61;121;100;47;177;51;100;57;57;43;62;52;54;59;150;54;222;150;44;46;41;41;41;57;150;55;40;300;45;57;41;51;45;43;51;41;44;150;51;150;150;150;63;66;41;42;55;42;150;41;150;350;51;51;54;49;118;44;44;54;44;54;51;44;114;52;42;54;59;150;113;100;100;46;63;100;112;180;47;69;118;65;78;100;120;118;66;48;61;100;114;41;150;43;54;150;43;43;65;50;114;100;150)
seed_30_level_4-2,1634,28441.204337596893,28307938,8415,(131;55;48;45;43;66;66;58;100;100;66;42;150;51;66;73;53;52;75;100;66;100;65;64;60;48;60;48;42;41;48;42;64;48;300;64;114;118;63;150;40;54;150;150;51;150;44;59;222;41;52;46;63;39;39;48;52;40;48;54;100;114;114;50;41;100;54;63;66;100;114;51;51;45;57;100;173;100;62;41;100;100;52;43;150;114;44;150;44;150;62;111;114;43;112;45;41;41;150;44;100;44;51;42;150;114;150;150;150;63;58;51;150;63;67;62;100;59;57;100;40;350;54;51;66;48;66;66;47;68;51;62;66;67;71;62;180;70;118;100;51;150;200;52;43;44;150;188;53;51;66;61)
seed_30_level_4-2,1634,28963.017432689667,29080711,8564,(150;65;58;58;48;65;61;67;66;48;64;64;48;45;48;45;65;48;150;65;131;41;59;68;49;100;44;57;64;52;41;222;40;100;57;100;63;50;54;48;56;46;67;150;45;150;45;48;41;60;57;54;150;55;150;46;200;66;150;150;62;114;41;54;42;41;41;114;42;41;114;150;42;100;46;65;44;112;200;100;63;57;65;150;173;111;117;44;41;62;114;53;100;41;44;41;62;150;57;350;47;57;53;54;54;188;67;66;71;68;84;150;63;51;68;177;49;64;64;41;150;123;150;150;65;200;67;51;60;51;44;59;300;41;41;43;41;57;62;300;300;174;43;40;150;62;41;119;54)
seed_30_level_4-2,1634,29491.4756026268,29855315,8714,(131;68;100;150;48;44;100;44;100;54;44;100;48;222;45;115;58;42;111;39;53;62;56;62;41;100;40;150;63;100;60;62;48;150;59;63;48;50;65;65;150;52;68;56;44;100;100;48;100;67;100;60;100;114;63;42;42;112;150;150;42;112;100;118;100;46;44;150;54;177;47;51;100;41;65;44;63;100;40;53;73;121;66;61;50;100;65;100;40;174;59;100;150;150;41;150;41;198;111;58;59;100;41;174;63;41;100;150;350;62;114;62;66;150;62;62;57;100;100;45;46;44;54;61;44;54;68;62;300;63;44;150;114;114;43;300;150;66;150;54;114;53;50;114;200;64;114;150;62;42)
seed_30_level_4-2,1634,30023.8967833519,30596062,8864,(150;50;100;48;48;58;48;46;60;65;52;100;131;100;66;100;45;41;41;100;100;41;41;100;188;72;44;115;44;53;63;64;100;100;100;44;47;150;44;61;60;150;100;61;63;150;64;150;41;48;48;46;60;48;63;222;44;114;350;150;59;59;58;100;48;64;114;41;44;41;48;350;46;150;43;52;68;44;68;63;44;62;59;41;62;44;62;44;47;100;114;114;40;44;42;100;150;42;52;112;100;63;42;52;100;57;42;173;150;41;150;53;150;171;173;41;58;61;62;111;114;51;59;59;59;114;45;300;44;44;118;150;43;52;201;62;63;47;61;133;63;114;62;150;62;44;150;150;44;42)
seed_30_level_4-2,1634,30539.80081510544,31308963,9012,(131;55;41;56;48;48;100;51;58;51;48;150;58;54;46;48;52;65;69;52;65;150;114;44;44;150;150;51;114;61;61;54;115;41;42;51;114;150;150;150;68;45;47;61;46;44;62;43;150;69;59;63;60;120;61;61;100;100;116;50;47;56;44;45;61;150;46;64;64;350;44;44;62;62;150;62;45;44;57;64;44;44;63;44;62;44;64;222;42;120;50;179;48;44;54;67;41;58;45;44;60;48;44;66;300;150;114;62;150;64;42;58;59;183;54;150;47;62;51;41;67;62;300;62;114;150;176;41;171;41;41;111;171;41;60;111;100;60;59;111;100;59;176;41;150;171;111;41)
seed_30_level_4-2,1634,31052.47304868698,32043123,9159,(300;46;66;66;48;56;48;100;65;50;48;49;150;51;52;51;100;54;65;100;150;56;59;68;177;50;100;100;48;63;118;100;66;47;59;150;49;48;100;150;69;62;52;150;53;48;200;150;66;150;150;60;64;350;53;54;44;53;150;100;54;100;54;66;54;51;100;150;59;62;222;68;50;58;62;150;41;100;65;48;66;46;68;54;46;41;114;42;49;150;43;114;150;150;42;150;42;46;44;150;61;43;52;300;150;44;150;44;150;150;114;40;61;175;47;69;68;44;174;56;63;62;44;150;176;60;150;59;41;59;41;61;62;44;59;46;44;62;62;44;100;62;43;44;41;62;67)
seed_30_level_4-2,1634,31568.77745771408,32714760,9307,(150;65;100;57;52;53;100;56;65;68;65;66;100;177;45;150;45;66;150;100;61;44;46;58;47;100;51;222;64;51;51;42;42;184;41;56;44;200;100;59;57;41;176;150;44;41;44;59;59;39;51;41;61;59;42;41;41;52;61;42;60;131;100;48;100;41;100;100;55;55;48;51;59;100;48;350;150;100;54;54;65;51;43;62;59;150;150;52;43;54;54;114;150;150;150;39;100;150;100;49;40;42;65;150;100;60;47;150;51;150;62;63;150;61;61;61;60;67;100;48;61;59;63;57;150;150;300;150;61;61;56;47;62;62;150;44;41;47;150;66;61;44;57;44;150;44;63;48)
seed_30_level_4-2,1634,32093.788637161255,33342047,9457,(131;58;100;100;51;48;64;62;60;64;100;65;41;51;150;48;69;60;53;58;61;65;70;66;65;68;65;67;76;176;62;200;73;53;62;58;50;117;44;44;44;200;54;44;170;200;44;61;114;100;150;41;43;42;53;43;114;69;42;42;177;41;62;150;42;100;61;100;300;62;65;47;62;61;44;44;43;47;43;47;44;44;174;44;47;53;74;54;200;40;150;59;100;100;44;63;90;150;46;63;64;100;64;63;100;62;67;79;59;63;222;66;100;41;44;59;59;150;59;51;49;100;42;61;48;41;100;60;100;39;300;41;150;44;54;150;54;114;51;44;69;53;54;44;54;44;62;150;45;51)
seed_30_level_4-2,1634,32629.204422473907,34170088,9607,(131;100;64;60;40;66;66;150;66;58;46;100;41;41;66;300;186;51;66;62;51;250;64;48;41;63;41;100;39;38;63;45;100;60;64;150;59;63;150;66;45;61;150;150;59;62;63;41;150;59;59;176;150;150;63;100;150;150;150;54;150;54;62;47;48;100;150;100;43;63;150;61;65;60;50;100;100;65;100;52;61;54;68;52;60;48;48;300;174;171;58;114;41;60;48;43;114;61;43;150;51;150;56;174;114;43;64;62;300;174;183;46;45;62;62;62;114;41;59;300;62;41;114;114;114;100;44;62;100;176;60;150;150;111;41;41;41;174;51;111;49;41;44;150;44;59;41;59;68;62)
seed_30_level_4-2,1634,33153.28163599968,34918931,9757,(150;66;62;100;100;100;100;66;67;48;100;70;50;51;100;65;58;100;180;150;52;100;100;42;44;42;67;150;44;150;100;100;70;66;70;61;150;46;42;49;52;100;150;62;59;43;150;64;64;100;47;150;61;50;44;45;100;63;64;50;64;64;63;45;100;72;176;59;57;52;177;112;58;61;64;44;54;44;42;44;59;41;59;174;54;112;41;44;174;44;62;51;300;54;63;44;47;150;44;182;174;47;44;65;57;150;43;44;65;44;150;150;54;182;57;150;57;150;41;114;63;350;150;54;350;62;61;41;44;61;178;54;57;150;47;57;62;57;42;54;57;54;55;174;46;68;60;78;52;40)
seed_30_level_4-2,1634,33682.394032001495,35642348,9908,(150;63;61;80;48;58;62;66;64;51;100;100;48;52;100;100;70;65;47;61;61;100;177;150;100;150;43;58;150;100;51;113;100;54;42;42;122;100;100;100;44;61;150;150;100;57;100;43;54;53;150;62;100;63;100;100;60;46;50;66;64;52;62;100;45;63;150;150;100;44;63;63;150;65;46;66;69;63;176;42;44;40;43;174;57;150;150;41;45;44;150;177;48;44;53;57;114;42;59;41;62;121;54;115;150;55;44;44;150;54;64;39;42;300;43;61;60;44;44;62;43;171;71;47;62;150;150;150;54;44;46;60;114;150;53;61;114;41;114;114;44;64;150;66;200;61;44;41;350;44;150)
seed_30_level_4-2,1634,34194.423795223236,36205836,10058,(150;48;48;59;68;100;48;58;57;48;69;68;66;68;41;150;72;48;52;100;68;58;52;176;54;52;150;54;50;112;100;45;62;100;150;100;52;100;100;100;100;43;100;150;114;65;55;150;67;114;150;56;63;63;41;64;63;52;65;150;150;62;46;48;150;65;68;65;63;64;100;63;45;46;65;100;58;176;61;114;150;63;67;51;62;44;47;44;57;44;44;61;61;44;54;150;41;126;114;62;114;43;44;43;41;40;62;55;44;43;41;150;46;300;53;41;150;44;59;62;113;47;150;57;62;44;44;51;44;41;61;150;43;63;40;69;150;44;46;44;47;65;150;64;62;150;44;54;114;41)
seed_30_level_4-2,1634,34717.20729470253,36911516,10208,(150;61;100;100;61;100;150;69;150;100;66;100;67;61;150;150;68;100;78;58;64;59;100;47;177;65;44;100;150;51;43;67;150;100;174;116;43;65;114;43;42;53;150;100;59;150;100;114;114;100;46;100;150;150;52;48;72;52;150;66;150;59;45;51;66;42;48;40;150;66;59;63;100;52;150;63;65;52;64;150;300;67;52;41;44;62;200;62;59;44;68;59;47;47;100;41;62;55;44;53;57;47;57;63;41;62;54;58;200;63;62;65;200;40;175;176;42;44;62;44;62;44;114;174;43;43;44;125;52;54;67;67;62;44;114;150;41;150;150;150;150;42;90;150;150;42;62;51;40;44)
seed_30_level_4-2,1634,35243.72365117073,37500714,10358,(150;67;150;63;49;62;52;59;150;52;62;59;150;63;63;62;51;48;53;47;68;60;41;53;66;45;41;45;63;64;38;67;44;66;118;57;124;53;44;52;51;175;174;41;48;44;40;50;150;40;54;43;59;63;44;150;51;150;43;66;59;150;114;60;51;65;54;150;62;60;150;62;150;177;63;65;51;39;65;100;150;54;54;166;43;59;52;65;42;53;62;100;62;114;47;63;114;174;150;174;100;52;42;150;114;54;100;150;114;176;41;54;100;68;118;54;58;67;150;73;47;62;41;74;150;49;52;173;41;40;63;49;54;41;39;150;42;42;41;52;57;150;150;44;64;44;150;43;44;61)
seed_30_level_4-2,1634,35755.08296704292,38065030,10508,(150;150;63;150;58;43;63;150;63;48;66;64;59;42;150;150;45;40;45;46;150;64;48;43;46;100;67;63;62;150;52;44;41;44;64;50;66;45;63;65;51;64;150;63;174;43;51;57;57;44;41;47;44;53;47;43;43;44;150;68;62;62;44;68;150;67;62;59;44;43;52;47;72;41;114;47;60;49;61;114;66;43;47;62;41;114;150;41;48;47;43;47;150;44;60;44;60;176;51;54;51;54;174;150;42;66;150;54;57;112;150;42;54;150;41;150;44;150;100;44;54;53;150;57;150;100;51;54;56;54;100;46;150;100;100;54;112;52;65;150;55;150;100;150;42;56;56;150;59;150)
seed_30_level_4-2,1634,36251.92948722839,38556611,10657,(150;54;59;69;150;56;44;39;62;41;150;100;48;42;67;55;48;100;64;48;150;55;61;48;59;59;100;57;64;42;47;41;150;52;52;41;69;72;39;61;100;41;48;48;100;60;174;44;177;44;114;172;43;62;61;114;61;47;45;66;61;44;62;53;64;43;48;174;68;65;100;100;45;150;51;43;68;62;61;44;74;41;64;66;54;71;44;100;43;51;150;43;54;114;41;43;44;174;43;150;111;53;42;43;100;44;41;41;41;100;43;112;41;54;41;43;47;172;42;44;100;43;61;63;45;62;150;150;52;42;100;100;100;44;62;42;52;150;116;112;44;114;41;55;42;150;54;62;53)
seed_30_level_4-2,1634,36759.74484157562,39106784,10807,(150;67;45;48;116;63;48;69;60;52;48;61;57;150;63;46;48;150;45;100;65;69;41;150;52;48;58;66;45;47;41;116;51;44;52;100;60;48;66;65;51;150;42;66;67;174;51;100;42;42;43;65;49;100;41;65;43;173;42;150;52;41;150;89;62;42;100;44;55;150;54;51;64;100;100;44;51;54;100;171;44;55;41;114;51;150;54;150;112;42;44;52;114;112;42;52;177;54;114;43;112;44;44;55;150;200;43;62;43;174;150;62;76;114;174;43;67;114;62;54;56;61;51;114;61;62;44;121;44;54;62;65;51;114;51;41;61;43;42;43;45;61;54;58;150;54;43;44;200;44)
seed_30_level_4-2,1634,37270.20728254318,39647737,10958,(116;150;49;59;100;60;72;63;59;39;100;41;65;60;40;42;46;39;67;48;60;66;150;59;64;62;60;41;45;64;63;150;58;116;52;100;100;60;66;45;60;48;63;48;66;51;174;44;56;42;51;54;65;42;114;52;44;42;100;114;42;51;54;65;100;112;100;186;42;62;41;112;51;44;49;42;63;61;174;51;100;42;54;41;150;54;39;46;52;100;100;41;44;150;42;39;177;43;62;44;44;150;114;150;114;114;100;114;70;64;114;43;44;57;150;54;43;62;177;250;44;112;62;43;100;42;62;47;44;47;62;44;53;42;62;62;59;150;48;47;54;150;63;41;52;186;62;114;44;114;114)
seed_30_level_4-2,1634,37777.89499592781,40142294,11108,(116;41;51;150;52;100;60;44;56;46;67;41;52;150;48;42;150;52;59;42;118;100;46;46;69;44;100;63;150;50;52;42;100;48;63;66;47;46;100;53;66;47;52;63;48;186;47;114;54;171;100;49;41;54;52;150;111;150;54;41;54;43;100;55;54;54;65;52;48;41;45;41;51;150;100;44;44;41;178;44;56;52;54;52;114;114;44;150;45;44;114;51;54;177;60;41;150;44;60;51;175;48;63;64;62;56;44;51;43;64;67;150;42;62;62;63;60;62;57;114;41;66;44;150;114;69;42;43;100;62;150;43;44;114;61;42;150;43;56;114;61;61;62;42;53;59;52;51;54;100)
seed_30_level_4-2,1634,38279.510323524475,40710969,11257,(116;69;58;52;51;59;111;67;67;63;61;40;56;60;62;58;42;48;64;45;43;48;63;52;51;65;58;46;52;66;44;54;67;150;67;62;48;62;68;44;150;139;43;177;66;60;150;51;61;43;54;150;43;150;42;44;60;58;44;54;61;62;64;44;150;68;51;43;51;45;64;58;57;130;150;114;44;68;64;200;350;41;60;44;44;43;61;43;58;150;43;62;59;52;70;71;114;44;176;52;68;52;41;150;100;54;100;54;51;52;54;41;111;150;170;44;44;172;44;114;150;42;52;100;171;67;61;41;41;41;44;59;63;41;42;43;121;54;100;171;52;54;112;150;41;44;113;111;54)
seed_30_level_4-2,1634,38797.03811907768,41340690,11406,(111;58;57;64;150;100;52;42;63;150;51;39;150;150;45;64;63;43;64;61;54;200;68;150;58;42;115;67;61;71;64;48;70;65;48;52;48;100;60;51;58;61;42;63;177;114;114;47;43;66;62;47;177;59;59;150;43;150;114;64;45;114;59;51;59;200;114;114;42;54;150;54;62;62;150;51;150;62;61;60;150;58;44;62;44;66;57;66;150;117;45;150;114;114;150;114;172;41;111;51;111;56;51;41;51;76;43;39;42;100;174;114;171;41;100;150;42;41;40;41;111;51;44;56;171;150;173;43;61;51;51;39;44;41;39;44;115;44;100;150;57;41;150;54;44;55;150;52;42)
seed_30_level_4-2,1634,39293.84818840027,41980452,11556,(172;55;150;54;100;51;54;58;41;112;42;42;100;150;51;40;56;42;51;54;111;44;41;100;150;114;44;150;202;100;150;45;100;150;54;114;55;44;42;51;41;54;39;114;41;44;100;150;54;150;54;150;43;172;42;54;42;150;114;100;66;44;100;173;100;54;123;54;44;100;111;47;62;117;61;54;150;60;44;59;60;150;54;177;58;150;118;150;61;100;114;44;42;51;62;114;71;111;59;111;62;61;46;43;44;150;62;46;59;174;114;60;177;42;111;41;62;59;40;114;41;42;41;59;44;59;48;114;64;111;61;150;150;42;51;54;150;62;42;177;48;62;59;114;41;150;43;44;44;41)
seed_30_level_4-2,1634,39757.28860616684,42618718,11706,(171;114;41;111;111;42;100;112;44;111;100;114;56;100;100;150;171;52;114;41;111;51;42;171;114;171;114;54;111;116;100;40;56;55;44;41;116;100;42;100;44;41;41;64;100;123;150;41;57;39;51;42;49;100;45;114;150;51;51;171;42;40;39;150;150;41;114;44;114;150;177;43;56;62;62;48;62;44;150;200;114;111;150;61;47;44;112;41;114;43;114;51;62;61;114;62;60;62;112;62;41;62;64;114;112;52;61;59;57;51;62;114;51;44;114;59;41;66;150;59;62;114;62;44;43;59;43;114;42;48;62;40;150;62;51;53;150;150;150;54;54;41;114;54;114;41;62;114;150;114)
seed_30_level_4-2,1634,40151.309089660645,43179317,11856,(171;50;111;150;111;51;51;41;53;40;114;114;174;57;150;111;54;51;100;62;41;55;150;40;111;42;45;41;50;52;114;41;171;111;100;111;171;51;57;171;100;51;46;41;111;41;51;47;47;44;39;112;50;171;41;100;44;41;41;41;100;119;41;114;53;47;41;59;100;41;41;58;112;46;43;56;111;71;47;59;114;111;200;59;112;150;42;114;55;41;62;44;62;47;63;59;44;53;150;42;42;42;54;44;59;111;44;41;47;61;59;67;111;68;51;63;58;44;177;59;62;171;59;59;150;47;150;150;59;51;41;41;150;111;51;50;51;64;59;57;54;41;175;61;150;59;40;40;51;40)
seed_30_level_4-2,1634,40512.73795938492,43883856,12006,(175;40;60;58;150;111;41;47;177;57;113;150;111;100;179;41;114;41;59;111;59;172;150;58;39;47;51;41;59;59;60;111;56;51;59;150;150;41;51;150;111;150;57;41;51;61;51;150;51;150;111;41;150;150;40;41;61;60;41;186;51;61;150;150;59;175;111;59;51;45;150;67;150;58;49;59;171;40;41;171;100;41;62;150;51;51;41;62;47;51;100;41;150;39;111;51;41;100;54;41;171;111;41;41;40;54;173;111;41;41;51;41;51;41;111;41;114;51;51;111;51;41;171;51;41;61;49;48;54;172;39;171;114;51;114;100;51;111;171;100;43;51;111;111;41;150;171;172;60;41)
seed_30_level_4-2,1634,40878.36996340752,44679937,12156,(171;112;51;51;47;54;54;100;111;150;150;171;54;150;51;51;41;51;51;49;51;111;61;54;51;51;41;51;111;41;54;172;51;51;51;111;150;114;101;51;51;111;56;100;42;51;41;100;41;100;41;114;171;51;51;41;58;150;171;43;150;150;171;182;41;51;54;111;51;40;45;41;51;62;51;175;42;150;48;172;171;49;51;59;63;40;41;62;150;66;59;177;59;174;41;150;300;59;41;150;41;150;59;41;150;59;114;58;51;63;54;47;114;59;150;41;53;47;150;150;150;41;111;300;57;111;43;111;57;180;59;114;59;51;41;59;47;47;111;59;59;111;40;213;150;40;172;111;111;181)
seed_30_level_4-2,1634,41236.62242269516,45370759,12306,(172;51;174;51;51;150;50;150;176;150;41;51;51;51;41;51;150;49;150;51;150;41;150;51;58;57;51;51;51;51;50;41;51;46;51;51;53;41;150;150;39;54;41;51;51;54;55;51;41;54;51;51;51;100;111;51;51;46;111;39;111;51;51;58;51;171;54;41;41;51;121;213;68;59;64;40;112;40;51;41;41;150;46;44;40;111;62;41;150;111;47;171;111;48;150;111;179;200;175;54;41;51;59;62;51;59;171;177;150;60;173;111;180;60;48;150;44;53;175;51;54;100;118;150;150;41;150;150;44;41;41;54;60;135;111;175;113;47;48;111;59;51;41;180;57;43;47;60;58;111)
seed_30_level_4-2,1634,41592.709732055664,46017084,12456,(172;150;171;55;111;51;41;41;41;150;51;51;51;51;51;51;51;52;41;51;111;171;62;47;41;41;49;182;41;114;114;44;100;51;65;150;174;45;57;41;205;55;51;62;114;41;51;62;64;51;41;171;59;43;114;57;41;51;111;39;51;51;51;41;111;171;51;111;213;150;41;47;54;172;66;59;41;51;150;150;41;40;51;41;64;59;66;111;150;100;58;61;41;150;150;41;41;48;62;67;150;100;56;47;198;40;177;40;150;51;42;59;47;41;59;150;181;41;150;61;41;111;40;150;53;150;41;40;60;42;45;59;61;41;60;60;62;61;58;66;150;100;40;174;59;111;50;150;61;62)
seed_30_level_4-2,1634,41951.97423911095,46761320,12606,(213;53;51;41;41;51;58;150;59;111;111;54;48;62;111;59;58;40;200;42;41;41;43;57;60;61;111;48;114;41;117;111;52;47;63;150;41;59;59;150;59;60;51;174;111;45;59;350;41;59;183;51;111;47;111;58;41;62;59;150;150;174;150;41;150;59;61;59;49;62;45;111;41;62;65;40;205;62;41;44;111;54;150;41;150;51;150;51;150;51;54;51;150;178;150;54;51;49;184;111;111;51;51;150;51;41;150;111;54;150;59;150;150;150;54;150;51;150;200;51;54;100;51;171;51;100;51;41;51;49;47;57;43;111;44;41;150;54;41;51;50;45;39;100;54;54;150;41;150;52)
seed_30_level_4-2,1634,42295.57821011543,47506909,12756,(205;150;111;47;51;171;59;51;100;43;50;51;54;55;111;62;150;100;51;47;111;111;41;47;57;41;54;54;50;150;41;41;51;41;111;54;39;51;111;111;51;51;111;55;61;100;51;44;111;62;150;47;150;41;51;42;44;47;51;49;114;41;204;57;111;114;47;150;111;43;111;51;111;177;41;173;41;41;59;41;41;59;40;59;150;150;125;41;40;51;57;150;150;64;150;175;150;150;51;51;150;41;150;59;180;178;111;41;59;57;400;150;45;41;150;172;59;60;59;52;59;62;41;350;41;41;51;47;41;44;41;40;62;41;57;57;41;111;59;59;112;51;61;41;114;43;47;59;51;111)
seed_30_level_4-2,1634,42628.95024728775,48234175,12906,(205;62;52;47;41;50;41;59;54;51;111;52;51;250;51;100;41;150;41;117;111;150;41;100;51;44;39;100;49;116;41;55;49;51;54;40;51;111;69;59;54;41;150;111;51;51;150;51;49;45;300;62;111;111;41;65;54;51;111;52;49;111;51;41;100;114;43;100;150;41;172;150;61;51;350;59;62;41;59;41;41;59;150;150;59;300;47;41;59;174;111;51;174;59;41;59;51;59;58;111;51;44;59;64;51;111;49;59;51;176;60;41;150;150;62;41;183;51;70;59;111;40;41;54;58;111;59;41;51;173;41;59;150;171;51;111;61;41;41;41;52;57;58;182;41;47;176;48;47;54)
seed_30_level_4-2,1634,42968.45707535744,48956008,13056,(205;51;41;54;41;46;174;51;150;41;43;100;41;111;60;111;51;61;150;54;51;51;51;51;57;45;111;111;51;66;111;51;100;41;44;111;100;41;41;150;41;51;52;41;41;39;150;40;65;49;51;51;41;42;41;43;173;172;54;51;41;63;51;41;150;171;57;41;54;57;150;54;350;176;41;176;51;150;150;59;40;59;41;41;51;58;150;52;59;171;172;41;62;40;111;59;58;150;59;175;40;136;61;59;59;150;111;44;111;150;59;150;41;40;57;100;121;57;150;150;111;150;62;38;40;54;59;173;59;59;150;41;59;41;41;111;150;51;59;218;59;150;41;150;54;59;171;63;58;57)
seed_30_level_4-2,1634,43311.878094911575,49725610,13206,(43;41;41;41;41;63;41;54;100;44;51;47;41;48;100;51;54;54;41;51;57;57;41;41;49;100;111;69;51;43;100;150;111;111;100;41;44;51;51;100;100;54;172;46;47;111;51;51;54;41;41;54;41;51;171;100;111;171;171;56;41;53;205;48;42;114;54;150;43;350;111;51;64;59;111;47;171;150;41;181;41;51;59;41;174;59;59;111;180;62;61;51;42;51;44;173;111;47;111;173;54;59;181;111;111;59;40;177;59;61;111;111;51;118;150;62;54;174;41;150;41;62;59;150;61;175;150;51;43;61;150;51;41;111;59;150;179;174;41;173;150;150;173;59;150;59;172;41;63;111)
seed_30_level_4-2,1634,43652.3727915287,50543987,13356,(185;41;61;58;50;47;111;58;46;111;111;41;41;62;57;111;51;54;171;50;111;51;43;65;150;114;51;51;171;54;54;57;59;54;100;57;51;100;111;51;63;51;50;47;111;150;54;111;41;72;111;41;111;58;54;171;111;54;173;54;54;48;41;350;41;62;51;41;58;52;111;59;59;40;61;59;59;62;51;41;59;179;52;58;175;54;150;59;41;150;172;49;52;41;59;150;51;59;41;150;51;181;173;150;44;40;176;150;59;59;111;45;41;111;300;150;59;150;150;41;41;111;42;43;60;175;59;175;150;40;51;150;176;180;62;61;174;59;57;300;150;150;59;41;59;59;40;111;47;150)
seed_30_level_4-2,1634,43985.545134305954,51306742,13506,(185;54;41;41;51;41;111;100;111;111;57;41;65;51;171;114;51;41;51;41;51;51;41;41;54;54;41;100;111;64;41;43;114;51;111;42;51;111;54;44;41;52;57;61;61;182;168;51;41;111;41;51;150;100;65;54;54;111;54;114;54;54;114;51;58;150;42;350;111;59;150;111;51;59;59;41;171;111;300;59;150;171;150;49;57;61;171;150;111;60;62;59;57;41;150;59;150;57;111;51;150;59;150;41;150;111;54;150;66;171;150;51;150;51;41;150;111;41;40;55;51;41;59;59;59;150;178;62;175;57;64;41;41;41;300;40;57;41;41;41;150;59;43;41;150;59;60;60;59;54)
seed_30_level_4-2,1634,44318.689529418945,52152791,13656,(185;54;114;48;171;41;41;54;44;50;51;114;111;41;41;111;194;111;55;41;54;54;250;41;41;175;41;51;150;41;44;51;100;41;111;111;54;45;57;48;150;150;62;51;175;111;41;42;57;54;51;51;66;111;122;150;150;150;111;56;111;51;61;41;150;51;111;41;350;41;150;176;111;59;150;41;150;177;300;41;41;57;40;41;150;150;57;61;150;59;60;51;150;171;173;56;61;150;111;58;59;59;41;51;111;150;47;59;51;61;63;176;175;41;150;58;47;41;150;59;59;59;60;51;111;60;150;46;171;111;150;62;111;51;173;150;61;41;41;61;62;181;41;41;59;111;63;150;43;51)
seed_30_level_4-2,1634,44641.908863306046,52833399,13806,(250;41;51;42;150;51;51;54;52;51;100;48;114;150;51;41;51;41;150;51;41;111;41;41;43;58;66;51;65;111;51;51;51;46;150;51;54;41;51;51;114;150;44;54;56;41;39;54;123;100;51;51;51;41;67;64;54;41;150;41;150;41;51;45;150;54;43;54;39;44;50;350;59;41;111;111;51;51;150;175;61;51;59;150;47;41;150;41;59;59;150;44;150;59;150;57;59;53;51;57;171;41;40;59;111;41;175;40;150;171;41;150;173;51;41;40;57;40;150;48;59;49;150;59;59;174;60;41;51;350;41;61;45;62;41;41;41;111;57;111;59;58;171;41;47;172;59;47;41;51)
seed_30_level_4-2,1634,44975.29037976265,53688712,13956,(250;114;72;47;58;60;41;60;150;193;65;66;50;100;171;65;100;54;150;69;42;57;150;111;46;150;48;65;41;41;150;54;111;100;54;41;41;41;59;72;171;111;150;51;41;46;62;45;100;111;54;48;150;41;58;41;54;54;51;41;51;44;40;56;100;59;350;111;41;60;59;59;111;57;300;47;40;150;51;171;174;59;150;174;41;59;60;41;300;150;41;41;175;120;59;61;41;150;62;41;41;111;111;43;41;41;150;41;187;111;150;47;117;40;68;44;59;42;174;116;59;174;60;150;59;150;62;61;174;59;45;59;150;51;59;180;150;41;40;59;61;60;51;300;57;59;44;42;175;41)
seed_30_level_4-2,1634,45310.461597919464,54593751,14106,(193;111;45;46;51;51;58;51;42;67;47;51;100;150;112;53;150;41;54;124;150;47;53;51;100;117;54;171;150;50;111;56;111;41;54;150;54;67;49;41;150;150;178;112;61;54;41;150;41;111;111;51;41;46;54;68;54;51;59;50;200;65;111;150;350;41;59;59;51;43;59;41;57;41;59;100;64;64;40;59;150;174;41;41;171;111;175;175;41;150;175;300;150;174;150;175;54;41;43;111;171;111;350;61;150;150;42;111;41;150;40;150;150;41;59;150;44;62;111;52;60;41;45;41;61;170;150;111;150;41;59;62;47;171;47;150;150;61;111;59;59;51;60;114;59;41;60;41;113;175)
seed_30_level_4-2,1634,45640.640434503555,55337838,14256,(193;59;59;150;48;51;59;111;51;39;150;111;111;56;51;57;114;54;41;51;111;57;54;111;54;100;54;45;57;47;53;111;169;100;111;54;54;100;41;41;171;174;150;41;50;54;54;111;111;175;51;57;171;111;47;41;41;51;150;57;100;41;41;100;54;41;350;59;60;150;51;61;59;44;53;41;40;41;59;58;59;150;41;51;111;59;185;111;41;61;41;177;175;51;150;150;150;111;111;57;150;150;111;175;111;130;171;150;54;51;111;111;169;51;40;61;41;150;41;150;64;174;59;51;59;41;54;63;63;64;60;51;60;174;59;60;111;59;40;59;41;150;59;150;40;41;62;150;56;62)
seed_30_level_4-2,1634,45984.52724337578,56299689,14406,(193;111;113;220;51;46;59;143;41;100;41;41;65;41;111;41;181;171;41;48;41;175;200;114;43;100;56;50;45;150;111;100;51;111;168;112;100;100;41;45;47;41;41;60;54;100;50;41;150;54;174;168;150;41;43;51;51;41;196;111;150;180;59;41;171;51;45;111;41;350;111;41;250;41;41;174;112;111;41;150;111;117;111;44;54;114;47;41;171;41;41;150;59;40;300;51;57;45;47;40;59;59;59;150;111;175;177;114;150;59;51;45;41;60;171;41;62;45;51;52;41;175;150;41;169;43;117;52;41;150;177;59;41;171;111;111;41;61;150;177;54;41;111;41;41;150;300;59;171;150)
seed_30_level_4-2,2194,46326.937403440475,57295371,14556,(350;171;41;48;41;150;150;43;57;43;50;59;172;100;182;59;47;41;42;150;111;41;64;150;133;111;44;175;59;41;41;41;40;41;59;41;175;43;111;175;47;43;41;174;111;41;43;150;150;100;41;59;43;150;59;41;43;61;150;69;150;65;174;59;171;51;100;51;174;178;112;51;170;51;62;57;111;111;300;150;51;150;150;41;59;150;61;41;59;51;150;193;111;111;111;111;42;456;41;48;119;175;41;53;169;171;41;111;54;42;54;41;150;171;54;56;45;48;111;111;54;41;54;100;51;169;100;51;41;41;111;70;41;111;119;171;100;150;41;51;171;201;41;51;181;150;41;51;111;100)
seed_30_level_4-2,2194,46674.1369702816,58340577,14706,(300;150;41;61;40;41;59;43;61;111;47;41;41;51;41;40;51;173;51;150;59;59;174;59;59;150;51;150;176;150;150;41;59;63;40;51;41;63;59;175;51;150;150;59;119;61;41;150;62;59;41;216;59;150;150;150;60;150;58;51;176;150;61;150;41;41;150;41;61;66;174;44;47;41;111;150;51;54;180;150;456;48;54;54;171;54;59;65;45;41;41;180;41;175;171;54;44;185;171;51;111;113;150;41;56;42;43;54;100;171;111;50;182;41;169;42;41;62;150;111;51;111;228;111;207;46;150;111;41;111;54;150;169;174;180;171;111;150;44;41;111;150;41;150;55;41;250;118;54;171)
seed_30_level_4-2,2194,47023.61102628708,59366578,14856,(190;40;60;53;47;62;150;51;51;171;59;250;114;150;40;62;199;64;250;150;111;59;41;51;175;54;175;51;117;59;61;40;61;41;59;150;173;150;51;59;150;117;172;150;114;188;111;150;111;40;177;150;41;43;40;300;63;59;173;59;51;41;150;46;150;150;46;150;173;59;51;300;150;39;111;169;63;171;169;41;41;150;250;46;150;59;171;150;100;41;174;46;111;41;41;150;100;111;42;100;41;150;169;62;41;69;59;111;172;42;54;44;41;150;59;59;41;171;50;41;111;41;111;150;150;169;41;47;41;111;58;41;54;169;44;54;150;169;175;150;41;150;54;169;53;41;41;51;59;41)
seed_30_level_4-2,2194,47389.95497083664,60752880,15006,(250;150;41;54;66;111;41;41;54;373;171;353;49;150;51;59;60;150;150;169;150;171;54;181;59;150;169;41;172;41;150;51;111;54;150;171;41;171;51;51;60;54;169;111;182;53;111;53;41;169;60;41;111;150;207;49;111;54;53;39;150;172;111;41;57;59;54;54;172;62;150;180;100;114;54;54;250;111;40;61;114;183;171;217;60;111;175;181;54;51;150;150;150;111;111;43;150;150;171;173;56;300;150;45;59;41;173;300;54;51;300;58;150;191;150;171;174;43;150;150;41;250;150;41;176;150;172;59;113;59;300;150;59;150;111;175;41;150;41;61;54;41;41;41;41;179;174;171;150;51)
