seed_2_level_1-4,1318,490.02671933174133,312080,150,(53;54;45;45;53;58;57;45;44;54;52;52;54;44;67;102;43;104;52;70;44;44;55;52;90;53;57;248;45;43;79;43;47;43;52;52;53;53;53;96;44;43;94;53;111;57;43;61;57;57;59;57;54;61;99;52;224;56;53;52;52;53;52;44;62;53;44;44;53;60;55;53;42;42;52;42;52;52;53;42;52;116;65;52;55;52;53;53;57;42;57;57;57;46;57;42;49;42;44;42;53;134;57;68;53;59;53;46;86;103;57;52;52;42;53;58;43;91;56;42;53;61;76;69;42;52;55;44;42;52;43;42;52;54;52;52;53;63;42;44;128;57;108;61;42;49;52;42;42;58)
seed_2_level_1-4,1318,988.2985835075378,626766,302,(42;42;42;43;42;43;43;42;43;42;42;42;42;42;42;42;42;42;42;42;42;42;43;42;43;42;42;42;43;44;44;44;44;44;44;44;44;44;44;44;46;46;46;49;49;55;60;60;66;68;54;59;69;55;52;58;59;57;57;53;57;53;57;57;57;57;57;57;53;59;61;59;65;53;52;55;53;53;53;53;61;54;52;57;56;53;60;53;56;56;56;53;53;76;63;54;52;52;53;61;56;54;53;52;52;69;52;52;53;54;52;52;52;54;52;52;52;52;52;52;53;52;52;54;54;52;52;52;52;52;59;53;53;103;86;99;105;79;102;91;90;116;102;109;106;111;128;134;243;42;224;61)
seed_2_level_1-4,1318,1486.9240772724152,940879,454,(43;42;43;43;42;42;43;43;42;42;42;42;42;42;42;42;42;42;42;42;42;43;42;42;43;42;43;42;43;44;44;44;44;44;44;44;44;44;44;44;46;46;46;49;49;55;60;60;66;68;54;59;69;55;52;57;59;57;57;57;57;57;57;57;57;57;59;61;59;62;65;53;55;53;53;55;61;55;52;57;53;53;56;60;53;56;53;76;63;53;56;56;53;53;55;52;52;56;54;54;52;52;69;52;52;54;54;52;52;52;54;52;52;52;52;52;52;54;52;52;53;54;52;52;52;52;52;57;53;53;59;57;53;103;96;84;99;78;91;102;89;116;102;109;106;111;243;42;128;134;224;57)
seed_2_level_1-4,1318,1982.91375207901,1253999,606,(42;42;42;42;42;42;42;42;42;43;42;42;42;42;42;42;43;43;43;42;43;42;43;42;42;43;43;42;42;44;44;44;44;44;44;44;44;44;44;44;46;46;46;49;49;55;60;60;66;68;54;59;69;55;52;58;58;57;57;57;53;57;57;57;57;57;59;61;58;53;57;64;53;55;53;53;61;55;52;57;53;53;53;53;60;56;98;76;63;53;53;53;59;62;53;56;53;56;55;52;52;56;53;54;52;52;70;52;52;54;54;52;52;52;54;52;52;52;52;52;52;53;52;52;54;53;52;52;52;52;52;53;53;103;84;53;105;78;91;94;89;116;102;108;106;111;243;42;128;134;224;57)
seed_2_level_1-4,1318,2483.062025785446,1566510,758,(42;42;42;42;42;42;42;42;42;42;42;42;42;43;43;42;42;42;42;42;42;43;42;42;43;42;42;43;42;44;44;44;44;44;44;44;44;44;44;44;46;46;46;49;49;55;60;60;66;68;54;69;55;52;58;59;53;57;57;57;57;57;57;57;58;61;59;53;64;53;55;53;53;61;54;52;57;53;53;53;60;76;63;56;53;53;59;53;53;53;53;62;53;53;55;52;52;53;53;54;52;52;69;52;52;53;54;52;52;52;53;52;52;52;52;52;52;54;52;52;53;53;52;52;52;52;52;59;57;57;53;57;57;103;96;86;78;91;94;98;89;116;102;109;104;111;243;54;128;134;224;57)
seed_2_level_1-4,1318,2977.8179869651794,1880199,910,(42;42;42;42;42;42;42;42;42;42;42;42;42;42;43;43;43;43;43;43;43;43;42;42;43;43;43;42;42;44;44;44;44;44;44;44;44;44;44;44;46;46;46;49;49;55;60;60;66;68;54;69;55;52;57;58;57;57;57;57;57;57;57;58;61;59;57;57;53;53;64;53;55;53;53;69;54;52;56;53;53;53;61;76;63;53;53;56;56;53;56;53;53;53;53;61;55;52;52;53;54;52;52;70;52;52;53;54;52;52;52;53;52;52;52;52;52;52;54;52;52;53;54;52;52;52;52;52;57;57;59;59;53;103;84;105;79;91;102;53;90;116;102;108;104;111;243;42;106;134;224;116)
seed_2_level_1-4,1318,3457.06201004982,2188986,1062,(42;42;42;42;42;42;42;42;42;42;42;42;42;42;43;42;42;42;42;43;43;43;42;43;43;42;43;43;42;44;44;44;44;44;44;44;44;44;44;44;46;46;46;49;49;55;60;60;66;68;54;69;55;52;57;58;57;57;57;57;57;57;57;59;61;59;53;57;61;61;53;53;65;53;55;53;55;55;52;56;53;53;53;53;60;76;63;53;56;53;56;53;53;56;59;53;53;56;53;54;52;52;53;54;52;52;69;52;52;53;54;52;52;52;53;52;52;52;52;52;52;53;52;52;53;54;52;52;52;52;52;57;53;59;103;96;84;79;91;94;89;116;102;128;108;104;111;243;52;134;224;53)
seed_2_level_1-4,1318,3939.7344496250153,2504852,1214,(42;42;42;42;42;42;42;42;42;42;42;42;42;42;42;42;42;43;43;43;43;42;43;43;43;43;43;42;42;44;44;44;44;44;44;44;44;44;44;44;46;46;46;49;49;55;60;60;66;68;54;69;55;52;58;59;57;57;57;57;57;57;57;58;61;58;53;62;57;64;53;69;55;53;55;55;52;57;52;53;53;61;76;63;53;99;53;53;59;98;53;56;53;53;56;53;54;52;52;54;54;52;52;70;52;52;54;54;52;52;52;53;52;52;52;52;52;52;53;52;52;54;54;52;52;52;52;52;57;57;53;53;57;59;103;86;96;79;91;102;89;116;102;109;104;111;243;58;106;134;224;61)
seed_2_level_1-4,1318,4429.973617076874,2821909,1366,(42;42;42;42;42;42;42;42;42;42;42;42;42;42;43;42;42;42;42;42;43;43;43;43;43;42;42;42;43;44;44;44;44;44;44;44;44;44;44;44;46;46;46;49;49;55;60;60;66;68;54;59;69;55;52;57;58;57;57;57;57;57;57;57;59;59;59;57;69;57;53;57;65;53;55;53;55;55;52;57;53;53;53;60;76;63;53;53;53;53;56;56;56;62;56;53;54;52;52;53;53;52;52;69;52;52;53;54;52;52;52;54;52;52;52;52;52;52;54;52;52;53;53;52;52;52;52;52;53;59;57;53;103;86;99;96;78;91;98;94;90;116;102;106;108;104;111;243;90;134;224;57)
seed_2_level_1-4,1318,4914.173896551132,3140066,1518,(42;42;42;42;42;42;42;42;42;42;42;42;42;42;43;43;42;42;42;43;43;42;43;43;42;43;43;43;43;44;44;44;44;44;44;44;44;44;44;44;46;46;46;49;49;55;60;60;66;68;54;59;69;55;52;58;58;57;57;57;57;57;57;57;58;59;57;69;57;53;57;64;53;55;53;53;54;52;57;53;53;53;53;61;76;63;56;53;56;53;56;59;56;56;53;61;53;55;52;52;59;54;54;52;52;69;52;52;54;54;52;52;52;53;52;52;52;52;52;52;54;52;52;54;54;52;52;52;52;52;53;57;103;86;53;96;79;91;102;98;90;116;102;128;108;106;111;134;224;104;243;42)
seed_2_level_1-4,1318,5397.300057411194,3447492,1670,(42;42;42;42;42;42;42;42;42;42;42;42;42;42;43;43;43;43;43;42;42;42;43;43;42;43;42;43;43;44;44;44;44;44;44;44;44;44;44;44;46;46;46;49;49;55;60;60;66;68;54;59;69;55;52;57;59;57;57;57;57;57;57;57;58;59;53;61;53;53;62;57;64;53;55;53;55;55;52;57;53;52;53;53;60;76;63;53;53;53;56;53;56;56;53;56;56;54;52;52;61;53;54;52;52;69;52;52;53;53;52;52;52;53;52;52;52;52;52;52;53;52;52;53;53;52;52;52;52;52;57;59;53;103;86;105;78;91;94;53;89;116;102;109;106;111;243;42;106;134;224;57)
seed_2_level_1-4,1318,5875.579277515411,3762698,1822,(42;42;42;42;42;42;42;42;42;42;42;42;42;42;43;43;43;42;43;43;43;42;42;43;43;43;43;43;42;44;44;44;44;44;44;44;44;44;44;44;46;46;46;49;49;55;60;60;66;68;54;59;69;55;52;57;58;57;57;57;57;57;57;57;58;58;53;59;53;65;53;69;55;53;53;55;52;57;53;53;53;52;61;76;63;53;56;56;99;56;59;53;61;53;53;53;53;56;55;52;52;54;54;52;52;70;52;52;53;53;52;52;52;54;52;52;52;52;52;52;53;52;52;54;54;52;52;52;52;52;57;57;53;53;103;105;84;78;91;102;90;116;102;128;108;104;111;243;60;134;224;57)
seed_2_level_1-4,1318,6350.694983482361,4074417,1974,(42;42;42;42;42;42;42;42;42;42;42;42;42;43;43;42;42;43;42;43;42;43;43;43;43;42;43;43;43;44;44;44;44;44;44;44;44;44;44;44;46;46;46;49;49;55;60;60;66;68;54;59;69;55;52;57;59;57;57;57;57;57;57;57;59;58;69;62;57;57;64;53;55;53;55;54;52;57;53;53;53;61;76;63;56;59;98;53;56;53;53;56;56;56;53;54;52;52;59;53;54;52;52;69;52;52;54;54;52;52;52;54;52;52;52;52;52;52;54;52;52;53;54;52;52;52;52;52;57;57;53;57;53;103;96;84;53;78;91;102;89;116;102;109;104;111;243;42;106;134;224;57)
seed_2_level_1-4,1318,6833.707708120346,4388480,2126,(42;42;42;42;42;42;42;42;42;42;42;42;42;42;42;43;43;43;43;43;42;43;42;42;42;43;42;42;43;44;44;44;44;44;44;44;44;44;44;44;46;46;46;49;49;55;60;60;66;68;54;69;55;52;58;58;57;57;57;57;57;57;57;59;59;69;57;57;57;53;53;64;53;55;53;53;54;52;57;53;53;53;60;76;63;56;53;56;56;99;61;56;53;56;56;56;55;52;52;61;53;53;52;52;70;52;52;54;54;52;52;52;53;52;52;52;52;52;52;54;52;52;53;54;52;52;52;52;52;59;59;53;53;103;84;105;79;91;53;94;90;116;102;106;109;104;111;243;42;134;224;88)
seed_2_level_1-4,1318,7317.282219648361,4705445,2278,(42;42;42;42;42;42;42;42;42;42;42;42;42;43;43;42;42;43;42;43;43;42;43;42;43;43;42;43;42;44;44;44;44;44;44;44;44;44;44;44;46;46;46;49;49;55;60;60;66;68;54;69;55;52;58;59;57;57;57;57;57;57;57;59;58;61;57;53;57;61;61;64;53;55;53;53;54;52;57;53;52;53;53;61;76;63;53;53;59;98;56;56;53;53;56;53;53;54;52;52;54;54;52;52;70;52;52;54;54;52;52;52;54;52;52;52;52;52;52;53;52;52;53;54;52;52;52;52;52;57;57;59;53;103;96;86;99;78;91;102;89;116;102;128;108;106;111;243;58;134;224;42)
seed_2_level_1-4,1318,7803.4647488594055,5014244,2430,(42;42;42;42;42;42;42;42;42;42;42;42;42;43;43;43;42;42;43;42;42;42;43;43;42;43;42;43;42;44;44;44;44;44;44;44;44;44;44;44;46;46;46;49;49;55;60;60;66;68;54;59;69;55;52;58;59;57;57;57;57;57;57;57;58;59;57;53;62;59;53;53;65;53;61;55;53;55;55;52;56;53;53;53;53;60;76;63;53;56;59;56;56;56;56;56;56;53;54;52;52;54;53;52;52;69;52;52;53;53;52;52;52;54;52;52;52;52;52;52;53;52;52;53;53;52;52;52;52;52;57;53;103;84;53;105;79;91;53;102;90;116;102;109;104;111;224;55;243;55;106;134)
seed_2_level_1-4,1842,8312.23835015297,5900896,2584,(42;44;43;43;43;46;43;42;42;42;43;43;42;42;43;69;42;42;43;61;43;42;59;53;54;52;52;53;57;60;54;52;57;57;54;56;58;52;53;42;52;53;53;76;43;58;67;53;53;52;57;117;56;90;119;57;90;53;42;104;53;93;56;53;53;57;59;53;52;52;76;211;53;57;43;108;107;53;86;53;243;57;53;108;53;57;59;53;57;56;57;57;59;53;64;103;54;57;62;57;57;53;57;80;54;53;52;53;50;60;52;57;94;43;96;95;44;89;61;42;1001;71;134;51;90;109;52;55;151;103;52;90;43;88;56;53;52;224;57;52;100;60;53;62;52;97;58;56;53;104;52;52;57;53)
seed_2_level_1-4,1842,8793.689953804016,6324877,2732,(42;43;42;46;69;52;61;42;61;54;43;54;65;57;53;53;57;52;51;53;42;54;54;43;57;42;57;52;54;53;52;57;53;57;84;53;52;164;44;53;103;52;62;57;88;57;57;59;57;107;42;58;72;70;121;43;43;58;43;66;80;61;53;53;53;85;42;57;53;56;46;104;53;57;52;52;84;87;56;59;77;60;117;53;114;52;109;108;57;52;56;52;56;109;123;59;56;53;54;53;57;53;58;56;119;84;84;54;58;51;54;129;52;59;42;56;54;42;254;53;53;109;52;53;53;55;55;55;52;53;57;52;284;211;53;93;53;56;56;102;59;52;56;129;59;50;181;43)
seed_2_level_1-4,1842,9282.562101602554,6715837,2882,(43;52;46;42;52;52;52;59;53;107;69;42;114;42;58;44;60;57;57;54;54;53;54;52;54;57;65;54;42;42;52;49;53;57;52;57;54;53;52;52;80;53;57;107;54;90;249;62;78;61;119;114;55;53;54;52;57;58;85;44;54;59;164;52;60;43;56;57;60;53;56;52;88;57;53;57;96;53;53;57;135;57;108;57;52;63;53;53;52;52;56;52;57;57;104;56;56;52;56;43;43;86;56;52;52;43;87;52;107;53;92;73;43;124;53;85;52;49;211;43;42;42;101;92;56;53;53;43;53;83;52;43;75;43;254;56;56;55;56;52;56;53;53;57;56;53;110;53;55;57)
seed_2_level_1-4,1842,9773.657040596008,7242515,3031,(46;53;54;53;43;52;52;54;53;52;53;52;52;107;42;42;44;57;56;44;44;42;42;86;57;57;56;70;52;82;52;57;57;211;52;63;43;53;55;52;119;52;55;184;55;65;53;76;164;69;78;49;52;44;53;53;55;52;42;56;109;57;74;64;113;53;54;89;58;43;57;59;94;53;118;121;42;49;94;54;53;44;240;49;53;95;216;121;135;53;113;94;70;117;97;46;88;44;91;53;86;107;106;115;85;76;110;42;88;49;114;119;116;57;53;284;90;52;53;52;43;73;62;53;86;52;59;53;53;53;57;55;248;46;58;42;59;66;42;53;49;57;61;84;197;57;61;56;56)
seed_2_level_1-4,1842,10273.615139245987,7814453,3182,(46;55;107;53;42;54;42;44;56;135;53;42;52;52;42;53;52;54;54;52;52;52;51;57;52;46;164;88;55;57;52;52;57;54;75;52;58;82;57;57;52;52;83;56;88;124;57;109;134;53;70;66;42;49;74;56;109;58;55;49;248;56;60;211;66;55;58;57;55;59;53;59;54;58;94;254;58;113;75;53;53;53;61;55;53;53;107;52;52;60;117;46;53;90;88;119;57;85;42;88;89;58;279;57;211;55;43;43;52;54;154;86;56;54;67;69;77;113;57;53;107;85;52;91;119;53;53;107;56;103;88;57;102;43;89;216;52;128;52;130;52;115;59;52;90;54;227;42;118;60;59)
seed_2_level_1-4,1842,10782.235332727432,8449750,3333,(51;57;52;42;53;52;53;52;59;53;54;52;52;43;57;52;56;52;43;43;135;43;44;42;42;42;42;57;58;109;90;58;239;122;107;42;54;55;136;43;211;53;97;54;250;43;53;56;43;68;64;42;43;53;164;43;52;51;56;53;49;52;56;51;43;53;82;56;57;53;58;87;52;53;57;121;54;284;52;55;52;52;52;56;52;53;57;54;53;55;55;249;55;56;53;66;130;55;57;58;57;57;58;42;59;107;56;52;59;86;56;55;56;53;107;88;43;109;107;279;126;74;63;46;89;118;115;56;50;57;109;58;100;88;226;238;124;53;42;59;232;117;114;86;59;104;53;86;50;52;228)
seed_2_level_1-4,1842,11299.613862752914,9201387,3484,(135;51;42;58;98;74;42;52;52;42;44;57;52;46;52;53;102;46;43;54;43;54;52;53;52;52;52;52;164;54;52;52;43;57;54;60;52;53;42;53;43;53;56;52;57;56;55;52;52;56;56;249;71;58;129;88;56;122;60;57;58;57;52;105;211;43;52;106;54;53;52;57;102;86;362;89;103;284;52;52;52;52;43;81;52;56;57;86;53;55;107;42;86;43;56;43;58;93;91;56;55;53;53;279;55;57;74;44;56;88;46;44;104;113;54;60;44;56;57;239;90;56;240;52;90;86;77;42;52;56;53;55;228;53;55;216;56;135;249;216;53;53;258;56;121;119;161;120;42;248;107)
seed_2_level_1-4,1842,11815.551406383514,9954270,3633,(52;52;52;88;52;103;102;57;53;53;55;104;54;52;53;52;52;54;42;52;56;119;90;57;61;52;112;52;52;106;135;42;52;42;55;42;73;56;164;54;53;42;61;73;57;88;49;42;107;107;88;97;90;42;52;107;52;54;102;279;114;84;53;53;57;74;85;53;53;54;57;57;254;52;238;57;43;53;53;42;52;52;55;56;248;104;59;57;63;42;59;53;140;59;60;58;53;59;240;148;105;108;52;78;54;54;54;218;118;106;88;57;362;53;56;56;123;57;56;53;53;53;102;102;241;59;93;42;250;53;49;52;53;51;52;43;238;51;55;57;142;104;223;91;52;248;56;52;114)
seed_2_level_1-4,1842,12323.722066640854,10775359,3781,(135;43;52;230;43;43;42;54;54;57;53;53;53;54;164;52;52;54;55;43;43;75;54;90;52;54;57;56;61;54;112;104;113;58;58;53;46;57;107;249;54;55;54;42;57;85;61;59;81;115;92;53;112;60;107;57;52;58;53;57;57;52;52;279;91;56;53;57;46;53;93;44;57;117;57;284;52;55;117;57;52;52;57;53;58;52;107;57;55;147;87;52;106;110;59;55;53;59;109;59;362;63;43;70;90;42;244;76;63;207;95;106;69;103;56;223;248;58;57;52;249;92;53;240;55;59;224;112;53;122;129;91;112;219;52;216;52;42;88;58;108;88;55;52;240;87;58;54)
seed_2_level_1-4,1842,12839.649512052536,11597925,3930,(164;52;58;50;52;56;53;91;54;42;53;66;53;54;54;53;230;74;42;75;44;76;42;57;112;90;223;56;89;52;52;52;52;86;65;53;56;56;58;59;53;56;57;103;56;62;42;109;57;61;42;53;249;42;61;58;53;112;53;57;58;54;57;59;279;46;57;43;54;53;53;113;57;52;93;147;77;76;102;229;124;91;53;53;91;118;254;100;55;88;46;59;53;52;149;56;128;52;219;54;86;55;227;76;130;220;90;112;58;67;223;182;53;52;362;57;52;43;153;43;56;254;42;52;65;74;127;87;56;105;223;53;55;112;85;53;90;56;91;53;56;51;52;57;54;53;217;239;104)
seed_2_level_1-4,1842,13373.570218324661,12530287,4081,(53;52;52;42;52;54;54;65;52;53;107;57;57;52;132;109;88;95;53;57;52;58;104;230;42;57;42;53;53;56;88;112;164;86;52;102;103;89;248;52;88;249;54;59;57;102;52;59;57;56;54;58;279;46;88;58;57;46;57;57;57;122;284;57;59;55;56;223;52;53;53;86;55;154;58;365;111;238;84;42;62;63;62;61;61;178;112;220;118;57;223;52;106;53;53;86;53;53;56;53;53;91;250;57;240;53;259;58;212;57;57;87;112;57;57;59;52;112;211;229;60;101;57;81;114;102;251;57;57;53;106;53;56;227;89;52;43;53;57;42;52;73;53;52;53;209;43;52;101;84;56)
seed_2_level_1-4,1842,13897.3146007061,13352161,4230,(53;63;53;52;52;42;229;78;59;53;112;43;58;77;89;42;132;57;54;59;57;57;114;52;56;279;57;74;46;57;97;125;49;114;227;88;42;118;219;53;52;53;54;54;52;108;57;219;249;89;58;106;91;57;57;107;103;56;109;57;57;53;97;62;46;61;109;223;90;53;57;57;177;118;53;52;256;53;254;53;52;74;52;53;52;52;225;116;90;59;52;56;229;88;88;104;76;53;93;88;53;95;53;239;57;248;53;49;43;55;56;42;56;55;52;52;53;212;57;57;53;53;59;53;57;57;53;57;52;53;53;59;53;362;154;86;74;93;66;97;104;72;52;42;102;135;90;92;88)
seed_2_level_1-4,1842,14439.345158815384,14398258,4380,(54;54;52;53;52;248;55;53;104;56;54;128;63;102;52;212;54;53;52;70;240;112;53;55;53;57;55;109;109;53;102;53;60;57;61;107;43;132;51;51;106;56;53;52;55;111;53;230;95;54;53;54;279;54;54;61;258;239;279;62;90;88;57;88;91;89;74;58;230;52;57;52;93;57;112;52;52;105;57;55;52;248;44;55;57;60;58;58;59;58;55;61;74;362;43;137;61;58;43;52;86;50;107;44;115;43;58;53;226;53;239;53;42;52;208;55;188;42;212;54;301;53;87;229;52;52;253;252;240;104;56;90;53;365;85;57;53;223;57;56;57;55;53;56;132;56;103;57;56;52)
seed_2_level_1-4,1842,14991.52830171585,15699446,4527,(53;52;58;52;52;53;249;55;59;56;253;42;53;58;57;210;109;52;53;53;57;42;55;97;57;132;49;97;52;52;58;128;53;83;223;70;56;70;43;53;52;112;53;53;52;365;214;42;56;57;179;52;53;61;253;220;49;225;52;53;52;43;52;42;57;57;196;52;212;109;118;58;57;54;53;240;132;240;57;248;86;52;49;86;52;102;52;87;55;52;279;57;85;46;58;101;44;44;57;46;43;282;55;42;59;254;56;222;86;52;42;42;290;54;254;301;210;88;77;76;43;52;212;86;52;55;238;49;226;250;77;365;52;248;254;55;55;223;53;102;94;222;88;240;233;191;55)
seed_2_level_1-4,1842,15543.780326604843,16983197,4677,(54;52;52;52;54;109;53;82;57;93;102;97;58;279;57;122;53;58;57;64;74;57;223;124;56;53;241;56;112;56;58;54;225;53;42;95;117;42;52;88;60;52;132;55;52;52;53;61;84;129;180;49;248;86;89;52;52;238;52;84;75;52;249;57;55;60;49;53;57;59;46;57;73;279;53;53;98;53;86;53;60;54;53;54;258;42;54;221;212;93;57;53;56;53;57;53;55;256;53;134;57;365;60;58;55;57;225;105;73;58;117;42;99;53;113;301;55;129;242;210;181;42;134;108;258;242;90;59;237;213;59;226;365;53;55;279;54;53;88;239;51;258;221;53;52;238;55;223;52;220)
seed_2_level_1-4,1842,16089.63662648201,18065075,4829,(54;54;53;52;52;54;249;55;59;52;99;59;57;58;53;230;61;52;96;55;53;88;57;46;279;87;126;54;57;115;74;43;56;57;109;53;57;57;65;58;57;109;68;279;50;102;53;87;365;52;54;52;108;52;52;106;212;57;54;57;53;57;57;56;57;68;55;57;180;53;52;52;52;114;52;54;106;52;52;362;191;93;52;52;114;91;88;58;61;52;57;55;131;57;56;53;56;112;56;53;53;56;57;248;53;49;52;54;49;75;53;238;52;53;365;52;88;93;222;49;218;53;93;52;53;365;209;52;52;90;52;238;233;301;56;129;60;182;42;117;179;131;52;52;211;52;102;110;88;239;95;62)
seed_2_level_1-4,1842,16610.240452051163,19075951,4976,(54;65;53;62;53;57;54;133;60;106;53;57;56;57;53;53;55;109;52;46;103;97;88;97;53;46;57;212;84;57;57;57;62;58;52;57;57;57;180;53;42;52;52;52;42;52;52;61;249;57;59;58;57;58;59;56;62;59;279;61;54;74;56;62;42;57;52;57;46;248;52;51;53;238;51;56;238;54;53;107;86;365;61;55;52;52;53;59;53;106;53;185;55;53;53;365;91;52;228;75;52;88;60;52;52;83;161;258;52;301;57;128;178;89;57;210;86;52;57;52;76;54;223;54;43;88;55;365;86;52;52;42;87;86;365;53;86;51;219;57;55;52;52;52;216;216;239)
seed_2_level_1-4,1842,17157.577936172485,20296355,5123,(54;52;53;53;54;52;55;54;180;52;90;42;52;56;42;42;54;279;57;74;88;42;46;46;42;56;57;112;52;57;58;114;107;56;235;107;109;102;59;104;60;89;104;104;110;61;102;248;42;57;59;60;95;59;59;181;52;49;212;93;221;57;53;60;57;223;59;57;362;66;96;57;58;161;108;108;58;61;55;43;97;248;102;52;52;102;88;53;52;86;84;52;86;102;102;301;106;117;58;55;179;187;57;218;42;56;53;57;90;49;90;178;280;59;52;221;52;56;54;53;52;86;54;53;231;220;279;53;365;53;365;222;55;223;53;252;53;90;224;63;230;53;226;226;279;53;52)
seed_2_level_1-4,1842,17710.61718249321,21656526,5270,(54;53;55;52;52;52;52;180;57;52;52;55;114;53;58;279;60;53;46;74;93;46;44;46;248;59;181;59;58;107;57;59;55;223;109;57;53;104;93;57;58;55;62;62;109;57;362;53;133;73;75;135;52;118;130;103;56;52;248;238;102;102;52;59;102;52;103;52;77;52;52;84;261;56;52;177;69;53;55;108;58;107;301;54;57;55;210;88;76;54;52;240;210;53;90;86;107;250;212;63;58;249;57;53;60;54;53;57;56;56;60;365;263;86;365;57;52;55;52;226;233;53;279;61;109;233;365;52;222;238;52;222;107;105;88;58;214;82;86;52;54;55;53;223;365;208;55)
seed_2_level_1-4,1842,18251.1093044281,22843376,5419,(53;54;52;52;54;53;279;53;93;72;53;57;115;85;109;53;53;57;112;57;57;92;59;53;212;116;57;52;104;52;56;107;52;218;52;180;52;46;57;130;57;199;53;52;254;52;101;52;108;86;107;86;42;53;53;107;248;52;52;91;95;53;53;86;109;52;87;52;362;56;43;163;53;52;61;106;56;55;52;52;53;249;91;57;57;42;58;53;54;57;75;74;55;301;51;210;84;57;52;93;217;52;55;55;114;208;106;90;76;102;365;222;52;92;116;106;53;88;52;365;86;55;279;147;52;88;365;75;109;53;365;46;279;115;53;52;52;53;57;52;53;180;57;53;115;52;365;42;52)
seed_2_level_1-4,1842,18800.435421466827,24096385,5567,(54;59;52;54;55;52;54;249;105;57;56;57;113;42;104;49;55;109;57;88;46;57;62;57;57;55;365;87;43;165;107;55;209;43;42;121;57;106;248;52;52;86;52;219;76;53;108;240;50;261;215;62;50;93;227;52;112;111;60;61;80;52;200;106;54;75;52;248;42;114;112;205;57;279;116;58;57;44;84;53;56;44;58;280;42;57;62;44;59;52;255;58;53;57;255;287;53;42;56;55;212;121;56;57;58;257;64;57;112;56;55;44;53;301;52;51;58;57;117;52;102;86;211;238;52;57;209;52;93;365;224;221;86;115;76;222;88;93;226;86;238;52;57;238;52;178;52;90)
seed_2_level_1-4,1842,19339.218260526657,25275129,5714,(54;52;57;53;54;52;109;56;52;58;57;104;62;52;279;53;57;104;88;88;44;57;46;248;42;117;106;57;57;90;53;59;212;244;52;257;114;53;53;55;93;234;52;57;287;52;217;43;52;56;107;52;42;52;57;52;222;56;52;362;43;156;56;53;214;42;53;59;55;59;87;76;254;57;58;106;223;102;134;131;88;84;56;53;107;216;301;55;91;211;210;76;52;57;88;248;52;113;59;57;76;248;250;52;51;52;53;120;53;53;57;52;52;52;219;57;53;57;53;57;52;52;52;56;52;52;239;365;131;55;105;55;223;86;52;223;52;77;51;50;218;223;94;86;221;53;226)
seed_2_level_1-4,1842,19901.804678440094,26563609,5866,(53;53;52;52;54;71;52;109;65;57;53;52;92;57;57;57;46;54;54;53;105;55;55;106;57;55;57;54;56;55;279;53;53;44;42;46;235;57;44;53;96;248;296;187;121;56;180;53;52;57;57;90;52;53;248;258;56;53;52;254;57;59;56;90;53;240;365;54;52;222;62;210;112;54;119;151;42;89;365;106;60;365;52;119;61;60;216;57;52;91;52;102;56;43;43;51;301;53;57;55;208;53;57;52;86;54;55;76;57;57;57;56;52;196;86;90;52;111;110;53;112;58;53;58;107;55;58;256;107;53;365;51;210;88;57;115;52;57;90;57;255;88;365;226;279;55;52;107;53;224;250;52)
seed_2_level_1-4,1842,20449.981602668762,27647305,6016,(54;54;52;54;55;52;109;52;103;92;52;61;93;51;62;105;51;89;96;44;55;90;57;52;222;52;279;91;57;85;86;46;74;91;74;57;46;62;301;56;52;238;84;52;76;248;86;52;85;63;52;178;362;43;53;60;52;53;58;62;52;57;52;52;58;53;256;56;258;107;106;53;102;57;109;125;116;52;107;58;53;296;115;91;268;53;106;106;57;108;84;52;107;106;54;53;248;52;57;58;59;88;107;55;87;53;53;53;67;56;59;365;53;56;52;76;57;57;86;106;52;106;250;57;230;54;55;53;51;365;52;214;238;102;222;178;130;55;86;52;86;52;221;88;57;52;190;57;52;90)
seed_2_level_1-4,1842,20999.831585884094,28711333,6168,(53;52;42;60;52;52;55;365;89;57;52;102;42;117;52;52;53;53;60;109;57;91;57;58;46;52;53;62;52;249;53;90;90;57;54;58;57;85;56;74;96;71;279;76;93;74;57;57;115;46;57;57;86;222;57;53;53;77;168;57;107;55;57;57;59;277;133;255;52;57;55;52;55;77;104;57;115;53;88;90;50;56;256;58;86;86;52;86;106;58;90;107;58;52;154;53;113;58;182;120;232;57;180;53;107;88;106;104;57;57;53;107;53;53;301;57;58;239;52;81;133;238;210;92;52;114;138;54;57;92;365;106;53;53;52;76;243;84;59;221;222;86;53;88;216;86;224;55;222;222;77;53)
seed_2_level_1-4,1842,21577.873463869095,30114371,6321,(54;52;42;42;61;52;109;102;112;57;78;109;56;52;52;279;46;103;73;58;56;59;132;60;99;102;107;249;113;66;53;97;53;56;53;52;53;58;53;222;88;88;88;57;90;53;62;53;251;51;46;88;362;57;55;53;108;58;238;89;216;119;42;77;42;256;53;52;147;58;113;215;59;57;58;110;57;61;107;52;177;90;52;55;128;92;52;84;53;59;57;51;89;51;222;54;232;53;52;115;222;52;42;112;112;53;53;53;109;52;53;54;52;301;42;52;208;222;239;177;52;55;238;88;76;365;55;239;52;248;188;365;224;230;53;86;53;279;296;234;129;240;253;107;222;57;53;89;53;238;55;177;238)
seed_2_level_1-4,1842,22132.059341192245,31414723,6470,(53;53;42;42;42;249;55;64;90;58;108;53;58;179;53;57;109;62;57;57;57;52;59;58;55;62;279;93;53;57;205;58;114;53;89;56;67;232;115;88;106;42;52;43;180;43;55;52;53;43;52;222;177;97;52;53;52;52;76;55;61;76;53;52;76;222;210;53;53;57;239;59;53;112;87;46;53;215;118;58;52;231;110;53;86;104;52;263;257;129;52;365;108;57;52;110;90;53;162;57;42;86;121;258;113;365;102;76;130;84;250;221;298;181;208;54;218;93;54;93;234;49;248;52;52;52;365;90;53;86;50;56;239;86;209;114;87;208;43;53;208;121;222;76;57;53;69;211;178)
seed_2_level_1-4,1842,22682.661252260208,32626134,6620,(54;57;52;52;109;61;57;57;57;61;57;89;56;232;52;86;43;52;52;106;52;114;43;86;52;222;52;222;52;52;52;57;228;87;84;86;53;52;249;54;59;118;53;90;58;55;57;53;65;57;279;79;92;75;56;52;114;46;56;114;57;53;222;54;53;85;85;88;88;57;87;86;72;46;91;362;42;57;53;61;152;42;58;62;53;53;57;56;43;279;365;53;181;89;53;55;177;216;238;184;53;52;279;52;86;55;108;61;238;51;117;301;107;62;52;257;104;55;57;106;55;52;55;57;58;55;52;60;365;106;208;119;248;52;56;96;279;60;76;219;248;88;279;54;223;52;221;53;86;52)
seed_2_level_1-4,1842,23225.488710165024,33827931,6768,(53;53;52;52;52;52;109;57;44;57;65;89;53;52;249;59;91;53;49;57;56;49;42;90;54;232;51;88;107;43;52;52;52;116;279;43;279;105;114;53;74;53;46;57;57;108;52;97;53;365;229;198;76;74;90;103;111;116;230;53;42;72;53;222;51;59;94;57;110;57;258;53;53;53;52;263;52;56;51;52;52;102;56;52;52;52;52;52;106;52;53;102;57;42;52;53;53;102;52;219;52;78;210;164;91;365;59;55;86;228;88;229;93;52;223;52;78;90;223;279;53;235;46;53;192;365;224;58;115;106;250;365;77;84;54;221;60;50;56;58;226;86;93;56;52;52;52;56)
seed_2_level_1-4,1842,23767.08747267723,34935473,6918,(53;53;52;52;53;52;53;109;61;53;92;52;57;102;53;102;249;79;53;56;91;91;43;53;53;42;301;52;88;257;112;110;52;84;57;104;52;84;52;104;58;279;113;96;46;74;108;53;57;42;44;68;74;57;52;46;222;52;58;57;54;56;53;101;87;54;108;52;53;74;46;219;219;53;52;230;222;301;55;59;52;130;52;86;208;51;53;89;279;53;87;51;114;217;139;180;106;112;42;52;212;52;52;228;178;178;110;52;53;100;220;53;116;59;52;52;106;240;117;76;117;177;97;130;130;106;365;52;221;221;52;57;223;53;57;53;128;90;88;55;53;97;57;253;54;78;52;56;222;52)
seed_2_level_1-4,1842,24337.606198072433,36270340,7067,(279;119;57;57;57;46;57;77;88;57;69;53;58;109;57;53;102;57;88;57;57;56;57;222;56;57;63;52;97;60;75;90;90;58;53;53;248;104;63;55;57;59;87;53;101;53;57;263;52;52;53;112;52;52;105;104;112;52;52;52;53;53;257;118;365;122;249;54;234;223;88;222;57;208;194;79;222;179;199;57;86;57;57;240;96;109;90;279;54;52;118;52;53;224;52;112;213;222;180;53;55;78;114;52;52;220;57;113;58;90;106;181;107;53;223;208;185;53;238;107;55;52;90;52;248;52;52;182;301;125;90;42;176;53;52;106;279;222;87;52;52;222;223;52;301;218;53;52;208)
seed_2_level_1-4,1842,24915.07398200035,37608025,7217,(109;55;92;57;57;57;61;59;59;114;97;57;279;44;53;112;57;44;57;59;71;56;44;122;46;74;111;222;157;53;140;57;56;114;57;93;106;114;53;53;58;88;248;78;53;57;92;46;54;57;58;53;57;42;88;52;301;52;102;107;44;57;58;54;301;110;95;88;102;53;52;102;231;52;52;279;238;116;86;87;223;104;131;133;42;219;279;180;114;210;118;91;60;115;54;228;301;64;52;102;52;52;149;103;52;104;301;210;52;75;78;52;53;54;130;188;52;52;76;51;181;106;365;238;56;208;223;57;88;88;86;42;240;57;224;91;223;258;239;62;223;53;57;221;223;192;210;106;52;52)
seed_2_level_1-4,1842,25474.79705786705,38786397,7369,(279;46;114;121;57;57;53;111;118;52;102;57;118;109;56;57;59;57;58;53;93;55;46;58;58;54;248;53;42;59;53;57;57;88;59;53;58;63;55;222;57;87;90;53;58;57;94;57;109;57;53;102;86;57;51;301;95;42;57;112;84;52;95;88;53;108;115;112;106;52;58;42;52;76;83;301;52;52;59;89;51;55;238;55;238;238;53;213;55;52;208;52;52;52;57;52;238;52;279;52;43;43;54;107;43;59;88;54;42;228;238;43;53;244;52;104;58;86;52;53;238;224;53;365;220;221;134;267;55;52;53;179;55;238;57;240;52;279;239;59;53;86;50;53;53;238;221;210;88;51;54;52)
seed_2_level_1-4,2242,26048.272050619125,40229610,7520,(249;57;54;59;56;57;52;58;46;57;53;53;54;58;53;279;57;56;46;88;88;53;56;74;99;54;59;74;57;64;57;222;147;57;56;53;57;104;255;55;52;53;53;53;104;91;58;53;55;301;52;58;90;61;102;112;239;89;42;128;90;89;42;52;42;104;86;52;55;279;222;42;54;86;53;112;248;241;287;53;106;73;53;221;54;57;222;52;44;116;42;52;113;238;301;52;208;87;112;120;56;238;51;240;53;52;59;223;53;52;53;52;118;53;114;52;52;52;57;365;88;239;86;58;88;86;109;283;221;211;57;220;53;466;222;372;54;51;88;86;224;223;52;229;226;86;308;51;57;52;88)
seed_2_level_1-4,2242,26618.645373106003,41508167,7671,(249;53;52;58;103;55;53;55;88;53;53;63;56;53;57;287;89;57;57;53;57;56;53;57;90;94;44;137;53;44;57;92;46;88;222;52;53;57;57;57;52;57;57;54;89;54;88;52;59;52;90;78;53;115;57;59;308;110;241;244;56;253;58;58;52;244;109;52;86;244;106;111;60;57;52;238;203;52;58;372;112;128;216;42;114;117;239;222;149;52;119;44;52;57;54;52;42;42;54;53;108;54;120;42;42;239;128;242;54;106;308;55;238;205;308;238;249;90;90;234;212;76;230;57;78;55;86;52;86;142;88;239;52;109;222;239;86;52;51;53;109;106;53;52;57;211;177;115;53;52;90)
seed_2_level_1-4,2242,27163.73478937149,42617991,7820,(249;53;57;94;87;103;61;57;129;58;59;53;55;56;53;56;222;57;90;53;53;57;110;55;55;53;57;52;55;89;57;88;57;56;62;107;287;57;46;58;85;57;57;59;56;88;89;59;88;57;53;56;57;88;288;52;119;53;53;52;52;56;57;90;52;54;42;42;51;289;221;128;253;42;52;42;129;58;52;102;52;248;59;263;58;60;53;50;56;60;52;92;52;57;63;58;111;58;53;119;145;57;53;58;53;58;104;52;105;58;58;308;239;88;53;88;372;90;297;52;53;88;109;87;109;240;93;53;308;53;53;53;90;253;106;253;52;88;232;210;287;238;116;146;79;51;222;91;86)
seed_2_level_1-4,2242,27703.232660770416,43707976,7969,(287;53;91;98;57;46;57;84;57;57;73;46;57;58;137;69;57;88;53;52;89;263;98;113;52;52;55;108;111;104;127;109;53;106;103;53;52;238;53;52;56;56;55;57;86;110;54;110;54;249;46;58;55;57;77;78;77;57;106;59;59;49;56;54;56;42;53;59;57;61;372;211;57;54;53;52;53;122;42;53;253;152;98;76;107;42;54;129;296;42;54;55;57;53;54;196;53;42;54;59;108;54;372;52;88;238;238;53;53;222;240;52;53;221;116;52;86;109;238;88;52;86;52;55;57;53;107;53;57;53;86;236;88;223;86;52;238;90;53;214;51;55;112;51;116;52;221;372;53)
seed_2_level_1-4,2242,28245.81560945511,44914365,8118,(248;57;56;55;57;57;58;53;57;59;55;106;54;57;53;65;42;57;42;55;287;118;57;57;78;57;53;85;57;90;73;57;57;56;57;91;57;57;46;57;57;57;308;238;52;52;93;53;96;53;52;52;111;58;106;112;59;59;84;58;52;244;61;102;53;58;58;90;52;58;60;372;42;49;108;222;42;119;59;89;62;53;248;155;253;53;42;222;119;240;90;93;116;51;52;42;42;222;42;86;54;52;114;52;372;74;372;52;53;57;88;53;87;57;88;107;93;51;308;53;252;114;308;52;112;52;52;51;86;52;91;53;104;53;57;109;224;53;222;88;90;90;52;224;221;86;53;372;287)
seed_2_level_1-4,2242,28806.868247032166,46094419,8268,(287;57;107;57;70;74;104;88;74;103;99;78;55;90;57;74;74;107;56;57;57;74;88;56;57;111;308;86;114;52;54;52;112;53;62;52;58;52;110;60;58;52;58;58;53;111;112;238;55;112;52;58;53;53;52;58;90;52;104;288;221;118;118;57;190;200;57;225;42;247;88;52;52;53;42;87;52;52;166;42;222;56;42;121;42;112;52;372;248;43;42;193;42;146;42;42;250;42;119;372;308;88;57;86;272;96;253;88;53;51;88;52;224;53;57;52;86;86;90;57;56;78;223;107;57;222;53;192;54;79;53;88;139;107;55;118;88;107;222;88;88;55;62;93;120;214;51;52;253;53)
seed_2_level_1-4,2242,29366.15565109253,47387581,8417,(287;57;99;57;74;99;57;57;56;56;53;54;56;57;53;52;59;57;74;46;57;53;122;74;60;57;57;308;53;52;53;53;110;53;52;52;102;56;52;112;56;108;52;52;113;239;89;240;110;57;56;52;96;111;57;111;308;102;106;372;76;43;253;107;112;180;57;58;54;308;109;52;55;238;42;42;121;213;216;55;222;223;76;223;52;52;194;86;113;52;222;176;129;43;78;180;248;52;224;211;372;201;51;51;57;53;90;226;222;104;55;53;57;79;86;52;52;57;53;53;221;52;77;57;240;88;53;57;240;61;211;53;53;54;251;61;53;57;240;53;57;53;86;55;214;57;53;51;223)
seed_2_level_1-4,2242,29899.38509941101,48494537,8566,(287;85;59;46;87;52;60;57;100;57;60;100;115;103;56;57;74;73;69;103;159;105;46;54;263;52;105;89;56;56;52;240;55;108;102;52;90;104;107;52;107;56;52;58;53;52;52;57;89;57;52;86;52;52;55;128;58;52;372;53;222;57;53;51;219;102;308;57;51;57;57;57;51;52;57;51;52;52;102;281;63;56;117;92;53;44;106;93;57;53;57;214;52;52;222;87;52;52;51;53;51;221;320;87;59;55;52;114;223;222;42;212;52;117;52;42;112;54;248;52;238;128;249;212;88;252;53;52;108;106;53;232;272;106;52;42;212;177;253;49;43;54;118;54;55;42;54;52;52)
seed_2_level_1-4,2242,30443.09881734848,49699513,8715,(287;57;107;57;53;46;42;66;58;138;44;46;94;74;61;57;57;60;57;54;90;50;57;53;74;46;263;57;103;58;252;115;57;84;257;110;109;53;57;142;88;122;107;142;107;144;58;121;52;104;115;107;52;102;53;53;52;107;53;372;227;65;51;223;251;54;58;106;86;57;221;52;308;56;90;239;108;88;86;131;90;221;60;222;372;77;52;86;44;109;51;78;308;308;53;52;53;53;53;51;211;372;222;108;54;107;42;116;61;112;222;86;107;116;42;52;129;208;85;114;55;56;42;52;87;52;52;87;90;52;76;88;88;88;113;128;52;211;52;112;52;106;57;87;53;54;106;63;87)
seed_2_level_1-4,2242,30999.491935014725,50976400,8865,(372;112;88;86;53;52;52;120;179;53;112;89;52;113;42;220;108;362;52;114;114;86;57;42;114;57;220;52;52;50;239;56;219;52;56;52;53;128;112;125;225;54;111;106;238;106;52;164;52;268;308;108;95;52;52;52;57;223;86;53;90;112;112;52;56;110;53;97;55;211;119;88;253;88;52;308;53;52;110;52;90;253;53;107;97;52;53;89;106;52;104;52;58;257;372;88;57;52;73;51;49;53;223;51;103;61;287;53;88;52;53;56;107;51;75;52;53;52;52;87;86;53;308;55;42;57;53;143;51;86;89;308;210;53;52;52;76;104;51;145;44;43;86;53;42;52;93;90;287;210)
seed_2_level_1-4,2242,31556.307426214218,52087943,9015,(263;89;52;56;106;183;86;118;105;83;52;110;53;107;88;131;271;118;84;107;89;88;52;57;83;52;53;253;52;52;52;57;107;43;105;257;52;77;308;88;185;52;116;217;87;106;93;57;53;147;52;85;111;102;52;52;52;86;52;52;86;55;56;56;144;107;53;107;102;118;106;372;53;86;86;42;56;42;76;52;308;42;52;90;43;43;202;218;57;55;152;53;228;115;91;88;287;53;104;130;58;52;42;53;61;52;55;249;90;52;59;87;76;52;130;54;61;107;118;75;221;147;53;43;59;232;52;106;67;86;42;56;81;90;88;57;248;106;129;180;216;210;113;55;43;51;250;208;42;53)
seed_2_level_1-4,2242,32115.72894883156,53368413,9165,(308;85;92;224;52;103;107;52;58;106;89;52;106;107;52;52;104;114;52;83;86;210;52;111;86;92;58;107;52;102;105;57;54;52;52;55;104;52;53;257;52;84;93;102;211;106;215;56;102;86;117;109;219;114;57;56;84;55;54;239;57;52;114;189;52;107;83;52;52;104;88;53;107;372;86;107;249;108;52;265;52;248;52;55;139;69;223;90;117;223;221;55;43;43;107;233;217;84;218;227;112;52;90;88;220;43;57;42;53;232;87;209;63;84;52;42;51;52;86;221;88;88;79;52;235;70;105;89;53;86;52;177;44;238;253;86;42;54;52;42;58;66;68;55;53;54;53;53;372;372)
seed_2_level_1-4,2242,32662.56286931038,54566066,9315,(308;52;52;52;271;222;104;287;52;128;116;53;85;53;102;86;52;104;53;86;51;58;106;230;239;102;58;53;232;52;76;128;52;52;308;106;257;113;247;53;118;86;88;67;253;52;102;52;53;107;106;53;52;111;42;105;52;252;52;52;53;118;52;57;52;104;52;54;114;52;107;372;185;128;52;86;268;52;90;56;88;230;253;89;52;178;52;87;56;53;88;88;86;219;88;52;63;90;52;42;209;61;86;53;57;52;51;54;195;86;220;249;210;55;52;58;57;53;89;89;53;108;53;112;117;57;249;57;190;53;94;80;122;53;56;56;115;52;218;87;58;61;59;117;90;42;192;59;117;58)
seed_2_level_1-4,2242,33225.43165922165,55905292,9465,(319;225;90;42;88;57;90;210;106;90;248;62;57;90;54;55;53;88;251;117;53;87;52;42;88;253;42;287;239;42;53;53;54;52;52;87;54;42;117;55;54;58;202;53;54;56;96;57;56;87;253;90;77;132;87;52;87;238;52;186;42;252;52;57;55;90;55;138;233;52;114;372;119;54;52;208;308;102;52;55;224;133;106;86;102;52;57;55;52;60;251;57;52;52;118;53;52;200;239;106;53;52;102;249;86;83;238;88;52;109;53;92;52;238;76;52;118;102;106;252;52;53;102;140;57;247;53;62;155;105;59;114;128;86;52;85;58;106;102;251;52;189;232;267;58;270;53;193;52;107)
seed_2_level_1-4,2242,33797.83461856842,57257677,9615,(372;218;107;218;52;88;57;106;226;52;55;77;87;57;372;54;62;52;42;76;42;56;208;106;52;180;240;54;88;42;225;87;89;178;53;55;109;43;249;53;54;56;219;95;86;109;88;52;52;53;53;89;230;106;248;95;128;115;52;87;198;112;90;57;106;52;112;86;52;117;52;57;249;95;308;59;49;247;57;102;107;50;53;267;57;57;219;253;55;42;235;52;52;62;247;113;53;52;90;52;53;58;53;52;140;102;114;53;190;112;112;129;52;62;114;115;107;64;270;106;253;56;253;86;106;102;106;52;107;139;106;134;118;106;145;186;238;253;102;53;253;131;53;55;176;86;52;52;50;106)
seed_2_level_1-4,2242,34358.524077415466,58500502,9765,(112;86;59;86;51;53;87;104;90;106;51;87;113;112;50;102;59;101;107;52;90;52;103;88;372;88;227;107;42;52;88;222;209;59;67;287;84;52;58;242;52;52;90;239;52;55;59;52;229;53;181;55;104;84;103;104;90;238;216;59;58;52;53;180;95;112;107;115;121;90;112;238;57;55;56;56;90;114;55;58;106;56;52;54;58;308;52;177;56;113;59;223;77;107;77;106;52;53;248;84;106;106;53;239;114;186;52;226;114;61;53;106;63;114;58;251;114;144;215;53;62;56;56;238;106;90;86;88;106;55;249;107;53;55;107;52;251;120;106;201;253;93;53;253;88;56;90;52;287;84)
seed_2_level_1-4,2242,34918.07842040062,59725132,9915,(112;90;217;217;112;76;55;52;86;101;52;114;115;114;53;177;52;112;52;52;221;86;43;77;224;248;88;230;86;52;86;88;372;56;220;107;108;52;89;87;76;107;95;231;53;53;208;53;189;52;88;42;53;56;93;227;106;76;104;53;87;53;252;107;191;53;111;52;88;180;53;129;67;239;59;108;106;53;55;52;86;150;235;58;88;54;89;87;53;308;104;58;56;53;208;114;106;86;53;53;83;104;114;253;52;52;253;86;210;106;232;114;88;107;52;106;53;114;52;116;140;110;52;86;87;86;52;55;238;52;86;259;117;232;152;214;53;106;158;43;113;93;106;52;53;182;52;116;58;109)
seed_2_level_1-4,2242,35495.550832509995,61065260,10065,(308;52;77;57;57;114;102;180;88;238;56;107;139;52;106;253;177;53;57;180;239;97;43;56;57;210;87;107;60;102;107;52;53;253;117;56;53;106;53;62;112;268;52;52;57;89;128;55;52;102;57;90;56;106;209;46;57;42;107;93;106;53;117;56;86;136;176;88;253;57;56;121;52;83;88;106;46;55;52;102;114;52;57;102;230;287;238;221;87;52;90;106;96;53;253;86;53;52;53;115;52;112;220;177;55;253;52;226;216;59;96;240;52;219;218;222;139;249;220;107;190;112;52;219;46;238;114;88;88;86;221;52;253;58;50;44;86;55;49;52;86;113;52;52;222;88;218;106;88;223)
seed_2_level_1-4,2242,36066.34001612663,62560399,10215,(308;106;52;52;57;88;112;57;59;217;89;372;54;244;53;52;239;57;107;89;61;101;56;104;107;107;114;238;245;58;92;123;102;57;102;53;136;55;112;114;106;207;52;114;308;58;102;52;238;238;112;108;57;107;57;88;106;54;114;89;112;53;238;57;53;57;106;106;88;89;53;105;219;59;287;52;225;52;222;224;219;251;118;222;53;229;112;253;217;261;222;52;250;300;102;53;52;91;59;52;222;61;158;52;72;52;52;225;88;76;93;187;206;57;112;111;53;248;202;86;89;222;106;52;52;112;59;217;52;61;107;86;52;86;107;52;287;86;52;112;106;106;52;83;96;96;52;88;52;221)
seed_2_level_1-4,2242,36653.32357215881,64087174,10365,(285;59;51;272;106;308;106;238;218;106;106;130;55;185;220;42;55;53;232;49;136;83;225;223;116;53;83;221;253;61;111;56;102;51;55;102;114;57;257;151;236;88;219;89;52;90;176;114;53;105;106;238;52;42;106;253;57;53;98;53;155;52;57;114;62;53;308;53;53;57;300;55;93;61;102;96;88;208;112;112;52;52;88;52;213;109;86;187;218;52;240;57;196;107;221;112;206;43;93;77;93;53;59;59;117;43;372;102;230;211;248;227;55;54;88;128;238;53;226;194;112;51;52;184;57;53;57;57;57;57;90;96;86;231;53;102;248;96;116;114;87;94;61;134;96;87;57;139;114;248)
seed_2_level_1-4,2242,37239.00570321083,65637680,10515,(372;92;53;253;114;107;112;183;114;86;225;88;112;206;92;117;134;239;61;88;57;210;57;53;81;89;235;287;86;106;230;86;52;52;234;53;107;287;101;96;120;52;57;238;107;217;52;86;112;52;114;70;208;212;52;52;112;106;234;84;106;187;248;206;88;219;184;54;221;88;88;106;59;61;228;57;52;372;238;176;106;52;107;111;93;107;253;240;52;102;114;62;257;56;106;57;52;44;107;52;52;166;107;53;84;74;263;113;53;49;96;92;61;218;240;76;52;53;42;53;52;250;106;232;207;87;53;53;52;107;57;106;86;113;75;86;57;114;52;106;280;239;150;52;56;106;52;232;221;88)
seed_2_level_1-4,2242,37827.534430503845,67242931,10665,(372;42;124;59;88;87;253;56;87;52;88;84;245;53;104;52;42;287;53;103;57;52;93;223;52;120;54;106;52;53;55;57;52;138;87;250;238;97;149;239;169;106;58;271;53;57;50;52;91;265;56;72;138;52;224;142;52;86;114;232;51;229;246;108;42;52;308;54;56;114;51;372;238;52;88;52;53;184;57;102;53;52;88;104;113;52;226;106;52;233;52;219;66;117;52;52;120;53;248;224;52;112;121;114;121;224;52;88;86;287;60;227;238;123;84;52;106;178;217;59;114;112;54;239;128;134;109;57;128;55;57;56;216;87;287;220;52;104;308;57;227;50;92;55;221;106;227;223;88;248)
seed_2_level_1-4,2242,38388.92734122276,68451180,10815,(284;49;53;144;52;112;274;91;139;53;226;240;52;129;106;283;106;42;52;52;102;54;90;122;44;95;60;121;115;106;104;103;145;239;87;220;105;87;290;106;199;53;227;52;65;239;241;250;52;43;55;51;117;103;143;53;183;61;89;42;55;90;52;134;52;112;54;219;308;43;372;86;251;225;53;114;59;90;52;52;107;61;52;53;52;59;50;52;240;107;52;114;124;52;52;62;57;52;52;57;57;58;57;57;49;52;238;92;53;55;52;231;117;57;55;92;88;202;86;129;213;56;187;53;106;57;120;52;52;52;115;52;287;43;57;54;232;54;52;87;83;53;109;42;52;67;53;52;52;52)
seed_2_level_1-4,2242,38958.66296124458,69862196,10965,(372;177;52;46;117;59;308;56;104;52;49;53;52;244;51;52;93;203;86;53;52;128;112;217;53;107;57;88;112;57;107;52;152;93;90;42;117;52;106;61;52;274;222;106;52;109;287;107;53;287;58;287;90;118;194;53;308;113;88;52;50;52;199;57;88;128;63;106;117;206;213;49;290;54;89;52;57;106;52;106;106;206;145;240;54;89;52;239;52;54;57;114;245;240;239;245;63;212;222;52;262;42;53;52;169;57;57;219;107;52;52;52;42;239;59;53;52;52;197;57;237;54;86;53;52;43;43;90;88;56;57;238;42;43;61;55;149;53;108;106;88;90;42;248;53;208;104;257;104;57)
seed_2_level_1-4,2242,39544.512995004654,71608850,11115,(290;238;53;104;58;93;88;52;42;54;372;52;75;58;110;52;208;54;52;52;57;234;52;52;87;43;220;180;247;42;52;190;59;106;52;239;214;95;54;222;43;52;52;116;57;220;238;55;53;112;106;52;53;244;88;245;237;52;52;238;108;52;76;44;287;122;60;244;52;52;42;109;59;52;119;372;225;52;56;53;88;236;55;114;234;52;121;113;253;88;287;94;287;434;221;55;228;128;253;54;52;88;114;114;52;88;88;372;52;52;57;106;93;52;52;206;128;61;52;52;372;52;52;52;77;52;52;52;212;177;287;219;52;239;54;49;225;108;90;264;226;220;123;66;117;52;56;227;52;52)
seed_2_level_1-4,2242,40128.9413588047,73244641,11265,(372;242;253;112;106;212;217;55;245;56;146;210;107;176;106;86;42;246;57;86;53;52;217;188;52;57;53;52;132;115;92;53;109;54;88;59;240;219;58;140;58;42;238;53;129;53;108;59;58;142;89;56;53;210;238;52;92;52;239;244;52;90;91;42;54;238;57;54;260;106;42;284;114;212;179;46;52;287;93;44;101;57;43;107;52;224;86;44;114;52;53;52;53;219;43;225;287;53;212;88;287;88;372;56;106;107;57;177;43;52;52;88;86;234;88;177;88;106;57;128;52;53;279;117;287;53;222;408;53;90;52;52;57;113;52;52;120;87;133;224;239;57;52;52;117;52;221;107;53;287)
seed_2_level_1-4,2242,40718.51863527298,75021892,11415,(300;301;52;107;263;55;107;53;188;372;52;244;106;42;107;76;242;55;90;245;296;290;52;62;267;58;223;108;52;114;42;239;55;86;106;226;129;56;149;52;55;56;55;52;247;87;56;52;238;56;52;141;233;106;42;240;56;220;104;52;226;88;245;89;106;128;86;52;108;116;53;107;372;260;90;248;112;372;253;98;104;57;106;177;53;90;52;59;308;49;62;52;188;53;219;52;115;67;52;53;88;243;177;53;127;92;55;115;221;93;55;116;52;372;52;52;88;104;196;129;208;238;101;52;107;112;57;253;56;57;52;52;107;52;207;52;55;211;149;55;115;43;129;52;205;114;308;52;53;253)
seed_2_level_1-4,2242,41324.37315416336,77044891,11565,(278;287;114;250;98;372;178;88;55;228;233;102;76;114;372;239;223;53;287;59;106;52;52;106;287;108;52;250;107;287;52;52;42;216;57;235;52;106;253;372;60;52;210;43;52;107;211;52;52;51;107;55;107;43;130;52;114;221;52;129;222;52;52;52;57;109;52;114;128;252;52;94;52;287;52;253;240;131;112;88;113;52;112;54;106;88;238;59;308;55;241;52;238;216;239;55;240;177;55;53;56;245;57;115;220;240;206;42;52;106;88;54;240;52;57;239;287;52;53;107;57;52;302;240;238;52;52;293;57;56;204;239;57;131;112;57;177;245;222;134;253;234;134;244;53;106;58;106;238;52)
seed_2_level_1-4,2242,41933.92873668671,79087915,11715,(372;52;53;53;53;57;52;52;233;210;91;52;88;113;160;52;57;53;372;57;115;210;59;115;107;86;222;106;88;314;115;57;287;107;52;107;372;375;88;52;287;53;211;253;44;52;191;278;52;53;106;58;66;131;218;106;53;109;52;42;42;52;211;115;71;221;43;234;287;107;56;57;195;52;200;372;372;287;143;107;54;104;109;141;209;112;285;238;238;208;110;217;52;54;42;85;61;53;52;53;287;53;141;257;56;102;104;176;157;63;53;92;44;42;106;90;53;240;187;55;53;129;57;259;134;240;240;93;106;52;112;90;256;209;114;42;308;53;238;287;57;58;206;52;308;210;218;253;218;53)
seed_2_level_1-4,2242,42527.38954234123,80897632,11865,(372;117;42;117;53;287;110;221;44;132;372;53;211;52;52;137;52;249;132;107;106;221;42;114;76;52;129;52;51;86;57;107;217;102;107;44;43;52;54;57;52;56;78;107;132;132;88;116;53;42;233;52;240;253;57;52;52;42;277;52;100;55;55;253;52;53;372;52;246;287;302;102;372;372;57;221;58;115;95;218;52;44;86;111;54;52;116;54;239;52;89;146;238;44;214;265;68;242;114;42;114;308;58;240;53;58;100;53;55;240;234;52;53;52;62;238;164;52;240;52;233;218;239;240;106;245;44;88;53;61;42;287;188;49;57;57;225;140;106;242;211;53;52;208;108;106;106;59;112;43)
seed_2_level_1-4,2242,43140.295338869095,82845050,12015,(372;57;57;141;247;52;92;57;56;58;106;128;287;113;65;86;57;52;251;136;52;43;43;224;217;57;221;52;117;88;155;192;52;117;52;228;65;53;114;58;115;60;52;112;64;287;117;52;44;53;184;55;44;192;52;234;57;52;287;118;130;106;42;221;52;57;207;113;52;144;235;106;52;114;293;308;108;233;287;128;57;269;52;51;102;86;44;215;273;111;248;55;50;233;275;104;58;252;86;54;58;42;57;246;44;58;52;52;82;215;289;66;109;223;372;93;238;61;108;248;43;67;77;241;222;253;236;226;287;104;244;225;102;251;42;58;308;217;220;114;221;56;119;244;126;112;58;233;240;137)
seed_2_level_1-4,2242,43743.24012851715,84892292,12165,(375;194;42;239;53;222;53;55;115;57;57;52;308;137;233;86;52;107;44;223;59;121;121;42;67;52;233;184;52;287;211;116;52;89;53;52;52;52;107;52;133;116;117;124;52;44;239;57;52;52;239;57;52;250;181;112;52;206;253;57;57;53;56;56;57;52;216;57;112;372;55;244;149;185;240;52;49;226;52;145;53;308;247;227;106;90;308;240;236;93;217;253;60;49;287;223;53;253;240;57;44;57;42;52;225;52;253;252;246;52;42;241;51;151;222;42;221;240;121;220;44;244;287;282;53;112;115;49;64;256;253;308;272;240;113;107;225;57;63;155;52;241;42;89;92;248;238;59;103;210)
seed_2_level_1-4,2242,44362.9323515892,87005046,12315,(392;59;52;52;63;111;52;179;234;57;57;220;46;53;106;234;287;308;52;308;88;57;129;221;250;42;237;107;234;56;58;225;53;53;219;110;90;238;53;86;237;53;287;300;106;54;179;52;90;287;42;57;107;93;53;88;253;179;90;253;107;219;44;287;53;250;308;226;55;227;204;53;56;213;54;115;52;244;248;109;253;57;242;129;84;93;50;57;146;240;120;253;308;192;57;50;218;112;53;92;107;241;52;308;55;55;219;50;49;244;287;218;53;253;308;107;53;219;246;55;121;152;287;50;212;53;52;61;152;129;52;57;238;53;221;240;156;52;308;52;107;129;94;53;97;220;95;128;52;129)
seed_2_level_1-4,2242,44979.508806467056,89193708,12465,(392;199;56;253;52;237;44;121;104;107;54;88;52;57;372;57;224;42;52;372;57;60;116;53;63;138;87;46;287;287;52;53;238;88;287;90;52;44;287;135;78;88;88;57;107;227;57;53;192;107;234;199;52;112;102;107;287;210;42;278;88;104;223;129;211;53;57;81;372;112;372;221;53;92;131;131;107;227;86;104;104;222;372;58;226;253;423;54;210;228;55;56;52;88;106;52;53;53;222;226;102;240;55;223;238;106;238;62;114;147;53;242;53;93;119;112;58;89;107;244;59;86;239;121;53;107;108;102;106;308;52;49;210;43;287;215;287;129;89;102;246;90;43;287;287;218;296;118;102;58)
seed_2_level_1-4,2242,45627.705583810806,91779329,12616,(278;249;88;128;107;220;238;250;88;113;372;42;234;52;107;253;44;128;57;240;107;52;287;53;106;57;56;287;229;287;89;88;57;127;150;132;52;88;372;64;44;233;77;372;107;221;308;171;52;42;249;270;93;62;57;251;285;287;217;53;57;55;78;46;52;372;259;90;52;253;239;53;227;52;208;129;112;44;287;117;287;118;116;43;382;129;253;43;287;88;131;122;287;155;238;264;88;287;42;238;229;221;52;248;176;116;106;53;53;261;108;217;372;119;142;311;372;216;142;58;52;64;52;61;53;250;90;57;106;112;238;44;52;245;117;52;253;260;132;241;243;255;251;51;120;52;92;103;116;287;253)
seed_2_level_1-4,2242,46237.8292093277,94004572,12767,(372;52;53;249;44;52;115;53;56;55;52;251;58;107;55;239;76;137;88;52;54;107;110;233;89;107;54;61;110;119;54;113;106;221;57;103;235;53;52;56;52;291;107;225;106;236;57;89;220;172;103;107;52;59;107;212;46;286;90;372;52;52;107;52;250;57;287;227;188;227;57;59;193;215;222;44;287;88;372;104;57;212;132;52;104;372;138;53;190;372;52;372;225;253;116;124;116;287;254;143;225;268;53;56;245;57;88;116;372;241;57;43;59;308;102;58;253;287;93;52;57;243;112;57;90;233;122;93;216;114;238;108;107;240;43;53;251;287;88;52;88;287;57;244;259;287;86;215;153;53;52)
seed_2_level_1-4,2242,46840.69734811783,96043800,12917,(372;51;53;53;117;57;53;228;52;53;308;53;125;107;102;249;81;84;54;53;44;199;235;57;55;104;211;239;59;86;120;61;237;52;107;57;96;229;57;372;238;77;240;308;52;88;88;59;57;53;46;57;58;240;56;64;283;43;107;242;53;57;107;53;274;55;138;253;102;88;308;112;210;106;56;103;221;57;52;308;287;287;57;60;122;88;92;58;88;52;52;56;93;239;59;56;56;286;220;287;237;287;190;57;237;57;220;231;117;308;237;211;53;102;53;53;44;372;42;131;88;57;230;44;101;115;238;102;52;57;237;203;175;57;287;57;52;219;287;239;212;88;235;53;97;113;227;53;107;372)
seed_2_level_1-4,2242,47478.49408054352,98626775,13068,(372;287;88;106;57;308;239;56;248;223;52;53;287;106;107;53;93;53;224;106;59;387;237;52;179;234;308;218;107;53;209;212;114;308;115;107;308;287;235;210;160;53;240;112;216;308;44;219;221;90;101;90;53;308;287;60;239;222;116;46;234;235;88;253;283;372;221;59;241;52;228;239;225;244;42;53;238;226;49;237;53;308;54;56;53;50;111;287;57;242;61;58;287;57;230;52;60;57;57;42;65;372;287;102;107;211;88;44;102;104;52;178;211;224;44;253;287;117;57;57;150;42;42;57;224;113;44;53;372;107;57;90;53;211;52;240;57;253;287;52;253;187;53;236;287;102;42;240;90;52;287)
seed_2_level_1-4,2242,48102.223114967346,100949823,13218,(372;240;248;89;104;308;57;239;52;53;227;53;86;52;308;245;52;53;107;308;130;107;54;59;260;253;53;52;372;224;52;164;102;67;106;56;287;57;88;53;102;179;287;55;308;287;42;69;58;116;90;161;52;106;104;276;90;228;79;88;52;173;251;102;226;102;63;238;287;208;289;107;225;67;90;253;52;51;224;55;44;216;277;53;52;53;212;120;234;57;213;287;63;52;55;114;228;115;53;88;46;86;54;112;44;287;295;308;77;283;43;57;133;107;44;43;239;372;86;46;266;52;46;43;253;287;53;88;252;88;109;56;114;44;244;241;238;372;308;189;251;86;245;164;141;107;53;116;260;253)
seed_2_level_1-4,2416,48719.710850954056,103581775,13367,(288;126;76;287;235;53;211;52;57;57;53;59;67;234;55;94;108;308;69;52;86;308;56;221;268;53;252;81;372;308;372;251;211;225;107;67;52;372;107;56;66;53;42;232;372;103;44;101;58;233;44;42;53;547;283;57;57;104;368;106;42;68;210;57;52;117;235;44;53;52;42;377;66;52;42;283;368;368;304;86;53;93;123;283;76;217;302;107;232;234;88;115;52;53;190;110;53;106;102;88;368;58;111;260;108;111;221;102;244;368;52;248;304;52;53;132;175;125;90;88;107;368;55;52;145;240;234;248;53;160;304;234;198;304;175;196;242;55;183;180;161;52;52;283;112;120;136;43;52)
seed_2_level_1-4,2416,49316.1259534359,105672132,13516,(451;219;230;179;63;387;63;109;67;53;57;109;59;110;57;266;53;48;42;281;102;250;88;57;102;107;236;65;153;44;112;56;212;45;368;368;193;203;104;368;53;87;55;52;52;304;211;102;57;57;224;52;232;211;105;59;59;56;304;77;217;291;57;102;52;106;53;210;131;211;53;121;283;368;88;52;163;236;304;56;43;53;107;220;148;57;86;129;52;44;117;158;155;240;238;252;116;57;88;43;182;52;43;43;283;88;95;95;43;88;106;102;368;57;57;52;221;64;58;238;111;231;151;274;151;93;52;304;304;106;53;53;88;52;235;52;52;42;239;53;230;52;57;130;266;304;104;57;106)
seed_2_level_1-4,2416,49952.06149530411,108318896,13666,(368;102;368;131;236;304;239;114;42;112;182;136;368;52;138;87;208;53;206;96;117;108;283;236;135;88;185;238;52;248;42;52;106;52;254;52;232;88;76;213;87;304;209;107;207;304;211;294;56;53;252;108;283;116;108;53;109;58;53;58;107;59;57;58;59;58;42;56;54;56;53;107;290;107;258;53;283;88;85;253;88;110;242;240;190;152;368;78;107;123;244;111;150;253;368;88;57;54;110;161;106;112;53;52;54;220;263;103;56;53;368;52;112;115;221;536;304;278;238;53;227;304;304;107;368;102;90;52;277;55;112;114;106;304;304;106;192;55;304;252;304;102;90;283;222;366;117;54;52;106)
seed_2_level_1-4,2416,50556.61081838608,110387756,13815,(368;223;88;107;59;102;124;228;104;220;57;133;235;125;107;57;91;212;58;57;57;42;54;96;272;53;57;57;43;88;52;211;368;112;249;304;90;53;53;271;113;277;151;225;88;79;216;57;232;150;107;104;115;110;53;246;57;113;53;53;113;222;109;53;110;56;88;223;217;368;148;368;240;276;252;57;368;58;87;52;106;54;107;143;52;238;239;106;153;52;283;57;52;52;239;272;106;58;252;52;130;56;160;53;283;252;290;106;102;106;106;52;52;52;93;52;280;115;43;292;202;52;43;277;106;107;227;106;52;53;113;181;76;107;304;238;106;106;102;76;132;212;52;102;106;102;304;52;389)
seed_2_level_1-4,2416,51196.24553823471,112903796,13965,(294;221;368;229;57;235;107;88;52;107;97;235;102;272;283;52;51;57;57;283;88;107;97;52;52;236;233;53;57;212;57;93;107;392;54;56;223;52;60;88;52;87;234;52;106;42;106;55;211;304;115;44;52;221;115;106;238;225;238;268;106;183;61;152;292;248;106;210;107;106;52;252;107;368;304;53;111;153;104;57;216;227;223;52;129;221;131;93;247;53;211;222;167;80;304;253;93;103;218;225;113;53;57;52;144;57;112;54;57;120;90;368;56;368;52;55;55;185;368;368;283;53;120;207;112;213;52;53;52;52;283;52;52;368;208;115;283;368;368;206;368;52;52;102;57;107;262;139;370;106)
seed_2_level_1-4,2416,51808.92056560516,114996696,14115,(368;55;57;53;57;57;107;57;90;107;51;234;53;279;122;52;113;57;107;57;107;57;221;56;88;304;272;57;58;291;55;179;59;121;389;222;102;232;112;102;52;196;54;141;102;149;180;58;218;60;237;112;139;55;68;102;88;53;102;107;102;237;110;51;114;55;52;219;60;102;52;52;242;242;238;107;118;242;167;112;242;83;104;109;57;368;57;115;261;109;107;104;113;63;208;130;229;304;120;110;53;53;104;263;54;95;104;107;242;368;106;129;42;262;185;113;52;52;57;238;85;137;43;143;368;241;107;368;283;113;107;117;206;57;368;107;137;119;107;238;140;109;147;198;368;88;368;283;52;52)
seed_2_level_1-4,2416,52413.22545194626,117034721,14265,(293;58;319;107;138;58;56;234;51;93;225;228;120;52;88;43;88;52;368;57;52;57;107;51;116;118;107;244;54;52;44;107;53;420;53;211;222;52;52;53;62;113;94;245;116;123;72;214;275;56;217;52;264;52;68;72;56;106;52;57;53;183;55;52;107;52;76;52;368;234;368;53;91;236;52;113;237;304;54;87;112;113;258;108;86;85;65;54;53;110;90;57;283;53;52;108;107;53;54;94;83;264;272;88;52;304;260;368;52;283;86;132;283;283;93;304;130;104;137;283;54;137;284;116;239;86;107;117;139;106;86;57;180;52;52;57;52;368;368;57;52;368;121;283;112;90;53;52;147;52)
seed_2_level_1-4,2416,52998.0161345005,118819446,14415,(416;283;52;52;304;104;52;125;114;152;117;117;211;42;52;52;211;57;52;64;117;57;59;261;57;42;68;59;356;113;52;52;240;55;233;252;59;240;57;107;57;52;53;52;116;53;211;57;107;368;53;203;52;57;57;58;87;87;57;57;59;57;88;52;52;57;368;109;53;53;304;53;53;244;53;105;53;112;116;52;109;52;57;53;304;90;53;87;56;242;102;130;218;68;53;89;54;120;57;368;245;53;109;236;42;53;368;110;52;52;93;52;59;283;368;283;52;52;52;52;52;116;107;52;52;304;52;181;52;52;284;283;52;106;52;368;117;52;279;146;52;57;52;88;106;209;52;239;283;54)
seed_2_level_1-4,2416,53608.36978125572,121150386,14564,(368;52;57;116;88;104;284;232;229;220;209;129;106;57;57;236;52;57;57;53;114;109;52;215;110;52;291;57;227;222;235;368;94;52;82;52;64;128;52;240;53;91;88;52;57;191;233;85;56;117;53;304;52;53;54;94;57;110;52;53;92;235;96;122;113;53;101;52;304;193;392;235;69;229;114;107;114;70;106;304;57;211;67;62;216;114;52;106;133;114;53;102;114;52;106;183;217;162;106;57;42;204;44;61;66;117;368;52;239;52;52;54;304;106;368;241;52;283;239;240;368;262;52;199;119;304;283;62;368;52;368;304;368;102;239;155;52;86;86;86;43;242;368;52;88;249;368;283;52)
seed_2_level_1-4,2416,54202.0793838501,123340759,14713,(368;52;52;58;260;120;85;52;304;95;368;80;129;62;52;86;52;238;86;53;52;243;61;92;82;239;76;52;377;95;240;117;233;124;389;221;54;56;52;74;218;52;53;52;106;52;114;69;304;115;283;55;228;211;86;238;222;124;60;52;115;43;102;54;211;84;52;270;368;131;239;52;60;53;59;226;57;240;104;52;218;368;129;219;304;52;114;106;56;195;53;251;104;53;56;57;42;52;239;57;53;109;52;368;52;58;252;50;208;54;368;52;373;52;368;88;239;142;112;88;234;304;93;93;86;283;60;52;90;368;42;52;262;52;107;53;106;186;106;284;86;52;138;177;130;93;164;250;52)
seed_2_level_1-4,2416,54830.47564816475,125981210,14864,(418;52;220;114;110;111;86;211;52;221;60;42;88;52;106;52;238;88;52;106;124;101;88;368;52;52;52;56;113;106;114;109;76;106;55;368;59;212;117;52;283;283;55;242;189;221;283;139;53;368;368;104;60;104;57;212;102;57;236;52;55;52;325;221;222;55;58;242;51;224;235;416;142;52;233;368;53;120;242;185;221;221;52;233;48;293;52;52;141;52;52;129;238;120;222;118;235;141;90;55;88;257;155;105;286;61;55;373;129;52;240;132;368;236;238;52;54;368;368;250;199;250;52;252;283;304;283;252;77;58;53;88;54;88;283;51;57;94;102;237;252;53;368;43;52;53;262;283;133;283;132)
seed_2_level_1-4,2416,55405.46297478676,127879562,15014,(389;219;103;238;89;290;221;52;102;106;52;102;76;53;52;52;107;115;86;102;52;52;52;114;304;53;53;106;52;52;52;377;167;52;239;54;76;76;239;120;237;59;105;162;267;120;52;52;52;94;212;55;55;56;254;52;52;52;207;48;52;139;52;54;52;82;54;222;368;53;57;52;102;57;52;53;224;53;224;283;104;52;53;120;52;289;165;304;240;57;240;55;120;242;53;368;222;113;53;104;57;112;102;53;104;368;219;368;53;93;88;53;86;134;102;185;52;93;283;52;235;53;86;57;286;53;93;290;104;106;42;58;113;269;283;52;54;42;93;283;55;57;57;53;283;304;52;53;53;368)
