seed_19_level_5-1,1012,578.347466468811,2364730,150,(29;31;88;144;32;35;36;46;24;31;19;23;35;56;15;113;35;31;83;41;25;49;57;1001;16;58;21;32;26;24;150;109;24;21;92;27;20;77;109;15;41;60;47;54;36;59;77;26;57;1001;33;14;1001;66;71;55;38;139;138;36;25;29;84;50;84;88;45;50;47;33;31;50;27;30;105;31;18;131;40;28;42;59;104;91;27;133;32;111;78;110;81;26;80;30;36;57;35;322;71;48;135;164;108;41;63;69;26;117;34;24;79;18;42;23;67;29;50;70;27;48;21;47;81;61;167;87;21;33;22;37;44;109;17;34;115;35;37;75;48;25;118;30;122;31;34;29;39;40;23;1001)
seed_19_level_5-1,1012,1320.349185705185,4798650,348,(139;135;153;87;155;55;139;116;86;73;161;47;151;62;51;101;125;67;99;53;80;158;103;89;129;55;41;85;148;62;37;13;89;69;21;70;18;204;25;32;22;40;63;19;37;31;19;57;54;89;26;47;33;33;77;53;48;29;19;69;1001;32;16;20;14;38;1001;26;16;31;35;57;18;25;119;21;31;22;27;28;49;37;34;33;18;54;28;27;50;19;48;28;21;50;24;36;52;25;36;32;38;16;39;57;18;31;92;59;16;28;34;29;27;69;129;60;153;49;24;15;54;51;27;40;30;57;57;1001;173;39;28;14;26;33;32;32;50;131;58;31;57;34;52;35;34;54;72;56;17;23;22;1001;42;54;35;31;25;23;24;28;56;37;19;43;87;84;55;139;27;27;54;39;54;159;47;30;58;26;80;50;34;19;81;63;17;167;108;55;47;30;87;17;59;84;107;28;15;20)
seed_19_level_5-1,1012,1956.441445350647,8192636,510,(83;126;102;41;57;72;81;80;69;53;93;70;165;81;138;71;145;150;51;160;107;141;70;60;73;125;20;28;1001;19;1001;77;20;35;33;50;23;29;30;80;81;30;26;32;29;50;44;30;25;24;32;86;22;32;30;54;20;128;24;79;36;27;30;132;22;26;59;32;18;61;24;24;22;29;18;34;25;15;45;1001;26;141;40;41;1001;19;57;31;25;34;27;35;26;25;37;38;33;18;35;29;27;50;26;38;49;40;48;23;54;37;27;56;223;105;19;158;57;30;57;29;79;43;52;32;1001;28;34;50;40;50;52;30;34;39;21;115;118;36;83;14;51;28;27;44;27;29;29;88;61;54;34;22;89;59;49;1001;48;23;292;140;212;54)
seed_19_level_5-1,1012,2701.639135122299,11524276,704,(100;74;158;45;115;52;70;93;87;77;46;81;47;46;76;99;51;58;58;153;110;98;86;111;117;107;69;65;64;31;53;44;28;113;20;19;15;81;89;20;28;35;38;39;57;45;17;23;27;29;26;18;36;54;34;1001;25;28;29;57;29;50;17;29;18;51;21;26;15;29;33;52;1001;36;36;38;18;22;24;18;31;39;38;40;14;40;29;37;25;17;35;27;52;50;28;50;17;16;22;25;27;116;21;18;23;51;36;27;20;81;26;57;36;130;36;80;36;19;23;65;34;58;63;1001;54;64;35;81;22;26;30;38;32;59;54;89;36;77;17;132;153;51;129;16;37;33;161;23;50;36;29;39;31;34;115;1001;38;54;27;25;54;17;36;88;25;22;33;29;54;35;14;16;22;35;1001;49;210;68;57;86;32;59;1001;25;28;77;54;50;34;36;36;31;30;57)
seed_19_level_5-1,1012,3423.8728444576263,14919698,892,(81;153;50;104;108;47;154;93;122;73;95;148;161;45;125;159;83;99;36;62;50;60;34;68;85;128;92;23;80;1001;40;37;85;15;59;54;108;19;20;25;27;16;47;20;32;30;37;50;38;17;201;31;24;29;26;28;43;24;34;21;25;57;25;16;36;1001;27;27;36;1001;16;32;33;132;29;40;18;62;25;97;32;26;79;21;29;64;160;31;38;20;38;36;27;33;40;36;24;40;38;31;80;31;27;24;31;32;32;33;37;30;29;21;39;26;24;30;24;26;39;48;1001;50;30;50;79;47;20;57;57;34;84;33;69;25;56;32;31;20;84;67;157;25;68;61;48;54;133;56;83;50;24;62;39;57;17;116;50;32;35;1001;26;53;1001;86;84;33;36;40;18;30;203;32;99;37;34;19;132;107;92;49;30;60;113;16;97;28;55;29)
seed_19_level_5-1,1012,4142.743980646133,17375999,1080,(82;129;93;133;118;91;50;103;93;45;158;73;100;133;117;40;86;158;50;47;90;106;52;36;101;137;79;113;76;61;78;57;50;27;53;35;70;34;36;17;37;23;29;19;25;41;57;54;14;26;82;74;1001;29;63;34;17;39;29;54;27;77;19;57;30;57;135;144;1001;54;34;37;27;57;30;32;14;17;18;37;47;19;57;19;47;26;35;23;127;33;36;31;50;40;16;35;50;25;30;54;28;42;192;25;19;24;30;117;125;27;39;54;61;20;26;31;38;31;36;34;24;21;21;26;95;52;56;30;50;80;37;20;31;30;56;64;71;174;44;86;30;57;32;27;57;83;25;26;38;85;18;52;38;39;17;77;28;57;43;109;25;50;151;17;84;28;37;33;17;90;1001;58;34;16;80;25;361;19;54;26;22;80;110;28;34;48;1001;150)
seed_19_level_5-1,1012,4750.157976388931,19730451,1239,(109;107;71;67;52;109;92;51;52;145;47;41;47;144;62;106;145;151;158;38;123;40;72;93;39;48;60;85;77;83;49;23;34;61;196;64;18;31;71;79;68;19;99;46;24;28;41;27;33;35;13;1001;57;23;36;30;21;57;50;1001;40;34;25;58;28;20;57;86;31;54;34;103;27;57;29;52;32;28;50;29;54;29;16;27;30;22;48;83;27;23;28;49;27;27;21;183;25;113;35;54;28;54;33;50;29;31;152;16;1001;23;24;54;54;1001;22;35;50;93;37;33;53;27;34;31;31;33;54;31;34;81;34;80;25;138;25;17;80;27;89;32;35;57;31;17;38;50;147;151;33;47;30;81;55;18;138;19;137;136;17)
seed_19_level_5-1,1012,5319.510360479355,21051411,1393,(98;52;88;143;50;77;135;52;93;111;118;146;105;55;42;129;63;39;87;65;143;83;49;109;70;43;19;40;29;48;70;32;112;32;27;18;50;91;53;27;17;29;92;33;29;86;87;26;80;24;58;32;25;91;58;57;38;17;57;32;57;124;143;31;15;23;14;88;16;24;24;21;24;24;36;54;23;41;57;59;29;39;38;15;25;14;21;50;69;21;17;32;26;23;15;38;83;19;35;20;37;16;47;35;81;31;34;108;73;15;155;1001;37;1001;57;22;22;89;28;134;139;35;17;17;57;51;29;38;18;35;34;35;62;35;17;131;18;104;40;36;105;50;111;30;53;96;84;81;120;33;37;66;40;30)
seed_19_level_5-1,1012,5862.786086559296,21936390,1544,(125;71;68;71;107;60;125;116;83;73;134;161;161;162;43;44;153;41;36;77;74;122;133;80;64;133;135;18;31;98;87;37;34;19;24;14;38;36;61;23;80;24;17;18;24;35;33;80;28;22;27;29;38;22;16;34;27;54;64;135;16;26;23;25;41;19;22;47;23;23;33;17;45;23;34;30;34;37;18;16;20;38;44;45;25;67;19;20;55;54;24;39;154;17;58;37;41;29;54;31;55;22;24;32;41;38;53;35;29;30;32;204;115;1001;60;95;44;18;80;63;25;34;69;35;52;59;37;27;39;27;57;53;36;152;82;15;47;23;27;123;55;35;25;348;47;27;105;77;18;79;47)
seed_19_level_5-1,1012,6420.6737060546875,22807216,1699,(102;77;88;53;50;126;146;139;161;53;135;134;90;40;81;108;90;143;130;132;63;99;36;106;54;43;85;62;57;22;134;22;82;19;79;19;69;34;111;40;32;79;47;26;22;43;44;30;36;32;24;27;52;37;1001;44;16;28;29;18;31;19;27;14;17;23;94;43;92;23;26;30;35;78;53;21;30;55;16;28;59;99;66;43;18;38;30;52;33;89;24;33;57;87;38;32;28;32;24;110;21;16;79;30;22;30;40;21;28;23;87;97;57;33;35;124;62;78;34;38;52;24;88;93;123;127;82;93;57;54;47;39;41;34;35;54;17;24;141;80;82;20;108;132;24;119;105;183;50;27;72;36;25;17;22)
seed_19_level_5-1,1012,7013.551484584808,25657862,1850,(161;67;146;132;95;158;73;132;77;43;53;104;133;73;61;78;144;125;62;106;100;58;49;128;141;148;62;121;59;94;33;19;98;53;48;1001;1001;102;70;30;50;25;17;23;26;47;30;57;24;36;24;47;28;17;50;22;28;18;34;28;35;39;16;36;1001;57;35;26;22;36;20;66;87;25;18;32;22;176;33;32;79;82;41;19;35;36;36;35;27;25;19;25;57;54;37;61;18;79;83;57;19;40;57;26;30;31;15;37;48;108;79;34;63;65;36;53;1001;79;142;18;39;29;32;32;37;30;56;38;60;19;47;80;70;21;25;88;15;20;166;40;78;54;18;1001;77;36;198;26;85;34;44)
seed_19_level_5-1,1012,7553.178016424179,25974804,2003,(118;52;95;41;149;61;55;145;95;51;113;93;91;55;63;79;138;129;81;59;142;142;34;65;48;58;111;63;106;49;49;23;53;34;48;41;24;38;50;40;39;19;27;15;15;48;37;16;35;57;25;16;39;28;26;97;30;26;34;19;76;30;28;28;35;83;31;28;24;89;31;34;36;35;26;22;35;22;220;41;34;27;105;22;31;18;33;58;57;21;50;37;26;24;52;24;52;105;29;14;18;30;60;47;40;25;81;36;20;25;32;117;23;100;121;158;24;38;17;37;65;71;184;21;31;62;26;23;18;34;29;35;54;33;33;114;28;27;81;25;32;13;28;56;20;31;59;58;28;104;74;88;58)
seed_19_level_5-1,1012,8146.577332019806,28320308,2158,(139;98;45;138;163;117;159;148;80;50;68;70;43;113;45;157;104;137;108;141;125;62;90;47;54;1001;132;76;155;33;20;92;33;17;62;39;129;95;22;61;29;25;31;103;16;20;83;54;116;37;209;54;27;57;24;28;24;25;18;36;32;38;29;15;84;48;30;31;16;36;54;29;31;29;31;21;30;57;61;80;22;24;19;16;15;14;27;21;35;149;37;31;31;33;49;58;20;52;24;37;29;54;38;15;15;37;32;33;48;30;21;22;39;54;29;19;20;32;16;20;28;108;1001;45;27;37;23;38;50;1001;55;32;71;69;89;131;51;28;45;57;40;32;55;85;28;44;38;77;57;30;19;1001;60;121;52)
seed_19_level_5-1,1012,8730.858507871628,29819364,2314,(114;61;50;53;157;97;60;107;95;157;84;56;46;113;135;61;147;113;152;128;92;104;108;30;94;122;37;58;20;17;211;126;87;17;59;22;290;48;75;34;15;23;23;30;32;15;19;66;26;16;109;22;35;23;31;26;37;50;28;34;31;24;19;19;299;81;25;34;33;16;24;33;82;33;30;1001;25;21;59;57;25;57;105;96;37;39;33;41;30;59;24;20;36;28;36;19;26;31;36;52;35;30;27;28;45;97;323;34;32;115;33;44;34;38;18;47;30;28;152;54;29;28;52;129;52;95;54;34;29;33;57;64;57;52;25;27;85;18;24;77;57;127;130;119;89;84;36;79;29;37;1001;18;28;41;206;18)
seed_19_level_5-1,1012,9294.492911577225,30662319,2470,(94;61;125;53;129;118;95;136;55;73;91;93;104;95;125;67;67;43;155;38;71;111;48;48;39;44;20;205;95;64;110;32;21;37;58;76;16;85;145;35;25;21;24;53;32;38;40;24;58;47;70;25;18;44;54;31;26;52;33;29;26;41;44;29;1001;16;117;28;29;57;38;27;21;22;29;29;24;19;56;50;54;57;57;23;17;24;24;24;25;22;50;30;19;29;41;16;113;20;17;34;18;17;50;67;24;18;31;32;35;227;25;36;28;137;28;82;77;47;44;51;91;37;50;35;30;38;26;23;59;33;25;95;36;84;113;25;20;58;206;67;82;24;52;37;52;105;25;34;114;63;69;32;32;50;51;84)
seed_19_level_5-1,1012,9902.852263212204,33578897,2622,(139;118;126;107;104;138;45;102;140;160;161;84;146;108;161;39;70;91;58;36;68;122;105;118;94;89;113;41;41;1001;48;47;17;90;41;21;27;24;31;16;62;39;35;29;17;1001;25;37;28;19;85;21;33;19;112;59;26;25;27;39;17;32;49;54;50;16;22;148;24;32;18;27;1001;28;20;33;29;1001;20;26;32;32;84;15;23;105;19;24;27;31;14;72;30;17;28;32;87;66;64;38;36;50;148;82;21;39;32;32;52;20;36;16;127;54;21;29;116;73;141;126;33;52;138;129;31;26;34;37;85;331;72;53;141;35;31;50;57;57;113;35;18;22;55;28;85;58;36;1001;41;13;32;80)
seed_19_level_5-1,1012,10586.821175575256,37391134,2793,(92;68;152;40;150;50;38;128;78;70;61;88;80;105;17;1001;36;14;34;43;30;26;25;17;21;26;50;20;23;41;29;52;57;17;33;31;34;22;31;25;26;33;33;24;28;29;16;1001;23;54;29;14;28;80;1001;18;15;40;57;23;37;24;24;57;24;29;24;29;14;319;23;30;44;57;40;16;45;98;51;16;1001;58;32;27;31;25;68;18;109;37;36;38;32;56;25;21;28;1001;77;47;34;38;71;53;129;32;94;51;54;88;23;109;63;108;21;47;57;57;21;31;108;47;60;37;57;33;38;116;26;31;102;96;24;42;32;24;178;57;70;54;33;54;1001;50;47;105;77;37;16;17;41;34;38;1001;50;42;56;57;23;48;81;50;56;47;41;45;70;74;58;81;50)
seed_19_level_5-1,1012,11293.836237430573,42226492,2962,(69;16;47;70;69;133;57;40;47;81;57;71;46;23;22;36;35;19;17;78;29;47;38;41;31;34;1001;106;20;30;35;27;57;18;80;36;19;1001;20;29;30;15;20;25;25;108;57;32;57;96;115;56;16;16;58;52;50;108;39;119;79;53;41;58;34;17;17;1001;30;139;24;19;15;47;28;90;32;76;27;22;147;15;21;65;38;58;24;57;52;81;26;108;57;31;23;31;31;17;59;29;23;33;17;22;20;43;32;29;23;118;51;110;54;18;37;39;57;312;56;21;54;29;41;30;1001;54;83;22;109;21;49;37;62;64;91;28;1001;31;17;54;57;34;36;16;24;29;38;25;63;1001;36;95;112;29;55;43;283;32;19;54;1001;1001;123;105;28;21;40;1001;42)
seed_19_level_5-1,1012,11893.281471967697,45219590,3113,(117;65;59;69;108;83;109;77;21;24;50;56;32;17;35;14;14;41;31;24;25;27;36;37;39;18;27;57;21;1001;137;28;28;36;79;314;22;67;41;30;15;115;34;52;79;18;86;58;1001;70;276;98;15;24;27;27;26;75;22;22;28;33;87;24;38;79;34;29;15;47;31;100;40;77;86;29;54;75;18;72;50;19;16;28;111;44;50;29;32;35;40;54;57;17;20;36;31;37;47;86;23;539;49;102;50;49;39;45;55;27;47;84;1001;20;50;27;263;1001;1001;57;64;31;64;31;25;113;30;33;55;57;147;26;38;42;55;110;84;83;20;24;21;37;112;57;54;33;61;85;37;33;55)
seed_19_level_5-1,1012,12446.988572597504,47489765,3259,(53;154;126;63;108;98;72;48;21;60;20;42;33;1001;22;17;36;20;24;29;41;37;128;17;34;97;65;21;21;50;32;63;32;175;68;16;28;19;51;16;24;57;68;20;80;57;14;25;58;53;19;26;87;18;52;50;194;71;19;26;58;35;21;20;28;23;26;87;84;58;52;105;86;29;22;31;111;105;81;30;21;34;35;37;33;38;31;35;28;42;87;27;22;28;31;24;37;104;50;41;50;22;119;121;142;151;14;27;25;34;57;32;79;35;31;43;62;24;87;38;50;34;1001;48;15;1001;127;33;45;109;27;48;31;30;27;50;33;1001;21;32;25;98;54;57;31;34)
seed_19_level_5-1,1012,13012.964138507843,49464765,3408,(67;132;49;18;108;56;22;25;21;47;35;29;18;48;109;47;51;154;39;22;34;31;28;39;18;26;46;34;14;31;19;47;36;28;124;22;139;48;347;91;32;46;57;24;34;20;19;25;86;34;31;99;29;138;94;35;34;35;1001;38;28;35;32;49;95;55;51;18;57;34;83;57;38;29;18;57;31;18;1001;58;47;47;19;18;30;29;48;29;37;47;25;38;83;1001;38;62;27;37;35;113;14;54;18;49;84;86;40;18;30;29;67;191;24;23;48;539;19;25;79;21;50;34;44;114;118;109;57;151;28;32;54;31;100;47;27;26;21;52;32;84;39;89;98;60;45;193;21;26;41)
seed_19_level_5-1,1012,13646.637954235077,54238710,3561,(42;49;91;104;38;79;126;86;35;143;58;17;50;17;1001;28;28;21;76;30;16;31;17;16;23;31;34;54;116;19;34;21;41;31;63;17;54;1001;26;1001;22;25;31;50;30;83;15;46;63;29;17;83;26;17;18;38;29;64;35;100;36;19;21;27;34;23;28;47;30;129;25;23;32;15;32;49;24;24;15;1001;33;1001;68;28;99;1001;141;132;270;18;59;31;1001;109;17;18;24;110;25;23;16;26;57;30;50;108;26;38;88;31;16;57;54;57;36;108;19;1001;27;33;25;43;77;15;22;15;50;28;54;42;57;131;36;90;73;17;161;73;34;31;50;29;33;46;80;114;103;33;55;14;1001;26;61)
seed_19_level_5-1,1012,14189.41130232811,56487573,3703,(62;130;40;44;19;125;16;15;39;87;79;66;1001;22;15;30;54;34;52;16;27;15;54;47;22;14;74;118;34;34;29;47;22;14;26;34;18;30;19;38;33;30;54;24;86;27;189;18;28;34;1001;107;21;57;28;1001;110;48;14;28;31;58;86;21;14;35;35;45;18;40;24;33;34;18;47;119;112;124;40;22;26;38;25;39;137;24;1001;95;47;19;50;15;57;29;48;30;54;123;23;31;35;115;38;32;55;37;59;54;77;31;33;24;18;51;54;14;25;47;17;20;106;49;54;29;61;50;59;58;143;120;44;54;41;59;31;148;83;22;43;47;73;133)
seed_19_level_5-1,1012,14699.751546144485,57861268,3841,(67;120;41;103;20;82;67;21;19;26;133;33;13;23;32;34;30;40;18;25;84;27;16;34;47;46;19;33;27;33;1001;32;57;33;31;25;31;35;84;53;47;57;50;50;60;34;84;239;57;34;113;57;30;14;23;47;24;32;36;34;31;45;86;37;40;82;20;28;54;16;57;42;17;113;86;21;56;58;50;47;116;291;377;151;28;54;25;24;54;32;31;41;124;49;30;158;25;27;30;61;22;60;31;24;58;114;19;57;67;63;85;1001;17;22;21;195;17;59;16;57;31;110;24;57;57;93;23;73;35;40;39;33;50;47;37;50;124;50)
seed_19_level_5-1,1012,15262.942621707916,60724995,3984,(47;96;131;139;17;47;51;23;23;23;38;16;22;50;60;54;35;124;115;27;33;23;47;16;23;27;26;20;57;1001;37;58;22;1001;34;33;24;47;26;19;80;18;30;49;32;25;17;50;28;24;24;25;16;14;25;50;1001;17;28;28;51;57;41;32;39;40;18;32;25;38;31;58;37;40;24;52;30;29;110;31;19;35;57;79;47;26;1001;65;31;28;21;29;142;57;63;26;216;31;137;61;35;39;31;28;31;86;33;473;191;190;56;24;32;38;39;36;49;22;29;142;22;54;30;57;31;50;15;59;20;58;58;65;45;54;1001;108;33;193;27;44;18;20;48)
seed_19_level_5-1,1012,15852.68857717514,64608150,4128,(155;24;146;38;26;227;32;28;30;31;36;27;27;32;28;17;19;34;31;49;27;33;27;48;15;31;79;84;34;46;80;36;24;38;79;35;25;53;39;118;39;52;52;80;30;26;26;108;77;30;55;51;27;40;26;39;31;41;60;69;33;104;45;259;54;32;36;38;1001;52;57;19;198;23;49;26;54;35;47;29;18;35;232;57;185;63;114;24;50;35;20;195;22;142;23;199;14;57;1001;48;67;17;1001;47;124;132;1001;47;115;22;59;57;113;37;28;24;25;29;54;29;35;27;33;27;26;28;58;95;168;1001;27;119;87;31;81;13;57;33;57;19;43;1001;91;1001)
seed_19_level_5-1,1012,16497.57972884178,70847229,4272,(47;107;79;28;19;25;54;57;34;33;39;19;18;19;16;22;40;37;34;44;41;30;16;13;30;22;19;34;1001;50;24;29;17;83;57;49;1001;17;70;31;22;23;15;83;58;71;32;34;17;58;34;26;30;18;28;113;35;35;17;22;1001;40;133;35;34;28;33;29;50;1001;30;32;28;92;118;36;20;49;163;130;1001;185;58;1001;97;54;55;1001;59;18;25;57;49;57;24;36;28;26;39;31;27;50;22;1001;15;57;79;53;56;51;50;49;131;28;19;1001;100;24;1001;30;136;28;89;31;59;22;18;50;42;16;139;84;51;116;57;162;53;132;47;33;1001;1001;25;28)
seed_19_level_5-1,1354,17097.48287510872,74740337,4417,(22;137;77;47;36;36;66;22;135;59;27;29;73;49;35;16;21;27;15;21;20;34;23;47;189;34;30;32;39;57;27;133;138;57;22;69;24;32;33;25;34;15;50;29;58;40;39;28;17;35;39;41;32;34;21;80;31;23;24;109;38;77;25;82;62;57;28;100;21;34;36;54;57;29;1001;105;29;22;36;17;14;160;59;88;117;65;80;28;115;52;25;101;140;85;1001;295;23;57;19;27;34;28;264;35;29;51;79;25;31;27;143;1001;77;33;69;64;56;14;59;14;126;1001;121;27;79;59;118;1001;83;70;1001;96;20;18;163;59;19;24;14;184;1001;84;35;33;195)
seed_19_level_5-1,1354,17690.583394765854,79011789,4560,(34;21;49;38;64;33;19;108;26;93;49;36;24;40;111;22;34;22;148;57;71;31;59;22;21;16;28;25;140;38;57;32;25;58;23;88;29;43;81;52;29;32;28;28;240;34;61;33;25;20;55;78;67;35;27;114;18;47;34;161;28;60;15;25;141;39;37;100;33;51;51;34;55;53;1001;1001;76;14;88;100;41;28;79;34;57;42;38;115;28;25;26;1001;57;1001;17;36;20;38;44;24;32;1001;35;25;19;32;16;1001;21;32;77;1001;47;34;194;79;52;24;22;23;54;17;15;123;17;30;27;15;77;1001;47;133;47;77;16;53;67;150;24;77;58;21;47)
seed_19_level_5-1,1354,18295.510551691055,82366644,4713,(30;30;54;36;30;23;26;49;22;34;66;26;15;48;30;54;1001;19;37;21;35;19;25;27;40;29;1001;37;29;50;111;50;24;57;26;57;29;30;40;23;26;19;109;202;58;80;154;26;19;191;110;90;183;29;18;84;22;80;27;79;50;34;38;35;38;52;109;53;39;24;23;21;55;25;16;13;21;18;15;28;47;14;38;106;47;47;42;1001;87;215;17;20;24;24;28;1001;33;128;38;43;28;47;38;58;24;51;30;110;32;26;55;81;105;14;67;65;18;20;39;142;75;25;67;22;33;77;25;47;30;134;54;1001;18;24;359;150;87;49;47;119;19;31;1001;47;32;53;27;33;35;60;18;38;35)
seed_19_level_5-1,1354,18943.789318799973,87814100,4865,(29;112;61;61;24;33;31;35;32;21;23;27;305;88;82;40;28;156;21;1001;57;33;60;33;77;32;35;105;37;27;27;27;22;25;18;15;29;37;39;24;33;57;41;77;1001;57;50;18;25;51;110;115;30;51;47;18;139;126;64;37;39;1001;22;29;18;24;38;47;36;47;15;47;26;28;169;50;35;30;123;37;20;30;28;58;1001;51;1001;52;32;26;20;51;38;235;1001;155;54;47;29;28;24;158;32;26;114;34;26;47;30;37;109;26;105;25;135;28;31;54;60;54;35;25;1001;33;79;30;237;1001;19;26;77;98;114;40;83;1001;40;226;1001;124;62;102;40;105;308;44;26;34;167;55;55;30)
seed_19_level_5-1,1354,19536.70097875595,92153899,5009,(34;49;22;18;18;103;24;24;27;90;33;30;26;17;16;50;17;18;37;47;36;37;28;40;25;59;41;65;58;1001;17;34;26;33;36;52;30;50;26;70;57;1001;25;50;56;136;99;34;350;194;23;25;165;57;31;80;27;54;50;23;24;35;64;19;104;68;33;60;113;54;57;18;36;33;50;54;1001;33;38;86;53;32;1001;33;207;37;57;37;16;42;1001;16;16;47;23;17;107;35;18;47;1001;82;33;155;34;126;30;26;77;109;90;49;23;57;69;34;27;50;1001;32;60;195;52;25;31;84;127;24;85;81;47;23;25;120;17;41;18;30;36;34;144;1001;54;57)
seed_19_level_5-1,1354,20186.102270126343,98007853,5160,(19;1001;28;25;30;27;31;26;30;30;40;55;24;37;40;36;29;70;26;33;32;31;40;50;66;1001;298;33;18;34;183;100;29;30;40;1001;26;34;99;33;57;113;50;29;35;72;50;53;47;107;24;22;48;31;27;15;47;121;16;47;28;87;26;202;29;16;33;50;69;50;29;1001;105;22;26;21;80;1001;19;57;77;64;65;1001;65;71;80;45;36;50;27;18;34;73;68;48;144;15;49;68;65;62;77;47;129;34;23;24;57;131;32;22;1001;27;1001;22;22;49;54;54;50;1001;147;57;54;17;28;39;54;36;32;31;28;57;57;57;47;51;24;281;1001;1001;58;28;84;203;53;33;147;85;24)
seed_19_level_5-1,1354,20797.866306066513,101896373,5312,(33;30;53;47;103;85;29;25;18;26;34;17;15;19;14;28;23;25;14;15;25;17;24;33;57;54;52;28;25;39;33;41;1001;1001;145;106;79;18;18;26;38;31;31;50;108;49;47;23;32;157;78;32;118;39;42;42;103;30;24;18;15;97;203;32;47;20;18;1001;109;47;128;42;113;31;16;51;25;43;45;39;38;41;56;57;71;64;60;35;103;83;58;33;1001;1001;41;36;50;27;19;1001;34;22;32;109;50;18;64;24;47;69;117;27;31;326;26;22;185;306;77;61;47;34;54;24;57;28;33;28;19;15;31;127;30;63;81;109;143;47;15;96;14;21;110;42;25;18;25;1001;209;47;35;47)
seed_19_level_5-1,1354,21460.836848258972,107902644,5459,(54;106;55;384;59;26;13;25;26;16;22;31;44;32;1001;109;93;31;31;19;81;34;70;47;28;54;17;27;20;73;50;24;54;24;26;24;1001;24;41;51;105;47;60;26;26;71;54;81;22;77;30;125;1001;32;29;50;82;34;59;19;57;18;17;50;77;223;67;42;89;209;23;31;128;35;37;349;60;51;66;1001;36;298;1001;51;17;54;115;79;51;47;14;88;197;30;1001;1001;131;30;49;200;112;47;18;57;29;162;28;57;1001;33;27;116;63;42;41;58;114;73;110;1001;28;59;60;1001;77;29;24;41;118;40;31;115;36;29;1001;47;22;31;28;47;105;23;77;76;47;18;121)
seed_19_level_5-1,1354,22039.68922686577,110361472,5610,(20;84;27;21;14;26;35;31;63;66;87;18;109;158;23;45;29;76;35;47;29;57;82;40;40;54;81;54;30;50;47;17;30;105;31;47;66;79;163;36;48;32;312;119;53;27;14;105;105;61;115;51;71;22;22;64;26;57;61;57;34;46;37;116;64;28;40;30;26;131;35;1001;19;60;14;57;28;25;93;18;51;76;132;34;123;32;147;57;71;24;115;29;63;203;24;87;30;32;1001;22;59;21;40;27;40;42;14;47;1001;78;87;36;128;86;122;18;77;31;138;32;29;29;57;197;167;30;51;26;57;56;25;166;47;32;53;47;130;317;54;54;47;127;80;56;45;29;58;33;1001;36;38)
seed_19_level_5-1,1410,22712.023482084274,117289494,5756,(19;1001;31;24;115;24;31;79;1001;31;63;90;24;57;1001;42;63;33;15;58;40;109;41;57;54;185;30;27;33;17;24;16;113;33;1001;1001;50;21;54;24;36;46;47;57;79;30;20;19;27;29;23;55;36;37;1001;117;91;57;57;42;38;29;1001;18;185;36;37;1001;30;16;16;77;47;52;33;33;54;77;31;24;18;51;28;20;57;54;96;26;62;21;124;1001;24;35;1001;111;113;139;68;27;155;81;28;143;38;30;32;164;1001;1001;94;37;123;346;87;23;25;30;26;35;108;76;105;141;17;65;76;132;19;29;130;47;81;51;137;21;301;15;22;77;141;130;109;1001;35;17)
seed_19_level_5-1,1410,23389.340134620667,124248036,5904,(16;26;136;28;31;13;1001;28;79;77;62;47;41;28;38;1001;21;34;108;21;17;1001;80;47;47;85;24;54;114;30;30;62;79;1001;38;33;49;84;52;18;18;42;365;40;25;17;34;116;55;36;24;76;22;1001;79;15;26;21;213;51;1001;1001;106;31;22;47;50;31;82;50;18;54;15;18;26;79;31;139;161;109;24;16;79;87;1001;28;80;108;79;47;37;60;31;40;30;1001;24;34;41;64;44;51;28;277;176;38;23;120;38;56;58;81;87;22;25;336;1001;60;35;47;44;1001;57;33;53;37;39;27;54;65;23;23;50;47;109;33;1001;18;25;319;26;1001;18;22;25;17;34;39)
seed_19_level_5-1,1410,24077.392247200012,130811291,6056,(1001;130;332;84;68;1001;96;57;323;65;39;339;70;120;40;28;135;16;49;137;1001;32;34;79;48;77;34;20;15;21;79;25;1001;21;30;33;29;34;19;79;55;54;49;54;34;50;45;200;1001;105;27;79;47;28;29;44;132;1001;25;97;106;17;60;32;25;206;36;157;52;27;26;1001;1001;33;30;38;26;116;150;150;39;40;30;201;1001;16;15;55;30;23;26;32;1001;77;115;47;47;106;1001;54;28;53;36;50;55;113;47;80;35;79;50;79;143;42;25;50;23;66;32;21;43;119;32;36;57;31;31;332;34;1001;37;27;38;31;48;61;36;120;29;88;84;74;24;52;66;28;28;58;36;30;54;145)
seed_19_level_5-1,1410,24721.79208612442,136196135,6209,(61;36;140;61;29;80;32;108;80;35;28;1001;1001;119;65;23;24;25;38;1001;1001;36;85;62;30;192;55;37;32;50;36;41;33;83;21;111;37;52;79;37;24;31;37;54;34;133;23;26;29;80;190;30;55;41;54;1001;113;55;33;34;47;41;19;24;104;121;99;35;50;26;48;39;21;17;1001;25;96;19;27;59;34;16;16;38;80;37;56;201;47;20;59;49;1001;29;35;149;34;133;31;36;34;58;255;37;170;17;20;29;110;113;15;113;151;35;50;34;27;67;18;28;1001;60;51;32;20;28;86;59;20;139;19;43;49;113;92;53;14;33;84;1001;147;157;47;32;116;26;54;1001;29;54;85;29;36)
seed_19_level_5-1,1410,25458.572249412537,144781199,6361,(1001;50;302;34;17;80;57;50;149;38;119;35;19;19;1001;67;29;56;35;76;57;55;58;1001;48;308;56;47;22;39;54;33;28;60;28;50;227;46;76;27;61;1001;52;33;92;1001;105;87;1001;45;70;26;1001;30;31;26;50;1001;73;141;213;26;54;40;280;108;86;31;63;20;33;33;18;285;77;24;109;138;257;53;83;52;88;30;51;129;51;1001;22;82;116;52;40;33;116;19;51;1001;29;37;18;232;25;53;16;54;50;33;30;25;35;32;31;23;85;40;80;1001;33;30;1001;38;40;72;53;337;1001;36;45;30;1001;1001;61;1001;112;53;84;38;49;39;25;108;105;156;93;18;57;43;21;36;22;57)
seed_19_level_5-1,1410,26059.33864760399,148303613,6512,(86;40;56;80;34;22;40;59;87;111;25;1001;80;31;40;54;22;27;22;50;27;25;42;55;40;18;43;131;81;91;51;88;35;112;312;35;1001;81;34;54;35;37;32;50;35;27;33;21;30;20;50;18;36;17;25;82;97;30;17;20;22;37;15;17;40;28;39;95;29;26;31;57;76;35;48;16;204;107;48;49;56;62;16;47;1001;30;41;48;25;25;130;138;62;33;151;67;22;59;36;24;80;35;57;38;55;141;31;110;392;24;23;86;19;52;141;1001;173;103;26;54;28;34;36;18;37;40;36;80;76;88;22;21;27;27;39;32;30;1001;45;344;299;33;24;34;57;202;35;143;85;48;1001)
seed_19_level_5-1,1410,26655.25529193878,151264124,6664,(60;33;27;59;54;25;18;142;31;82;115;42;18;50;49;33;78;47;107;18;31;31;35;326;80;117;76;76;47;60;31;1001;27;37;87;19;32;33;35;222;24;113;22;34;17;1001;38;69;108;34;147;28;80;109;17;54;57;133;37;149;79;60;89;54;29;85;54;20;50;32;31;33;136;39;32;38;36;1001;18;31;22;36;100;34;28;67;36;182;1001;139;33;41;111;39;129;59;28;41;202;56;79;32;52;60;1001;36;15;192;28;26;116;23;18;51;55;50;53;84;23;54;39;30;30;41;54;25;28;65;16;86;34;78;54;34;43;133;21;317;36;42;51;62;51;31;54;71;116;55;35;88;51;30)
seed_19_level_5-1,1872,27232.22183585167,153543972,6813,(214;27;17;67;49;1001;31;37;88;39;515;21;117;31;42;145;36;162;1001;136;96;26;38;84;33;50;39;55;29;340;20;23;33;80;22;17;52;24;34;48;29;28;21;24;141;31;64;22;79;309;37;177;67;19;38;124;66;1001;32;471;33;126;125;127;63;90;60;74;25;41;170;32;50;112;38;83;57;57;89;34;25;316;52;37;29;114;21;57;54;39;106;19;17;32;85;54;31;50;19;40;31;17;24;194;55;34;25;35;196;113;51;31;54;17;50;40;54;28;34;140;37;28;49;54;50;109;175;23;24;25;20;108;25;113;24;17;84;16;84;51;54;123;40;127;25;84;83;50;63)
seed_19_level_5-1,1872,27817.778756141663,156181781,6963,(335;45;36;49;47;38;18;24;47;29;30;50;23;106;50;17;114;109;34;50;50;105;47;1001;31;84;30;24;31;85;140;25;113;33;50;27;61;25;286;50;55;134;32;35;54;54;58;33;300;30;33;24;34;57;18;26;84;31;56;1001;47;42;120;27;91;146;38;55;20;16;24;36;81;87;210;347;37;55;125;25;82;51;53;20;1001;115;53;32;50;51;32;71;81;32;83;15;131;54;21;53;56;146;191;29;111;83;83;22;21;25;24;225;39;31;20;49;40;39;32;34;109;30;43;166;18;136;31;52;32;58;115;373;180;42;31;27;1001;51;30;39;40;30;144;28;58;116;41;32;17;128)
seed_19_level_5-1,1872,28444.89395546913,160677900,7113,(79;50;1001;47;33;19;25;54;31;50;109;17;25;37;217;54;28;24;79;24;34;23;84;84;23;54;25;54;54;26;54;54;93;25;29;47;418;61;31;21;90;102;34;40;19;33;21;54;42;39;138;67;33;110;1001;1001;88;33;38;41;62;31;1001;67;53;56;94;90;21;40;1001;40;28;57;106;38;36;28;26;83;47;71;53;40;147;17;186;30;41;54;37;50;34;28;80;29;30;37;77;85;20;14;23;47;149;86;50;18;82;140;275;45;168;112;33;57;116;25;17;1001;1001;30;36;57;18;57;54;139;70;52;17;135;30;109;24;57;82;32;35;45;332;22;1001;17;90;148;17;85;30;31)
seed_19_level_5-1,1872,29060.53776717186,165145015,7263,(39;43;22;272;39;54;27;61;28;54;1001;120;54;19;28;1001;80;168;122;30;24;37;162;39;142;38;17;59;18;110;28;1001;61;27;49;31;51;24;27;133;17;51;34;54;34;81;58;54;78;38;50;81;56;21;25;57;26;82;198;24;32;77;15;79;84;47;48;26;29;27;173;40;56;27;150;95;30;154;28;35;80;54;47;47;1001;52;54;34;44;21;35;39;38;74;69;27;35;52;43;53;109;33;27;32;22;145;25;1001;47;41;63;76;50;141;1001;85;341;87;54;25;1001;30;32;33;27;88;48;35;105;83;21;72;134;33;140;113;107;145;30;124;22;197;87;29;27;87;1001;30;123;21)
seed_19_level_5-1,1872,29715.740721464157,170562687,7414,(20;18;46;144;98;51;68;60;34;97;43;17;17;1001;101;57;110;36;22;29;34;55;26;138;50;32;44;1001;19;61;133;48;77;15;79;154;46;22;82;140;50;50;28;25;161;30;17;23;1001;14;25;189;150;39;25;54;37;216;47;1001;31;283;1001;36;93;41;59;22;54;35;53;51;69;296;27;73;215;18;25;18;27;1001;34;57;26;1001;56;38;26;55;110;39;54;36;15;29;38;87;17;22;19;15;14;21;106;31;109;35;1001;1001;112;17;40;64;16;59;140;51;18;29;31;26;62;51;97;159;24;16;140;41;24;29;32;24;36;26;54;56;33;1001;38;40;24;52;90;31;50;84;70;27;83)
seed_19_level_5-1,1872,30351.46001124382,175202579,7564,(24;23;26;37;17;25;18;27;34;24;24;49;212;53;154;21;270;35;113;41;21;311;32;23;23;150;105;33;25;23;59;25;281;135;143;18;161;379;18;52;57;22;81;66;29;33;38;33;1001;38;37;50;50;150;36;84;23;112;1001;18;29;50;31;51;29;90;132;163;33;25;31;58;57;50;20;177;86;19;54;54;25;25;57;18;29;79;47;82;50;36;19;27;38;61;53;15;28;1001;119;132;161;1001;16;28;89;36;142;50;50;23;29;18;33;16;148;27;112;77;29;56;1001;36;54;28;77;195;47;1001;112;195;1001;1001;104;77;22;17;38;26;47;47;212;91;41;335;27;40;18;138;27;47)
seed_19_level_5-1,1872,30930.209458589554,178515257,7713,(30;82;20;38;36;25;22;131;84;203;109;70;33;43;24;54;86;50;88;28;18;29;35;57;22;19;38;18;112;156;50;84;51;50;162;25;85;31;51;54;109;79;21;1001;27;1001;38;29;22;28;40;140;50;58;57;80;26;1001;39;51;21;112;15;27;38;35;275;40;23;51;14;27;116;23;52;26;22;54;1001;22;42;115;39;14;64;16;78;47;56;18;30;25;26;22;20;42;29;26;40;46;89;18;21;59;29;25;18;32;26;26;45;20;142;48;1001;41;45;34;33;81;27;52;61;18;24;25;24;63;141;54;51;24;34;191;25;54;100;1001;61;84;66;36;47;38;31;38;30;115;20)
seed_19_level_5-1,1872,31542.282781124115,182515012,7863,(110;19;118;51;57;54;29;82;45;34;18;36;51;28;74;20;1001;54;20;149;37;106;36;1001;35;222;25;47;23;37;81;68;45;34;54;20;37;51;18;25;25;282;1001;35;47;113;36;54;146;85;57;54;109;17;16;183;34;50;18;35;14;62;184;58;105;202;39;138;134;374;28;1001;14;26;38;57;68;45;143;129;49;47;56;153;98;43;28;66;114;21;29;221;59;41;79;28;25;29;27;33;58;21;36;38;105;43;36;54;53;53;33;135;27;1001;1001;80;54;84;19;31;52;37;40;132;58;25;132;36;120;36;80;23;54;57;29;28;178;41;81;28;1001;20;50;30;25;37;37;20;28;31)
seed_19_level_5-1,1872,32272.685888051987,191447001,8013,(255;56;89;163;16;106;107;65;70;26;63;35;30;55;20;148;24;45;20;39;274;37;1001;18;34;21;59;36;135;36;70;56;109;209;1001;17;23;24;83;32;20;37;138;19;57;27;25;35;51;37;1001;25;91;50;54;34;18;1001;52;39;19;222;41;22;19;32;112;178;1001;24;37;82;83;1001;121;150;27;1001;20;32;22;140;50;1001;88;1001;23;47;37;57;57;50;22;115;1001;82;23;109;29;51;23;28;34;1001;83;57;84;54;113;1001;22;37;28;34;26;27;31;109;47;56;53;137;109;1001;39;24;1001;28;21;51;47;61;18;14;15;1001;26;59;31;207;131;24;20;1001;53;221;24;1001;29;35)
seed_19_level_5-1,1872,32930.55459237099,197307220,8162,(52;19;46;1001;40;95;50;56;54;34;31;80;81;134;69;20;112;164;28;19;116;75;32;120;185;45;110;22;14;43;39;19;57;109;30;39;80;49;1001;81;40;30;63;19;40;138;21;89;25;218;138;54;20;118;42;117;63;1001;88;19;87;31;27;19;55;1001;112;25;30;125;31;56;32;19;115;31;43;136;132;50;34;28;47;1001;23;21;60;50;85;23;25;49;19;23;20;14;90;37;50;80;53;77;86;113;1001;32;1001;140;17;33;33;29;34;41;29;115;97;54;38;59;26;50;32;24;1001;54;40;51;139;1001;80;158;54;28;31;29;32;60;31;1001;116;80;81;1001;35;57;23;53;87)
seed_19_level_5-1,1872,33564.80524921417,203108370,8311,(30;54;131;31;28;24;15;24;15;17;34;111;109;51;30;47;26;15;16;21;29;55;55;37;1001;82;31;21;23;26;1001;21;115;24;32;29;21;176;39;84;35;15;143;28;21;28;65;38;32;25;150;26;21;38;42;27;110;109;18;37;112;28;29;62;34;27;57;23;290;1001;17;34;84;91;21;27;93;53;26;45;313;56;35;45;39;18;19;35;40;51;33;28;87;35;87;1001;31;1001;22;26;115;52;1001;54;1001;50;63;38;54;1001;20;17;66;32;54;108;1001;35;35;57;63;1001;52;27;65;54;35;59;56;57;27;60;24;19;53;40;54;37;38;57;24;1001;32;33;17;27;23;59;50)
seed_19_level_5-1,1872,34230.40593481064,209528485,8461,(166;83;23;117;26;47;24;38;1001;17;111;28;52;19;1001;106;114;54;35;53;21;67;42;23;110;61;190;36;57;41;120;37;1001;47;24;53;15;63;21;38;80;79;134;31;47;33;80;23;49;1001;24;113;278;17;53;56;52;37;39;1001;25;290;136;53;26;23;60;1001;83;56;86;133;111;1001;64;90;63;41;35;119;83;54;22;66;28;36;86;59;17;23;127;156;57;24;23;28;28;112;54;47;110;57;54;32;59;83;17;38;57;30;1001;1001;83;89;66;29;93;22;64;40;1001;83;42;57;87;29;84;25;116;33;1001;178;57;57;57;18;43;26;20;89;39;48;1001;140;54;88;46;80;57;31)
seed_19_level_5-1,1872,34902.79202365875,216870144,8611,(26;1001;85;113;45;22;30;27;41;21;139;47;146;63;1001;50;25;56;32;21;137;25;126;32;41;19;29;114;139;134;35;17;105;50;33;60;58;1001;24;27;28;136;22;38;33;61;58;84;59;143;28;22;47;109;22;22;190;28;52;32;37;1001;38;38;1001;32;128;83;27;37;131;84;109;87;115;1001;28;31;28;63;1001;50;38;41;24;31;54;147;1001;50;62;35;83;55;25;109;79;35;70;40;26;51;1001;25;50;22;79;1001;39;50;50;141;145;30;1001;35;29;83;79;54;85;18;136;54;27;27;1001;26;1001;36;71;21;1001;33;37;50;79;54;90;181;55;31;30;40;35;24;59;63;61;56)
seed_19_level_5-1,1872,35502.92826080322,220851512,8761,(34;118;15;81;37;41;25;55;25;20;21;17;66;1001;14;29;27;77;86;25;28;69;36;300;22;132;33;52;18;144;22;20;29;31;323;25;50;53;1001;205;17;56;36;24;20;56;204;62;28;22;54;54;18;16;183;47;50;47;1001;23;31;35;50;32;112;32;34;292;84;280;1001;60;32;67;1001;83;41;70;57;28;50;40;33;1001;37;31;122;33;54;28;23;113;63;20;34;83;56;1001;57;66;50;38;36;43;26;25;141;83;159;38;33;27;33;109;25;56;79;145;57;37;50;64;37;113;87;166;141;20;29;55;33;40;45;35;30;28;51;28;111;28;79;56;18;35;27;34;23;27;36;57)
seed_19_level_5-1,1872,36172.22455430031,227785707,8911,(209;29;136;15;69;1001;19;1001;17;59;35;366;54;1001;25;19;18;134;17;85;57;24;20;30;35;18;37;14;54;24;39;24;54;29;54;26;38;31;47;53;26;60;28;141;33;121;26;44;34;19;17;105;113;36;25;16;43;194;57;190;50;50;315;36;40;1001;34;95;59;18;136;50;87;37;59;1001;31;18;58;31;60;57;56;32;34;54;56;23;189;1001;42;50;26;32;1001;47;21;54;109;32;42;16;79;66;52;27;58;110;33;81;28;57;19;29;58;50;1001;109;57;40;1001;122;1001;22;23;37;18;17;1001;68;1001;162;83;145;148;18;60;1001;33;36;32;138;37;79;50;30;23;18;40;59)
seed_19_level_5-1,1872,36768.623205661774,231264287,9061,(326;354;20;24;21;23;24;31;16;198;39;23;27;38;24;105;28;35;52;40;30;35;83;32;50;47;111;54;15;221;25;34;52;122;1001;31;16;13;16;132;83;34;22;56;304;37;29;28;17;86;145;34;35;25;28;83;47;25;113;1001;88;15;25;25;114;84;131;50;22;50;32;33;189;66;129;1001;59;131;57;46;87;23;32;83;50;36;34;28;17;21;54;28;35;37;80;60;24;87;21;60;33;117;1001;27;34;115;91;33;50;31;91;24;50;59;22;40;1001;25;26;121;25;142;28;54;45;57;21;129;40;34;148;24;56;28;1001;22;25;114;54;83;57;53;40;57;31;26;59;36;34;43)
seed_19_level_5-1,1872,37393.720356464386,235855511,9211,(20;79;96;32;48;35;24;57;297;36;55;21;211;293;50;137;33;33;80;57;97;1001;34;35;76;43;43;43;79;138;33;30;30;34;34;1001;20;83;18;50;41;38;27;25;61;1001;63;87;83;24;56;45;164;71;38;154;23;1001;25;58;63;143;40;109;27;39;42;50;1001;57;54;24;1001;33;53;197;19;34;22;26;50;26;35;126;51;14;166;26;133;33;1001;56;47;24;34;22;215;134;87;36;17;47;18;25;1001;36;295;46;342;18;29;54;50;36;47;22;53;147;137;77;34;17;25;26;79;32;51;54;224;60;60;83;34;131;57;139;20;211;19;34;137;38;15;85;16;50;40;135;101;18)
seed_19_level_5-1,1872,38044.77198958397,241450580,9361,(151;59;45;69;1001;71;54;31;222;87;16;19;34;45;173;124;67;87;25;46;133;14;90;30;59;56;53;160;25;33;1001;1001;28;89;33;100;48;22;83;81;34;117;30;291;54;39;55;31;70;35;21;70;53;84;23;25;48;51;58;58;1001;38;28;1001;23;71;18;58;103;29;15;92;192;1001;31;29;132;25;32;35;113;22;28;25;132;34;52;24;23;22;27;1001;1001;26;83;139;165;139;41;134;56;53;27;38;47;89;83;1001;25;24;24;56;32;27;229;1001;33;87;50;145;29;143;22;48;50;56;20;31;47;191;187;134;118;17;33;115;51;38;62;34;49;100;58;17;136;341;116;30;32;346)
seed_19_level_5-1,1872,38646.39018416405,245564059,9511,(24;37;45;422;51;1001;32;38;86;40;32;38;290;30;23;24;23;23;56;53;60;313;60;51;27;32;38;40;1001;139;128;36;154;41;335;57;32;54;30;40;51;29;36;22;24;57;25;55;37;24;34;92;53;17;59;34;57;31;26;86;47;1001;39;31;76;50;80;35;25;391;79;63;113;20;27;83;108;64;24;177;19;136;50;50;84;50;54;50;53;39;13;133;181;25;89;30;25;58;112;50;57;39;1001;83;42;80;134;135;24;56;125;39;47;27;177;59;35;114;25;24;139;33;36;80;36;13;18;36;82;52;28;25;65;28;39;1001;149;26;50;24;18;29;65;1001;41;60;69;22;31;1001)
seed_19_level_5-1,1872,39353.516632795334,253830619,9661,(417;19;107;223;38;22;25;48;1001;308;83;48;136;217;1001;52;22;312;350;34;36;25;25;42;57;1001;351;1001;62;39;101;54;49;14;77;26;31;24;1001;54;24;76;66;53;55;28;109;18;60;110;58;16;47;25;1001;80;48;39;22;63;93;50;15;39;115;57;94;128;20;54;87;185;37;27;30;183;53;139;110;35;22;27;57;1001;20;50;81;57;24;47;23;15;108;1001;18;91;203;50;59;33;133;21;1001;47;16;37;1001;27;32;58;33;1001;14;50;126;32;28;31;129;54;51;24;129;1001;324;25;56;208;1001;64;44;54;1001;38;27;33;61;1001;37;34;191;14;33;56;19;37;304;54;57;57)
seed_19_level_5-1,1872,39995.11689543724,260298125,9811,(47;61;24;333;1001;27;62;87;129;162;52;202;47;19;47;28;51;30;42;1001;87;287;103;34;33;77;1001;65;37;205;122;22;42;96;20;25;1001;35;33;1001;136;1001;104;29;54;17;61;221;20;143;28;47;34;41;109;1001;32;23;32;201;39;62;1001;1001;27;55;153;1001;31;214;40;58;29;105;18;27;133;23;18;125;36;138;30;51;33;14;18;132;86;57;50;50;40;37;33;30;16;18;113;84;23;31;28;54;25;98;33;34;24;26;50;113;26;35;24;113;17;25;27;54;33;54;18;34;24;53;36;40;33;33;1001;18;32;19;25;29;41;53;30;31;29;71;1001;208;65;50;24;33;26;15)
seed_19_level_5-1,1872,40619.79307317734,264087173,9961,(50;112;28;17;31;28;63;86;56;20;1001;28;114;113;47;53;51;23;30;183;54;83;63;87;145;30;83;18;80;139;136;83;19;83;24;106;17;105;43;79;144;33;24;34;31;19;212;27;28;281;83;33;16;31;88;77;156;1001;56;18;211;34;19;17;21;35;292;33;18;55;229;55;90;64;168;24;132;139;132;36;51;278;110;31;53;24;97;54;56;33;23;54;88;25;30;1001;39;126;57;70;21;85;112;135;50;265;35;113;46;16;52;24;100;53;1001;57;25;59;88;113;26;64;113;139;283;1001;50;284;216;30;322;37;184;33;153;1001;61;40;110;23;78;27;26;25;279;53;63;15;60;53)
seed_19_level_5-1,1872,41283.87346696854,269829966,10111,(112;122;59;21;313;133;33;58;84;87;90;139;116;1001;53;16;45;178;109;110;117;65;1001;212;131;18;79;29;32;50;29;23;18;26;57;24;60;54;29;33;30;28;54;122;115;15;201;112;47;116;15;1001;18;149;28;48;69;130;31;84;109;144;70;47;284;31;1001;61;397;83;57;50;200;77;56;1001;39;28;43;194;54;34;24;92;40;53;129;71;1001;64;32;37;97;58;25;128;24;31;41;1001;1001;1001;85;15;56;32;57;53;36;23;28;201;54;29;22;57;56;157;101;73;25;109;29;25;55;57;100;63;56;364;28;72;132;58;140;118;1001;106;87;22;18;14;59;41;298;16;97;154;41;29)
seed_19_level_5-1,1872,41918.98874902725,275074130,10261,(22;1001;51;25;34;55;81;53;126;151;71;249;87;41;32;54;54;112;43;193;97;122;54;39;39;24;186;140;40;55;1001;45;26;33;40;36;25;53;113;24;28;1001;23;32;34;51;313;46;1001;57;18;112;53;23;27;39;89;50;31;37;52;30;212;66;47;42;68;36;211;21;51;36;313;112;34;16;28;152;151;1001;1001;34;299;35;24;16;43;14;24;139;53;31;24;21;362;15;50;54;31;41;21;1001;348;82;168;47;180;31;31;105;143;23;58;132;109;396;113;47;17;63;18;115;112;1001;72;22;34;28;62;37;21;49;23;47;21;22;59;58;16;29;27;34;1001;31;113;32;57;77;31;47)
seed_19_level_5-1,1872,42531.51630401611,278883647,10411,(21;54;331;81;123;58;39;39;15;38;117;336;38;26;29;21;53;49;79;58;50;129;21;92;73;39;136;36;17;35;20;16;300;1001;29;109;79;25;39;54;21;62;38;134;32;54;111;18;54;41;54;24;34;58;1001;42;141;87;33;142;79;65;56;30;64;58;33;35;35;148;133;35;18;16;17;117;24;130;114;31;290;132;22;24;1001;56;54;53;82;54;30;16;25;310;25;37;51;116;21;311;487;26;34;18;108;41;31;16;57;37;167;49;1001;17;57;79;142;1001;211;42;39;34;29;16;47;295;220;26;22;132;85;47;40;182;1001;126;47;29;34;38;24;35;47;16;40;113;39;31;57;18)
seed_19_level_5-1,1872,43210.32543468475,285202952,10561,(127;85;56;55;58;57;33;24;33;1001;57;56;1001;112;49;36;53;82;85;112;137;30;34;82;110;123;31;55;50;89;58;127;19;195;131;71;83;68;83;1001;25;275;26;83;35;1001;22;109;32;20;50;1001;50;37;57;81;1001;84;88;17;50;83;127;1001;1001;27;135;52;25;29;158;86;30;19;1001;91;85;40;303;50;32;314;297;26;53;29;243;33;86;359;54;25;79;53;29;49;79;159;185;25;24;53;32;57;1001;34;57;19;33;289;34;83;59;35;50;47;191;215;56;14;135;112;197;57;92;26;47;47;117;53;305;18;121;25;57;203;21;179;105;32;1001;82;54;185;50;83;27;112;135;18)
seed_19_level_5-1,1872,43912.49597597122,293243410,10711,(42;109;116;82;31;135;111;1001;19;57;29;41;85;38;149;42;16;38;30;23;39;26;118;41;25;23;59;38;70;1001;18;22;148;50;44;20;63;33;1001;137;54;192;26;126;31;21;34;112;145;1001;39;142;84;133;53;59;53;53;28;266;59;153;130;23;162;24;80;104;60;60;53;1001;113;80;137;154;57;56;79;25;29;24;50;50;38;59;1001;1001;1001;89;29;16;28;205;1001;292;14;47;167;270;28;50;219;19;1001;1001;34;140;54;37;85;1001;43;34;35;110;33;44;41;32;81;85;1001;30;54;41;1001;115;88;55;22;32;22;111;25;22;58;37;128;37;110;31;17;112;57;35;140;1001;56;24)
seed_19_level_5-1,1872,44601.39288401604,300694235,10862,(57;15;20;56;49;31;37;59;114;95;21;120;195;24;50;48;1001;32;60;37;36;87;47;31;16;57;28;51;1001;30;27;22;36;39;27;41;24;47;33;35;80;143;108;27;76;26;51;40;34;33;32;57;27;71;54;86;54;25;28;123;115;53;143;40;56;31;19;30;50;58;24;36;131;57;149;113;27;19;53;125;140;22;24;1001;1001;21;25;84;207;296;1001;28;89;152;202;1001;109;157;1001;23;57;41;139;1001;29;57;152;40;13;47;96;1001;115;34;22;15;1001;132;30;83;81;33;1001;30;16;54;33;25;1001;47;40;30;34;18;1001;33;61;45;22;18;57;25;59;33;129;23;19;1001;339;54;15)
seed_19_level_5-1,1872,45326.13227891922,309056116,11012,(60;53;85;1001;21;112;47;83;22;82;29;40;86;37;131;111;70;34;114;1001;39;158;39;50;39;51;1001;32;83;138;86;23;47;52;126;221;21;136;89;40;66;33;37;17;60;80;466;1001;25;1001;322;29;113;85;23;326;35;42;56;116;40;83;87;84;116;22;40;39;66;163;57;24;50;37;21;58;85;129;23;1001;118;1001;42;1001;127;1001;24;25;40;237;134;1001;139;33;154;56;157;192;26;136;62;23;40;242;57;175;37;57;158;31;204;26;19;105;145;23;28;1001;80;25;25;57;351;26;203;17;1001;115;1001;50;22;1001;1001;37;108;25;189;164;126;324;35;107;38;31;49;26;24;31;69;36)
seed_19_level_5-1,1872,46115.097818136215,321405022,11161,(220;1001;83;1001;27;84;232;30;42;29;132;61;90;1001;54;63;51;32;25;55;26;40;31;58;304;56;40;20;31;59;25;57;128;53;31;30;126;61;81;40;18;47;40;89;81;23;1001;26;42;1001;54;25;87;142;23;1001;29;1001;43;32;1001;36;1001;120;34;1001;55;327;35;32;65;323;109;35;38;39;53;54;21;1001;35;1001;31;201;213;51;26;86;27;113;1001;23;154;83;27;21;16;1001;195;31;21;106;57;298;37;30;133;20;30;1001;32;138;50;31;80;61;141;90;23;150;123;18;1001;1001;20;22;26;50;339;284;127;13;1001;533;50;40;1001;314;35;136;1001;50;70;53;26;26;1001;1001;1001)
seed_19_level_5-1,1872,46791.967467069626,327992782,11311,(39;25;56;182;1001;24;31;32;55;18;138;17;108;38;41;30;1001;24;30;36;61;47;77;54;1001;24;111;71;87;87;24;70;57;31;67;61;23;66;52;146;40;41;139;362;84;142;189;1001;37;26;59;26;99;34;87;43;27;31;1001;333;42;27;202;23;153;192;109;326;22;29;1001;30;26;88;325;374;339;21;109;57;24;1001;30;55;27;1001;1001;1001;19;85;127;88;350;35;26;24;18;28;150;323;24;38;132;172;83;32;40;126;158;1001;16;64;102;49;22;23;28;31;82;565;33;33;62;57;24;36;120;89;30;31;295;37;37;17;64;133;30;33;19;15;54;248;234;24;34;131;25;35;73;71)
seed_19_level_5-1,1872,47476.226432323456,335255499,11461,(32;24;85;41;110;23;57;26;61;23;139;57;41;92;21;47;75;142;53;1001;53;139;128;1001;54;31;25;57;37;32;127;217;60;146;206;153;29;25;47;184;23;32;292;112;18;137;215;168;54;24;28;56;117;182;56;28;16;33;1001;26;339;30;24;1001;1001;82;84;40;30;1001;77;25;18;28;29;29;22;304;1001;1001;144;29;38;83;131;25;86;27;29;1001;86;83;25;30;32;42;37;27;28;25;34;134;26;23;87;23;34;33;91;87;205;31;30;40;99;54;18;113;335;25;36;56;87;19;31;53;67;46;1001;1001;24;54;1001;1001;30;47;41;40;37;22;33;34;24;575;61;36;28;87;83;36)
seed_19_level_5-1,1872,48225.36988186836,344933636,11610,(77;33;33;84;53;54;1001;79;73;161;1001;1001;107;19;172;1001;19;1001;79;1001;27;30;1001;16;24;67;26;41;55;19;84;64;54;54;56;31;55;84;87;128;62;61;57;22;27;127;25;184;30;22;57;58;114;132;70;36;48;90;332;142;76;58;38;63;121;1001;31;61;39;39;1001;43;212;24;41;31;1001;32;87;30;35;113;52;32;1001;312;57;23;61;113;57;23;115;24;1001;162;88;25;54;1001;344;34;115;1001;231;86;1001;30;129;149;58;53;83;15;24;18;135;111;112;138;115;1001;24;26;43;62;53;53;28;33;109;42;127;148;431;14;1001;133;24;28;24;1001;28;97;62;88;57;82;114)
seed_19_level_5-1,1872,48821.16254758835,348063834,11760,(19;29;14;21;50;37;145;1001;14;55;145;105;16;45;87;35;94;128;50;84;30;106;138;18;102;128;29;73;39;83;23;35;54;50;25;24;61;211;23;53;73;128;60;22;24;54;23;91;39;30;87;137;68;57;36;36;110;28;30;31;57;131;130;211;34;36;41;22;41;58;64;22;39;28;36;30;23;25;28;29;23;1001;358;23;35;27;75;43;54;29;115;28;83;139;57;38;31;40;40;16;30;66;27;87;50;144;154;50;26;24;67;221;48;30;47;134;1001;17;189;78;33;53;23;306;78;334;114;15;53;50;26;54;81;48;16;20;40;152;1001;306;30;47;170;30;50;139;16;1001;26;182)
seed_19_level_5-1,1872,49570.88600730896,358609525,11910,(84;22;83;42;72;28;58;40;19;33;1001;86;84;25;202;83;83;110;22;1001;62;44;26;1001;53;25;48;31;1001;85;28;115;1001;1001;127;28;1001;28;128;56;1001;1001;41;58;36;129;38;28;128;32;30;38;22;25;34;57;173;214;87;26;57;41;67;163;22;83;128;52;39;43;30;44;92;135;163;49;27;50;96;1001;118;31;21;62;22;53;1001;1001;117;79;140;49;57;1001;153;164;134;26;72;31;1001;144;147;15;27;24;33;1001;25;72;314;1001;1001;25;90;37;23;31;53;83;1001;80;33;21;89;19;53;181;26;1001;22;336;1001;23;25;54;47;179;56;77;152;77;139;173;22;131;25;51;25;25)
seed_19_level_5-1,1872,50298.48015975952,367465352,12060,(88;1001;53;76;41;107;1001;36;26;22;113;1001;40;129;40;24;21;113;1001;36;24;30;120;102;134;56;38;54;134;39;97;43;26;128;33;152;128;30;57;22;1001;57;38;35;115;62;28;27;29;1001;35;74;24;240;38;31;88;130;246;57;15;34;64;1001;47;326;25;312;251;320;24;30;21;102;47;1001;149;1001;409;157;34;204;155;154;162;49;83;312;145;54;55;96;149;269;1001;30;108;1001;1001;31;40;1001;43;277;54;153;40;68;133;91;114;49;68;30;44;1001;36;19;33;39;19;50;128;48;94;1001;27;1001;28;136;33;66;35;39;17;39;41;138;43;65;70;34;56;59;79;84;73;130;160;34)
seed_19_level_5-1,1872,51030.1681470871,377148487,12210,(111;134;130;84;24;1001;41;1001;380;1001;32;15;53;30;74;30;32;26;89;1001;57;36;54;1001;38;38;57;66;57;27;37;1001;83;37;36;128;232;57;57;26;21;58;1001;41;55;40;29;353;23;55;59;32;38;55;212;61;36;1001;122;67;37;26;59;1001;18;83;83;1001;29;1001;51;20;24;33;133;1001;1001;53;35;53;129;56;60;1001;107;37;55;30;58;26;30;52;1001;120;1001;36;29;325;140;59;20;123;31;55;63;88;32;35;140;40;85;32;164;109;30;109;63;23;131;20;133;1001;158;24;50;28;131;25;25;50;47;129;23;424;162;53;47;110;1001;38;60;24;35;35;29;316;50;23;34;79)
seed_19_level_5-1,1872,51744.895228624344,386240175,12360,(42;154;134;39;1001;14;128;32;35;20;1001;32;27;57;171;28;59;23;25;129;19;84;82;19;31;16;20;22;29;351;33;29;1001;25;59;56;44;42;29;1001;1001;68;53;141;140;49;24;67;1001;33;24;132;60;71;142;77;123;85;41;54;243;55;31;211;55;83;34;20;17;24;60;55;57;24;54;26;58;61;138;31;37;37;39;16;54;18;1001;16;33;57;18;144;291;34;1001;207;24;17;304;32;166;19;34;87;24;86;26;129;1001;1001;131;1001;35;113;1001;137;38;126;15;131;24;36;32;1001;23;1001;25;1001;29;40;37;19;21;124;21;1001;1001;54;36;150;32;39;43;54;29;54;127;27;331;113)
seed_19_level_5-1,1872,52445.6528506279,393465545,12510,(146;57;243;54;29;41;21;57;88;30;128;31;56;57;128;23;1001;55;22;68;368;19;15;29;23;129;59;28;62;108;53;103;198;1001;24;39;15;25;14;56;22;131;54;41;57;36;25;139;20;45;41;33;42;118;22;25;151;58;1001;55;39;1001;76;31;29;25;30;47;47;337;1001;39;130;24;29;57;49;29;134;38;59;1001;1001;59;28;1001;135;84;1001;138;32;237;67;31;55;32;90;325;55;334;36;89;34;41;247;25;244;36;1001;1001;81;1001;33;166;83;1001;18;34;189;113;37;39;60;24;50;138;128;129;105;26;126;22;50;113;133;24;56;79;77;24;33;35;37;131;86;16;129;161;93;24)
seed_19_level_5-1,1872,53187.62037038803,402190995,12660,(113;1001;25;247;168;27;298;1001;62;50;38;1001;29;1001;32;71;42;79;26;73;1001;77;1001;335;38;85;37;67;95;44;18;23;1001;1001;54;29;60;32;37;57;122;139;27;144;40;1001;26;39;89;36;24;60;333;128;377;129;152;52;54;161;145;213;216;50;1001;57;30;58;24;356;215;33;343;129;1001;24;226;54;41;166;24;28;54;1001;300;16;129;53;31;28;170;129;159;1001;24;25;145;486;54;54;323;27;23;38;62;295;17;32;295;35;83;56;332;293;1001;32;39;88;26;117;41;62;39;63;39;32;42;29;202;1001;148;54;40;24;149;53;31;88;25;85;133;25;130;35;42;24;38;53;53;27)
seed_19_level_5-1,1872,53957.12900137901,413050518,12809,(140;86;1001;70;24;68;67;142;79;119;24;49;65;34;31;25;108;31;170;1001;102;31;26;64;303;22;33;29;41;1001;40;325;36;50;144;29;116;29;65;76;27;28;128;42;1001;1001;53;87;167;317;39;39;114;22;130;211;91;76;28;1001;1001;36;42;89;32;104;77;40;37;44;39;34;83;149;29;73;21;109;25;47;49;17;1001;1001;135;245;1001;24;1001;33;1001;83;1001;160;34;28;79;1001;1001;86;23;1001;23;22;24;107;83;32;130;133;376;24;122;33;83;134;1001;84;239;74;24;1001;56;56;56;42;55;247;215;41;133;24;25;171;449;25;70;24;1001;85;31;215;271;39;42;128;15;1001;55)
seed_19_level_5-1,1907,54729.5880856514,424107133,12959,(40;25;36;40;22;101;132;29;59;46;82;62;75;28;43;43;91;1001;66;35;32;40;25;57;34;113;81;23;64;164;37;32;1001;112;216;32;27;115;38;82;344;470;97;146;1001;88;30;29;21;30;1001;29;27;1001;562;1001;124;280;1001;31;32;50;1001;56;23;23;61;20;83;89;24;136;319;53;35;47;37;321;25;50;56;1001;24;24;50;1001;321;56;25;23;1001;1001;17;23;159;84;80;131;159;37;90;1001;60;87;1001;1001;31;38;29;29;19;345;1001;55;55;24;59;29;37;1001;54;85;324;40;1001;239;29;33;90;55;1001;24;33;29;1001;270;43;41;34;216;41;55;28;29;32;24;28;389;54;57)
seed_19_level_5-1,1907,55407.15765595436,431100975,13109,(44;24;36;40;39;57;21;38;37;140;29;1001;77;40;24;75;66;101;26;39;35;16;33;319;129;136;32;289;33;32;33;84;1001;1001;187;131;134;30;164;126;83;1001;162;85;129;294;53;79;129;26;131;323;146;24;1001;36;1001;83;1001;28;343;17;245;25;1001;63;59;57;17;83;83;369;128;55;55;55;54;56;322;55;391;45;38;57;27;36;40;212;54;34;216;1001;102;40;139;146;55;95;284;36;38;48;29;84;30;27;316;28;56;33;114;35;27;1001;114;32;31;33;22;22;67;62;24;42;43;54;35;1001;29;64;136;55;26;228;99;38;28;58;28;28;1001;26;51;26;84;32;110;284;32;32)
seed_19_level_5-1,1907,56075.83776855469,437511965,13259,(143;153;93;108;24;77;23;64;72;57;1001;30;104;122;52;39;51;84;32;1001;41;66;233;30;131;1001;74;24;84;54;41;81;50;152;88;27;83;140;24;1001;59;99;113;52;31;141;137;85;33;26;52;81;133;122;40;140;23;29;54;135;391;44;41;1001;40;24;106;36;236;85;1001;57;84;24;223;128;37;212;180;214;33;18;38;215;32;130;26;95;24;40;84;34;242;40;1001;47;383;35;123;25;39;49;56;140;187;1001;129;83;126;29;28;35;25;113;294;26;34;129;202;50;16;86;23;26;136;20;1001;34;50;31;131;29;17;245;24;28;1001;16;89;50;129;16;134;57;357;113;1001;109;194;80)
seed_19_level_5-1,1907,56814.29214429855,446743586,13410,(77;90;137;37;1001;31;61;54;65;65;24;24;1001;54;19;39;20;89;39;57;1001;32;27;20;28;62;174;350;111;54;109;57;49;84;23;22;47;95;28;23;40;85;25;129;33;1001;130;29;54;110;118;346;53;24;53;147;129;41;38;88;25;95;89;17;18;33;136;37;54;1001;17;17;217;35;79;30;179;18;118;183;34;18;1001;1001;1001;17;83;32;109;1001;32;25;1001;187;24;1001;22;22;224;170;1001;130;18;31;89;196;108;1001;1001;54;195;217;17;38;129;18;1001;35;18;217;41;53;24;24;57;241;54;38;145;155;77;56;35;1001;90;289;21;45;33;202;57;35;298;1001;24;54;37;33;54;98;54)
seed_19_level_5-1,1907,57567.00197505951,457089658,13561,(84;161;159;38;155;80;34;86;38;29;47;60;26;138;56;82;23;83;25;110;56;52;1001;35;35;23;1001;38;26;49;25;28;111;39;37;41;137;20;26;108;50;30;112;121;137;1001;27;1001;16;219;28;51;79;27;23;161;83;26;65;26;79;1001;77;84;1001;1001;1001;37;23;192;1001;57;25;30;16;19;56;43;80;1001;34;192;222;1001;27;57;38;35;1001;1001;1001;158;36;32;62;129;34;1001;319;33;23;343;132;16;17;1001;83;256;1001;57;1001;54;26;129;62;30;141;122;70;73;30;27;351;57;87;222;37;206;21;200;45;14;38;29;46;93;32;24;384;152;34;243;126;28;26;70;413;55;31;1001;27)
seed_19_level_5-1,1907,58278.249725580215,465178652,13711,(39;75;116;155;173;33;24;29;1001;54;114;127;81;71;73;36;127;22;22;50;35;53;53;84;96;41;62;191;82;161;32;52;24;22;113;54;56;158;69;63;144;22;271;162;18;146;32;79;25;54;174;52;29;32;361;51;136;198;53;135;46;20;323;223;1001;1001;1001;1001;50;23;26;18;21;163;1001;19;199;57;207;1001;87;26;294;25;211;35;59;330;16;73;53;56;1001;133;33;33;26;97;86;60;52;110;108;1001;133;129;133;24;126;365;129;85;35;1001;129;499;19;33;199;18;24;1001;20;224;140;54;55;14;31;19;73;84;28;1001;1001;31;30;396;30;216;26;84;114;32;1001;49;40;70;77;25)
seed_19_level_5-1,1907,59018.03576493263,474236992,13860,(117;87;43;133;102;138;185;210;88;53;54;37;1001;84;1001;1001;42;55;38;29;29;76;52;112;62;53;55;19;28;158;163;49;99;32;165;158;79;1001;28;31;58;24;53;324;23;84;55;49;24;1001;192;54;25;232;26;49;114;26;133;31;26;82;51;29;113;296;333;143;282;83;131;115;129;33;129;81;176;86;1001;82;320;160;1001;54;301;159;109;53;129;83;53;79;23;1001;63;79;30;1001;1001;1001;162;18;248;1001;29;24;396;1001;126;72;243;24;1001;186;30;129;1001;42;34;128;58;21;213;55;84;55;41;39;390;128;31;81;39;26;57;27;25;126;241;126;134;38;24;85;26;1001;65;53;29)
seed_19_level_5-1,1907,59831.71909880638,486541757,14011,(143;61;60;123;76;68;55;87;81;28;110;55;34;22;50;1001;39;1001;64;174;27;50;72;111;138;22;39;40;212;100;1001;83;25;27;35;49;105;1001;35;108;113;340;26;29;29;108;115;352;161;30;112;165;31;1001;79;30;350;57;27;203;56;84;163;113;114;27;58;280;363;39;339;54;35;116;154;1001;55;145;129;128;54;216;18;243;26;37;31;47;24;34;62;23;132;59;36;21;41;84;47;54;335;24;393;1001;23;216;54;1001;1001;138;318;53;294;1001;355;53;191;289;53;1001;1001;1001;111;237;133;32;331;56;1001;31;1001;1001;33;34;79;18;319;1001;33;1001;1001;1001;17;207;25;54;57;1001;50;164;1001)
seed_19_level_5-1,1907,60586.41738939285,496017379,14161,(85;52;130;26;20;1001;31;24;25;1001;53;56;28;29;1001;53;1001;56;54;23;68;1001;36;24;27;53;34;57;163;53;1001;158;393;37;1001;102;24;454;37;17;391;35;31;54;196;84;25;17;25;45;22;54;214;67;216;39;25;212;85;194;396;394;211;21;26;195;325;132;23;257;108;373;37;54;28;1001;1001;84;59;25;30;89;325;36;84;33;54;29;216;50;34;59;247;79;108;37;404;27;35;1001;159;1001;51;34;114;87;321;50;53;140;109;135;28;24;16;53;57;54;29;25;27;87;158;339;1001;83;143;1001;353;159;162;27;86;1001;80;66;57;1001;83;334;22;194;317;29;30;33;159;23;1001;31)
seed_19_level_5-1,1907,61288.90700149536,503412555,14310,(47;37;29;24;57;199;26;30;162;117;16;145;80;289;111;130;320;135;26;191;49;130;135;33;29;49;62;1001;311;320;64;25;38;30;37;49;27;25;14;1001;135;373;35;25;25;83;130;378;324;57;159;167;31;32;57;22;172;162;25;1001;28;304;53;34;174;159;24;24;32;24;23;54;182;80;30;35;37;1001;133;90;79;159;289;50;50;166;163;42;22;17;159;159;25;326;1001;79;397;61;40;54;1001;1001;54;242;34;35;218;30;54;219;26;213;39;211;1001;215;214;329;395;1001;215;56;18;57;144;27;16;23;129;21;39;243;23;21;38;244;31;24;1001;20;26;54;39;34;165;1001;1001;18;40)
seed_19_level_5-1,1907,62052.06823301315,513065312,14461,(99;54;56;16;150;56;57;125;57;66;109;1001;49;119;30;152;26;25;340;108;27;40;61;247;28;86;139;32;354;29;58;29;89;109;54;79;51;32;35;58;356;371;130;55;340;28;57;56;28;79;58;22;55;58;1001;17;50;77;34;73;83;108;1001;134;1001;159;1001;63;159;14;49;36;66;84;1001;154;59;57;143;159;79;28;13;23;1001;32;126;289;62;52;57;1001;131;152;20;315;1001;162;154;158;129;216;94;29;16;30;36;163;1001;24;190;216;1001;54;28;38;30;146;1001;1001;241;55;211;37;211;57;18;299;21;115;54;1001;56;140;42;242;54;38;1001;32;56;126;244;244;128;1001;1001;222;55;69;247)
seed_19_level_5-1,1907,62712.2423555851,518694691,14612,(78;80;29;55;56;71;55;54;57;56;57;57;55;25;55;58;54;21;85;21;127;38;197;39;34;36;166;25;40;28;129;1001;36;128;32;87;293;40;36;235;32;285;84;49;54;50;27;40;231;40;31;32;24;39;81;79;33;26;138;16;32;18;31;57;31;18;17;104;33;57;428;26;294;292;126;26;47;36;41;32;1001;56;21;32;89;26;100;26;326;1001;19;29;162;243;109;30;1001;189;32;57;34;214;126;57;43;27;54;128;217;373;16;392;233;394;26;15;126;38;1001;1001;65;243;229;41;113;54;129;38;37;46;1001;54;39;336;36;214;24;55;54;55;83;128;31;146;1001;41;128;24;1001;47;83)
seed_19_level_5-1,1907,63481.418860435486,528990490,14763,(29;30;120;144;79;54;87;31;54;57;54;54;95;57;23;54;102;57;54;55;91;82;81;24;83;90;24;54;1001;38;35;49;39;80;24;37;27;35;338;306;1001;62;25;33;207;18;37;1001;33;161;105;50;19;161;47;32;1001;77;162;174;17;289;31;366;1001;1001;74;24;1001;18;1001;50;63;1001;63;27;17;17;1001;344;195;1001;24;24;33;25;53;26;165;92;18;68;241;50;25;84;31;266;141;86;32;33;156;32;196;349;30;56;19;54;1001;219;285;39;1001;129;82;384;22;346;127;83;214;134;1001;29;23;145;397;29;225;55;54;1001;169;1001;33;1001;219;407;393;214;128;39;83;26;22;1001;121;55;38)
seed_19_level_5-1,1907,64155.89353609085,535422123,14914,(162;19;45;32;16;34;25;24;57;24;54;57;57;23;23;146;57;97;159;54;54;79;109;57;126;32;39;47;79;32;89;26;145;24;27;33;33;30;58;33;29;49;58;146;31;35;111;164;181;87;192;1001;109;166;229;57;195;315;121;31;96;17;132;142;158;23;32;119;129;26;111;36;45;17;54;211;29;90;50;26;57;27;30;35;1001;58;45;79;338;126;161;16;23;47;1001;21;29;77;77;1001;1001;21;52;1001;1001;29;136;211;43;1001;24;36;131;243;54;31;24;129;63;206;43;39;359;1001;129;24;128;214;29;76;196;23;37;222;210;54;1001;83;393;214;38;17;1001;42;212;83;36;131;24;214;59)
seed_19_level_5-1,1907,64831.234773397446,541633390,15065,(24;18;35;29;24;26;22;18;29;18;16;54;37;57;57;54;54;157;57;54;57;121;54;57;82;32;26;221;30;207;90;58;88;25;34;29;111;55;88;88;113;90;38;24;32;39;162;50;29;129;23;28;166;187;29;163;25;28;25;51;154;26;156;157;27;154;47;158;1001;1001;14;201;1001;88;160;363;83;196;132;140;342;256;23;23;40;70;63;204;252;34;31;19;33;66;215;39;55;55;54;222;40;29;393;42;346;33;129;33;41;83;15;211;363;41;44;1001;1001;332;30;83;1001;52;25;19;73;86;131;320;25;30;161;245;84;26;54;190;407;54;162;1001;292;26;26;49;26;162;1001;1001;1001;113;55)
seed_19_level_5-1,1996,65517.910883426666,548733119,15216,(21;33;30;24;31;37;31;20;22;26;32;28;20;71;30;54;54;23;118;54;24;54;23;80;54;57;54;112;54;223;57;221;88;32;70;40;31;165;25;33;56;50;30;28;34;61;29;143;27;107;69;126;1001;56;1001;79;17;110;17;156;126;18;154;25;135;153;15;160;133;23;52;35;30;50;205;81;31;130;154;37;34;72;257;1001;35;1001;341;318;51;142;130;57;30;34;51;25;1001;1001;87;38;19;60;34;1001;1001;1001;57;1001;53;84;25;196;40;57;392;396;349;205;57;129;18;387;40;24;1001;78;55;65;55;213;31;23;269;24;1001;405;22;14;23;28;211;38;94;343;113;26;34;207;21;83;211)
