seed_9_level_6-2,563,553.4004182815552,1200285,150,(1001;96;42;42;190;43;57;136;115;115;42;61;146;72;43;42;63;43;115;115;115;172;115;115;115;59;67;42;115;93;115;98;146;115;115;115;115;70;115;115;60;45;115;115;115;42;115;115;115;42;115;115;102;42;42;115;115;115;115;115;42;115;115;115;42;89;115;68;42;42;42;115;42;115;42;115;115;89;42;42;115;115;59;115;115;47;64;55;47;115;42;47;115;42;42;115;115;42;58;115;115;115;80;59;115;67;115;53;115;47;42;115;59;67;43;75;115;115;115;42;115;97;115;115;146;115;115;115;115;115;115;172;115;115;115;42;61;115;59;51;115;98;115;115;115;59;115;115;115;115)
seed_9_level_6-2,563,1113.1045382022858,1897682,300,(42;42;42;42;42;42;42;42;42;42;42;42;42;42;42;42;42;42;42;42;42;42;42;43;43;42;43;43;42;47;46;47;47;45;47;53;58;59;59;59;59;60;61;67;67;67;68;70;72;89;89;93;98;98;102;115;115;115;115;115;115;115;115;115;115;115;115;115;115;115;115;115;115;115;115;115;115;115;115;115;115;115;115;115;115;115;115;115;115;115;115;115;115;115;115;115;115;115;115;115;115;115;115;115;115;115;115;115;115;115;115;115;115;115;115;115;115;115;115;115;115;115;115;115;115;115;115;115;115;115;115;115;115;75;63;64;59;59;55;60;58;80;121;146;146;146;97;172;172;136)
seed_9_level_6-2,563,1665.9400706291199,2605579,450,(42;42;42;42;42;42;42;43;42;42;42;42;42;42;42;42;42;42;42;42;42;43;42;42;43;42;42;43;43;47;47;47;47;45;47;54;58;59;59;59;59;60;61;67;67;67;68;70;47;89;89;93;98;98;102;115;115;115;115;115;115;115;115;115;115;115;115;115;115;115;115;115;115;115;115;115;115;115;115;115;115;115;115;115;115;115;115;115;115;115;115;115;115;115;115;115;115;115;115;115;115;115;115;115;115;115;115;115;115;115;115;115;115;115;115;115;115;115;115;115;115;115;115;115;115;115;115;115;115;115;115;115;115;78;63;64;121;59;59;55;61;58;172;146;146;146;97;172;172;136)
seed_9_level_6-2,563,2220.408844232559,3313305,600,(42;42;42;42;42;42;42;42;42;42;42;42;42;42;42;42;42;42;42;42;42;42;42;42;42;43;43;43;42;47;45;47;45;47;47;47;53;60;59;59;59;59;60;61;67;67;67;68;70;78;89;89;93;98;98;102;115;115;115;115;115;115;115;115;115;115;115;115;115;115;115;115;115;115;115;115;115;115;115;115;115;115;115;115;115;115;115;115;115;115;115;115;115;115;115;115;115;115;115;115;115;115;115;115;115;115;115;115;115;115;115;115;115;115;115;115;115;115;115;115;115;115;115;115;115;115;115;115;115;115;115;115;115;115;63;64;121;55;59;59;60;58;146;146;146;97;172;172;172;136)
seed_9_level_6-2,563,2766.6163725852966,4028151,750,(42;42;42;42;42;42;42;42;42;42;42;42;42;42;42;42;42;42;42;43;42;42;43;42;42;42;43;42;42;47;45;47;47;47;47;72;54;59;59;59;59;60;60;61;67;67;67;68;70;75;89;89;93;98;98;102;115;115;115;115;115;115;115;115;115;115;115;115;115;115;115;115;115;115;115;115;115;115;86;115;115;115;115;115;115;115;115;115;115;115;115;115;115;115;115;115;115;115;115;115;115;115;115;115;115;115;115;115;115;115;115;115;115;115;115;115;115;115;115;115;115;115;115;115;115;115;115;115;115;115;115;115;115;115;63;146;121;55;59;59;61;58;146;146;146;97;172;172;172;136)
seed_9_level_6-2,563,3323.1433975696564,4742961,900,(42;42;42;42;42;42;42;42;42;42;42;42;42;42;42;42;42;42;42;43;42;42;42;42;42;43;43;42;42;47;47;45;47;47;51;53;59;59;59;59;58;60;61;67;67;67;68;70;72;86;89;89;93;98;98;102;115;115;115;115;115;115;115;115;115;115;115;115;115;115;115;115;115;115;115;115;115;115;115;115;115;115;115;115;115;115;115;115;115;115;115;115;115;115;115;115;115;115;115;115;115;115;115;115;115;115;115;115;115;115;115;115;115;115;115;115;115;115;115;115;115;115;115;115;115;115;115;115;115;115;115;115;115;75;63;121;55;59;59;60;58;146;146;146;146;97;172;172;172;136)
seed_9_level_6-2,563,3869.7755315303802,5443870,1050,(42;42;42;42;42;42;42;42;42;42;42;42;42;42;42;42;42;42;42;42;43;43;42;42;43;43;43;43;42;47;45;45;46;47;51;54;58;59;59;59;59;60;61;67;67;67;68;70;72;86;89;89;93;98;98;102;115;115;115;115;115;115;115;115;115;115;115;115;115;115;115;115;115;115;115;115;115;115;115;115;115;115;115;115;115;115;115;115;115;115;115;115;115;115;115;115;115;115;115;115;115;115;115;115;115;115;115;115;115;115;115;115;115;115;115;115;115;115;115;115;115;115;115;115;115;115;115;115;115;115;115;115;115;78;63;121;55;59;59;60;58;146;146;146;146;97;80;172;172;115)
seed_9_level_6-2,563,4417.592688560486,6138480,1200,(42;42;42;42;42;42;42;42;42;42;42;42;42;42;42;42;42;42;42;42;43;43;43;42;43;43;42;43;43;45;45;47;45;45;51;53;60;59;59;59;59;60;61;67;67;67;68;70;72;75;86;89;89;93;98;98;102;115;115;115;115;115;115;115;115;115;115;115;115;115;115;115;115;115;115;115;115;115;115;115;115;115;115;115;115;115;115;115;115;115;115;115;115;115;115;115;115;115;115;115;115;115;115;115;115;115;115;115;115;115;115;115;115;115;115;115;115;115;115;115;115;115;115;115;115;115;115;115;115;115;115;115;115;115;136;63;121;55;59;59;61;58;172;64;146;146;146;97;78;172)
seed_9_level_6-2,563,4958.558610916138,6821227,1350,(42;42;42;42;42;42;42;42;42;42;42;42;42;42;42;42;42;42;42;42;42;42;42;43;42;42;43;42;43;45;45;45;47;46;47;53;59;59;59;59;60;60;61;67;67;67;68;70;72;86;89;89;93;98;98;102;115;115;115;115;115;115;115;115;115;115;115;115;115;115;115;115;115;115;115;115;115;115;115;115;115;115;115;115;115;115;115;115;115;115;115;115;115;115;115;115;115;115;115;115;115;115;115;115;115;115;115;115;115;115;115;115;115;115;115;115;115;115;115;115;115;115;115;115;115;115;115;115;115;115;115;115;115;75;63;121;64;59;59;55;61;58;78;146;146;146;97;80;172;136)
seed_9_level_6-2,563,5511.239861726761,7512953,1500,(42;42;42;42;42;42;42;42;42;42;42;42;42;42;42;42;42;42;42;42;43;42;43;42;42;42;43;43;43;45;47;45;46;45;47;53;59;59;59;59;58;60;61;67;67;67;68;70;72;115;89;89;93;98;98;102;115;115;115;115;115;115;115;115;115;115;115;115;115;115;115;115;115;115;115;115;115;115;115;115;115;115;115;115;115;115;115;115;115;115;115;115;115;115;115;115;115;115;115;115;115;115;115;115;115;115;115;115;115;115;115;115;115;115;115;115;115;115;115;115;115;115;115;115;115;115;115;115;115;115;115;115;115;78;63;121;146;59;59;55;60;58;78;80;146;146;146;97;172;115)
seed_9_level_6-2,563,6056.178969860077,8206471,1650,(42;42;42;42;42;42;42;42;42;42;42;42;42;42;42;42;42;42;42;42;43;42;43;43;42;43;42;43;43;47;47;45;46;45;47;53;58;59;59;59;59;60;61;67;67;67;68;70;47;78;89;89;93;98;98;102;115;115;115;115;115;115;115;115;115;115;115;115;115;115;115;115;115;115;115;115;115;115;115;115;115;115;115;115;115;115;115;115;115;115;115;115;115;115;115;115;115;115;115;115;115;115;115;115;115;115;115;115;115;115;115;115;115;115;115;115;115;115;115;115;115;115;115;115;115;115;115;115;115;115;115;115;115;115;115;63;121;55;59;59;60;58;172;80;64;146;146;146;97;172)
seed_9_level_6-2,563,6604.754734277725,8901717,1800,(42;42;42;42;42;42;42;42;42;42;42;42;42;42;42;42;42;42;42;42;43;43;42;43;43;42;42;43;43;45;47;47;45;47;51;72;54;60;59;59;59;59;60;61;67;67;67;68;70;78;89;89;93;98;98;102;115;115;115;115;115;115;115;115;115;115;115;115;115;115;115;115;115;115;115;115;115;115;115;115;115;115;115;115;115;115;115;115;115;115;115;115;115;115;115;115;115;115;115;115;115;115;115;115;115;115;115;115;115;115;115;115;115;115;115;115;115;115;115;115;115;115;115;115;115;115;115;115;115;115;115;115;115;115;115;63;121;64;55;59;59;60;58;172;146;146;146;97;78;172)
seed_9_level_6-2,563,7144.445283651352,9606294,1950,(42;42;42;42;42;42;42;42;42;42;42;42;42;42;42;42;42;42;42;42;42;42;42;42;43;42;43;42;42;47;45;47;46;47;47;54;59;59;59;59;60;60;61;67;67;67;68;70;47;75;89;89;93;98;98;102;115;115;115;115;115;115;115;115;115;115;115;115;115;115;115;115;115;115;115;115;115;115;115;115;115;115;115;115;115;115;115;115;115;115;115;115;115;115;115;115;115;115;115;115;115;115;115;115;115;115;115;115;115;115;115;115;115;115;115;115;115;115;115;115;115;115;115;115;115;115;115;115;115;115;115;115;115;115;136;63;121;146;59;59;55;60;58;172;146;146;146;97;80;172)
seed_9_level_6-2,563,7693.389279603958,10301037,2100,(42;42;42;42;42;42;42;42;42;42;42;42;42;42;42;42;42;42;42;42;43;42;43;42;43;42;42;42;42;45;46;47;47;47;47;72;54;59;59;59;59;60;60;61;67;67;67;68;70;89;89;93;98;98;102;115;115;115;115;115;115;115;115;115;115;115;115;115;115;115;115;115;115;115;115;115;115;115;115;115;115;115;115;115;115;115;115;115;115;115;115;115;115;115;115;115;115;115;115;115;115;115;115;115;115;115;115;115;115;115;115;115;115;115;115;115;115;115;115;115;115;115;115;115;115;115;115;115;115;115;115;115;115;75;63;121;55;59;59;60;58;172;64;146;146;146;97;78;172;115)
seed_9_level_6-2,563,8237.820398330688,11008611,2250,(42;42;42;42;42;42;42;42;42;42;42;42;42;42;42;42;42;42;42;42;42;43;43;43;42;43;43;42;43;47;46;47;45;45;47;54;59;59;59;59;58;60;61;67;67;67;68;70;47;89;89;93;98;98;102;115;115;115;115;115;115;115;115;115;115;115;115;115;115;115;115;115;115;115;115;115;115;115;115;115;115;115;115;115;115;115;115;115;115;115;115;115;115;115;115;115;115;115;115;115;115;115;115;115;115;115;115;115;115;115;115;115;115;115;115;115;115;115;115;115;115;115;115;115;115;115;115;115;115;115;115;115;115;136;75;63;121;64;55;59;59;61;58;172;146;146;146;97;172;172)
seed_9_level_6-2,563,8773.802982091904,11696065,2400,(42;42;42;42;42;42;42;42;42;42;42;42;42;42;42;42;42;42;42;42;42;42;43;42;43;43;43;43;42;45;45;46;45;45;51;47;53;58;59;59;59;59;60;61;67;67;67;68;70;89;89;93;98;98;102;86;115;115;115;115;115;115;115;115;115;115;115;115;115;115;115;115;115;115;115;115;115;115;115;115;115;115;115;115;115;115;115;115;115;115;115;115;115;115;115;115;115;115;115;115;115;115;115;115;115;115;115;115;115;115;115;115;115;115;115;115;115;115;115;115;115;115;115;115;115;115;115;115;115;115;115;115;115;78;63;121;146;59;59;55;60;58;146;146;146;97;78;80;172;115)
seed_9_level_6-2,1022,9316.492295265198,12523966,2552,(42;47;43;57;42;43;43;115;42;45;47;42;42;42;42;42;45;42;50;47;53;55;89;42;60;59;115;43;57;80;47;115;115;115;115;42;49;73;66;115;115;59;115;115;146;146;115;146;90;115;115;146;115;115;76;115;115;76;115;59;115;115;52;115;115;146;62;68;146;115;273;141;199;141;42;63;69;42;144;42;42;82;68;44;42;65;141;141;42;42;42;42;141;42;42;42;44;97;141;141;141;72;57;63;191;61;141;141;141;71;141;141;69;141;141;175;151;98;66;175;141;155;200;160;59;141;141;141;59;280;96;96;96;152;152;96;96;96;61;176;43;61;96;96;73;96;96;96;59;59;59;42)
seed_9_level_6-2,1022,9829.291444301605,13126251,2700,(43;42;42;43;96;47;42;42;57;59;42;43;79;47;59;78;56;42;96;96;96;53;96;96;96;96;105;96;96;50;42;52;96;96;152;78;96;43;96;42;69;96;96;42;42;96;42;63;96;96;59;74;42;42;96;43;96;43;43;152;43;96;96;96;152;96;96;96;96;74;96;96;47;147;96;96;96;96;96;43;96;96;152;96;155;96;43;96;96;79;96;72;239;152;96;96;84;96;96;96;74;42;96;96;96;149;96;75;96;60;74;96;58;96;96;96;96;96;96;96;96;61;90;96;96;96;176;52;74;76;60;96;42;59;96;96;176;60;96;152;76;57;96;96;96;96;76;96)
seed_9_level_6-2,1022,10356.984201431274,13780135,2849,(45;96;59;45;52;43;43;42;96;96;69;152;96;45;96;96;96;96;96;96;42;51;96;53;47;52;74;56;96;96;79;42;79;96;42;96;42;96;96;152;96;96;69;58;96;96;96;96;96;96;61;63;74;96;96;96;74;96;96;96;96;63;96;96;96;61;96;96;96;96;96;96;73;96;59;152;96;65;55;96;96;239;72;67;96;96;68;71;96;96;96;64;74;96;96;73;152;96;64;96;96;168;71;96;96;96;96;85;96;74;96;96;77;96;96;176;96;96;152;152;96;96;70;96;96;96;69;43;96;76;59;176;96;96;147;67;96;96;96;96;152;96;63;95;75;52;100;96;152)
seed_9_level_6-2,1022,10887.680014133453,14501071,2998,(59;96;45;55;93;96;42;96;43;42;59;96;47;67;56;152;96;96;53;96;42;96;42;80;96;96;67;96;96;96;96;96;45;96;96;96;96;96;96;96;42;96;96;47;42;75;96;80;49;45;96;96;69;71;96;42;42;73;67;47;152;96;96;96;96;96;96;96;97;60;60;96;96;55;62;96;55;96;96;123;96;152;61;62;239;239;76;96;91;96;152;96;96;76;152;152;96;152;96;96;152;69;74;73;60;72;155;91;96;73;96;96;71;152;152;62;147;176;96;198;96;42;176;42;96;76;43;73;96;96;96;96;152;152;75;96;69;96;95;96;152;96;70;96;96;59;96;96;152)
seed_9_level_6-2,1022,11413.133039951324,15162981,3146,(96;96;73;96;96;42;96;96;96;96;96;72;96;59;96;96;62;96;75;94;61;67;96;47;61;42;96;96;56;73;61;96;96;152;96;69;42;176;68;96;96;74;77;96;96;96;67;96;49;96;96;152;42;96;96;96;96;55;96;152;96;96;96;96;54;96;97;59;60;59;96;152;96;96;96;96;96;96;116;96;96;152;63;96;96;96;86;53;71;198;96;59;81;96;96;94;96;74;43;152;96;96;59;96;43;66;96;96;96;59;152;96;70;96;73;96;96;71;239;71;96;72;76;182;47;70;96;96;42;59;73;96;152;96;96;91;153;74;91;96;96;71;73;73;152;96;42;45)
seed_9_level_6-2,1022,11945.779341220856,15924773,3296,(96;59;63;96;96;96;96;55;60;43;51;96;96;96;42;78;70;68;96;72;59;96;96;59;96;96;76;42;95;96;113;42;62;75;96;96;96;96;96;96;61;96;96;96;96;96;42;96;96;96;42;152;72;42;50;96;239;96;96;136;96;81;96;96;42;42;96;55;47;96;152;96;176;72;49;67;96;96;152;74;96;96;51;96;96;57;96;176;96;121;96;96;96;98;55;152;96;96;86;152;119;96;96;96;152;96;62;62;152;68;152;96;96;96;77;143;76;96;96;89;198;96;96;152;64;76;59;96;96;96;152;294;152;96;59;77;96;96;152;64;96;203;62;96;96;59;96;96;62;96)
seed_9_level_6-2,1022,12480.619694948196,16740919,3444,(96;96;59;96;96;96;96;96;73;59;96;96;55;96;61;96;96;96;96;96;78;62;42;96;96;96;96;96;96;78;96;96;239;96;62;152;96;152;96;96;96;96;96;96;96;55;96;96;231;42;239;55;113;59;96;96;69;73;65;96;59;71;55;51;96;67;42;68;51;152;96;69;176;96;239;96;96;73;53;96;96;96;78;152;73;96;96;96;55;79;96;96;96;70;97;96;96;96;96;96;96;99;51;96;96;96;77;96;96;70;152;66;72;152;96;96;96;96;57;294;64;53;96;96;97;152;163;239;96;96;96;96;59;152;96;59;152;61;52;176;184;96;59;96;74;96;96;96)
seed_9_level_6-2,1022,13028.217894077301,17623318,3594,(96;96;96;96;96;96;59;145;96;54;54;96;96;80;96;96;61;96;96;96;96;96;96;96;96;96;96;96;96;96;96;96;96;96;96;72;61;65;96;63;96;96;75;64;68;59;96;96;96;62;78;152;70;66;99;96;152;62;59;59;152;152;62;42;152;86;152;96;96;152;62;57;96;96;62;69;131;239;74;96;96;96;73;51;96;74;96;152;96;96;96;96;96;96;116;96;176;96;96;78;239;96;96;96;110;96;152;96;96;96;59;152;96;61;96;96;96;152;96;96;96;239;294;96;96;96;57;59;52;96;96;57;183;96;153;96;239;152;96;96;239;96;96;96;176;96;79;96;96;96)
seed_9_level_6-2,1022,13579.749621629715,18499116,3745,(145;96;79;96;77;76;42;79;86;54;96;96;58;61;141;59;93;61;96;96;96;78;96;96;96;96;59;96;96;96;96;96;96;96;96;96;96;99;96;68;60;69;96;96;96;96;96;96;239;96;96;96;72;74;152;96;152;74;152;52;96;79;66;42;96;96;176;62;52;50;96;96;75;51;75;43;96;96;68;239;96;96;96;64;42;116;96;96;96;52;75;72;96;70;53;176;119;156;42;70;96;239;96;152;152;152;96;96;152;155;96;96;152;154;96;59;96;96;152;96;239;176;96;96;294;96;96;96;49;152;68;96;63;152;152;96;96;96;152;152;96;73;96;70;59;96;96;96;95;152;59)
seed_9_level_6-2,1022,14126.06951379776,19445849,3894,(176;70;67;45;55;176;73;47;96;81;52;96;96;96;96;90;78;64;145;50;152;51;50;96;96;42;42;176;96;96;96;140;59;43;60;96;96;96;59;96;96;96;96;96;96;96;96;96;96;96;96;96;96;239;96;96;47;96;96;96;67;96;74;78;96;96;96;96;96;96;96;78;62;96;239;146;152;96;96;59;152;96;176;152;96;152;150;91;152;96;70;96;53;88;71;96;57;294;112;96;66;63;96;96;69;96;75;96;96;75;96;96;96;96;96;96;96;96;152;51;96;42;96;239;152;239;96;152;96;96;96;183;239;176;96;96;96;96;96;96;139;152;51;239;96;96;96;239;96)
seed_9_level_6-2,1022,14670.500055551529,20278450,4044,(176;152;58;62;62;68;96;152;96;65;164;152;167;59;65;96;42;65;57;176;53;82;61;54;66;67;52;51;47;69;70;81;70;72;42;72;43;53;152;96;59;61;96;96;96;96;96;42;66;96;96;106;96;96;96;69;74;73;61;96;74;96;96;96;239;67;80;74;96;78;49;69;176;96;62;71;96;96;73;152;158;96;96;96;152;153;96;96;239;152;56;207;96;96;59;152;152;69;155;96;57;95;121;152;96;96;96;73;96;47;152;81;70;96;152;96;96;239;176;96;96;59;51;176;73;96;96;96;59;96;96;96;96;96;96;180;96;96;176;96;96;96;96;96;96;96;152;96;96;59)
seed_9_level_6-2,1022,15217.856432199478,21297490,4195,(176;42;96;42;59;53;59;96;53;61;96;96;67;42;96;65;42;47;106;96;96;96;96;96;96;96;96;96;96;96;60;96;152;96;96;96;96;96;42;42;42;42;239;96;96;96;152;59;80;96;96;189;282;96;152;282;96;96;239;55;62;62;96;96;96;98;152;176;282;126;96;60;78;88;152;96;96;65;163;72;96;65;96;73;96;73;96;152;96;154;180;96;239;152;61;176;114;96;239;96;220;96;239;96;152;96;152;96;96;61;59;96;59;152;152;96;176;96;58;239;96;206;96;96;64;125;152;47;96;65;62;96;96;176;67;47;88;59;96;96;76;58;64;96;75;64;60;42;72;60;96)
seed_9_level_6-2,1022,15758.903807640076,22150353,4345,(176;80;65;96;96;71;80;54;71;96;47;59;152;59;96;62;106;96;96;96;96;176;42;42;58;96;176;96;68;42;42;96;96;96;176;96;42;59;206;96;57;152;152;66;73;96;96;96;152;96;69;63;96;79;96;96;96;96;70;96;55;96;65;96;71;71;52;96;63;96;96;96;96;70;96;66;55;96;96;96;67;147;54;96;77;96;164;96;96;96;176;96;239;152;42;176;96;96;96;96;96;96;96;96;96;72;96;128;176;152;96;176;96;47;96;152;152;96;180;96;96;61;96;75;42;60;176;153;96;109;152;96;96;96;96;96;108;96;204;96;96;96;74;96;96;96;96;152;96;239)
seed_9_level_6-2,1022,16298.813098192215,23062304,4494,(176;69;80;45;70;68;42;53;73;96;89;54;80;53;58;53;47;51;176;239;96;172;96;96;74;96;96;96;96;72;52;96;96;59;96;77;69;96;96;164;164;96;68;61;58;96;96;63;96;75;152;55;96;66;96;96;96;57;96;96;96;96;152;206;42;152;96;96;70;88;71;152;87;96;96;152;96;96;96;96;96;126;96;152;75;96;69;63;51;239;176;68;74;96;96;96;96;73;49;59;157;176;73;43;96;135;96;152;96;96;152;163;70;96;74;60;96;152;180;96;152;96;96;152;96;153;96;96;96;96;96;96;178;79;96;176;152;176;152;96;152;176;96;152;96;96;176;152;176)
seed_9_level_6-2,1022,16845.189324378967,24069486,4642,(176;86;47;47;88;88;47;61;96;68;45;47;152;152;53;152;96;96;96;96;96;96;59;59;74;96;63;176;176;96;67;96;59;96;59;64;59;61;71;43;207;96;96;96;96;176;96;42;152;96;96;152;96;152;204;96;67;58;96;96;59;62;96;96;96;239;96;96;51;96;239;96;96;96;176;239;96;77;158;94;96;96;96;70;42;96;96;96;239;239;166;96;96;73;69;96;70;163;282;96;74;176;96;73;96;96;73;96;63;152;96;121;152;96;96;72;180;96;96;176;96;96;152;152;96;182;96;96;96;96;180;178;96;96;169;152;70;152;75;96;96;96;176;96;96;96;96;59)
seed_9_level_6-2,1022,17386.38723540306,24975882,4793,(176;72;47;96;57;96;96;52;96;53;59;54;51;96;96;67;176;84;96;96;227;73;69;55;61;66;176;116;96;59;165;59;43;96;65;51;96;152;59;96;207;91;96;96;96;96;68;96;95;96;96;94;79;96;96;96;70;96;72;90;152;67;70;72;60;74;239;66;65;96;169;96;152;42;96;96;58;152;96;96;96;96;96;96;57;69;96;96;96;96;73;282;96;152;96;96;69;96;96;96;96;155;73;96;60;96;96;73;96;73;165;96;96;61;58;96;152;156;96;96;182;96;59;96;96;96;96;96;107;239;59;96;152;96;152;59;96;282;96;96;256;96;59;96;152;96;59;182;61;96;96)
seed_9_level_6-2,1022,17941.843564271927,26032884,4943,(176;78;70;54;152;96;54;42;96;42;158;59;54;176;53;42;96;227;152;176;152;96;190;69;152;96;96;152;60;239;96;218;96;74;96;65;52;68;152;152;66;96;207;143;96;152;96;67;71;69;96;80;96;96;96;121;96;152;81;70;96;96;96;153;96;91;51;239;96;96;96;96;96;176;96;96;96;96;96;75;96;96;55;96;96;96;96;96;96;96;96;74;282;96;96;73;96;239;51;96;152;96;96;152;96;74;96;152;96;96;75;96;96;176;96;96;152;73;96;239;96;152;239;96;57;76;57;239;59;176;152;156;176;96;76;96;109;96;104;52;96;152;96;96;96;152;96;42;63;96)
seed_9_level_6-2,1022,18498.91941666603,27124250,5093,(176;75;42;59;69;176;79;120;59;96;68;65;54;96;96;53;60;70;96;96;96;70;96;78;96;96;71;152;96;96;96;96;96;239;96;96;109;239;152;96;96;96;206;96;95;62;152;157;152;88;152;239;152;96;55;61;64;96;152;176;96;90;96;152;51;152;282;67;96;96;176;176;59;96;116;96;45;70;163;96;71;96;176;69;165;96;96;51;58;96;96;152;256;239;96;152;96;152;59;96;96;182;96;59;96;96;96;96;96;96;96;96;96;96;239;96;96;96;152;96;96;239;190;96;96;60;60;96;152;58;239;78;96;152;96;96;96;96;96;96;93;96;96;152;98;96;152;96;96;176)
seed_9_level_6-2,1022,19054.584658145905,28132159,5244,(176;73;47;91;96;152;52;54;42;54;72;47;76;67;66;152;96;69;74;239;69;96;81;96;73;96;96;96;96;96;96;96;75;69;96;74;71;239;96;75;96;74;96;140;166;42;96;96;152;96;152;96;176;152;96;96;152;96;96;70;239;96;176;73;43;152;72;96;152;190;96;96;96;59;96;60;96;61;96;96;96;60;96;96;152;96;96;96;96;59;62;96;96;152;152;96;239;96;182;203;96;96;96;64;96;96;96;152;96;176;96;96;96;96;96;176;239;96;96;96;96;96;96;96;96;207;239;70;96;96;62;96;96;74;82;51;74;96;96;96;153;152;72;239;152;46;152;59;96;60;239)
seed_9_level_6-2,1023,19613.42961025238,29177049,5395,(176;52;96;71;45;76;96;51;67;55;42;96;51;42;53;42;88;96;239;96;176;57;176;96;74;96;96;96;96;96;96;176;96;96;96;176;96;96;96;52;96;176;96;96;190;96;71;202;152;49;71;152;152;96;176;71;71;96;96;152;96;96;152;96;152;152;152;52;96;98;207;96;68;69;71;96;96;96;61;71;96;46;96;96;96;96;152;96;59;96;69;91;96;55;152;96;96;239;282;96;96;73;239;176;73;176;56;96;191;164;69;73;73;96;152;96;176;47;176;176;146;96;176;182;96;139;65;96;176;272;92;57;92;92;92;92;92;92;92;92;92;92;92;92;92;167;92;110;92;92;92)
seed_9_level_6-2,1023,20148.082811117172,30127756,5544,(167;48;44;152;49;92;57;84;85;63;61;50;77;92;45;169;92;87;92;70;75;92;64;50;49;161;92;92;92;92;92;115;70;71;92;92;92;92;155;92;171;243;50;92;92;149;92;92;149;92;92;92;92;92;92;149;75;92;42;79;167;42;74;63;92;272;149;92;64;92;59;183;149;92;92;149;76;92;92;92;92;139;59;149;43;92;49;149;50;92;92;57;190;59;92;59;92;92;92;92;75;59;92;92;92;59;76;149;149;149;149;92;92;92;92;92;167;167;149;243;276;92;74;167;149;167;73;149;167;92;98;149;43;151;149;167;60;167;59;167;92;71;92;92;167;149;92;92;48)
seed_9_level_6-2,1023,20690.171750068665,31149338,5693,(167;64;51;65;60;92;68;59;178;66;46;67;149;92;92;59;155;48;158;74;72;75;91;92;92;60;92;50;158;92;92;92;276;92;92;71;92;92;92;149;243;92;167;167;92;92;167;92;92;92;92;74;92;69;92;167;60;92;92;167;69;92;92;92;272;149;92;184;92;92;43;92;92;92;149;92;92;109;92;52;92;92;92;167;92;43;92;92;92;92;190;92;62;92;74;56;92;92;167;149;92;92;92;74;92;92;59;92;149;92;149;149;70;233;149;125;92;59;75;276;149;149;160;71;58;149;149;112;92;167;70;276;92;68;74;92;92;167;92;164;73;92;154;92;73;167;92;167;92)
seed_9_level_6-2,1023,21239.690482139587,32273374,5843,(178;51;92;243;85;64;92;57;92;58;72;92;77;61;70;92;48;276;145;157;92;149;117;63;92;164;59;66;149;92;92;92;61;203;276;92;145;92;92;45;68;77;272;92;42;149;61;76;92;92;92;92;79;92;58;60;149;170;243;76;78;59;92;42;55;59;92;190;149;92;167;149;149;92;92;42;71;156;42;92;92;92;92;169;149;92;51;92;276;92;92;78;82;82;243;92;92;92;59;92;92;167;92;169;59;45;92;57;92;92;92;167;243;91;87;92;92;149;92;276;92;92;167;64;92;149;92;92;149;74;69;69;149;149;167;167;149;92;168;92;92;149;92;276;73;92;92;92;73;169)
seed_9_level_6-2,1023,21783.175976991653,33315705,5994,(272;63;149;62;42;92;55;92;75;57;76;43;167;92;42;57;42;42;42;92;43;92;42;43;148;92;149;276;70;92;92;92;149;59;71;92;66;92;71;82;74;92;167;276;79;92;68;76;61;208;92;149;149;85;71;160;59;243;59;149;68;92;70;66;92;92;79;276;92;92;76;92;97;66;92;92;92;92;92;69;92;149;167;92;92;92;276;92;92;149;149;92;75;69;59;149;171;92;92;92;167;149;70;149;92;59;149;92;59;73;167;73;92;92;65;92;66;92;92;59;276;149;92;92;170;62;48;58;243;43;62;62;92;192;92;92;69;149;212;173;55;49;169;92;83;92;232;113;73;149;92)
seed_9_level_6-2,1023,22327.79438829422,34244485,6145,(272;149;92;149;56;112;76;63;92;43;92;92;77;43;75;149;42;92;92;92;42;49;43;59;276;78;149;92;64;149;92;149;92;92;92;92;92;92;92;92;69;92;75;92;149;149;66;65;92;243;92;69;92;92;276;92;76;92;73;92;92;59;149;73;73;58;92;74;168;92;92;149;74;73;92;71;59;72;92;73;161;149;92;92;92;92;276;92;82;71;74;92;92;59;149;59;168;59;99;59;149;61;92;149;92;167;92;92;143;149;59;92;167;159;92;92;92;92;276;59;92;60;66;62;63;49;67;92;149;49;92;243;92;92;48;92;92;50;109;158;161;92;92;92;92;64;92;92;74;92;92)
seed_9_level_6-2,1023,22873.413539648056,35248845,6295,(272;149;149;167;92;110;92;92;52;149;92;64;132;92;92;92;149;92;43;92;114;243;92;63;76;276;71;42;59;71;74;48;48;92;42;75;79;92;75;92;92;76;112;92;74;170;60;59;92;48;167;92;62;149;243;276;92;59;149;149;92;92;59;92;92;92;92;45;92;92;92;74;149;92;92;92;160;149;92;92;175;158;79;92;92;92;276;65;71;92;80;92;92;98;165;58;243;92;92;61;92;65;69;92;68;92;78;79;92;92;92;79;66;92;92;92;92;276;149;149;92;149;57;92;92;92;167;92;70;92;92;276;61;74;92;92;168;92;149;59;78;92;92;92;92;71;92;149;98;92)
seed_9_level_6-2,1023,23415.733268260956,36328717,6444,(276;149;43;92;92;92;178;49;70;50;92;234;73;69;72;61;136;243;74;92;243;144;75;48;92;53;51;69;175;59;92;167;66;92;149;149;73;174;69;167;71;68;92;92;92;62;92;92;92;92;92;71;92;92;92;149;64;149;276;243;73;92;149;149;59;149;92;149;92;167;92;167;149;92;92;64;92;69;92;92;92;92;167;92;149;149;149;92;276;68;66;149;75;92;59;92;151;59;61;149;149;149;92;92;149;59;72;59;59;92;72;167;92;92;92;92;59;69;149;168;272;149;57;114;42;92;73;92;243;42;42;92;92;92;61;76;92;92;92;149;92;149;92;92;243;49;92;149;92)
seed_9_level_6-2,1023,23960.48975300789,37293575,6595,(234;92;110;92;67;62;92;92;206;167;92;106;78;48;276;149;152;163;48;92;43;92;92;81;149;92;62;92;49;149;75;92;92;71;276;92;59;65;92;149;92;64;149;62;92;92;92;59;69;64;167;92;92;92;149;59;92;92;92;63;65;59;92;173;92;92;92;92;92;68;92;59;276;92;149;92;92;73;92;59;149;59;66;50;69;59;92;92;92;92;92;56;149;63;60;92;177;92;92;42;92;82;92;149;92;186;92;92;64;92;69;276;92;168;74;149;149;73;92;92;149;73;92;149;92;149;92;92;149;92;63;92;92;165;167;92;149;92;149;92;149;92;92;149;92;149;92;78;75;73;150)
seed_9_level_6-2,1023,24501.363174915314,38245576,6744,(276;82;61;75;69;215;55;62;75;70;71;72;56;56;56;63;92;61;71;167;60;59;149;148;92;59;61;83;92;72;70;92;59;99;71;60;149;175;92;92;92;67;68;58;66;92;64;74;92;66;62;92;92;92;92;92;69;92;149;92;92;70;92;92;92;92;92;62;63;276;92;92;92;149;234;61;167;92;92;49;70;74;92;243;48;119;243;191;56;92;67;60;276;51;48;92;57;113;92;48;92;186;206;87;224;67;92;49;92;92;276;92;150;92;47;92;149;92;92;149;148;73;149;59;92;92;92;92;92;149;167;92;92;92;52;76;92;92;92;92;92;59;167;167;171;92;149;79;149)
seed_9_level_6-2,1023,25059.372913122177,39336932,6894,(276;92;92;70;92;149;167;167;234;193;149;92;66;92;92;92;92;92;77;92;92;92;186;67;59;167;59;66;66;72;92;70;65;276;169;92;276;92;61;99;61;92;92;92;59;92;92;61;61;59;63;62;92;72;92;59;43;72;62;92;92;62;149;75;92;92;66;176;92;92;243;243;276;71;92;168;167;167;92;92;92;167;92;210;73;92;149;154;92;167;149;92;73;71;92;167;149;92;92;146;92;149;149;92;92;92;92;168;149;176;167;234;59;92;92;92;68;149;92;70;92;58;92;48;70;81;92;70;195;92;67;168;177;92;149;92;92;149;69;92;70;92;92;48;59;113;167;49;57;92)
seed_9_level_6-2,1023,25605.139228582382,40433956,7044,(234;49;92;92;71;51;92;92;80;69;50;92;61;44;92;92;92;71;92;92;92;167;53;92;92;92;149;92;92;42;167;92;92;92;69;75;276;98;65;92;149;55;59;72;92;62;149;92;61;99;149;92;149;92;59;149;42;253;61;167;92;71;59;92;59;97;150;92;92;92;92;276;149;66;92;92;145;92;243;92;167;92;179;92;153;70;167;167;92;92;149;92;92;276;143;92;276;69;59;92;92;92;92;243;92;149;92;163;149;276;92;149;69;167;92;152;92;43;73;78;92;73;92;59;149;152;92;79;167;92;92;92;73;92;59;92;92;243;92;149;149;92;149;167;79;92;149;92;92;73)
seed_9_level_6-2,1023,26183.321255922318,41769093,7194,(68;68;92;72;219;51;115;167;71;92;92;92;92;62;167;92;63;92;72;92;149;92;96;149;276;74;149;65;149;59;92;42;92;276;92;150;167;167;92;44;92;92;92;69;68;149;92;149;167;92;92;149;92;143;92;92;167;92;92;92;276;92;92;92;73;149;92;92;69;92;92;92;276;162;60;62;149;92;149;92;59;59;149;59;71;243;92;92;149;149;59;92;214;71;63;149;69;276;62;59;59;167;59;92;149;149;92;92;276;55;92;149;243;92;276;243;92;56;65;92;92;164;68;243;167;92;92;92;193;71;92;149;149;243;92;243;167;64;243;167;149;241;92;92;92;63;243;167;92;68)
seed_9_level_6-2,1023,26738.267828941345,42888719,7343,(276;72;69;83;149;159;167;92;68;69;92;92;92;92;60;92;57;92;92;115;68;92;75;92;64;92;42;60;92;92;167;92;276;92;149;149;276;73;92;149;92;92;76;92;92;74;69;150;92;92;243;92;92;68;81;149;92;149;92;243;149;167;92;149;92;92;92;92;92;276;74;167;149;61;62;149;65;61;65;92;92;92;92;65;92;71;59;92;99;92;71;167;66;61;43;92;92;187;92;59;92;63;70;187;92;149;276;149;149;92;92;276;92;92;92;167;243;56;167;92;149;92;92;65;149;227;149;92;92;92;167;204;92;149;92;161;92;92;92;52;92;149;157;92;92;92;65;59;66)
seed_9_level_6-2,1023,27298.32853603363,44086037,7493,(276;92;42;67;167;167;42;92;42;64;149;92;61;42;92;70;149;63;149;92;92;276;92;231;42;92;92;243;149;92;92;92;65;92;92;92;225;92;92;92;59;92;78;276;149;92;92;167;73;92;152;108;59;150;72;149;92;149;65;92;92;76;92;92;149;167;167;70;92;92;59;92;92;125;149;167;63;92;73;167;92;92;92;92;92;92;157;92;120;92;61;92;158;167;276;92;92;66;92;92;180;92;203;194;92;168;92;167;167;75;92;92;92;149;92;167;243;92;149;92;92;92;82;92;60;175;92;149;163;92;149;92;92;92;92;276;61;92;149;243;92;92;70;167;92;243;70;92;92;69)
seed_9_level_6-2,1023,27842.76785159111,45202054,7642,(276;59;98;92;60;92;254;92;92;73;92;92;92;92;167;276;92;62;92;149;92;92;276;42;92;63;42;69;71;92;61;64;75;61;71;61;92;92;92;92;198;100;92;149;276;92;73;74;79;149;167;92;92;68;167;243;167;92;92;74;92;92;167;92;149;73;47;167;167;92;167;92;149;167;92;59;70;92;170;67;59;92;92;167;92;176;92;92;149;149;92;92;92;167;276;169;54;92;63;92;92;92;149;92;276;92;92;42;68;63;66;167;92;66;92;66;92;167;92;149;92;42;68;92;92;149;149;92;59;61;72;92;149;92;171;92;92;149;165;92;92;149;61;66;149;149;92;58;243)
seed_9_level_6-2,1023,28404.50412750244,46569219,7791,(276;167;73;42;65;84;92;149;92;167;92;92;73;71;92;42;276;243;92;42;92;177;149;276;198;71;149;66;276;73;243;92;92;149;92;66;209;276;92;52;92;178;73;149;92;61;276;59;92;61;92;276;92;149;167;92;62;118;92;92;92;243;149;69;73;108;167;92;149;65;92;92;167;92;74;167;92;92;169;66;243;66;276;243;78;73;92;73;59;67;98;55;63;92;92;92;92;176;276;167;149;276;92;59;79;147;72;92;92;92;149;92;92;92;167;92;73;149;92;68;167;149;59;167;243;243;156;92;73;92;59;149;168;78;73;69;92;167;149;92;92;92;79;92;74;149;92;92;92)
seed_9_level_6-2,1058,28963.618280172348,47903388,7940,(276;78;71;154;243;92;69;56;95;92;241;92;92;276;92;92;92;159;55;168;149;92;92;92;59;59;92;92;92;233;92;92;92;243;167;59;92;92;276;92;92;92;69;92;243;55;149;60;149;92;276;92;92;276;167;79;167;75;149;59;73;92;59;92;70;167;73;158;243;92;162;167;149;70;92;92;92;92;73;167;92;167;73;92;72;149;92;157;73;169;78;92;73;78;157;92;92;73;92;92;276;92;92;149;53;92;149;149;92;193;42;52;59;167;92;242;167;71;75;149;70;42;65;72;247;151;92;42;92;42;64;57;92;61;42;92;73;484;94;189;71;94;219;94;196;94;61;94;42)
seed_9_level_6-2,1058,29539.184456825256,49343517,8090,(484;164;64;42;94;94;61;94;42;42;94;94;42;73;94;66;65;62;189;94;66;74;164;48;72;61;69;73;178;71;154;97;94;164;94;60;153;164;60;94;98;94;164;62;98;94;67;302;59;59;94;94;160;302;189;189;94;94;73;94;94;94;164;94;189;73;73;94;219;69;94;94;59;94;94;189;94;59;94;94;73;70;94;302;94;94;189;94;153;73;219;189;94;52;302;73;94;94;219;94;76;189;94;94;94;94;170;164;302;94;219;94;183;94;164;61;94;94;94;219;94;164;94;94;219;94;59;164;94;195;164;67;219;94;302;164;94;94;200;57;164;164;189;164;94;94;189;164;55;189)
seed_9_level_6-2,1058,30114.678416490555,50805048,8241,(484;77;78;487;42;42;69;217;94;75;94;80;164;164;94;94;94;189;118;94;164;94;189;94;62;63;62;94;77;73;158;75;94;94;94;189;74;94;94;85;230;73;189;164;94;302;94;94;66;164;94;94;94;71;61;164;189;94;94;94;73;94;189;94;78;79;94;219;59;164;73;94;74;94;73;67;148;94;94;59;72;164;59;43;72;94;164;94;58;189;197;219;70;164;94;70;94;302;189;94;164;94;94;94;59;94;164;94;94;58;55;69;60;94;94;60;210;187;94;69;219;94;94;94;94;281;219;164;71;94;198;94;94;191;164;219;164;215;219;164;94;164;164;94;164;60;94;94;164;74;61)
seed_9_level_6-2,1058,30706.61451101303,52400195,8392,(484;219;94;94;59;94;94;183;94;72;66;56;161;94;189;189;94;94;94;164;149;94;75;219;66;94;302;78;85;219;94;67;153;94;42;70;302;68;94;95;164;72;94;194;94;94;302;94;164;94;94;164;59;70;164;219;94;69;94;164;94;94;219;164;164;164;94;67;94;189;164;94;189;94;221;189;72;58;189;164;68;94;94;94;69;219;94;152;74;219;59;164;189;59;164;94;281;94;94;94;212;164;94;219;94;164;94;94;219;94;94;94;219;94;94;164;94;94;94;219;94;206;94;178;94;94;164;94;57;164;145;164;94;164;94;219;55;94;94;94;94;228;94;189;292;56;94;164;94;164;59)
seed_9_level_6-2,1058,31304.02029132843,54240342,8542,(484;52;78;78;94;219;156;164;69;73;94;94;60;68;94;182;74;80;94;69;116;68;152;111;67;66;94;219;94;94;94;94;67;62;42;219;71;94;94;219;94;191;62;76;94;68;68;94;302;164;153;74;219;213;94;232;59;76;94;94;94;94;189;69;189;59;164;61;164;70;94;94;220;73;94;73;94;43;164;164;165;78;73;164;42;302;73;70;94;189;69;94;94;189;94;73;59;281;302;302;61;164;64;211;94;255;94;94;94;164;302;219;164;94;219;94;66;212;219;219;69;94;73;219;67;171;302;302;164;94;302;204;65;94;302;302;177;94;164;72;302;164;94;302;219;189;94;164;94;189)
seed_9_level_6-2,1058,31896.74226665497,55877592,8692,(484;176;224;47;164;50;48;164;95;94;189;164;189;47;94;94;94;164;72;56;185;255;74;80;147;94;59;71;164;94;64;94;94;94;227;185;94;94;119;94;189;94;123;94;71;302;219;219;94;94;164;94;67;94;164;219;94;94;94;94;69;94;188;59;94;164;164;59;59;51;164;73;164;164;94;73;94;212;73;57;94;189;73;59;129;94;219;219;94;57;164;219;281;57;219;94;164;72;169;219;78;219;79;219;302;219;189;192;65;94;62;97;62;94;75;94;94;219;164;219;94;94;219;94;62;68;212;94;43;79;150;94;189;94;164;164;94;58;219;94;164;302;219;208;94;94;94;164;193;111)
seed_9_level_6-2,1058,32485.11301422119,57552388,8843,(484;94;94;42;94;94;94;189;63;74;56;159;94;94;108;189;71;302;94;219;70;164;189;77;189;94;94;234;69;94;96;94;192;94;94;219;94;230;94;60;219;94;189;198;94;197;302;94;219;73;94;181;73;94;164;62;61;94;164;94;94;59;63;73;73;302;70;73;164;219;70;189;94;94;94;94;75;52;94;73;302;71;72;66;94;70;94;302;94;71;72;94;94;94;281;70;219;74;219;94;94;219;302;189;94;94;173;181;88;50;94;71;244;302;174;94;66;94;94;72;75;69;94;94;96;94;64;196;71;211;302;189;163;203;94;94;94;164;94;164;94;55;164;225;94;94;94;164;302;94;94)
seed_9_level_6-2,1058,33069.58886051178,59184013,8993,(484;94;219;66;121;94;94;164;220;164;189;94;58;94;69;94;219;59;266;219;94;208;94;94;70;58;114;71;58;94;164;164;94;53;94;215;164;152;219;167;164;79;94;78;219;94;65;58;94;209;59;94;94;206;48;94;94;94;57;164;94;94;94;189;94;42;59;59;94;94;281;42;302;94;191;219;94;64;170;94;94;94;66;165;219;219;94;62;94;302;302;59;94;189;164;219;164;94;66;219;94;94;219;164;94;94;94;65;64;197;173;219;70;73;219;94;42;94;58;164;94;164;164;94;192;94;164;94;164;94;94;164;59;94;94;94;219;219;182;62;96;94;164;94;59;168;164;164;302;165)
seed_9_level_6-2,1085,33657.06975483894,60764324,9143,(484;65;168;94;52;255;302;43;94;94;189;197;48;158;189;194;48;94;94;185;94;94;94;302;58;164;94;48;94;94;42;189;94;294;97;70;59;97;97;209;97;97;97;69;218;188;233;97;97;96;97;97;218;157;61;66;74;57;97;91;157;203;233;56;66;157;218;97;157;97;97;281;42;218;188;218;157;97;69;218;97;63;97;176;63;97;97;97;157;62;157;59;157;66;97;92;63;160;157;97;157;70;218;69;70;157;97;97;218;97;97;157;67;157;283;97;97;57;97;69;97;97;157;59;157;65;97;157;188;97;202;58;218;62;97;59;189;97;157;97;157;157;61;253;97;68;218;97;218;188)
seed_9_level_6-2,1085,34240.809601306915,62231951,9293,(281;97;283;97;97;157;218;97;97;157;97;97;157;218;283;97;157;218;97;218;157;69;97;97;97;218;97;97;97;97;64;97;97;97;78;160;283;42;97;97;68;72;97;59;97;97;157;42;215;188;43;218;77;157;97;97;97;218;76;157;97;61;157;70;281;97;157;97;97;283;157;42;97;97;218;97;158;97;97;188;97;181;69;67;97;66;197;157;97;97;61;269;157;97;220;55;97;114;97;97;218;97;59;218;97;193;218;97;55;42;97;97;97;97;283;176;270;182;97;97;97;69;150;97;55;171;97;97;97;97;66;97;56;218;97;76;42;97;49;97;97;111;157;69;97;181;224;97;59;218)
seed_9_level_6-2,1490,34859.39366078377,64202042,9443,(281;59;157;97;218;157;60;60;97;283;97;218;97;283;62;97;59;97;69;73;202;78;157;157;76;108;157;157;160;97;97;198;97;188;59;68;157;218;97;178;255;283;283;157;119;218;210;97;97;70;223;97;157;97;97;98;59;188;57;189;188;63;97;157;168;97;489;124;165;289;73;230;289;75;168;269;252;188;153;73;124;124;216;278;188;157;167;188;67;42;230;60;124;152;198;124;75;210;188;198;59;57;60;42;54;124;124;165;124;67;124;222;124;65;53;188;226;124;124;60;124;188;63;188;124;124;67;168;289;230;124;79;124;49;124;66;72;230;230;124;124;124;252;165;289;188;165;223;75;55)
seed_9_level_6-2,1490,35481.91163086891,66227537,9593,(269;229;124;230;146;63;74;62;124;124;42;124;63;124;142;64;124;165;53;124;188;124;289;124;124;124;124;289;124;67;96;230;124;289;49;165;68;77;124;124;73;134;165;124;124;192;55;165;124;230;165;230;165;93;59;165;63;151;42;124;78;56;124;124;64;230;124;124;58;198;124;70;188;350;230;157;165;165;230;289;165;230;165;230;165;165;180;124;289;124;124;124;230;165;230;124;219;124;124;124;165;230;124;124;124;124;124;289;211;230;124;55;66;70;124;230;289;188;165;228;162;165;170;230;210;124;165;201;174;164;71;124;61;72;62;230;188;124;124;124;63;289;124;124;188;220;230;223;188;212)
seed_9_level_6-2,1490,36091.723687410355,68061460,9743,(269;182;165;69;165;68;124;124;230;73;168;230;124;124;42;124;94;230;124;124;124;124;304;188;68;165;124;124;124;204;97;55;58;228;169;61;124;72;94;124;76;67;167;124;165;124;211;124;124;124;124;54;124;63;42;124;124;124;124;188;150;59;62;165;124;42;66;167;63;350;188;211;69;230;124;124;68;124;163;215;230;165;124;165;124;188;230;124;124;53;124;124;177;124;188;124;165;67;197;124;124;289;124;124;198;132;61;230;289;73;65;150;289;124;289;188;165;230;165;58;124;124;124;124;165;193;165;289;124;201;103;202;69;289;289;64;124;124;63;42;67;124;124;165;124;166;199;230;165;165)
seed_9_level_6-2,1490,36687.46985220909,69734405,9893,(304;60;76;230;188;124;124;124;43;124;124;165;124;124;132;124;124;165;124;57;124;124;56;165;199;42;124;167;230;165;124;59;124;124;165;124;230;124;124;59;60;230;165;124;165;124;69;124;230;124;124;188;124;124;124;124;73;188;59;61;124;168;165;124;61;124;124;124;350;230;188;216;124;275;61;73;289;165;124;230;67;73;289;165;289;124;217;165;124;56;196;58;124;61;61;198;289;124;124;124;69;65;165;124;165;71;74;124;165;188;124;124;124;64;124;230;69;124;72;124;61;59;230;289;124;124;124;191;49;124;124;61;124;156;61;124;58;67;61;98;124;57;165;213;69;156;289;166;60;165)
seed_9_level_6-2,1490,37278.60801410675,71452300,10043,(304;124;124;210;124;59;74;59;42;126;42;446;55;128;96;188;75;72;167;60;59;61;165;70;188;59;66;51;124;188;165;71;219;124;60;289;74;99;124;64;124;55;55;61;124;73;124;47;124;124;188;124;124;165;124;124;124;124;55;230;59;166;67;64;68;61;64;103;165;350;165;188;214;124;229;42;201;188;166;124;214;60;124;66;239;124;124;59;67;124;124;165;124;124;156;257;165;58;165;230;124;165;205;230;201;289;183;230;289;165;165;124;124;62;188;165;69;165;230;124;67;72;165;166;64;124;165;124;79;124;124;289;124;124;59;124;124;60;289;124;165;67;42;152;72;124;286;163;165;61)
seed_9_level_6-2,1490,37869.59601688385,73058756,10193,(446;76;124;124;72;124;71;165;225;165;61;165;166;62;124;124;124;97;168;230;42;62;124;165;124;60;124;124;42;69;124;124;124;64;124;62;42;165;165;124;76;52;64;165;224;165;124;165;230;52;165;147;71;69;124;124;124;43;71;124;124;124;124;124;124;76;165;350;124;124;166;124;66;64;165;124;149;124;58;124;230;188;124;124;124;230;124;165;61;65;69;56;124;165;124;230;165;230;165;124;124;124;124;165;124;230;124;124;124;142;97;215;124;70;216;230;124;58;67;165;221;59;42;124;61;69;211;124;289;124;65;165;60;59;124;289;124;177;253;59;206;230;124;165;65;69;59;124;289;124)
seed_9_level_6-2,1490,38494.219995975494,75079630,10343,(446;222;124;188;165;124;60;165;124;60;124;194;52;230;124;124;124;230;124;59;172;289;124;161;124;63;289;230;289;124;320;124;67;124;165;124;168;124;124;165;165;124;67;172;230;289;165;168;165;124;55;67;61;69;165;157;165;230;59;188;165;230;52;124;230;72;154;69;350;124;124;188;289;124;230;171;124;42;58;97;165;74;124;208;230;53;124;188;188;165;124;124;229;71;165;73;188;103;188;230;165;124;68;289;200;230;124;124;124;64;64;284;64;165;202;230;58;59;124;124;124;230;230;66;165;124;59;230;289;61;165;230;58;71;124;124;72;188;124;124;96;66;68;165;124;165;124;124;124;124)
seed_9_level_6-2,1490,39103.16412162781,77000520,10493,(350;124;188;124;124;165;124;60;74;58;454;230;230;124;169;124;124;165;230;199;124;55;124;137;124;124;165;225;230;58;96;124;124;165;283;124;289;165;61;124;64;166;165;124;124;68;124;66;165;289;124;192;124;195;74;165;165;124;258;124;289;165;124;165;165;65;165;230;124;99;66;124;124;289;124;230;65;165;446;124;42;124;165;188;124;124;124;59;124;42;124;97;124;124;61;124;124;230;55;64;124;124;124;124;70;230;160;124;124;61;216;230;165;124;74;230;52;165;54;217;188;124;64;165;124;230;165;124;165;124;165;64;171;188;124;167;121;165;124;124;165;45;70;165;188;230;46;62;57;124)
seed_9_level_6-2,1490,39732.34435200691,79125489,10643,(446;124;158;188;62;97;71;124;63;230;42;84;45;124;188;42;230;170;124;124;63;153;176;165;124;59;62;124;203;124;54;55;188;165;124;124;165;124;172;230;188;188;59;189;67;60;124;165;64;64;209;289;124;230;165;50;230;230;124;69;124;124;124;230;124;165;124;230;46;124;454;124;230;124;165;188;289;165;124;124;124;69;188;124;230;124;165;165;165;230;223;230;64;230;133;124;289;165;197;124;165;165;165;69;124;71;124;73;124;176;59;289;124;223;289;73;165;60;230;124;165;201;69;165;61;165;165;289;205;124;59;165;212;165;188;306;124;165;165;165;124;124;230;230;230;58;124;124;188;233)
seed_9_level_6-2,1490,40352.63924241066,81140261,10793,(446;227;230;124;188;124;59;289;124;230;79;230;59;169;124;230;188;124;320;165;42;165;67;124;124;224;230;124;165;165;154;61;124;56;124;124;165;65;230;124;66;124;165;59;124;124;124;124;66;230;124;59;124;59;60;124;63;59;47;124;53;165;188;64;124;59;124;124;320;454;149;124;124;230;124;165;71;289;124;188;230;230;72;124;165;124;188;61;68;124;124;69;65;188;124;217;124;60;59;204;124;124;124;70;165;230;75;124;124;165;124;74;165;203;165;124;79;75;289;73;289;124;230;270;70;289;169;198;124;75;69;230;124;165;99;165;231;350;170;124;61;58;230;74;165;124;124;208;64;188)
seed_9_level_6-2,1490,40970.51024675369,83085120,10942,(446;124;124;54;124;165;76;69;124;58;59;220;124;230;124;139;247;165;64;124;165;124;180;230;227;124;54;289;124;54;165;191;124;42;59;201;230;124;124;124;165;289;124;124;124;165;59;63;166;210;124;124;124;124;165;124;124;454;225;124;124;289;124;124;165;64;124;124;165;165;289;188;124;74;230;124;124;124;42;124;56;124;124;64;124;194;230;73;313;230;124;70;68;171;222;165;165;165;124;165;76;66;124;124;124;163;155;164;76;124;124;165;174;64;124;289;165;71;124;124;56;56;207;95;165;124;75;203;165;124;95;183;165;124;165;289;64;124;217;165;266;147;58;124;289;74;124;179;124)
seed_9_level_6-2,1490,41582.74079489708,84985737,11091,(446;230;197;134;124;166;124;59;289;124;70;124;56;59;60;174;289;124;58;54;72;72;124;59;165;124;53;124;198;124;124;124;124;52;124;45;70;59;52;124;195;59;124;289;188;176;188;124;210;176;52;230;454;167;165;124;124;124;124;289;124;68;124;69;124;63;73;124;230;124;124;98;66;289;124;124;124;73;289;79;73;124;124;167;124;188;73;165;124;124;176;165;70;124;124;124;124;124;289;165;124;153;124;124;124;165;266;188;124;188;124;124;230;124;55;65;165;202;124;165;230;165;214;165;230;124;250;124;124;216;52;289;124;124;230;259;165;146;73;124;69;55;69;124;210;124;230;124;124)
seed_9_level_6-2,1490,42211.909220933914,86964743,11241,(446;124;124;43;289;124;124;169;214;124;165;124;218;124;62;59;124;124;124;230;289;54;124;124;436;230;124;124;207;59;124;165;230;188;59;59;231;42;188;186;158;124;230;124;177;213;198;230;124;124;72;124;165;71;124;59;124;124;59;166;230;61;230;124;124;124;52;124;43;124;124;124;201;124;124;250;69;165;124;124;153;63;234;124;124;188;153;64;207;217;188;124;124;63;188;215;124;63;289;161;124;154;165;63;165;76;65;188;124;177;65;124;146;165;124;165;153;165;124;147;204;230;47;124;50;124;165;188;124;165;124;124;165;289;56;63;165;124;124;188;165;66;165;227;188;234;124;188;289;165)
seed_9_level_6-2,1490,42816.64830183983,88752021,11391,(446;165;124;62;124;124;42;49;69;59;59;350;124;53;220;71;124;230;124;72;165;55;124;124;124;124;260;124;124;124;124;124;124;73;165;124;124;124;230;71;216;124;165;124;72;124;124;58;42;69;52;124;165;124;124;124;75;213;124;124;124;72;289;124;289;211;124;188;124;222;59;80;53;72;250;124;56;289;124;124;56;63;124;217;124;124;148;230;124;124;124;124;124;237;124;124;188;148;165;192;212;165;124;166;289;124;230;179;124;124;175;55;69;124;59;165;260;87;124;230;124;249;165;124;165;124;124;124;124;124;165;124;124;124;165;124;124;198;165;173;124;124;124;124;124;124;223;124;230;230)
seed_9_level_6-2,1490,43426.96485590935,90560305,11541,(446;436;124;59;124;124;124;124;165;194;124;170;165;55;124;59;188;124;124;124;55;230;72;124;76;124;165;165;124;124;124;59;230;72;124;124;55;124;165;42;60;124;124;53;124;73;124;124;220;165;64;64;56;230;124;124;124;53;124;170;188;230;59;124;165;230;72;57;188;59;230;250;124;124;240;124;58;62;289;124;70;56;109;124;124;189;156;71;165;212;181;165;124;165;69;124;289;69;124;165;285;188;124;124;124;161;124;124;230;209;124;124;124;124;124;124;64;56;203;124;124;165;124;230;230;159;124;146;124;165;124;124;124;124;124;124;124;161;154;124;165;176;124;289;124;57;289;124;165;230)
seed_9_level_6-2,1490,44045.218828201294,92338940,11691,(446;188;226;124;124;202;124;59;71;165;124;169;178;165;124;124;124;71;124;124;65;188;59;170;74;59;230;49;55;59;138;124;124;124;124;124;165;165;188;59;124;99;165;165;124;124;124;124;63;230;170;59;124;188;59;165;61;320;230;136;59;64;124;124;165;98;320;124;165;59;285;155;230;155;188;165;188;124;56;124;124;230;124;124;156;124;124;70;124;124;73;173;124;59;155;124;124;78;235;165;124;230;154;124;124;161;167;124;188;188;124;165;124;124;292;58;202;191;124;165;124;165;165;124;124;124;229;68;124;124;165;289;124;165;166;70;165;156;124;188;204;152;124;124;124;124;150;124;124;155)
seed_9_level_6-2,1490,44668.07647848129,94199707,11841,(446;124;124;124;165;170;176;61;59;183;124;124;71;165;124;124;165;62;124;66;124;71;124;63;124;124;230;124;124;124;124;124;230;124;193;124;124;218;59;289;124;124;230;176;124;124;124;60;235;124;124;208;124;124;165;230;165;124;74;43;188;97;188;69;230;124;165;230;70;226;59;292;165;124;124;124;141;59;289;124;124;165;66;165;124;65;59;285;58;230;124;165;148;124;165;124;124;124;63;124;165;165;124;124;161;124;124;165;289;124;124;63;124;61;124;124;124;64;124;196;145;230;63;289;124;154;124;124;289;124;124;220;124;165;289;124;64;230;158;199;124;212;292;124;124;78;124;124;153;124)
seed_9_level_6-2,1490,45293.61307001114,96074670,11991,(446;188;124;222;124;124;124;69;56;320;124;124;59;77;124;124;97;188;124;124;55;124;230;124;188;124;165;230;124;59;165;59;124;124;194;124;230;170;155;165;165;165;124;71;124;47;188;124;230;124;124;98;59;187;74;230;71;65;96;124;165;165;74;124;52;188;165;54;230;124;73;124;292;57;124;124;211;148;124;141;124;124;230;124;165;124;124;124;223;169;210;230;165;124;165;165;124;165;124;124;140;124;124;124;56;124;155;94;165;70;289;124;146;150;204;57;124;165;156;180;165;124;165;124;124;55;230;230;165;124;165;230;223;187;230;124;224;124;188;230;163;157;230;292;124;58;148;124;59;154)
seed_9_level_6-2,1490,45901.25067138672,97855959,12141,(446;165;52;42;188;124;56;230;124;183;217;188;124;165;165;124;124;59;124;52;220;72;71;124;124;73;165;124;165;59;165;59;124;69;58;124;165;172;59;124;230;124;124;165;55;124;188;220;216;71;55;209;124;96;165;230;63;165;124;230;124;124;289;124;124;98;124;174;124;124;230;292;289;165;124;165;57;64;133;55;124;56;63;124;66;66;188;124;124;69;241;219;124;206;124;165;52;124;188;124;55;64;66;124;245;147;165;124;124;124;124;188;124;124;124;124;58;124;165;188;124;165;216;165;150;124;124;165;124;163;124;230;58;124;149;180;124;165;289;158;230;165;165;154;124;124;289;161;165;124)
seed_9_level_6-2,1490,46516.10887956619,99726216,12291,(446;210;165;124;42;59;257;124;55;124;273;42;230;188;99;65;183;124;170;124;219;230;165;188;165;168;72;61;124;170;165;124;95;59;124;165;184;61;230;58;42;221;230;165;59;55;165;124;59;165;124;165;183;124;124;184;64;42;96;165;165;71;59;170;124;219;188;170;188;230;56;165;124;292;165;223;64;165;124;165;124;61;248;289;188;124;107;188;151;166;165;124;68;165;207;289;124;230;165;188;124;124;69;165;124;124;56;124;170;270;230;124;124;56;57;124;188;230;200;157;124;230;124;183;57;188;124;124;124;124;165;55;53;124;124;67;124;149;59;124;61;124;124;170;124;289;162;57;124;124)
seed_9_level_6-2,1490,47136.803674697876,101765958,12441,(270;149;289;169;56;124;232;124;124;124;124;124;124;57;124;124;186;58;188;159;230;230;124;124;124;63;53;124;124;124;124;124;124;124;165;124;188;436;230;55;124;60;124;124;188;134;68;230;289;124;289;124;230;57;155;124;243;59;124;59;124;124;124;124;124;58;68;159;49;124;165;124;124;53;124;230;446;124;124;230;124;124;230;207;165;124;98;124;59;207;124;124;170;219;170;221;59;202;165;124;165;165;124;124;124;230;124;59;230;63;274;230;165;165;230;59;221;74;54;124;124;124;61;231;55;183;165;59;165;188;124;124;218;124;124;166;124;184;124;124;289;174;124;165;124;217;72;436;124;124)
seed_9_level_6-2,1490,47759.16731572151,103731302,12591,(436;165;71;64;124;165;170;69;172;143;55;165;124;230;230;230;124;289;124;124;124;165;124;165;289;167;230;165;124;59;51;58;124;124;53;124;145;149;165;124;55;124;64;58;230;165;124;124;230;124;143;124;124;124;165;141;124;165;124;287;124;124;150;165;124;124;124;56;74;188;188;165;230;446;230;124;98;188;165;124;124;165;289;165;124;124;59;124;124;176;124;165;124;350;230;170;124;165;124;124;124;61;59;124;165;165;124;124;59;124;124;124;165;165;59;230;124;165;124;59;52;124;59;124;216;165;165;124;165;73;183;165;124;230;185;165;124;93;230;165;165;124;165;124;165;189;165;165;183;289)
seed_9_level_6-2,1490,48372.53343129158,105553325,12741,(436;124;188;230;165;53;124;146;188;188;225;124;289;165;230;188;62;124;230;124;165;165;124;62;165;173;124;64;124;150;165;124;195;165;124;124;230;124;151;141;165;165;61;289;188;124;124;53;124;124;124;124;146;230;62;124;70;124;289;141;171;159;124;195;124;132;152;124;188;230;171;64;124;165;446;124;124;124;124;59;188;59;124;96;124;188;165;59;72;165;61;60;167;124;206;230;124;165;61;124;61;165;65;124;124;188;165;62;124;230;165;71;124;124;124;124;124;124;124;153;165;124;124;230;124;220;61;124;165;124;124;165;53;124;124;69;289;165;124;62;165;124;66;165;63;124;55;66;124;188)
seed_9_level_6-2,1490,49000.5850083828,107548706,12891,(446;124;219;219;289;188;188;59;124;124;188;59;165;218;294;68;230;124;158;124;165;124;124;165;124;65;188;124;124;230;124;211;170;245;124;124;124;224;124;124;63;124;124;124;170;188;165;124;165;124;60;165;73;59;230;124;124;54;58;165;124;124;124;124;124;141;188;165;124;42;168;436;230;188;124;124;157;230;124;165;124;64;214;43;124;124;172;124;124;188;124;230;53;165;60;165;124;188;58;188;124;188;165;160;165;145;188;124;230;188;147;124;124;188;124;124;188;124;57;124;134;188;57;165;62;124;124;234;289;56;165;165;158;124;188;289;67;124;261;188;165;165;60;169;124;169;165;154;124;165)
seed_9_level_6-2,1490,49622.35363698006,109499056,13041,(446;188;230;183;124;230;124;124;230;230;175;124;124;124;124;59;124;53;165;124;124;124;124;124;170;124;124;151;183;124;124;124;124;54;124;165;289;124;124;289;230;124;124;188;165;124;124;193;124;289;230;124;124;124;124;171;167;124;124;124;124;124;194;65;170;124;124;124;289;64;289;124;124;436;289;124;165;124;151;124;184;66;124;124;124;152;124;152;145;124;124;57;124;59;165;61;165;92;66;124;289;124;150;124;124;165;59;257;171;124;188;124;124;59;124;165;57;165;188;165;188;165;60;150;124;157;124;220;75;124;156;124;188;188;165;124;289;124;124;124;165;148;188;109;57;124;124;160;165;157)
seed_9_level_6-2,1490,50240.571508169174,111375528,13191,(436;51;165;165;60;161;52;124;124;56;289;124;124;188;289;124;165;124;58;230;124;165;124;165;289;92;310;165;67;165;230;64;124;289;124;182;124;56;62;62;230;188;230;230;58;60;188;124;124;124;165;66;124;230;77;165;66;147;188;124;124;124;124;188;66;187;64;124;165;222;230;64;158;146;124;165;446;188;230;77;65;124;165;177;70;230;153;188;124;64;124;124;166;68;183;59;188;124;123;230;61;165;188;72;124;60;124;165;124;124;249;65;59;71;59;124;124;124;189;124;124;124;124;124;230;188;124;124;61;204;230;210;124;124;47;124;43;124;124;124;64;150;124;59;240;124;188;165;124;124)
seed_9_level_6-2,1490,50882.36874175072,113470407,13341,(446;124;124;59;165;188;230;124;111;188;158;132;124;166;52;124;59;71;124;124;165;124;62;124;124;68;188;124;124;165;143;71;124;124;124;124;230;124;124;73;170;436;165;165;124;124;124;165;124;228;230;97;124;230;263;58;184;124;230;124;165;165;221;124;124;124;230;124;72;73;212;124;436;58;165;192;124;124;165;124;230;212;124;124;165;165;188;165;165;230;141;166;124;165;188;72;165;68;165;71;165;188;165;124;58;188;188;141;230;166;230;188;168;165;165;42;124;230;289;124;124;150;165;124;289;124;67;230;124;155;188;189;124;230;188;172;66;188;148;124;188;169;124;166;227;188;124;165;124;66)
seed_9_level_6-2,1490,51500.72627449036,115320886,13491,(446;188;124;124;207;54;230;61;47;220;124;61;230;124;59;204;230;62;49;124;59;159;124;72;124;61;289;182;42;124;188;124;230;124;230;124;64;165;124;124;59;205;188;58;169;59;124;124;124;59;70;170;124;42;59;124;165;124;124;124;167;168;165;61;124;60;124;61;124;59;165;436;65;124;60;124;230;188;188;165;124;124;165;165;165;124;230;230;188;69;230;188;124;230;124;124;165;66;124;55;124;188;186;188;215;188;124;124;165;124;146;172;124;124;124;230;165;165;151;141;79;165;124;230;124;124;124;64;63;124;124;289;124;188;165;124;66;188;165;320;124;124;124;124;165;165;124;188;188;133)
seed_9_level_6-2,1490,52127.47701859474,117327276,13641,(446;177;124;165;124;230;61;124;124;165;188;56;124;59;62;230;70;124;124;124;59;230;124;124;124;124;165;124;124;230;59;60;183;124;188;53;124;230;62;124;289;165;56;124;230;124;230;124;185;165;124;71;59;148;124;61;124;124;124;170;124;124;209;43;59;124;56;289;230;124;124;124;436;124;124;289;141;124;55;124;148;207;166;124;199;124;165;124;124;66;154;230;188;169;165;124;124;230;61;124;157;124;166;124;66;124;155;188;124;62;156;188;165;183;166;165;167;230;230;124;210;62;68;165;165;124;76;165;124;219;164;161;160;208;70;204;289;225;289;124;216;213;66;289;124;151;165;67;165;230)
seed_9_level_6-2,1490,52755.03910112381,119418708,13791,(446;124;124;242;197;165;124;124;124;183;124;59;59;188;221;124;124;124;124;124;124;181;289;124;69;124;165;73;124;180;165;230;124;165;61;124;124;165;124;124;222;165;230;184;124;124;230;68;230;63;124;124;230;197;190;124;124;230;124;124;54;61;124;166;167;124;120;230;124;124;436;42;124;67;124;124;59;165;124;124;124;124;124;66;124;209;124;188;188;181;230;124;124;289;56;69;64;253;230;230;212;60;188;43;147;165;124;289;165;165;212;141;124;195;173;165;166;124;164;153;132;79;213;169;188;124;124;124;69;188;230;124;221;199;165;289;156;165;68;176;124;124;66;237;289;229;165;210;124;168)
seed_9_level_6-2,1490,53372.99102854729,121350706,13941,(446;185;67;289;45;42;42;61;289;124;171;249;193;165;61;124;94;124;124;124;42;124;124;69;124;124;165;68;124;165;124;56;124;124;165;320;61;126;124;230;73;230;124;165;124;163;66;124;165;197;222;61;124;210;80;65;179;68;124;124;59;157;165;124;49;350;183;124;124;124;124;436;72;96;188;188;230;47;166;188;124;165;165;165;124;165;230;165;59;124;165;124;165;141;214;101;124;230;289;289;150;156;188;165;165;55;151;188;165;124;289;60;230;67;198;289;124;188;124;230;74;124;43;164;161;124;165;71;188;58;59;230;62;59;62;124;165;124;124;61;124;171;161;61;124;152;43;124;165;66)
seed_9_level_6-2,1490,54000.59561610222,123435602,14091,(446;165;124;158;124;124;196;124;66;124;230;124;136;165;124;63;165;124;60;45;55;124;171;63;263;165;61;219;61;124;124;124;124;264;59;218;124;61;165;157;195;124;198;73;127;124;124;165;61;155;200;59;124;124;60;124;165;124;61;303;124;124;165;165;124;124;289;65;71;124;124;165;436;230;124;289;289;63;124;188;124;210;124;230;58;214;95;124;124;165;124;165;149;124;124;43;289;188;230;165;156;124;165;63;66;57;244;176;230;165;124;188;230;188;124;289;289;289;212;165;208;47;71;69;66;147;188;216;165;124;211;230;66;230;215;146;165;152;124;188;42;55;124;208;124;124;230;174;153;96)
seed_9_level_6-2,1490,54643.764046669006,125624692,14241,(446;166;124;76;124;182;165;137;63;230;124;124;59;289;196;188;165;72;124;95;124;230;167;124;211;243;59;289;124;230;124;167;196;188;59;124;70;73;124;158;230;124;124;111;189;49;58;124;124;43;62;230;124;124;165;126;124;62;124;232;162;165;289;124;124;124;124;124;124;42;436;216;210;194;165;289;259;66;43;230;165;165;124;219;170;192;165;188;230;109;133;165;230;289;188;188;55;230;188;165;65;188;188;58;124;165;61;124;230;165;230;211;276;66;165;193;230;124;165;124;230;124;165;124;165;230;165;124;124;165;65;58;253;65;165;188;61;124;68;168;165;188;219;124;230;169;124;188;165;124)
seed_9_level_6-2,1490,55264.75723361969,127593673,14391,(446;42;124;289;124;61;59;42;201;60;59;165;165;62;59;124;93;289;243;113;124;124;165;230;137;185;165;230;170;59;62;124;165;296;124;124;124;165;58;199;124;298;124;61;196;124;124;61;58;124;124;165;150;59;124;59;165;124;124;184;182;124;54;124;230;230;124;230;124;436;165;165;66;124;165;165;124;165;124;165;124;124;249;59;217;165;165;70;188;124;210;154;289;166;124;160;124;124;230;124;88;124;188;218;165;230;201;74;124;57;124;230;65;70;124;124;230;66;188;177;132;171;194;320;165;231;124;165;63;63;165;96;66;65;255;192;124;165;53;124;148;124;124;188;165;124;124;165;93;63)
seed_9_level_6-2,1490,55912.37813138962,129839577,14541,(446;196;59;184;124;183;230;124;202;62;230;124;230;59;230;165;124;230;58;245;124;71;124;188;200;230;124;70;196;230;189;230;109;60;188;285;109;124;230;230;219;124;221;62;124;61;124;109;124;230;165;124;124;60;230;210;223;58;124;188;289;59;124;124;60;230;165;124;56;59;230;436;165;45;289;230;183;64;63;124;320;165;124;204;134;165;188;207;200;124;165;65;165;66;289;245;124;230;154;124;124;165;243;230;206;194;124;47;124;93;124;124;124;165;124;63;165;238;124;65;230;213;63;165;165;149;124;188;57;76;172;124;210;60;124;165;165;124;165;188;230;63;124;158;165;230;185;124;124;241)
seed_9_level_6-2,1490,56528.41126656532,131719229,14691,(436;124;153;188;188;230;165;259;124;124;70;188;57;230;165;73;155;158;165;165;214;124;68;58;124;230;124;165;165;55;55;124;63;294;47;188;166;167;230;141;167;230;149;124;60;165;66;188;154;66;236;94;62;289;63;59;230;230;165;124;63;124;124;47;188;124;188;124;209;124;171;191;230;66;162;124;446;62;124;193;124;185;63;71;168;124;188;124;124;165;124;124;170;124;230;188;59;124;184;124;55;148;124;124;55;124;165;165;124;124;231;124;109;207;141;62;59;124;124;124;284;71;165;165;124;59;61;211;230;211;124;124;188;61;124;124;59;124;59;124;64;124;212;61;175;195;72;124;165;183)
seed_9_level_6-2,1490,57173.148462057114,133988134,14841,(446;124;165;124;289;124;230;201;124;210;58;124;124;124;124;230;216;165;165;238;230;124;58;230;124;182;124;165;59;64;124;59;59;182;124;289;230;165;165;194;124;124;230;289;59;124;158;124;124;230;165;76;124;124;188;184;230;124;165;181;62;124;230;230;124;289;124;60;60;124;124;62;124;436;43;165;165;188;230;124;289;186;77;124;188;124;230;241;165;66;195;165;124;237;260;159;230;124;289;124;230;124;124;124;124;165;62;219;70;188;63;65;124;124;157;289;260;211;124;124;124;165;98;124;49;188;58;173;124;124;165;68;124;165;165;66;188;92;230;283;165;188;165;124;306;194;124;124;165;230)
seed_9_level_6-2,1490,57820.55681705475,136175386,14991,(446;197;170;124;124;124;124;124;230;59;111;124;124;183;124;289;124;124;188;61;165;124;230;166;188;124;58;124;74;230;201;289;289;223;167;165;185;124;124;124;165;226;124;186;124;165;132;230;165;124;42;124;59;188;124;124;165;124;289;124;165;124;124;62;124;188;124;146;186;124;124;124;159;70;436;124;165;165;230;124;160;63;202;230;124;124;188;124;289;124;75;247;66;124;188;94;188;188;58;72;188;219;65;66;165;185;188;215;124;289;124;239;124;62;207;239;230;124;165;289;185;188;188;58;155;124;226;147;165;168;68;124;174;61;289;165;124;165;124;246;165;150;165;66;165;188;159;208;124;66)
