seed_30_level_6-4,462,499.82687306404114,403418,150,(53;91;53;100;57;52;52;53;52;57;56;52;53;74;52;57;86;57;100;52;89;52;100;53;100;100;52;54;59;57;100;100;54;60;53;52;59;52;67;100;52;55;88;53;57;89;100;52;52;100;57;100;52;55;57;58;56;54;100;100;100;100;52;52;100;88;100;52;100;69;100;61;100;100;100;100;55;58;59;52;68;64;100;52;52;74;53;54;54;100;53;100;56;53;100;57;100;59;100;100;52;57;100;52;102;100;54;52;100;59;55;57;86;100;76;100;56;58;58;90;52;54;100;100;100;54;67;53;73;100;57;74;65;58;52;100;100;59;53;58;53;53;53;100;100;53;57;57;57;52)
seed_30_level_6-4,462,986.930661201477,804523,300,(100;100;100;100;100;100;100;100;100;100;100;100;100;100;100;100;100;100;100;100;100;100;100;100;100;100;100;100;100;100;100;100;100;100;100;100;100;100;100;100;100;100;61;59;59;53;57;57;53;57;59;53;59;57;59;57;57;59;57;55;57;57;57;57;68;52;52;55;57;55;55;53;58;53;56;61;53;56;56;68;53;53;56;53;53;52;52;56;74;52;52;56;53;53;53;52;52;57;52;52;53;52;52;52;52;52;54;52;52;52;59;52;52;52;54;54;53;52;52;54;52;52;53;58;52;53;53;57;58;100;53;55;58;65;59;73;66;76;87;75;88;97;89;73;74;89;102;79;76;74)
seed_30_level_6-4,520,1487.1862380504608,1207814,450,(100;100;100;100;100;100;100;100;100;100;100;100;100;100;100;100;100;100;100;100;100;100;100;100;100;100;100;100;100;100;100;100;100;100;100;100;100;64;100;100;100;100;100;61;59;58;57;57;54;57;59;59;57;59;57;57;58;57;56;57;57;57;57;53;53;68;52;52;55;57;55;53;53;56;55;53;61;53;68;53;50;56;53;52;56;56;53;53;52;74;52;52;56;53;54;58;56;52;52;57;52;52;54;52;52;52;52;52;54;52;52;52;59;52;52;52;54;54;54;52;52;54;52;52;54;58;52;53;57;57;58;53;58;65;70;73;97;76;84;67;86;89;76;89;90;89;74;86;89;105)
seed_30_level_6-4,520,1985.6889958381653,1609463,600,(100;100;100;100;100;100;100;100;100;100;100;100;100;100;100;100;100;100;100;100;100;100;100;100;100;100;100;100;100;100;100;100;100;100;100;100;100;100;100;100;100;100;62;59;59;57;57;53;57;59;58;57;59;57;57;59;57;56;57;57;57;57;53;57;57;69;52;52;55;56;55;53;53;56;58;67;53;61;56;67;53;50;56;52;53;53;55;53;56;56;52;74;52;52;56;53;56;52;52;57;52;52;53;52;52;52;52;52;53;52;52;52;59;52;52;52;54;54;54;52;52;54;52;52;53;58;52;53;100;57;58;53;54;70;58;65;73;76;76;76;73;74;105;86;89;67;89;87;87;86)
seed_30_level_6-4,520,2479.783771753311,2013906,750,(100;100;100;100;100;100;100;100;100;100;100;100;100;100;100;100;100;100;100;100;100;100;100;100;100;100;100;100;100;100;100;100;100;100;100;100;100;100;100;100;100;100;100;61;59;59;53;57;57;54;57;59;58;57;58;57;57;58;57;56;57;57;57;57;57;57;69;52;52;55;56;55;55;53;56;58;67;56;61;68;54;53;52;53;53;56;56;56;53;53;53;52;74;52;52;56;53;56;52;52;57;52;52;54;52;52;52;52;52;53;52;52;52;59;52;52;52;54;53;53;52;52;54;52;52;54;58;52;53;57;58;57;55;59;58;65;73;79;96;89;74;77;76;105;88;86;89;74;89;87)
seed_30_level_6-4,520,2979.3360180854797,2414802,900,(100;100;100;100;100;100;100;100;100;100;100;100;100;100;100;100;100;100;100;100;100;100;100;100;100;100;100;100;100;100;100;100;100;100;100;100;100;64;100;100;100;100;100;62;59;58;57;57;54;57;58;59;57;59;57;57;58;57;55;57;57;57;57;53;57;53;57;57;69;52;52;55;57;55;53;53;67;58;91;53;60;68;54;53;52;53;56;56;53;53;53;53;53;52;74;52;52;56;53;54;56;52;52;57;52;52;54;52;52;52;52;52;53;52;52;52;58;52;52;52;54;54;53;52;52;53;52;52;54;58;52;53;58;58;65;70;73;66;90;89;76;88;88;76;102;59;86;86;73;89)
seed_30_level_6-4,558,3474.9345676898956,2820837,1050,(100;100;100;100;100;100;100;100;100;100;100;100;100;100;100;100;100;100;100;100;100;100;100;100;100;100;100;100;100;100;100;100;100;100;100;100;100;100;100;100;100;100;61;59;58;53;57;57;54;57;59;59;57;58;57;57;58;57;55;57;57;57;57;57;53;69;52;52;55;57;55;53;53;55;56;60;68;54;50;52;56;56;56;53;53;56;53;53;52;74;52;52;56;53;56;58;52;52;57;52;52;54;52;52;52;52;52;53;52;52;52;58;52;52;52;53;54;53;52;52;54;52;52;54;58;52;53;64;57;57;58;55;70;58;65;73;109;86;84;89;88;89;74;86;74;105;89;79;86;89)
seed_30_level_6-4,558,3970.9801182746887,3221252,1200,(100;100;100;100;100;100;100;100;100;100;100;100;100;100;100;100;100;100;100;100;100;100;100;100;100;100;100;100;100;100;100;100;100;100;100;100;100;100;100;100;100;100;62;59;58;57;57;54;57;59;59;57;58;57;57;59;57;56;57;57;57;57;53;57;53;57;69;52;52;55;56;55;55;53;56;61;67;54;50;52;56;53;53;53;55;56;53;56;53;52;74;52;52;56;53;55;56;58;52;52;57;52;52;53;52;52;52;52;52;54;52;52;52;59;52;52;52;54;54;53;52;52;54;52;52;53;58;52;53;57;64;58;59;58;65;73;73;74;67;75;88;89;102;73;89;89;75;102;75;94)
seed_30_level_6-4,558,4468.484209775925,3618486,1350,(100;100;100;100;100;100;100;100;100;100;100;100;100;100;100;100;100;100;100;100;100;100;100;100;100;100;100;100;100;100;100;100;100;100;100;100;100;100;100;100;100;100;62;59;59;57;57;57;54;57;59;58;57;58;57;57;58;57;55;57;57;57;57;53;57;68;52;52;55;57;55;55;53;56;67;61;67;53;53;52;56;56;53;53;53;53;55;56;56;52;74;52;52;56;53;55;56;58;52;52;57;52;52;54;52;52;52;52;52;54;52;52;52;58;52;52;52;54;53;54;52;52;53;52;52;53;58;52;53;57;53;64;58;58;65;70;73;73;78;73;74;88;74;81;88;86;68;105;89;74)
seed_30_level_6-4,558,4965.319903850555,4020479,1500,(100;100;100;100;100;100;100;100;100;100;100;100;100;100;100;100;100;100;100;100;100;100;100;100;100;100;100;100;100;100;100;100;100;100;100;100;100;100;100;100;100;100;61;59;59;57;57;57;54;57;59;59;57;58;57;57;58;57;55;57;57;57;57;53;57;68;52;52;55;56;53;55;53;56;67;60;68;54;53;52;53;53;56;56;53;53;55;56;53;52;74;52;52;56;53;54;56;58;52;52;57;52;52;54;52;52;52;52;52;54;52;52;52;59;52;52;52;54;54;53;52;52;54;52;52;54;58;52;53;57;57;100;58;70;58;65;73;67;96;75;59;76;86;79;76;88;102;89;88;89)
seed_30_level_6-4,953,5458.82825088501,4430623,1650,(100;100;100;100;100;100;100;100;100;100;100;100;100;100;100;100;100;100;100;100;100;100;100;100;100;100;100;100;100;100;100;100;100;100;100;100;100;64;100;100;100;100;100;61;59;58;53;57;57;54;57;58;59;57;58;57;57;58;57;56;57;57;57;57;53;57;57;69;52;52;55;57;53;53;53;67;67;58;60;67;53;50;52;53;56;53;56;56;53;53;53;53;52;74;52;52;56;53;56;52;52;57;52;52;54;52;52;52;52;52;54;52;52;52;58;52;52;52;54;53;54;52;52;53;52;52;54;58;52;53;57;58;55;70;58;65;73;66;161;76;76;75;74;88;89;100;102;89;88;86)
seed_30_level_6-4,953,5963.369326353073,4840179,1801,(100;100;100;100;100;100;100;100;100;100;100;100;100;100;100;100;100;100;100;100;100;100;100;100;100;100;100;100;100;100;100;100;100;100;100;100;100;100;100;100;100;100;62;59;58;57;57;54;57;59;58;57;58;57;57;59;57;55;57;57;57;57;57;57;53;57;68;52;52;55;56;55;53;53;80;55;67;61;68;54;53;52;56;53;56;56;53;56;53;53;52;74;52;52;56;53;56;54;58;52;52;57;52;52;54;52;52;52;52;52;54;52;52;52;59;52;52;52;54;54;53;52;52;54;52;52;54;58;52;53;100;53;58;70;58;65;73;109;76;78;76;74;88;86;86;105;89;88;86;86;52)
seed_30_level_6-4,953,6468.80438876152,5236423,1951,(100;100;100;100;100;100;100;100;100;100;100;100;100;100;100;100;100;100;100;100;100;100;100;100;100;100;100;100;100;100;100;100;100;100;100;100;100;64;100;100;100;100;100;61;59;59;57;57;57;54;57;59;58;57;59;57;57;58;57;55;57;57;57;57;57;53;69;52;52;55;56;53;53;53;58;56;60;67;54;50;52;53;53;53;53;55;56;53;53;53;52;74;52;52;56;53;56;52;52;57;52;52;54;52;52;52;52;52;53;52;52;52;58;52;52;52;54;54;54;52;52;53;52;52;54;58;52;53;57;53;58;55;59;58;65;73;73;76;74;67;87;76;74;89;87;105;86;89;75;66)
seed_30_level_6-4,953,6966.977168560028,5636342,2101,(100;100;100;100;100;100;100;100;100;100;100;100;100;100;100;100;100;100;100;100;100;100;100;100;100;100;100;100;100;100;100;100;100;100;100;100;100;100;100;100;100;100;62;59;59;53;57;57;53;57;59;59;57;58;57;57;58;57;56;57;57;57;57;53;57;69;52;52;55;57;53;55;53;58;56;67;61;67;54;53;52;53;53;53;56;56;56;56;55;56;52;74;52;52;56;53;56;54;52;52;57;52;52;54;52;52;52;52;52;54;52;52;52;58;52;52;52;54;53;53;52;52;53;52;52;54;58;52;53;100;53;57;58;58;65;59;73;66;77;59;74;74;88;85;74;88;105;89;89;86)
seed_30_level_6-4,953,7467.057054281235,6040557,2251,(100;100;100;100;100;100;100;100;100;100;100;100;100;100;100;100;100;100;100;100;100;100;100;100;100;100;100;100;100;100;100;100;100;100;100;100;100;100;100;100;100;100;100;62;59;59;57;57;54;57;59;59;57;59;57;57;58;57;55;57;57;57;57;53;53;57;68;52;52;55;56;53;53;53;58;56;79;61;68;54;50;52;56;53;53;56;53;56;53;55;53;52;74;52;52;56;53;56;52;52;57;52;52;53;52;52;52;52;52;53;52;52;52;58;52;52;52;54;54;53;52;52;54;52;52;54;58;52;53;53;57;58;54;58;65;70;73;93;86;75;74;76;73;74;87;105;89;89;88;89)
seed_30_level_6-4,953,7958.4751932621,6439197,2401,(100;100;100;100;100;100;100;100;100;100;100;100;100;100;100;100;100;100;100;100;100;100;100;100;100;100;100;100;100;100;100;100;100;100;100;100;100;100;100;100;100;100;100;62;59;58;53;57;57;54;57;59;59;57;59;57;57;58;57;56;57;57;57;57;53;69;52;52;55;56;55;53;53;58;56;60;67;54;53;52;53;53;53;56;53;53;56;56;55;52;74;52;52;56;53;56;52;52;57;52;52;54;52;52;52;52;52;53;52;52;52;59;52;52;52;53;54;53;52;52;53;52;52;53;58;52;53;57;53;57;58;55;59;58;65;73;86;76;67;74;75;74;105;89;59;87;68;89;88;73)
seed_30_level_6-4,1190,8457.355679035187,6896194,2553,(100;100;100;52;100;53;100;100;100;112;100;57;100;93;53;100;53;53;57;57;58;53;64;59;56;49;56;57;200;100;58;53;59;56;57;57;53;55;100;52;52;53;63;57;100;57;53;57;53;53;56;58;53;57;58;80;56;100;100;59;100;53;53;52;52;52;201;52;55;100;52;52;100;98;56;90;52;52;54;56;76;100;64;64;95;100;53;53;75;53;53;58;91;57;58;100;105;100;52;53;52;100;52;87;74;56;100;53;54;59;52;73;86;100;100;100;62;76;100;131;87;55;53;86;88;58;100;55;89;86;52;87;100;100;52;56;89;150;100;100;100;61;88;52;88;75;57;68;57;53;57;59)
seed_30_level_6-4,1190,8936.17007637024,7287023,2699,(100;100;52;57;52;55;72;100;100;100;88;130;100;55;60;56;100;60;76;100;58;50;62;57;53;56;53;56;57;53;60;57;74;53;57;53;100;56;55;56;57;98;59;63;51;100;52;100;100;100;53;95;52;57;52;52;52;100;100;105;57;77;87;77;57;88;60;100;88;88;100;150;61;58;56;54;59;53;100;86;60;52;53;59;100;52;100;100;58;104;51;58;85;52;100;100;80;53;54;54;52;56;59;53;86;100;56;89;69;57;52;88;52;52;86;100;51;100;76;53;66;54;52;55;100;54;66;62;56;76;53;55;52;56;59;100;86;52;52;52;52;58;115;58;53;52)
seed_30_level_6-4,1190,9428.04740858078,7721305,2849,(100;54;72;57;97;55;52;74;100;95;52;100;100;52;57;100;52;53;56;95;52;85;100;100;52;100;52;59;56;52;52;52;52;52;52;52;100;86;57;100;60;57;100;58;53;100;52;52;58;80;52;83;57;59;100;64;52;53;53;90;54;71;99;100;56;52;58;58;61;89;90;74;52;59;78;51;53;58;53;57;150;73;115;100;52;56;100;100;67;52;65;100;124;74;59;106;100;75;75;59;58;53;90;90;63;87;56;52;53;52;100;100;59;89;52;150;65;58;92;54;100;86;100;52;56;115;58;100;58;87;103;51;58;52;86;58;52;88;100;57;100;100;100;57;53;53;52;105;57;115)
seed_30_level_6-4,1190,9917.510350704193,8123078,2999,(54;100;100;100;101;100;87;55;52;52;52;54;61;52;53;52;52;52;52;52;61;52;74;57;56;150;100;100;53;65;86;52;115;52;121;54;76;53;100;87;52;88;53;58;55;57;58;58;87;64;64;53;89;100;88;57;107;53;59;100;62;76;100;94;56;57;52;53;93;56;80;100;100;52;57;53;57;57;52;57;57;84;53;77;52;52;58;90;68;56;74;55;107;52;52;74;52;53;63;58;89;53;54;67;56;100;62;100;53;53;100;79;100;81;59;70;59;56;58;94;77;57;91;93;86;52;86;60;52;53;54;75;52;86;54;87;52;106;56;54;53;100;100;53;59;100;100;88;100;88)
seed_30_level_6-4,1190,10415.387070894241,8509856,3151,(54;57;63;65;58;93;100;52;58;57;77;61;100;52;108;55;52;53;100;58;100;53;100;61;57;57;53;88;63;88;52;88;53;53;54;56;57;52;52;52;52;100;52;52;53;52;55;100;86;58;52;77;53;52;100;57;51;55;52;57;93;52;52;75;74;58;89;59;100;100;88;100;94;53;55;57;56;53;58;63;52;100;52;99;90;97;58;100;56;53;55;55;60;58;60;100;83;76;91;57;54;94;81;58;52;100;52;100;58;63;76;59;57;58;57;57;94;100;100;100;100;55;57;58;74;100;113;63;52;60;53;58;100;52;56;89;53;88;73;78;100;73;100;86;69;52;52;54;74;57;52;52)
seed_30_level_6-4,1190,10913.096775770187,8917330,3301,(52;100;52;54;52;52;52;100;52;57;94;100;56;53;59;52;150;52;55;100;57;59;88;100;100;67;53;56;53;100;62;100;63;54;52;100;56;54;100;53;91;52;53;52;52;132;58;52;100;54;100;90;56;54;77;52;100;74;53;53;53;53;95;98;55;204;52;54;94;57;56;92;100;57;88;58;77;52;52;52;100;52;100;52;52;86;98;55;58;54;55;53;92;54;100;90;52;52;79;100;106;56;61;52;100;53;100;57;52;53;77;53;53;55;52;57;53;52;52;58;62;55;60;52;91;57;55;100;56;100;60;73;100;53;100;54;55;100;78;100;52;52;57;52;52;88;53;100;52;100)
seed_30_level_6-4,1190,11401.999684095383,9276906,3454,(54;70;73;100;53;53;89;100;92;73;59;100;62;100;52;53;53;86;57;57;100;52;52;52;57;54;56;52;54;52;56;106;90;56;100;54;67;53;89;59;53;53;90;53;56;112;150;100;57;100;78;59;55;56;126;58;53;100;55;52;88;55;53;52;56;52;56;88;57;53;59;57;57;52;78;57;57;57;80;75;57;88;52;88;52;52;52;62;57;52;57;52;52;57;87;56;59;55;54;62;59;54;57;53;52;57;75;81;88;58;58;98;53;100;53;56;75;56;52;58;56;74;52;100;52;88;58;52;64;53;53;53;61;52;90;74;86;92;57;53;59;88;59;100;82;57;53;57;53;85;52;53;57)
seed_30_level_6-4,1190,11889.162467241287,9644705,3602,(52;57;52;56;53;52;52;52;52;52;100;126;52;55;53;52;53;52;53;74;57;53;53;204;62;100;62;100;61;71;57;51;57;102;92;57;94;61;68;52;77;55;81;95;73;52;53;73;88;88;55;52;55;52;53;55;68;53;63;76;52;53;90;155;58;91;56;84;58;59;59;57;57;100;58;88;52;56;52;53;75;78;63;56;52;52;53;53;52;88;76;52;53;54;54;53;55;58;100;88;59;53;90;148;54;59;100;54;55;52;73;58;100;89;58;58;54;88;55;57;57;88;58;55;81;57;52;52;79;57;53;93;90;52;52;56;56;53;100;53;52;54;52;74;75;78;100;93)
seed_30_level_6-4,1190,12391.698135852814,10043018,3755,(53;56;52;53;52;52;57;100;52;52;100;52;77;53;100;54;55;53;87;54;78;57;58;88;57;77;59;75;59;56;77;100;56;54;59;115;100;55;90;53;62;56;92;56;59;100;68;61;100;150;100;57;75;53;150;71;62;53;53;53;58;53;75;74;57;52;52;53;52;83;56;89;52;52;100;100;100;52;55;100;53;100;59;53;53;58;53;90;88;53;77;53;53;100;56;62;53;94;53;53;97;90;54;88;57;55;53;104;61;88;57;57;56;88;53;88;53;57;88;92;63;100;52;100;112;65;51;57;52;52;62;100;56;57;57;91;62;60;65;58;100;63;52;93;56;65;64;57;57;100;57;100;89)
seed_30_level_6-4,1190,12904.169906616211,10463835,3908,(89;52;53;57;56;53;52;55;57;52;52;66;53;57;100;57;53;54;57;100;100;100;53;52;112;100;57;53;57;109;78;87;100;57;103;100;57;61;113;81;56;100;72;53;71;56;56;69;70;150;83;57;58;62;91;75;88;59;100;57;100;53;56;92;100;90;59;58;57;93;57;103;100;53;100;100;53;54;76;100;71;90;57;88;88;58;54;73;56;76;54;87;53;56;52;87;101;53;118;53;54;52;88;57;49;57;90;56;73;53;57;77;100;75;57;57;53;57;88;76;58;100;100;54;53;53;58;52;100;75;87;87;54;77;57;75;88;73;88;61;68;112;53;57;55;59;57;57;57;99;90;88;52)
seed_30_level_6-4,1190,13411.372769594193,10861077,4059,(57;100;56;59;53;52;100;57;52;57;115;100;100;59;56;90;100;58;100;56;100;80;100;53;56;100;88;62;77;50;54;54;102;57;71;55;64;75;52;60;57;88;56;100;89;109;57;84;57;58;100;53;59;100;57;57;53;100;74;89;56;100;53;150;88;56;53;56;77;150;100;60;56;150;56;56;104;68;73;96;57;74;57;57;52;102;74;53;55;79;100;58;57;88;56;56;56;60;57;56;88;58;88;52;56;90;83;53;56;57;53;75;78;56;53;52;53;53;52;59;58;52;56;57;55;53;79;59;53;56;93;61;60;57;52;57;57;93;77;88;58;57;57;57;55;59;75;59;88;60;53)
seed_30_level_6-4,1190,13899.467027425766,11260578,4208,(56;54;100;52;100;53;100;100;59;52;57;102;100;100;56;59;56;70;100;53;59;100;56;77;126;77;93;58;57;100;53;60;96;93;59;56;59;64;57;91;59;108;65;53;52;52;54;53;93;52;94;85;52;57;100;81;58;57;74;100;53;74;100;57;63;111;103;59;87;53;53;100;52;53;58;88;57;57;74;57;57;57;57;58;97;57;57;53;90;102;53;57;63;58;90;58;58;56;93;55;53;63;56;53;86;53;57;55;56;52;77;57;53;66;53;60;89;57;61;53;88;52;75;53;59;57;57;76;61;93;86;115;66;86;90;114;100;106;77;56;58;75;73;90;100;73;104;73;73)
seed_30_level_6-4,1190,14381.604787826538,11677056,4355,(53;100;100;100;57;52;54;52;100;52;102;53;114;100;57;150;58;53;150;100;58;100;52;100;100;73;75;58;64;86;52;74;88;100;69;60;63;83;56;56;52;78;52;100;76;55;57;93;68;100;79;52;52;90;54;53;100;107;100;58;53;52;100;58;74;55;52;58;52;54;57;52;52;88;57;71;76;53;74;74;56;59;53;53;57;86;53;56;57;52;79;100;90;92;100;100;102;202;53;57;61;54;57;52;60;89;59;88;56;57;98;52;57;88;57;57;57;88;59;57;58;57;57;61;93;59;88;56;55;63;104;93;73;56;53;53;57;57;53;111;88;58;63;88;53;57;102)
seed_30_level_6-4,1190,14855.834750890732,12087459,4502,(56;100;57;57;52;100;100;100;100;92;59;100;75;100;53;100;54;100;100;100;100;56;78;88;56;90;52;100;100;63;53;53;76;90;54;78;58;52;88;57;100;52;52;57;86;57;52;53;94;100;94;52;53;54;90;88;57;57;53;58;56;56;56;53;53;68;56;58;57;74;84;88;56;81;61;53;53;59;53;58;53;57;56;61;57;53;63;53;57;56;88;86;75;74;62;77;56;57;87;54;94;100;71;73;100;52;61;74;92;73;100;87;88;58;75;59;110;92;91;53;100;51;57;64;116;90;56;61;63;57;80;57;150;75;57;63;52;96;59;88;98;100;88;61;59;100;100)
seed_30_level_6-4,1190,15333.454659938812,12486069,4649,(53;52;52;53;52;100;100;57;84;59;53;53;100;53;52;74;100;73;100;80;100;116;57;57;57;61;57;57;59;53;57;52;53;56;61;55;57;61;88;100;100;114;88;52;109;67;52;81;63;56;61;52;78;53;88;90;57;57;91;57;59;92;52;57;57;56;57;53;53;75;91;81;58;52;52;52;59;86;88;86;89;87;59;53;63;86;53;62;55;96;65;81;57;104;61;78;100;91;93;100;100;92;59;53;53;54;81;78;100;100;53;53;103;100;52;51;76;53;74;100;55;90;52;100;100;61;65;93;63;100;57;53;77;116;57;100;53;81;66;109;58;64;61;100;57;62;55)
seed_30_level_6-4,1190,15818.33128285408,12892538,4798,(53;52;58;100;100;52;100;100;100;88;73;100;58;57;77;100;63;56;54;100;60;52;100;100;51;59;93;56;58;92;100;62;93;53;57;100;56;100;63;100;88;75;61;88;74;88;57;76;62;53;53;102;97;93;60;59;116;53;53;65;57;57;74;58;53;52;74;60;53;57;53;53;57;56;57;88;53;57;59;53;82;53;53;56;53;109;57;53;76;53;88;88;56;93;100;75;100;100;53;100;100;93;53;80;55;75;100;100;100;55;100;88;90;57;56;57;71;86;88;52;90;53;52;56;76;74;53;52;100;56;87;60;54;54;60;100;89;56;52;53;62;54;60;54;59;53;107;54;109)
seed_30_level_6-4,1190,16316.824548482895,13301593,4947,(53;52;52;100;52;100;56;52;93;91;95;57;90;59;62;68;69;61;100;59;54;52;52;90;97;57;58;56;57;77;59;81;100;57;100;57;57;54;117;100;92;90;57;96;57;57;64;57;59;100;57;54;57;100;53;116;55;78;57;104;57;53;110;57;109;56;116;66;75;75;65;65;54;88;52;88;53;56;63;57;76;87;52;57;54;56;74;88;74;75;67;63;93;52;52;100;52;112;57;96;57;52;59;75;100;57;53;53;59;81;86;75;90;68;53;53;73;88;53;90;62;58;52;53;53;57;56;88;57;75;58;61;88;57;57;60;93;89;57;91;88;52;61;88;53;61;115;201;58)
seed_30_level_6-4,1190,16803.01321744919,13733734,5095,(56;52;52;57;93;100;104;52;53;53;89;90;59;58;59;59;65;68;63;68;59;58;69;59;69;100;88;100;93;51;57;59;79;75;57;92;52;100;53;112;63;58;54;56;79;100;53;97;90;63;93;57;52;100;58;88;52;68;70;53;53;57;53;88;53;53;90;57;53;88;53;53;53;88;93;57;66;100;52;51;57;100;64;64;52;87;74;52;87;57;88;91;63;63;82;60;63;53;88;91;52;74;56;52;57;56;91;53;109;57;54;68;57;78;57;63;57;63;57;63;57;57;75;60;63;57;57;202;68;76;110;108;56;88;57;108;93;95;90;80;90;200;65;202;54;88;73;57)
seed_30_level_6-4,1190,17290.818185806274,14150610,5245,(88;59;59;100;83;59;58;65;59;100;69;88;53;57;59;53;52;88;104;57;57;57;62;114;53;53;52;94;52;51;62;93;53;100;54;64;78;53;57;58;53;58;53;64;59;90;100;86;88;107;53;88;53;104;61;56;75;77;53;90;73;60;88;76;57;78;63;57;56;57;57;75;64;57;77;76;59;56;86;61;57;66;53;63;56;93;53;53;64;60;100;53;60;52;100;63;52;104;57;57;75;81;100;91;52;57;93;52;76;88;57;88;52;57;73;53;53;91;57;52;63;88;58;202;60;52;88;62;75;128;82;86;92;100;77;107;87;95;92;62;77;100;76;80;59;91;59;100;79;97)
seed_30_level_6-4,1190,17778.64270734787,14583497,5393,(88;100;56;58;100;57;54;59;52;57;103;57;79;57;57;100;103;51;62;52;53;57;59;53;77;55;56;52;76;51;87;63;63;79;82;52;54;95;91;57;150;52;58;101;56;92;53;63;58;102;55;75;100;93;90;100;86;87;75;68;56;57;52;93;100;52;78;115;68;52;150;93;56;52;74;52;52;100;100;63;58;52;52;90;62;58;52;52;52;52;88;57;53;59;62;113;52;52;76;52;57;52;86;75;58;74;77;77;63;63;59;100;83;88;69;56;91;53;88;58;100;53;75;53;75;88;80;80;159;52;80;58;77;202;78;80;75;63;88;79;102;57;52;88;95;78;80;88)
seed_30_level_6-4,1190,18280.900349140167,15011994,5544,(88;58;70;100;68;61;57;100;60;49;57;59;52;57;88;116;55;59;55;63;52;52;57;54;53;100;53;56;56;100;52;53;98;52;97;54;53;52;88;52;56;57;55;52;107;58;52;75;104;67;77;55;58;52;53;100;49;52;52;55;52;52;53;52;100;52;52;59;86;73;55;56;53;77;57;55;57;73;93;57;57;58;55;75;56;74;79;96;100;65;53;57;75;57;84;91;90;57;57;88;57;79;86;88;53;75;140;100;57;53;54;64;100;54;58;89;100;150;57;60;57;57;89;92;75;89;61;52;202;74;88;100;105;88;92;91;100;88;88;88;91;107;74;88;77;96;88;77;58;100;88)
seed_30_level_6-4,1190,18765.79875779152,15426698,5694,(75;61;59;88;54;54;103;53;58;60;54;59;87;52;56;52;88;100;52;57;112;53;57;100;57;88;63;57;92;57;75;57;115;116;53;90;56;53;55;100;53;88;82;53;100;57;93;52;61;100;57;77;91;64;53;100;59;64;57;57;57;100;100;57;57;102;55;52;56;61;52;55;57;57;62;57;86;57;56;57;57;57;56;78;63;83;89;57;53;53;59;88;58;57;82;57;57;57;52;60;56;93;57;93;107;88;53;91;100;75;78;58;57;88;57;52;86;100;77;76;97;53;61;63;202;59;82;100;75;57;91;53;62;91;88;91;77;88;88;100;57;88;60;89;91;58;77;53;79;93)
seed_30_level_6-4,1190,19253.188099622726,15874086,5843,(89;100;100;53;88;56;57;53;100;100;52;100;100;92;100;88;53;55;59;53;57;57;77;60;63;61;58;56;57;53;58;57;78;64;64;64;110;73;52;52;57;52;57;57;109;57;52;53;58;52;88;76;55;88;84;88;64;88;56;77;58;53;57;61;58;53;64;108;103;60;51;53;55;52;55;104;59;56;105;54;87;62;56;55;57;115;53;150;56;100;59;100;65;52;104;55;100;58;55;103;88;63;100;75;57;57;55;57;63;53;88;78;57;75;59;57;61;91;53;57;52;56;75;88;202;88;74;75;57;61;89;80;76;67;61;88;61;85;75;202;91;82;61;88;90;59;202;74;85)
seed_30_level_6-4,1190,19747.52376794815,16283793,5992,(88;85;53;53;59;57;53;69;90;55;62;52;56;81;93;100;56;69;93;115;150;57;56;100;58;100;53;100;52;58;53;53;89;100;100;56;53;104;52;58;150;56;55;57;54;54;53;54;65;53;55;52;55;60;52;54;54;109;74;93;56;74;62;54;57;57;57;77;57;57;56;57;79;53;53;56;52;107;52;58;150;66;57;57;60;57;53;57;97;100;78;57;57;74;94;65;57;88;66;53;63;93;104;100;60;91;65;62;56;57;56;61;51;100;100;53;63;75;55;75;56;87;57;58;93;201;53;88;61;57;61;90;52;52;88;100;52;53;90;57;78;90;76;91;61;90;57;88;57)
seed_30_level_6-4,1190,20236.626673698425,16697524,6142,(118;74;55;100;70;100;58;52;53;53;61;57;50;52;62;106;52;77;100;52;54;100;100;53;52;52;150;58;79;54;59;100;55;53;57;56;104;59;88;88;72;83;57;57;65;75;56;100;59;88;53;98;77;100;100;89;56;58;91;57;53;57;57;85;58;56;57;88;100;54;52;53;58;100;53;57;68;91;76;88;77;57;53;65;61;86;57;56;57;53;56;93;96;53;52;52;109;56;57;104;57;90;57;53;100;86;57;58;91;87;75;110;58;89;77;56;61;58;61;56;57;56;201;59;88;55;74;57;62;81;62;57;74;88;74;57;69;75;56;58;104;58;89;100;79;52;75;57;53;86)
seed_30_level_6-4,1190,20731.429706335068,17092899,6291,(119;59;53;52;75;73;75;53;54;100;95;100;53;100;56;70;54;88;93;100;75;53;56;75;103;63;57;67;100;100;62;57;57;66;53;53;75;53;53;56;63;88;74;58;77;53;57;52;57;77;57;57;57;56;56;61;57;93;57;95;57;93;53;57;52;63;79;57;93;106;56;109;59;53;60;95;74;69;57;53;54;74;58;86;62;53;57;87;105;92;70;63;99;62;88;58;61;57;61;60;88;53;62;88;83;75;53;57;61;62;58;76;57;56;88;56;66;75;201;90;57;77;93;60;53;75;75;62;52;90;88;57;58;57;88;54;63;57;88;58;98;52;58;88;92;73;88;88;57)
seed_30_level_6-4,1190,21215.845574378967,17476699,6441,(114;150;76;52;53;100;53;62;52;100;53;54;100;56;100;77;56;71;53;100;150;93;56;52;77;75;59;57;93;100;53;52;57;85;57;57;58;57;57;57;57;57;88;57;88;57;135;88;91;53;69;57;57;58;57;82;65;59;52;57;57;88;57;59;53;63;53;61;57;121;57;53;53;53;53;104;57;56;59;54;52;58;88;57;53;57;61;57;59;57;57;57;57;64;59;77;57;59;59;51;61;56;57;119;90;53;55;62;57;64;56;57;61;57;78;56;58;60;58;201;88;72;88;54;91;57;55;57;88;52;78;57;57;88;90;88;52;90;52;90;59;61;90;77;58;53;58;61;53;56)
seed_30_level_6-4,1190,21712.828909635544,17923114,6590,(116;58;93;61;53;75;54;53;56;62;100;55;52;100;63;52;55;97;53;68;61;76;53;86;61;75;88;57;52;75;57;57;80;53;89;90;57;63;57;88;54;57;60;100;52;52;76;56;90;53;58;88;63;86;70;95;53;57;61;52;59;105;59;59;57;90;96;79;58;95;100;100;93;55;55;54;57;60;100;57;71;100;58;86;57;57;88;57;53;88;107;88;53;88;57;63;91;55;63;56;56;91;58;57;59;63;57;91;57;87;90;67;201;57;103;93;90;202;88;52;52;54;107;57;57;93;202;88;88;86;57;88;57;90;53;78;86;90;81;112;53;57;57;57;53;57;88;86;57)
seed_30_level_6-4,1190,22198.727801561356,18340066,6739,(114;88;53;52;52;60;150;100;100;100;53;51;58;53;73;52;53;53;52;56;56;52;58;100;100;90;58;56;88;56;95;76;53;60;51;66;53;60;58;93;58;56;93;58;77;61;57;58;56;100;52;61;61;90;88;57;53;100;100;60;115;62;104;79;89;57;87;93;53;80;53;57;53;51;61;52;60;67;202;112;61;107;91;91;62;57;76;53;59;55;58;63;57;57;88;57;57;57;57;57;63;88;108;57;57;62;57;57;91;78;91;88;57;86;79;73;75;62;52;58;85;88;75;52;89;53;88;62;87;88;93;56;53;57;88;55;77;88;63;74;75;93;56;93;94;90;83;57;88)
seed_30_level_6-4,1198,22700.58740901947,18775663,6890,(118;56;53;53;90;100;92;102;63;53;74;56;59;100;86;52;53;53;100;55;53;50;57;88;57;52;82;53;60;86;100;54;60;88;59;94;60;52;53;64;58;61;96;54;52;64;53;64;88;97;88;70;89;91;57;88;114;57;90;63;57;88;104;57;51;57;57;75;88;100;56;57;101;88;55;100;57;55;57;76;57;86;61;91;52;57;57;75;212;63;52;52;60;56;57;57;82;58;58;57;59;77;62;114;53;57;57;57;57;58;53;90;88;115;159;63;93;103;100;55;81;77;61;100;88;100;88;73;81;78;78;58;53;88;58;55;57;53;88;100;75;93;57;86;62;93;56;88;93;58;57)
seed_30_level_6-4,1388,23186.386494874954,19188708,7040,(114;100;100;58;75;60;76;56;55;100;56;53;100;58;56;96;53;100;100;100;53;53;93;56;53;66;57;53;59;81;56;52;52;56;75;71;61;90;52;75;57;53;78;67;80;59;56;56;61;78;52;52;60;104;57;93;88;57;52;57;75;100;59;104;57;63;72;93;93;53;53;75;68;74;88;74;63;107;59;56;60;67;61;83;52;52;75;57;52;105;52;52;75;52;106;57;52;52;100;52;74;86;72;52;56;60;53;54;54;58;52;62;61;90;57;234;90;74;88;76;58;77;74;62;91;87;88;57;75;61;57;93;52;56;96;88;64;88;57;88;58;90;53;86;68;88;91;53;89;113)
seed_30_level_6-4,1388,23690.99698972702,19664171,7191,(100;74;100;150;100;67;100;100;63;57;98;100;56;88;100;90;91;60;53;55;52;100;66;65;106;69;53;100;52;57;88;100;52;90;57;100;102;57;53;102;60;62;59;60;52;52;100;73;52;76;88;65;59;53;61;53;52;60;59;58;52;57;78;56;54;59;90;75;88;57;52;71;57;88;67;62;55;53;58;53;61;53;53;75;63;63;104;75;57;100;91;91;73;90;58;88;75;57;63;63;86;57;53;53;75;104;57;57;63;61;104;89;76;58;86;91;88;102;57;55;90;93;87;93;86;89;61;87;88;88;75;94;94;91;75;93;201;52;88;73;90;52;66;90;81;77;107;207;92;75;90)
seed_30_level_6-4,1388,24191.06003689766,20123089,7341,(115;58;58;58;79;100;52;55;95;93;53;100;55;55;88;56;78;100;53;76;56;81;55;106;102;86;102;54;74;58;52;90;103;96;100;112;85;57;86;90;90;52;90;102;103;111;86;60;86;53;59;90;61;59;97;57;69;52;93;90;53;61;88;66;59;86;53;53;53;69;53;53;59;53;57;88;90;75;104;104;52;88;57;53;63;102;57;88;57;63;88;104;81;57;57;53;86;57;78;63;87;88;52;63;76;107;62;78;75;78;88;89;86;63;93;93;73;65;88;88;75;52;61;90;54;62;88;74;80;57;91;75;67;109;73;93;94;88;54;100;88;89;100;111;75;83;97;74;90;86)
seed_30_level_6-4,1388,24691.112743139267,20616717,7490,(116;97;68;62;56;93;64;53;86;52;81;99;100;52;81;53;93;63;55;53;109;62;65;96;88;51;52;57;57;75;52;69;61;59;57;62;52;61;53;57;51;58;58;58;93;88;90;53;55;52;102;78;61;53;75;51;75;104;57;57;68;88;57;76;91;57;57;51;57;52;87;90;91;57;57;104;53;80;57;57;52;57;73;96;202;160;63;98;169;67;53;90;92;92;57;63;69;75;59;93;68;94;88;96;88;88;90;63;61;80;93;93;52;76;93;82;86;112;90;112;52;55;52;52;108;53;281;53;53;52;102;52;100;90;86;86;89;93;86;58;52;85;57;102;102;88;92;93;74)
seed_30_level_6-4,1388,25181.647450447083,21026990,7640,(88;58;56;78;58;66;90;53;52;56;77;53;69;57;61;57;88;61;52;59;56;92;53;61;55;113;57;77;61;74;61;51;107;53;52;82;106;59;80;53;87;61;100;74;57;57;88;50;78;63;57;88;88;59;78;77;53;100;57;52;54;56;53;53;56;100;56;56;52;63;53;100;57;58;98;53;100;57;55;56;63;112;88;67;53;101;90;112;85;93;112;102;55;86;112;112;74;102;78;88;86;52;63;112;87;99;104;100;52;100;90;52;52;88;57;90;88;60;52;52;87;61;57;66;58;57;57;92;62;59;55;86;53;59;58;57;91;59;106;52;68;52;61;52;58;159;57;59;57;64)
seed_30_level_6-4,1388,25674.643597364426,21474511,7790,(96;62;88;85;63;57;53;58;53;57;57;58;53;57;55;73;57;62;53;58;55;53;58;62;63;53;57;57;53;82;58;106;57;62;90;79;79;90;63;57;82;100;88;53;88;53;52;88;63;52;88;81;76;56;88;61;88;57;93;75;53;58;53;88;86;87;56;57;107;52;57;58;57;52;57;75;86;83;53;104;77;53;53;102;104;91;88;52;52;74;91;56;52;57;104;77;76;114;114;104;90;95;104;76;91;104;90;100;88;86;53;60;52;86;86;93;100;93;100;116;86;90;106;53;102;52;86;61;88;78;77;53;79;102;102;86;59;92;91;94;60;86;93;59;62;86;104;100;112;100)
seed_30_level_6-4,1388,26176.829280614853,21929671,7940,(88;97;83;58;52;86;96;53;52;57;73;57;55;57;62;56;58;82;53;57;52;57;62;52;93;93;53;56;57;67;106;58;90;104;55;53;87;75;57;94;93;53;53;52;52;58;76;57;88;57;53;57;52;57;61;110;53;57;56;59;98;57;52;53;57;53;104;57;63;77;114;55;57;100;75;50;62;86;88;53;52;114;53;86;102;114;91;118;100;76;102;59;52;104;100;54;113;112;60;106;172;106;104;87;58;88;55;118;103;107;88;119;100;100;57;63;53;74;90;53;88;53;89;75;52;73;56;53;53;52;53;77;87;75;88;56;78;80;104;100;90;77;104;76;88;57;90;104;100;57)
seed_30_level_6-4,1388,26681.290866851807,22396906,8090,(80;58;73;56;100;57;53;57;60;88;80;58;53;53;57;81;80;57;57;67;52;53;53;56;56;79;54;57;57;56;57;90;86;57;93;76;57;56;57;57;72;53;56;90;90;53;100;84;55;77;56;58;56;92;95;56;62;106;89;57;57;53;57;63;58;73;91;62;57;107;76;57;91;91;104;88;57;77;104;91;57;88;78;56;77;107;86;57;57;78;57;104;75;102;91;114;116;75;57;88;73;90;107;88;90;104;85;54;102;61;88;52;73;61;93;76;100;86;63;58;303;90;56;52;103;77;57;103;110;52;52;86;53;90;57;60;58;60;86;100;100;55;88;56;102;109;53;52;61;75)
seed_30_level_6-4,1388,27163.47709941864,22823437,8239,(83;53;100;108;56;57;73;88;90;57;53;53;88;88;53;56;82;56;56;57;53;52;53;85;56;100;55;56;62;61;104;57;59;80;61;58;68;71;57;53;52;58;91;57;52;57;85;57;80;62;57;68;95;98;58;77;62;57;61;52;57;58;89;57;119;102;100;87;75;102;57;73;86;94;52;110;110;56;100;90;87;52;86;82;61;58;104;73;58;62;112;97;204;53;63;63;102;102;104;59;53;73;88;73;90;104;102;76;52;53;57;57;103;52;78;104;56;73;84;76;57;57;59;53;75;58;57;53;59;82;86;59;104;58;104;104;89;80;52;75;64;95;55;52;53;63;57;57;57)
seed_30_level_6-4,1388,27653.740746974945,23215664,8389,(108;56;92;95;52;57;53;52;60;90;94;53;56;57;57;56;86;53;57;56;53;53;57;57;57;81;53;52;53;88;53;104;85;52;100;100;77;57;52;100;57;53;56;57;77;57;92;93;90;53;57;52;59;76;74;98;53;51;57;57;100;53;91;57;102;104;64;98;91;106;57;57;53;53;90;57;57;82;74;75;52;62;53;57;58;57;88;61;53;57;92;53;75;54;57;114;53;56;57;87;75;106;57;73;88;105;55;106;106;100;59;53;58;61;54;104;52;77;57;53;63;86;75;52;112;57;86;88;57;75;63;100;104;57;58;89;52;100;60;53;53;57;93;61;57;59;86;59;53;110)
seed_30_level_6-4,1388,28144.884992599487,23672811,8540,(75;88;93;83;80;53;52;88;104;91;53;53;53;75;96;57;57;53;52;104;53;53;79;93;55;53;106;62;74;57;51;72;57;93;80;58;75;81;61;90;100;53;86;109;107;52;53;100;91;51;52;83;100;60;53;53;53;99;88;54;53;65;201;100;53;57;92;102;57;53;102;77;112;53;97;90;86;114;77;76;52;104;59;53;58;94;106;51;56;88;102;86;106;55;86;102;52;56;107;53;80;110;104;93;86;55;56;57;88;75;104;73;57;53;77;104;56;78;90;76;92;52;57;88;52;91;75;63;53;62;57;57;63;53;62;59;77;57;76;88;57;75;102;63;57;57;68;57;88;104;104)
seed_30_level_6-4,1388,28638.86419892311,24133603,8690,(88;56;53;52;90;100;56;56;90;67;58;88;68;52;76;55;53;53;95;55;88;63;104;86;93;53;52;53;56;53;52;80;65;52;88;59;53;86;57;54;53;95;53;53;59;61;88;53;57;52;53;53;57;88;52;55;64;57;106;86;74;86;52;58;53;53;66;89;96;104;106;58;104;52;57;104;52;83;53;57;57;104;58;104;75;53;89;64;57;56;113;91;104;86;104;104;101;75;74;57;75;104;90;104;106;56;53;104;57;86;106;56;102;119;90;88;57;53;106;57;102;86;86;57;56;60;93;104;56;53;55;106;64;204;62;104;57;52;88;86;58;52;62;201;58;90;109;52;86;63)
seed_30_level_6-4,1388,29132.964203834534,24601744,8840,(109;92;62;56;74;62;53;89;52;56;52;53;201;90;53;61;88;150;56;59;65;52;113;53;102;88;52;53;53;52;88;67;63;104;58;55;77;52;57;93;88;52;53;57;56;110;90;57;91;56;58;75;57;62;104;53;93;88;80;88;58;61;53;53;76;53;76;52;102;87;52;52;100;104;104;53;57;52;57;86;79;57;57;53;77;104;104;52;59;55;52;100;57;88;109;57;104;113;82;57;57;56;95;81;57;57;106;204;53;106;93;53;91;86;102;57;53;56;102;53;57;88;56;53;90;90;102;52;102;53;57;104;57;109;104;55;56;100;102;89;57;53;58;87;63;53;86;56;102;117)
seed_30_level_6-4,1388,29622.768037319183,25046445,8990,(61;106;106;58;86;88;57;53;102;52;53;106;52;102;56;57;101;52;57;58;62;75;89;57;56;55;56;56;93;75;62;53;62;73;88;77;104;52;106;57;52;57;78;52;52;53;88;104;56;57;57;57;57;53;57;90;104;78;57;109;83;57;75;102;104;88;54;52;104;104;104;104;53;201;52;53;77;61;52;59;53;75;76;57;59;53;52;52;57;80;75;57;53;87;52;76;88;52;53;58;56;57;100;57;53;76;53;57;204;52;100;120;59;57;58;102;81;53;201;57;58;58;57;57;53;58;59;87;61;58;86;59;113;93;58;52;86;65;52;100;59;110;90;59;53;58;91;53;108;57)
seed_30_level_6-4,1388,30113.404223442078,25472167,9140,(90;53;52;102;61;54;94;74;54;102;110;93;87;86;73;62;86;75;53;53;87;57;51;75;73;57;57;75;59;78;80;100;61;58;57;53;56;100;62;55;57;51;73;57;85;90;90;53;57;56;57;53;91;56;61;52;57;102;56;52;53;88;125;90;55;57;57;57;55;90;52;87;52;58;55;77;57;75;57;52;58;57;104;104;53;62;52;109;77;53;58;104;104;104;88;57;109;53;52;57;55;104;104;59;104;109;88;57;90;113;57;75;57;77;201;58;55;104;108;52;58;112;52;90;56;93;53;64;53;52;58;55;90;53;75;58;109;58;58;58;90;100;53;102;57;63;102;58;55;57)
seed_30_level_6-4,1388,30603.54571199417,25921506,9289,(98;54;52;88;89;67;100;53;73;75;66;53;73;102;88;63;93;86;55;88;75;82;52;92;57;52;95;57;122;66;56;88;57;55;77;63;52;57;88;52;52;109;52;55;54;74;57;57;91;75;56;100;62;106;57;57;62;113;104;100;57;100;52;57;65;106;57;106;53;92;57;58;164;59;79;57;89;53;57;58;53;113;57;58;201;58;53;58;63;93;88;57;77;102;57;92;52;104;53;75;77;57;53;102;75;106;106;52;107;109;88;113;86;75;104;104;57;57;57;57;53;58;52;57;58;110;61;53;88;60;62;59;57;53;54;59;56;104;106;59;52;53;86;102;50;106;69;52;102)
seed_30_level_6-4,1388,31100.88665819168,26426713,9439,(92;91;60;53;60;91;90;100;59;53;100;105;52;100;93;54;76;57;61;116;55;62;57;59;100;100;100;99;86;100;73;57;61;65;61;58;52;53;103;68;52;112;54;55;102;52;102;106;102;110;53;86;53;53;115;93;70;86;109;53;115;56;56;56;55;104;58;90;201;52;55;161;76;58;56;55;55;99;106;119;56;106;104;63;55;52;75;52;88;62;104;62;57;52;52;52;86;106;80;82;88;75;61;90;93;86;53;74;97;52;61;104;52;97;77;90;61;106;52;75;76;53;106;57;104;104;104;53;104;116;58;53;112;52;104;106;109;90;107;58;88;104;56;106;58;61;57;106;52;57)
seed_30_level_6-4,1388,31603.486559152603,27002384,9589,(91;57;93;55;57;92;106;100;90;52;87;100;60;55;112;84;56;52;57;61;57;57;88;102;85;102;55;60;63;65;104;57;57;102;75;115;61;53;63;104;104;55;52;60;104;94;58;55;61;58;57;57;53;77;57;73;104;57;77;57;79;53;75;55;57;57;50;53;57;57;88;57;75;53;61;89;53;53;57;104;88;106;104;82;201;103;58;53;52;56;67;60;53;74;271;90;52;59;201;59;104;118;58;57;52;53;90;100;86;100;203;55;55;58;56;276;160;104;56;91;56;53;75;88;53;104;88;88;76;88;92;57;57;106;51;104;106;106;88;106;104;104;102;104;57;88;57;109;102;88)
seed_30_level_6-4,1388,32104.455621242523,27559088,9739,(77;90;57;63;55;89;90;100;77;53;53;100;61;53;107;93;57;100;85;62;76;106;57;104;58;61;75;57;53;57;78;88;105;53;53;88;75;78;63;80;88;63;75;53;105;53;57;74;53;88;76;106;58;104;100;104;103;53;77;88;57;116;50;106;90;58;50;53;60;57;52;57;104;104;56;53;79;59;54;94;53;57;104;52;53;103;53;68;58;90;53;53;58;88;106;52;106;53;57;57;53;91;53;102;104;52;55;52;53;115;90;61;88;57;57;104;271;104;55;219;55;109;55;53;56;53;57;52;87;55;73;62;90;77;57;101;161;53;66;52;59;58;202;73;213;60;159;93;52;242)
seed_30_level_6-4,1388,32619.488726615906,28187686,9890,(113;90;90;61;96;90;53;89;122;93;83;93;88;61;85;56;61;55;86;89;53;91;90;59;93;88;51;116;109;104;58;89;106;88;58;104;104;207;74;57;63;90;58;106;58;53;93;99;59;55;113;57;102;88;88;102;111;102;104;53;52;88;52;58;52;104;53;104;117;104;111;109;58;109;52;52;104;106;53;104;61;57;53;110;58;104;63;57;88;56;88;104;58;75;61;88;63;88;57;88;57;57;57;57;57;53;63;58;57;58;57;74;60;53;73;62;58;98;104;66;100;108;128;75;184;212;168;95;57;55;91;57;204;61;59;107;58;65;106;52;54;159;53;202;61;100;62;52;211;94;201)
seed_30_level_6-4,1388,33121.983989953995,28684734,10041,(75;88;89;55;57;57;53;57;57;100;61;90;57;90;88;88;78;87;57;70;57;57;61;60;57;88;106;86;90;104;53;57;57;103;53;53;100;52;88;89;100;53;90;89;53;92;100;53;61;61;53;104;102;88;60;75;53;58;57;57;57;57;88;53;102;53;53;104;104;88;57;52;53;57;109;57;100;57;104;53;52;107;87;59;87;56;93;104;57;53;93;63;53;59;90;59;53;59;109;106;53;100;58;53;57;57;86;106;58;90;59;69;93;75;53;203;73;59;82;58;77;53;58;231;53;53;201;204;73;100;58;52;100;96;74;79;104;58;59;66;77;58;111;53;55;84;57;62;75;92;53)
seed_30_level_6-4,1388,33622.44580626488,29304278,10191,(88;88;57;88;57;78;57;88;57;88;88;54;53;77;58;88;58;57;57;60;57;53;57;57;88;57;104;104;104;88;57;59;104;109;53;53;58;57;106;53;52;106;53;104;90;57;91;57;91;109;57;91;57;61;109;104;64;100;90;106;104;93;58;104;59;52;57;88;90;65;64;73;59;56;106;60;74;88;93;57;106;56;109;104;86;86;89;57;69;59;104;52;57;77;53;113;92;57;57;92;52;115;70;90;60;58;57;62;55;100;59;88;52;271;204;162;60;89;57;230;74;73;114;108;73;61;100;98;236;52;96;88;53;100;52;212;52;50;53;74;73;52;58;100;73;75;56;274;161;64)
seed_30_level_6-4,1388,34127.64531350136,29886281,10342,(88;57;88;53;88;100;57;88;88;93;53;53;88;88;57;63;53;57;57;57;88;93;57;74;57;88;90;88;104;52;87;58;91;59;106;112;53;88;88;88;89;75;53;88;100;100;57;61;106;52;57;59;104;93;53;53;74;57;57;53;104;57;76;90;58;75;109;57;55;109;88;58;109;102;51;67;104;58;53;52;93;59;104;57;106;53;119;55;104;104;104;55;106;91;88;90;106;104;60;106;57;104;104;53;115;53;57;57;53;53;108;57;75;55;100;53;75;52;91;53;52;86;86;73;70;52;83;213;73;74;96;52;59;57;111;160;107;62;61;73;100;75;212;88;117;100;98;201;230;201;75)
seed_30_level_6-4,1388,34639.65676903725,30465979,10492,(104;88;52;57;88;88;52;58;100;88;88;52;57;57;88;88;61;52;88;93;57;88;58;54;90;90;104;104;56;59;58;104;57;90;109;88;104;64;57;90;57;53;109;55;104;64;88;74;93;102;57;104;76;61;86;100;88;53;75;82;59;58;100;74;53;56;92;74;89;88;53;61;57;55;54;85;77;90;57;100;52;104;104;52;52;55;104;53;53;87;53;53;55;75;53;104;58;52;111;106;56;88;104;104;100;104;104;57;109;53;52;52;102;57;90;160;184;89;100;66;100;89;52;100;74;73;74;52;62;74;52;160;159;274;169;107;94;86;75;100;76;73;55;76;162;86;61;104;79;201)
seed_30_level_6-4,1388,35141.81437206268,31012417,10642,(75;88;90;53;100;88;88;86;57;88;88;88;57;57;88;93;55;100;89;53;52;91;91;90;53;52;54;107;90;88;82;88;75;78;85;52;106;88;58;103;88;57;88;53;57;57;57;88;88;55;57;52;100;52;88;88;88;57;57;55;104;90;104;57;104;105;55;57;57;104;53;52;104;104;53;55;58;100;59;57;150;75;53;52;68;104;77;90;53;104;88;92;113;52;102;106;54;88;53;52;57;88;57;90;53;93;104;55;53;58;51;90;77;58;93;60;54;89;100;98;53;100;73;213;272;58;70;91;90;55;211;86;93;112;55;74;150;88;74;56;57;88;89;57;100;60;56;76;100;100)
seed_30_level_6-4,1388,35644.3882393837,31538128,10792,(88;91;57;88;57;57;53;57;88;88;88;88;75;109;74;107;57;88;104;57;90;50;52;56;63;59;100;109;104;53;104;104;104;52;57;102;53;107;106;88;92;91;75;88;88;57;100;88;88;74;57;57;88;90;88;88;88;58;57;88;88;65;88;88;88;113;62;57;104;57;77;53;93;52;88;77;77;90;104;75;77;112;77;93;57;109;90;109;58;104;58;106;77;95;100;86;52;52;105;57;77;75;100;212;91;100;53;79;88;61;100;53;117;107;63;53;83;74;107;60;116;58;53;58;75;52;75;88;53;83;53;52;53;219;53;63;53;63;52;59;75;88;73;58;100;104;90;100;74;58)
seed_30_level_6-4,1388,36133.68171620369,32017667,10942,(91;100;88;88;88;57;88;57;88;88;88;88;57;88;55;57;55;58;88;219;52;58;55;52;73;58;99;55;59;50;58;52;55;57;53;59;62;59;52;112;61;68;54;100;69;95;52;61;100;100;52;53;57;92;58;77;74;73;53;88;57;88;51;59;57;100;75;53;61;74;77;93;88;90;90;58;88;53;57;88;88;57;88;89;60;88;53;88;88;88;88;88;88;88;53;88;62;109;104;52;86;57;53;104;77;104;56;53;61;106;88;112;104;56;104;100;104;53;104;53;102;53;106;58;106;93;62;58;106;90;88;75;106;88;88;57;104;100;57;109;90;104;88;58;88;59;104;90;55;87)
seed_30_level_6-4,1388,36627.61109280586,32519034,11093,(83;90;88;96;91;63;52;91;96;54;77;52;74;100;90;88;56;52;88;55;90;100;88;73;52;100;53;73;52;61;94;59;58;100;184;86;60;112;53;53;73;100;90;77;55;52;55;73;91;53;57;57;52;88;57;60;58;58;88;65;58;57;57;57;89;62;57;57;64;58;88;88;57;88;52;88;88;58;88;88;53;57;57;88;53;88;61;80;90;88;88;57;104;92;90;57;106;104;52;104;52;104;86;104;53;56;88;56;104;88;116;113;100;104;53;104;119;55;150;100;57;106;104;87;57;90;106;90;62;100;77;88;88;103;106;53;100;77;102;90;100;59;76;57;53;93;93;104;104;90;76)
seed_30_level_6-4,1388,37132.77398443222,33083567,11244,(86;91;91;57;108;88;57;62;57;89;88;57;58;88;53;57;91;53;56;88;88;271;85;112;52;92;65;86;73;52;114;55;201;58;118;102;73;104;114;52;52;61;55;102;200;90;93;57;88;59;56;100;100;90;74;93;92;57;90;90;51;100;90;88;56;57;55;51;55;90;53;88;61;57;88;88;82;90;90;104;88;92;88;82;55;57;56;74;90;88;88;88;88;57;57;102;59;88;53;57;53;104;53;53;53;104;86;83;75;78;104;104;104;96;104;57;81;75;104;109;104;104;88;112;77;51;88;106;53;104;90;104;54;100;57;53;104;103;87;59;90;90;104;75;64;88;59;88;88;51;91)
seed_30_level_6-4,1388,37632.23207974434,33709349,11395,(91;100;65;92;90;100;88;90;53;52;89;54;90;100;100;52;55;90;80;100;51;88;91;63;57;53;94;69;58;56;53;88;91;91;53;88;53;57;57;74;57;70;58;89;90;57;88;58;88;88;74;92;119;88;53;61;90;88;88;64;93;93;88;88;88;52;90;57;88;52;92;77;87;90;75;77;104;59;90;88;53;124;106;82;104;90;57;90;104;77;59;77;90;55;106;122;109;104;53;58;104;104;57;53;104;86;57;59;75;104;57;86;75;53;53;57;57;58;104;57;53;57;57;271;172;201;88;76;58;53;102;158;279;117;98;119;55;55;93;115;52;115;278;106;53;56;55;60;59;74;93)
seed_30_level_6-4,1388,38142.59337878227,34300316,11546,(93;65;74;58;90;100;88;100;93;90;91;91;88;90;90;88;74;52;88;91;75;91;100;91;57;56;100;91;53;57;53;57;56;103;62;53;53;57;57;91;107;57;90;57;57;57;104;94;88;58;100;74;88;58;104;57;100;53;105;104;53;60;57;53;57;57;81;91;107;110;52;88;52;88;61;202;104;57;88;88;88;57;91;88;94;88;53;109;57;57;202;115;58;90;64;90;88;106;58;88;88;104;106;104;93;104;88;90;102;59;59;53;106;88;93;90;87;75;52;103;201;54;53;52;58;100;98;54;55;74;52;99;211;75;57;53;74;52;211;88;88;53;53;55;54;55;53;53;218;53;168)
seed_30_level_6-4,1388,38647.96216607094,34898868,11697,(89;57;53;107;62;53;57;100;61;98;53;55;53;56;53;57;57;57;90;55;88;90;58;88;88;53;88;104;107;53;57;86;58;104;88;53;52;104;88;88;53;57;75;57;91;77;59;52;90;51;113;100;100;100;100;100;88;52;83;57;100;96;88;61;100;62;52;102;53;53;95;50;52;53;108;160;73;73;89;243;73;58;73;52;243;242;52;73;52;73;76;52;52;73;53;106;59;104;106;55;106;56;77;58;100;86;64;88;88;106;90;58;100;104;102;104;110;58;57;87;86;104;75;61;88;77;86;90;104;91;88;88;80;88;88;88;74;80;88;202;91;90;53;88;202;59;88;83;93;107;88)
seed_30_level_6-4,1388,39162.86147093773,35550836,11846,(89;90;57;88;88;97;91;100;91;61;54;89;51;62;60;100;58;61;89;88;90;51;88;54;57;91;63;81;161;58;104;73;74;88;57;100;57;56;75;85;100;57;82;107;104;96;91;78;75;106;77;57;57;100;53;57;52;52;57;75;57;53;58;52;59;61;54;53;88;58;52;75;104;59;114;106;53;90;104;58;90;73;73;74;279;184;85;106;90;219;53;184;203;115;184;53;95;60;73;74;52;91;58;55;61;271;89;97;86;82;53;55;54;85;90;88;76;52;53;87;106;55;107;104;112;106;100;56;80;65;58;53;104;113;74;53;57;100;58;202;57;91;202;114;55;77;90;111;89)
seed_30_level_6-4,1388,39669.2803003788,36190874,11996,(104;88;76;53;93;112;52;88;53;53;106;58;53;84;57;73;53;57;58;57;90;87;53;77;90;90;57;76;86;56;107;53;104;107;77;60;100;78;77;82;79;53;53;54;91;100;107;57;63;88;77;119;60;150;59;75;61;59;89;87;61;91;202;52;75;88;53;65;88;90;57;91;88;74;109;55;57;88;86;100;93;52;88;88;77;104;62;88;85;105;101;53;77;93;64;106;89;57;100;57;51;77;90;86;117;233;91;161;201;50;219;54;74;95;73;73;118;57;160;201;73;86;88;73;118;52;211;77;53;52;53;86;52;60;73;212;74;89;201;88;73;53;73;75;73;108;56;53;86;73)
seed_30_level_6-4,1388,40200.288710832596,37118088,12146,(105;92;56;74;53;100;112;59;75;75;92;53;52;107;79;61;56;75;76;54;88;94;83;52;150;87;57;103;59;54;59;76;57;57;90;106;90;59;104;90;57;104;75;52;51;57;57;63;57;106;90;53;92;58;59;52;58;90;88;74;58;58;106;57;100;202;100;63;100;52;202;53;53;53;82;57;75;202;98;53;109;89;88;102;107;88;76;63;93;100;74;100;94;61;110;52;75;100;56;55;88;116;61;160;89;270;216;232;201;58;52;85;201;128;203;108;52;201;201;59;56;158;53;76;201;75;201;244;201;74;117;158;278;158;56;86;278;168;56;86;113;235;75;117;85;53;220;57;74;54)
seed_30_level_6-4,1388,40731.81559872627,38141017,12296,(75;202;88;202;57;53;64;59;91;96;86;115;75;75;75;160;88;88;104;53;75;53;83;86;91;66;100;53;55;88;53;79;89;202;79;53;58;54;76;96;202;91;202;107;96;52;91;90;88;208;90;202;57;74;90;88;57;74;235;159;58;88;53;270;52;89;85;117;55;73;52;243;160;62;158;86;73;53;52;73;102;86;52;201;117;117;201;86;56;210;110;73;202;158;54;74;201;52;243;119;52;73;59;242;73;89;53;89;161;233;86;106;201;91;95;73;53;114;73;115;86;53;73;53;52;117;91;73;203;59;86;201;85;74;102;89;52;106;85;86;74;86;160;100;76;202;54;160;201;201)
seed_30_level_6-4,1388,41278.29561328888,39368643,12446,(80;88;58;88;202;53;88;57;202;160;202;88;87;88;160;202;96;202;106;88;208;58;202;88;96;202;82;57;91;53;73;105;202;202;102;51;202;88;57;86;59;202;63;208;88;88;88;76;159;160;202;86;65;53;88;75;57;53;75;57;75;207;57;63;105;55;126;219;57;73;52;159;232;270;86;86;233;56;201;201;159;86;75;108;53;114;81;58;86;52;86;117;73;243;52;60;89;201;53;55;59;278;202;57;60;100;75;53;201;52;73;91;210;73;73;90;201;244;270;201;85;102;213;73;210;106;86;58;73;103;53;100;73;82;73;76;98;58;60;60;201;201;111;94;73;100;73;95;159;103)
seed_30_level_6-4,1388,41801.05435156822,40213121,12596,(233;160;89;61;61;73;88;52;85;62;211;89;201;93;73;107;52;100;58;202;86;52;61;63;52;73;201;243;91;52;201;89;115;52;210;76;86;90;85;61;87;73;73;59;94;201;201;55;110;57;89;58;201;73;90;86;77;59;53;60;63;73;52;50;104;73;117;76;58;96;53;74;201;73;97;73;160;92;178;116;270;96;88;64;53;101;59;52;88;57;57;88;88;88;58;65;75;80;52;163;202;112;57;58;88;59;53;86;107;91;116;60;88;57;88;88;75;75;79;96;53;202;96;79;81;66;202;80;111;53;53;90;80;84;106;202;57;202;88;93;64;75;100;53;63;112;88;52;56;88)
seed_30_level_6-4,1388,42319.663170814514,41045480,12746,(202;64;88;53;60;96;107;91;107;57;53;58;56;100;114;57;57;104;59;101;107;65;99;88;57;115;58;55;88;57;53;63;65;59;202;202;107;57;53;75;109;53;58;58;57;88;96;166;75;52;88;115;91;53;57;74;58;75;208;77;61;93;57;88;89;75;88;104;86;102;114;52;98;52;59;56;59;58;52;53;53;52;52;201;86;201;201;60;91;106;52;232;73;56;97;90;278;211;73;55;53;91;89;53;50;85;104;86;73;59;52;201;54;201;52;118;86;73;57;105;86;100;103;160;52;62;52;201;52;86;117;54;279;58;62;160;270;49;58;52;100;52;73;88;49;100;117;59;278;117)
seed_30_level_6-4,1388,42842.935839891434,41929672,12896,(208;88;93;57;91;57;57;88;88;75;161;58;88;88;202;53;160;83;57;53;88;90;58;52;117;93;76;100;57;58;91;104;57;52;51;88;88;88;58;63;53;107;202;88;202;140;111;58;57;88;88;202;57;53;93;93;202;101;53;88;100;88;57;87;53;88;202;101;95;81;73;73;60;201;73;97;73;56;74;82;117;73;201;53;73;271;75;74;52;88;201;88;201;73;99;73;73;117;98;201;73;85;98;201;86;73;95;59;201;73;90;73;75;86;73;117;52;52;52;86;94;52;86;232;278;52;52;159;88;73;85;117;97;60;75;85;73;73;76;52;117;243;52;86;58;201;85;85;86;100)
seed_30_level_6-4,1388,43357.31859254837,42751757,13046,(109;208;54;53;53;57;77;100;62;88;51;202;61;57;54;57;53;57;57;88;91;52;57;88;88;88;53;96;113;202;88;91;57;88;75;57;53;169;91;91;202;53;93;202;88;92;96;53;75;77;208;88;57;76;202;57;57;88;88;78;88;53;62;53;104;101;202;77;90;60;158;203;278;118;60;52;201;74;90;62;86;73;60;244;52;116;52;52;73;54;74;85;58;73;54;73;52;76;161;90;52;52;85;90;73;86;88;53;52;243;102;86;52;52;52;118;56;86;59;56;49;73;187;86;73;52;201;104;201;62;86;73;105;61;58;53;53;52;243;52;88;53;278;73;73;73;52;86;76;91)
seed_30_level_6-4,1388,43879.96406793594,43720552,13196,(208;75;88;53;88;91;57;53;91;63;202;57;75;104;117;57;53;88;107;75;58;77;190;57;88;58;202;57;87;57;88;104;91;202;64;101;91;208;113;57;74;65;53;75;57;109;100;96;88;57;53;57;63;75;69;92;88;87;88;202;57;67;52;107;61;57;75;57;109;54;93;243;73;118;52;52;109;219;158;243;201;87;109;52;100;75;86;73;201;56;90;201;90;90;52;52;81;85;103;54;90;86;100;59;91;117;52;89;278;73;86;56;201;52;202;117;52;52;59;52;52;52;102;201;88;278;84;88;81;278;86;100;53;59;89;159;55;59;52;201;52;88;73;244;100;232;55;89;86;212)
seed_30_level_6-4,1388,44392.37969660759,44557961,13346,(208;76;57;57;53;80;83;57;53;110;111;202;88;202;57;208;91;57;202;79;89;58;53;202;57;88;93;112;104;57;74;120;104;57;63;52;57;75;83;100;55;110;107;74;104;115;62;91;57;109;68;63;57;63;202;57;57;53;77;202;57;52;53;208;77;58;88;67;57;76;55;53;88;204;116;211;86;278;90;184;56;52;74;74;55;210;91;90;86;201;52;76;53;115;73;86;89;74;160;52;89;89;158;52;76;73;109;52;59;58;74;55;75;75;100;95;55;73;201;59;57;86;52;55;100;104;75;52;52;98;220;99;53;59;52;201;52;52;55;57;203;278;57;90;52;59;53;52;76;88)
seed_30_level_6-4,1388,44926.88632917404,45736604,13496,(208;53;202;88;62;202;91;57;101;57;88;104;53;52;74;202;202;160;57;57;57;75;57;90;202;208;57;75;58;63;136;53;53;104;64;202;202;208;52;90;160;59;54;100;63;57;57;176;200;63;93;74;63;52;57;106;74;95;99;202;57;88;57;86;229;77;57;115;65;100;79;231;212;90;92;52;86;73;93;270;52;212;88;85;89;56;231;86;230;57;99;211;94;52;278;85;73;100;201;90;52;52;102;204;99;201;52;56;88;86;90;95;53;85;202;89;87;73;74;59;243;87;90;52;52;53;88;88;89;85;86;243;211;201;52;103;52;86;90;52;158;98;76;73;184;280;73;246;230;86)
seed_30_level_6-4,1388,45457.59198307991,46684348,13646,(167;61;53;57;61;80;61;88;202;75;57;202;52;57;86;104;80;202;53;57;63;64;88;57;63;202;98;89;202;62;58;64;91;75;100;107;57;52;61;101;77;56;53;80;77;68;62;202;88;59;54;88;208;90;202;104;80;57;53;115;100;57;57;96;57;82;79;108;88;202;158;202;89;200;53;88;88;150;102;211;90;102;56;86;55;52;243;117;158;90;73;97;124;106;52;52;89;89;54;93;100;99;55;166;90;248;73;86;52;52;57;195;100;88;73;90;202;99;90;160;270;52;73;87;89;158;76;53;88;222;90;56;231;53;59;55;86;110;53;53;161;55;100;100;168;73;101;88;54;245)
seed_30_level_6-4,1388,46001.46215581894,47902917,13796,(93;93;79;104;91;202;57;159;87;75;202;66;60;57;91;57;202;86;61;57;88;202;57;64;52;202;53;95;57;64;202;202;57;95;75;57;65;53;57;160;100;202;88;57;57;100;202;202;57;57;57;59;202;88;62;88;202;57;88;88;96;202;57;104;52;53;86;52;202;57;55;87;52;73;244;53;201;58;90;73;201;243;93;98;85;57;201;74;235;58;232;271;160;57;106;203;77;85;271;89;201;159;52;55;233;90;88;115;62;270;73;100;85;52;88;102;210;52;245;88;201;73;52;201;52;74;58;202;85;94;54;89;74;86;52;73;52;100;159;52;212;201;63;91;54;57;58;201;271;159)
seed_30_level_6-4,1388,46541.2094604969,49024345,13946,(202;57;107;202;202;202;52;202;57;130;202;61;202;87;107;57;53;202;202;101;61;49;63;57;57;59;78;57;57;57;53;59;100;202;60;88;53;57;104;57;61;53;57;75;69;88;53;298;101;53;54;54;202;201;57;57;100;107;201;202;80;204;57;202;91;88;57;57;53;211;76;52;233;202;122;82;52;201;86;90;76;88;74;52;53;211;159;86;74;86;89;211;88;74;95;52;74;54;92;52;76;164;90;158;89;100;62;202;90;75;201;203;104;86;201;212;52;56;86;88;164;202;86;82;88;100;110;101;204;84;90;201;87;86;271;88;90;90;52;52;104;74;73;76;86;88;161;201;55;89)
seed_30_level_6-4,1389,47071.260172367096,50097162,14096,(93;57;53;107;107;57;57;96;91;202;75;60;109;57;100;202;54;57;57;67;57;57;75;57;202;200;61;57;57;80;91;91;57;57;53;57;202;57;57;80;96;57;53;104;202;69;100;53;75;57;88;57;104;57;75;57;55;80;202;57;59;63;60;57;202;93;202;53;57;57;233;94;201;233;90;85;232;201;52;73;82;203;233;86;52;53;85;112;85;88;53;90;74;245;55;115;245;88;52;201;201;55;88;158;52;86;58;82;61;219;52;95;52;86;245;201;88;201;87;73;73;201;53;243;76;110;243;242;52;89;104;85;52;58;115;201;271;108;55;104;100;90;55;100;57;115;105;90;102;109)
seed_30_level_6-4,1445,47599.35686659813,51211754,14246,(202;88;55;57;202;77;75;57;57;53;80;57;91;100;65;100;55;57;57;88;57;100;75;52;58;57;67;75;53;53;202;101;53;57;75;75;75;52;92;202;57;78;63;75;53;57;203;57;202;57;53;53;75;63;57;57;202;101;65;93;56;53;58;57;93;245;114;55;211;211;90;213;72;52;76;202;234;201;115;74;243;52;201;57;86;82;104;52;52;90;54;162;52;201;90;52;90;90;105;73;57;99;116;73;88;52;105;201;201;98;271;202;201;99;88;211;53;161;53;270;86;60;244;78;52;89;85;105;73;86;82;211;210;90;82;55;86;86;232;243;88;280;90;100;52;270;86;93;52;100)
seed_30_level_6-4,1445,48140.224021196365,52385094,14396,(159;75;63;88;68;76;67;202;101;75;96;202;53;57;57;101;75;75;53;202;101;202;53;202;57;57;202;57;57;112;150;202;53;95;160;63;57;59;52;57;202;110;202;101;57;103;202;52;62;101;53;202;75;202;53;57;57;101;94;57;86;53;232;201;86;90;73;244;53;52;162;243;201;90;58;86;201;210;52;52;107;53;76;95;201;201;115;52;53;75;52;52;74;73;160;73;88;212;202;85;201;52;201;95;59;54;87;161;85;76;52;52;93;90;220;211;243;53;52;53;201;95;233;86;82;52;202;52;159;52;59;202;53;52;90;76;74;201;248;52;52;87;76;232;202;52;60;52;52;162)
seed_30_level_6-4,1445,48690.08564352989,53811844,14546,(202;69;66;57;202;57;92;57;202;57;101;52;64;57;53;75;101;101;202;77;57;61;100;202;57;92;52;52;57;75;57;75;90;93;80;61;52;202;202;57;80;75;202;161;202;57;93;57;202;57;56;57;52;96;202;75;202;75;56;57;53;202;202;234;52;88;202;75;201;85;88;243;158;278;107;52;115;74;89;270;73;73;246;85;158;88;159;243;201;88;52;73;212;90;242;213;52;53;55;231;52;234;52;232;86;98;52;52;52;243;52;52;240;218;73;271;230;87;201;53;158;219;88;52;52;55;52;52;88;52;98;73;115;201;211;201;211;89;52;52;281;202;280;73;52;73;52;54;244;195)
seed_30_level_6-4,1445,49242.9741795063,55217045,14696,(101;202;100;82;57;202;202;207;57;57;57;101;52;208;57;57;58;57;107;105;202;57;75;52;66;57;93;53;202;62;202;117;100;52;101;57;58;202;202;101;57;53;93;159;100;53;53;202;202;202;53;52;202;58;101;52;75;202;100;80;75;101;242;100;90;201;201;73;52;101;52;201;100;86;74;86;126;73;52;52;110;201;201;161;88;201;108;53;230;98;86;223;73;243;52;52;158;52;158;73;53;63;55;90;201;202;52;201;90;203;202;210;52;211;110;90;52;243;218;201;201;76;100;162;52;159;52;52;201;107;86;86;55;75;89;200;242;201;98;211;201;270;210;158;200;201;100;201;88;97)
seed_30_level_6-4,1445,49772.091695547104,56315497,14846,(208;208;52;107;53;57;63;57;57;202;58;53;202;77;64;202;206;161;123;58;202;91;53;52;93;202;64;52;86;202;101;202;202;92;75;91;101;53;57;89;57;202;52;58;160;202;202;53;57;160;75;107;57;101;57;101;61;159;99;57;58;53;202;56;164;52;58;52;203;73;75;91;53;55;87;160;90;101;215;158;160;52;93;91;158;92;85;86;52;52;52;52;53;56;91;52;103;232;103;75;220;52;119;244;270;73;86;58;87;158;100;52;52;60;280;201;201;52;55;219;76;52;53;52;73;52;88;100;88;57;54;62;100;201;202;232;55;52;73;100;86;52;52;91;53;56;201;58;214;52)
seed_30_level_6-4,1445,50322.275435209274,57634143,14996,(158;52;54;52;158;106;91;84;57;52;270;87;201;109;106;52;270;231;56;201;53;105;52;232;201;243;58;93;55;100;201;102;162;89;108;77;88;115;114;201;201;93;53;52;55;55;58;100;158;110;219;58;232;201;100;52;160;202;219;115;215;233;73;56;93;93;221;52;274;76;52;86;86;201;100;86;201;58;52;208;57;52;202;80;226;101;202;80;59;57;53;64;64;57;58;101;93;57;75;57;57;52;202;208;202;52;80;52;202;202;202;88;57;202;202;57;93;52;57;75;57;59;57;202;61;68;202;102;202;75;57;52;62;83;202;57;159;63;93;57;88;101;202;82;100;208;69;208;160;77)
