seed_10_level_1-4,1202,490.0446209907532,791216,150,(1001;42;42;54;103;42;54;43;56;53;87;45;52;42;47;53;42;52;42;43;43;57;58;57;68;251;53;49;42;57;76;58;52;44;57;44;58;57;54;46;55;69;42;42;42;57;56;42;42;57;43;57;86;56;94;52;57;42;60;52;43;43;52;46;59;44;42;56;88;90;52;54;52;42;53;42;52;53;42;44;57;56;42;57;53;52;116;66;57;43;238;52;44;44;53;44;52;90;52;52;57;52;54;43;44;46;119;42;52;42;57;57;52;57;89;43;49;53;42;52;53;53;55;66;52;52;42;43;53;57;57;44;54;52;57;52;69;52;57;108;43;52;57;53;52;53;58;59;76;53)
seed_10_level_1-4,1202,977.3708357810974,1085475,302,(42;42;42;42;42;42;42;42;42;42;43;42;42;43;42;42;42;42;42;42;42;43;42;43;43;42;43;43;43;43;42;43;43;44;44;44;44;44;44;44;44;44;44;46;46;46;46;49;49;49;50;60;60;66;69;69;76;54;52;69;57;54;59;57;57;57;59;57;59;57;53;57;53;53;57;57;57;57;53;57;57;57;57;57;55;66;58;55;52;56;55;55;53;57;56;56;52;56;54;52;52;52;53;52;52;59;54;52;53;52;52;52;52;52;52;52;54;52;52;52;54;55;52;52;52;52;52;54;53;53;57;52;53;53;53;53;89;94;103;87;76;86;90;88;88;116;108;120;251;53;238;54)
seed_10_level_1-4,1202,1457.3526360988617,1378913,454,(42;42;42;42;42;42;42;42;42;43;42;42;42;42;42;42;43;42;42;42;43;42;43;42;43;42;42;43;43;42;43;42;42;44;44;44;44;44;44;44;44;44;44;46;46;46;46;49;49;49;55;60;60;66;69;69;75;54;52;68;57;54;60;57;57;57;58;57;59;57;57;53;57;53;57;57;53;57;57;57;57;54;66;58;55;52;56;55;55;53;53;57;53;53;52;56;56;54;52;52;52;54;52;52;59;54;52;54;52;52;52;52;52;52;52;53;52;52;52;54;55;52;52;52;52;52;54;53;57;53;57;53;52;53;53;57;89;95;103;87;76;86;88;88;88;116;108;119;251;46;238;52)
seed_10_level_1-4,1202,1929.158040046692,1671654,606,(42;42;42;42;42;42;42;42;42;42;42;42;42;42;42;42;42;42;43;43;43;42;43;42;43;42;42;43;42;42;43;42;43;44;44;44;44;44;44;44;44;44;44;46;46;46;46;49;49;49;50;60;60;66;69;69;75;53;52;68;57;54;60;57;57;57;58;57;58;57;53;57;57;57;57;57;57;57;57;53;57;54;66;58;55;52;56;55;53;53;53;57;53;53;52;53;52;52;52;53;52;52;59;53;52;54;52;52;52;52;52;52;52;54;52;52;52;54;54;52;52;52;52;52;53;53;53;57;56;53;57;53;52;53;53;56;89;94;103;87;76;86;90;88;88;116;108;119;251;44;238;52)
seed_10_level_1-4,1202,2412.903209924698,1994484,758,(42;42;42;42;42;42;42;42;42;42;42;42;42;42;42;42;42;43;43;42;43;42;42;43;43;42;43;42;43;43;43;43;42;44;44;44;44;44;44;44;44;44;44;46;46;46;46;49;49;49;55;60;60;66;69;69;76;53;52;69;57;55;59;57;57;57;59;57;58;57;57;57;57;57;57;57;53;57;57;53;53;55;66;58;55;52;56;55;53;56;57;53;56;52;53;52;52;52;53;52;52;59;54;52;54;52;52;52;52;52;52;52;53;52;52;52;53;55;52;52;52;52;52;54;57;57;53;57;53;56;53;57;52;53;53;56;89;95;103;87;76;86;90;90;88;116;108;120;251;53;238;243)
seed_10_level_1-4,1202,2886.9970009326935,2288810,910,(42;42;42;42;42;42;42;42;42;42;42;42;42;42;42;42;42;43;42;42;43;43;42;43;42;43;43;42;42;43;42;42;43;44;44;44;44;44;44;44;44;44;44;46;46;46;46;49;49;49;55;60;60;66;69;69;75;54;52;69;57;55;60;57;57;57;59;57;58;57;57;57;57;57;57;57;57;57;53;57;57;57;55;66;58;55;52;56;55;53;53;57;53;53;53;52;53;52;52;52;53;52;52;59;54;52;54;52;52;52;52;52;52;52;54;52;52;52;54;55;52;52;52;52;52;54;57;53;53;53;56;53;52;57;53;56;89;95;103;87;76;86;90;90;88;116;108;120;251;44;238;53)
seed_10_level_1-4,1202,3365.1631758213043,2584125,1062,(42;42;42;42;42;42;42;42;42;42;42;42;42;42;42;42;42;42;43;43;42;43;42;42;42;42;43;42;42;42;43;43;43;44;44;44;44;44;44;44;44;44;44;46;46;46;46;49;49;49;50;60;60;66;69;69;76;54;52;69;57;54;60;57;57;57;59;57;58;57;57;57;57;57;57;57;57;57;57;53;57;57;57;54;66;58;55;52;56;53;55;53;57;53;53;56;52;54;52;52;52;54;52;52;59;54;52;53;52;52;52;52;52;52;52;53;52;52;52;54;55;52;52;52;52;52;54;57;57;57;53;56;57;52;57;53;89;95;103;87;76;86;88;88;88;116;108;119;251;57;238;58)
seed_10_level_1-4,1202,3840.1016142368317,2879021,1214,(42;42;42;42;42;42;42;42;42;42;42;42;42;42;42;42;42;43;42;43;42;43;42;42;43;43;43;42;43;43;43;42;43;44;44;44;44;44;44;44;44;44;44;46;46;46;46;49;49;49;50;60;60;66;69;69;76;54;52;68;57;54;59;57;57;57;59;57;59;57;57;57;57;57;57;57;57;53;53;57;53;53;53;57;53;57;57;54;66;58;55;52;56;53;55;57;56;53;53;52;53;54;52;52;52;53;52;52;59;54;52;54;52;52;52;52;52;52;52;53;52;52;52;53;54;52;52;52;52;52;53;57;53;57;56;52;89;94;103;87;76;86;90;90;88;116;108;120;251;57;238;61)
seed_10_level_1-4,1202,4319.199149847031,3177555,1366,(42;42;42;42;42;42;42;42;42;42;42;42;42;42;42;42;42;43;42;43;42;42;42;43;43;42;43;42;43;42;43;42;42;44;44;44;44;44;44;44;44;44;44;46;46;46;46;49;49;49;50;60;60;66;69;69;75;53;52;68;57;54;60;57;57;57;59;57;59;57;57;57;57;57;57;57;53;57;53;57;57;57;53;55;66;58;55;52;56;53;55;57;53;56;53;52;56;56;54;52;52;52;53;52;52;59;53;52;54;52;52;52;52;52;52;52;53;52;52;52;53;55;52;52;52;52;52;54;57;53;57;57;53;57;53;52;89;94;103;87;76;86;90;88;88;116;108;119;238;59;251;104)
seed_10_level_1-4,1202,4790.505136489868,3472252,1518,(42;42;42;42;42;42;42;42;42;42;42;42;42;42;42;42;42;42;43;42;42;42;43;43;43;43;42;42;43;42;42;43;42;44;44;44;44;44;44;44;44;44;44;46;46;46;46;49;49;49;50;60;60;66;69;69;76;53;52;68;57;55;59;57;57;57;59;57;59;57;57;57;57;57;57;57;57;57;57;57;53;57;57;53;54;66;58;55;52;56;53;55;53;57;53;56;53;52;54;52;52;52;54;52;52;59;53;52;54;52;52;52;52;52;52;52;54;52;52;52;53;54;52;52;52;52;52;54;57;53;53;56;53;57;52;56;89;94;103;87;76;86;90;90;88;116;108;120;238;56;251;52)
seed_10_level_1-4,1202,5277.036652803421,3768146,1670,(42;42;42;42;42;42;42;42;42;42;42;42;42;42;42;42;42;42;43;43;43;42;42;43;43;43;43;43;42;43;43;43;43;44;44;44;44;44;44;44;44;44;44;46;46;46;46;49;49;49;55;60;60;66;69;69;75;54;52;69;57;55;59;57;57;57;58;57;59;57;57;57;57;57;57;57;57;53;57;53;53;57;53;57;55;66;58;55;52;56;55;55;57;53;53;53;52;54;52;52;52;54;52;52;59;54;52;54;52;52;52;52;52;52;52;53;52;52;52;54;55;52;52;52;52;52;54;53;53;53;53;53;56;53;52;53;89;95;103;87;76;86;90;90;88;116;108;119;238;43;251;86)
seed_10_level_1-4,1202,5753.648885965347,4062179,1822,(42;42;42;42;42;42;42;42;42;42;42;42;42;42;42;42;42;43;42;43;42;42;42;43;42;42;42;42;42;42;42;42;43;44;44;44;44;44;44;44;44;44;44;46;46;46;46;49;49;49;50;60;60;66;69;69;76;54;52;69;57;55;59;57;57;57;59;57;59;57;57;57;57;57;57;57;53;53;53;57;55;66;58;55;52;56;55;55;53;57;56;53;56;52;56;56;54;52;52;52;53;52;52;59;53;52;54;52;52;52;52;52;52;52;53;52;52;52;54;54;52;52;52;52;52;53;53;53;53;53;57;57;53;53;53;52;89;95;103;87;76;86;90;90;88;116;108;119;238;61;251;51)
seed_10_level_1-4,1202,6238.448690652847,4356190,1974,(42;42;42;42;42;42;42;42;42;42;42;42;42;42;42;42;42;43;42;42;42;42;42;42;42;42;42;43;43;42;43;42;42;44;44;44;44;44;44;44;44;44;44;46;46;46;46;49;49;49;50;60;60;66;69;69;75;53;52;69;57;55;60;57;57;57;59;57;58;57;57;57;57;57;57;57;57;57;57;54;66;58;55;52;56;53;53;57;56;53;53;52;54;52;52;52;53;52;52;59;54;52;54;52;52;52;52;52;52;52;53;52;52;52;54;55;52;52;52;52;52;54;53;57;53;53;56;57;57;53;53;57;53;57;52;53;89;94;103;87;76;86;88;90;88;116;108;120;238;52;251;53)
seed_10_level_1-4,1202,6715.7139620780945,4654638,2126,(42;42;42;42;42;42;42;42;42;42;42;42;42;42;42;42;42;43;43;43;43;42;43;42;42;42;42;43;43;42;43;43;42;44;44;44;44;44;44;44;44;44;44;46;46;46;46;49;49;49;50;60;60;66;69;69;76;54;52;69;57;55;59;57;57;57;59;57;58;57;57;57;57;57;57;57;53;53;57;57;57;57;53;53;55;66;58;55;52;56;55;55;53;57;53;56;53;52;56;53;53;52;52;52;53;52;52;59;53;52;53;52;52;52;52;52;52;52;54;52;52;52;54;54;52;52;52;52;52;53;53;57;53;57;57;52;89;94;103;87;76;86;88;88;88;116;108;119;238;52;251;110)
seed_10_level_1-4,1202,7204.061140537262,4951961,2278,(42;42;42;42;42;42;42;42;42;42;42;42;42;42;42;42;42;43;43;42;42;43;42;43;43;43;43;42;42;43;42;43;43;44;44;44;44;44;44;44;44;44;44;46;46;46;46;49;49;49;50;60;60;66;69;69;76;54;52;69;57;55;60;57;57;57;59;57;59;57;57;57;57;57;57;57;57;57;57;57;53;57;53;54;66;58;55;52;56;55;55;53;57;53;56;53;52;56;53;54;52;52;52;53;52;52;59;54;52;54;52;52;52;52;52;52;52;53;52;52;52;53;54;52;52;52;52;52;54;53;57;57;53;53;53;52;89;94;103;87;76;86;90;90;88;116;108;120;238;52;251;92)
seed_10_level_1-4,1202,7674.765921831131,5246396,2430,(42;42;42;42;42;42;42;42;42;42;42;42;42;42;42;42;42;42;42;43;43;43;43;43;43;43;43;43;42;42;42;43;43;44;44;44;44;44;44;44;44;44;44;46;46;46;46;49;49;49;50;60;60;66;69;69;76;54;52;68;57;54;60;57;57;57;58;57;58;57;57;57;57;57;57;57;53;53;57;57;53;57;57;55;66;58;55;52;56;53;53;53;57;53;56;53;52;53;53;52;52;52;53;52;52;59;53;52;54;52;52;52;52;52;52;52;54;52;52;52;53;55;52;52;52;52;52;54;57;53;56;57;53;57;53;52;89;94;103;87;76;86;90;90;88;116;108;120;238;52;251;58)
seed_10_level_1-4,1202,8164.701100349426,5642197,2585,(43;53;43;53;43;53;43;43;62;42;42;82;58;57;52;52;52;52;53;52;53;53;57;54;57;56;52;57;57;53;44;57;53;52;57;42;57;54;46;46;129;53;56;57;44;57;57;53;56;42;250;44;54;52;44;53;52;53;94;57;52;53;53;52;55;55;53;56;46;53;53;55;53;57;52;60;53;52;53;57;54;80;53;94;54;64;53;52;58;53;61;90;91;53;52;52;52;84;53;100;96;56;42;90;57;133;62;57;61;55;97;57;57;93;62;251;60;57;57;52;57;57;122;57;57;44;55;57;52;107;101;90;93;57;53;238;52;238;52;52;52;57;52;52;52;52;52;52;52;52;52;52;52;54;58)
seed_10_level_1-4,1202,8632.87669968605,6031469,2732,(65;42;42;225;53;42;57;66;53;44;43;43;53;59;53;53;82;88;58;59;56;129;42;55;53;42;42;57;53;53;53;69;49;89;90;92;57;53;57;53;54;53;57;54;54;95;64;58;57;68;58;46;54;57;57;57;52;52;42;53;62;54;57;57;53;55;52;42;46;44;80;51;57;51;91;53;52;54;57;94;62;53;94;53;53;57;58;53;106;58;53;53;56;53;59;52;53;96;84;55;53;90;52;62;43;42;52;53;85;88;52;251;91;59;53;53;53;57;56;46;52;62;53;60;64;57;57;63;56;238;52;53;43;53;251;54;52;52;42;163;52;107;52;52;89;52;52)
seed_10_level_1-4,1202,9105.533423900604,6425408,2880,(53;43;57;53;86;64;57;77;42;53;43;44;52;42;42;129;53;52;42;43;52;57;52;93;55;54;46;56;53;56;62;53;73;53;53;53;71;106;53;55;43;57;53;55;46;73;52;104;56;90;57;59;54;42;53;52;44;118;44;57;101;56;51;86;57;94;127;52;88;53;58;69;104;93;53;59;78;57;52;58;91;55;53;53;90;52;53;54;85;53;53;57;52;118;57;89;90;58;43;42;60;42;56;42;56;49;52;56;102;93;225;53;43;55;52;88;42;57;106;53;42;44;58;53;238;55;57;108;58;63;251;52;52;57;62;52;53;58;52;57;42;52;52;165;56;88;52;52)
seed_10_level_1-4,1202,9597.788198709488,6921945,3031,(54;52;42;52;52;57;52;53;89;57;42;42;53;49;70;57;96;64;67;59;88;53;64;53;53;53;56;43;43;56;63;56;53;53;43;118;53;56;49;53;59;57;42;241;52;44;59;42;55;92;86;55;87;52;53;58;42;55;52;53;250;42;136;54;112;58;55;44;43;42;54;46;87;84;46;42;42;225;58;53;53;52;54;90;96;57;57;55;46;62;88;57;44;118;54;69;59;110;53;64;52;89;58;57;88;57;59;53;53;258;104;89;57;44;59;53;42;51;54;57;57;57;57;57;53;57;54;84;238;103;56;52;55;56;111;42;249;52;55;57;253;52;55;86;43;56;56;105;66;55;52)
seed_10_level_1-4,1309,10101.143889904022,7469742,3182,(53;59;56;57;42;53;53;53;53;104;53;54;42;53;53;56;54;52;63;66;52;89;67;56;88;56;70;53;52;58;94;57;57;57;104;88;53;53;52;131;90;53;53;57;56;77;53;90;107;53;86;53;57;53;57;51;51;57;52;87;107;56;106;69;60;58;53;249;42;65;53;53;62;42;90;214;53;42;242;42;58;56;59;225;111;58;245;44;51;183;53;62;109;44;204;57;123;52;95;116;86;109;45;57;57;57;78;46;57;57;57;116;57;98;56;57;90;53;57;105;90;190;66;51;59;57;57;53;79;238;58;53;54;51;55;58;52;57;81;53;125;71;51;76;57;60;51;67;106;53;52)
seed_10_level_1-4,1309,10608.307892799377,8046359,3333,(53;57;77;64;64;59;53;55;52;54;54;54;104;57;50;56;56;56;58;67;63;56;51;49;53;88;56;65;96;59;52;44;56;59;57;44;59;53;88;57;107;57;95;94;57;88;107;119;57;59;208;57;107;110;76;214;57;52;60;59;53;56;58;60;55;59;44;57;55;58;52;44;71;204;58;53;57;117;57;53;44;52;49;52;57;61;57;57;240;54;46;86;131;57;88;95;53;52;93;57;88;88;57;55;57;53;52;53;52;52;239;88;53;52;55;57;57;97;44;53;50;123;53;239;64;52;58;52;54;245;224;58;53;245;59;60;51;56;59;59;52;53;173;133;72;57;189;52;54;83;107)
seed_10_level_1-4,1309,11107.531077623367,8581209,3483,(77;54;55;46;78;85;52;52;54;52;52;88;57;57;57;57;52;57;104;52;106;57;57;53;57;106;53;53;59;44;83;44;75;56;53;55;57;214;53;57;52;52;53;52;56;78;107;52;57;52;53;53;69;131;57;88;57;108;57;57;57;57;57;52;85;61;57;88;54;59;240;54;56;94;52;46;57;57;76;52;46;59;53;46;53;52;93;96;239;53;44;53;53;239;53;105;52;53;57;52;52;55;53;181;97;56;56;245;54;225;56;108;113;240;58;59;102;52;55;79;56;51;51;58;95;51;57;58;63;59;53;208;106;57;56;57;90;52;52;53;57;52;51;52;103;52;57;86;80;103)
seed_10_level_1-4,1309,11631.864934682846,9256654,3636,(106;104;86;57;92;88;51;56;58;58;44;46;44;76;44;56;69;44;88;68;63;52;57;82;76;240;57;52;57;52;58;90;106;57;57;44;90;54;57;57;62;106;244;57;78;55;52;52;78;53;112;56;55;240;96;52;131;52;88;107;44;53;57;59;57;237;95;60;57;107;57;106;129;129;214;57;57;57;53;57;104;53;44;52;71;63;45;54;93;53;53;224;46;48;51;55;51;58;59;44;110;109;243;58;51;164;108;86;109;239;44;208;53;53;53;110;52;87;86;56;52;52;54;52;108;113;87;56;56;104;104;239;58;88;70;56;244;102;57;48;53;107;58;99;58;53;53;52;53;56;52;52;87)
seed_10_level_1-4,1309,12143.75636100769,9905842,3785,(81;54;101;58;58;56;95;90;54;57;82;104;58;53;53;53;57;96;56;50;87;51;52;53;77;214;114;58;52;110;65;55;46;46;44;92;53;76;59;129;239;57;88;52;58;57;52;53;52;57;88;133;59;57;53;239;70;52;93;75;56;92;53;116;46;53;52;53;58;44;44;53;56;104;208;86;105;90;86;52;44;88;51;45;103;111;245;52;110;52;115;51;77;225;58;54;57;54;60;62;46;51;102;127;109;129;53;58;58;59;59;46;237;56;130;57;52;78;59;58;62;87;46;52;130;85;57;52;57;44;92;244;182;143;119;55;57;53;92;57;52;88;52;118;85;116;217;145;108)
seed_10_level_1-4,1309,12645.644289016724,10537505,3933,(104;57;53;102;54;54;45;104;87;91;76;53;61;239;57;93;76;57;57;52;103;107;53;104;57;52;59;53;54;214;46;76;87;58;57;44;111;53;58;67;56;113;59;95;101;51;56;110;44;53;56;53;52;58;52;88;225;56;44;54;113;107;57;52;83;44;44;59;108;45;60;111;55;237;57;76;109;57;52;88;53;57;84;57;58;57;53;208;57;79;53;240;53;53;53;52;52;53;52;53;53;52;53;53;52;57;52;208;52;136;102;54;95;55;57;86;112;57;52;86;54;104;82;86;95;111;56;217;88;44;52;56;109;93;90;217;93;245;52;93;52;52;218;93;54;59;103;83)
seed_10_level_1-4,1309,13164.10455274582,11287807,4084,(109;76;102;110;102;54;53;52;90;53;52;108;239;88;51;51;52;57;52;54;52;57;52;57;57;56;52;214;63;62;147;46;44;91;56;67;57;44;57;221;240;57;225;44;86;59;53;127;55;106;59;44;54;59;237;53;55;59;102;56;71;53;55;51;81;51;55;52;76;106;56;57;239;58;245;44;57;58;241;52;52;52;106;204;88;56;88;53;53;237;113;56;57;63;55;57;61;54;59;61;59;90;123;120;44;58;116;55;208;52;52;86;111;84;103;86;51;52;88;86;54;53;58;59;53;52;238;51;104;217;116;55;108;162;115;146;132;54;57;45;52;88;93;57;117;93;77;77;53;52;117)
seed_10_level_1-4,1309,13673.188354492188,11920252,4235,(106;78;53;53;61;55;77;53;56;55;56;44;51;240;57;53;57;52;88;57;58;57;57;57;57;108;52;237;59;245;63;57;57;57;44;59;57;57;59;44;109;46;48;57;224;51;58;245;140;101;45;57;70;58;87;53;52;103;60;53;52;108;71;54;57;57;56;64;93;115;111;135;54;46;53;221;111;57;53;52;54;53;107;57;61;54;59;88;58;52;59;208;209;52;65;71;53;52;56;53;113;55;52;52;131;52;92;89;52;55;52;183;53;81;57;58;102;62;57;56;93;53;92;57;53;88;52;52;115;58;120;93;239;90;53;52;96;97;239;53;59;53;105;97;57;57;53;107;52;107;57)
seed_10_level_1-4,1842,14191.756455421448,13112626,4384,(102;53;102;61;90;56;54;75;56;54;53;53;237;88;62;57;221;53;57;57;59;230;94;57;53;56;79;53;135;53;57;120;57;122;112;62;53;53;57;52;53;56;57;240;57;56;56;44;54;239;107;46;53;57;57;58;59;61;221;58;59;44;46;59;120;53;53;53;53;68;61;54;108;183;192;122;119;79;52;62;106;93;93;59;244;52;102;86;55;48;91;200;209;85;53;52;88;56;86;52;52;88;115;53;81;52;107;52;106;53;114;225;44;87;58;56;104;95;64;67;54;50;1001;53;58;42;64;59;58;239;57;87;56;104;52;52;56;56;239;52;105;52;101;52;92;56;57;43;90)
seed_10_level_1-4,1842,14728.328761100769,14377976,4534,(221;52;53;240;219;111;219;57;52;240;57;79;104;54;106;53;53;105;78;55;52;52;56;52;57;56;53;135;53;60;53;57;53;60;44;49;244;57;77;55;54;240;90;57;53;52;102;57;56;53;53;52;53;52;57;64;55;1001;44;102;97;69;59;74;53;43;107;49;42;53;44;65;103;53;239;54;59;53;106;239;84;57;53;56;58;220;240;56;57;116;53;56;88;209;56;106;104;86;53;53;108;42;54;56;56;86;54;114;53;117;56;221;80;57;60;42;57;61;57;58;57;53;107;59;89;62;57;53;52;244;178;54;57;57;59;57;147;57;185;217;110;55;55;52;89;46;94;46;201;111)
seed_10_level_1-4,1842,15255.66834950447,16067313,4682,(102;56;56;57;61;53;55;53;56;102;57;81;244;55;57;57;158;53;106;53;88;53;53;57;55;221;213;88;53;59;53;242;110;57;59;57;56;52;56;57;105;1001;57;88;57;86;42;97;44;54;53;221;93;123;53;1001;240;52;53;53;44;55;44;52;52;56;52;52;52;73;88;209;85;114;209;86;53;57;54;86;52;92;52;90;133;53;56;88;220;52;53;64;59;57;112;53;185;53;52;104;88;59;52;107;57;53;53;59;218;60;52;53;72;46;104;147;113;54;57;104;102;42;238;124;222;44;102;57;219;57;81;55;54;52;54;53;52;93;53;54;107;56;53;52;115;57;112;52)
seed_10_level_1-4,1842,15785.82612323761,17342066,4831,(240;52;53;52;42;79;90;42;53;52;43;106;102;106;57;53;56;55;53;43;52;42;43;56;57;43;219;106;91;142;57;107;107;54;71;135;57;104;55;235;78;107;176;219;57;58;53;52;53;53;57;52;52;52;58;57;52;53;108;58;135;244;56;53;86;62;52;160;57;52;54;57;166;52;53;241;78;133;88;53;112;53;89;57;104;128;53;206;112;103;177;53;251;104;221;61;44;110;59;46;126;81;109;46;46;61;54;53;63;82;248;106;209;52;95;86;53;87;86;52;84;52;53;86;88;89;57;106;113;57;1001;88;109;104;88;53;57;57;88;52;57;53;51;196;272;93;57;53;59)
seed_10_level_1-4,1842,16329.663569688797,18706082,4981,(106;53;52;52;57;52;52;53;56;63;239;57;52;57;42;55;52;53;53;57;102;57;52;42;219;58;53;58;187;52;88;252;86;52;53;52;59;52;52;52;244;53;56;53;90;53;51;57;53;52;67;57;57;117;53;218;44;292;224;57;46;52;259;57;53;53;57;259;128;115;115;44;209;112;54;107;52;240;54;52;54;76;90;42;59;54;58;57;53;1001;99;57;52;103;57;66;56;88;99;54;57;56;44;248;53;110;57;57;93;235;51;57;76;51;55;55;208;53;55;53;53;54;56;59;59;57;61;57;104;222;238;248;78;77;102;93;240;53;118;87;192;52;53;221;52;86;123;52;52;104)
seed_10_level_1-4,1842,16881.031898975372,20222083,5130,(106;56;53;52;55;53;51;52;52;92;52;240;56;52;42;92;57;55;52;57;94;240;59;52;244;58;52;58;244;58;54;53;57;54;53;52;238;63;235;90;61;102;56;53;132;53;56;53;52;57;210;88;57;76;55;209;52;57;52;88;52;57;77;52;52;58;86;52;53;90;107;1001;97;107;94;44;60;74;89;74;54;57;104;94;44;53;104;46;44;220;86;54;52;52;54;53;52;52;55;54;58;56;56;54;259;53;292;112;68;44;214;53;239;44;57;62;93;56;60;57;296;57;57;52;61;44;222;240;254;114;52;240;222;52;116;53;239;180;238;238;56;103;106;226;251;102;106;238;52)
seed_10_level_1-4,1842,17408.71855211258,21515766,5278,(102;76;53;52;51;58;55;106;51;104;219;54;53;52;53;42;42;52;84;53;119;52;52;53;52;209;55;52;253;52;51;52;52;247;54;52;53;104;58;58;1001;74;57;52;200;52;99;52;105;107;95;69;52;52;57;53;240;92;68;53;104;52;53;54;55;58;238;70;102;53;59;54;113;109;130;52;57;90;63;57;208;54;52;57;195;208;244;57;53;156;89;105;57;160;55;114;53;53;117;57;105;238;52;61;123;57;59;62;104;61;57;111;102;167;57;53;57;68;56;52;222;42;112;59;91;148;256;52;191;53;105;250;52;56;91;57;62;57;42;53;219;63;54;54;62;53;53;52)
seed_10_level_1-4,1842,17945.050191640854,22865446,5428,(220;56;92;54;59;86;54;52;53;53;104;52;91;65;106;108;55;51;51;84;55;53;51;55;52;56;238;59;58;115;57;62;114;107;291;128;61;140;259;58;102;81;58;239;42;53;180;58;57;52;54;51;52;85;52;128;53;63;57;1001;125;52;64;46;97;53;57;113;52;131;88;103;105;52;57;259;222;107;53;102;182;56;113;52;53;95;52;46;85;57;53;53;228;57;217;208;134;53;42;244;53;240;57;88;66;53;57;64;56;54;60;59;57;53;54;209;109;57;52;57;56;57;57;91;57;53;209;219;56;56;51;52;208;53;216;52;105;54;240;91;52;55;57;52;53;53;54;52;106;57)
seed_10_level_1-4,1954,18492.498212575912,24750238,5578,(102;76;50;61;51;84;52;56;86;102;92;219;86;60;210;102;52;102;52;58;91;54;58;54;58;56;244;56;160;53;52;57;42;78;53;73;88;53;104;57;57;240;190;52;52;52;182;90;49;52;52;52;52;53;49;61;219;57;90;88;52;52;57;57;88;52;52;53;58;57;107;223;224;56;208;54;52;90;104;57;57;57;57;53;53;57;55;57;52;53;53;1001;57;57;88;76;90;57;53;103;52;57;59;88;44;107;57;57;56;222;105;218;42;132;239;104;52;112;61;132;51;219;54;180;104;54;239;227;52;60;239;1001;68;58;53;44;229;107;107;53;154;248;109;61;256;52;53;120;62;255)
seed_10_level_1-4,1954,19032.539323091507,25666089,5729,(208;53;53;52;132;52;57;90;132;53;57;57;52;52;52;244;57;107;106;54;78;57;64;238;88;90;52;58;62;102;86;89;86;56;86;61;51;56;86;52;56;371;57;57;123;43;87;57;122;61;46;57;249;57;108;57;87;240;91;54;52;53;59;62;63;57;57;52;57;239;59;54;106;210;54;52;101;97;86;52;117;56;107;58;53;52;42;59;90;224;55;86;56;57;53;102;88;55;52;51;106;51;134;57;53;58;291;53;86;73;52;53;117;286;54;92;62;53;256;127;57;53;52;42;52;114;57;222;46;179;142;238;62;52;147;52;88;128;54;52;130;51;217;152;52;52;52;208;128;177;115)
seed_10_level_1-4,1954,19576.990087985992,26700303,5879,(106;102;53;91;52;52;56;87;82;56;56;52;56;210;56;43;52;53;52;52;54;58;59;50;57;256;58;52;208;55;129;108;51;96;54;53;52;104;240;57;52;52;223;52;224;56;200;51;211;52;53;57;52;58;84;59;52;87;51;86;240;62;52;52;239;57;54;57;44;54;57;54;53;80;61;291;58;228;107;57;56;101;111;239;53;107;52;101;107;43;76;57;42;249;371;57;91;57;61;133;57;90;57;53;71;64;57;97;57;88;57;244;53;53;55;52;76;238;52;57;52;53;52;108;53;57;52;222;52;88;139;54;250;138;177;188;57;256;249;181;54;205;53;52;130;88;106;112;133;210)
seed_10_level_1-4,2217,20134.008860111237,27815507,6029,(106;51;77;58;51;51;52;51;53;102;55;52;210;116;79;251;61;66;52;53;52;123;110;127;56;90;239;52;71;57;55;52;182;253;53;59;49;53;59;54;244;112;53;88;86;239;239;56;57;52;53;52;98;239;54;371;57;77;57;59;69;79;57;79;53;57;62;107;44;57;88;224;58;178;63;469;86;54;52;53;53;111;52;53;50;52;75;86;222;52;52;54;119;76;52;60;131;53;53;95;55;54;53;109;52;291;62;57;51;106;229;62;307;62;53;103;52;68;128;54;252;94;93;62;57;222;218;129;182;54;52;200;112;131;134;78;95;45;53;77;132;107;57;104;217;54;54;47;104;209)
seed_10_level_1-4,2217,20656.398510694504,28779544,6178,(102;102;53;53;45;56;51;51;61;53;52;305;57;85;53;88;47;54;61;97;57;57;45;131;91;222;52;54;51;90;53;102;54;102;55;83;119;118;57;52;239;56;54;52;53;52;52;57;52;57;52;53;52;44;102;210;111;252;44;52;53;273;63;86;90;52;52;53;140;111;437;188;52;53;85;52;51;85;78;145;55;92;53;84;84;55;363;54;309;58;44;61;273;61;53;59;59;52;57;53;56;52;58;52;112;52;53;244;53;90;54;92;53;53;212;52;53;55;56;53;63;210;111;116;217;222;53;44;105;45;98;203;53;238;112;54;54;45;53;140;54;131;112;93;53;52;53;111;44)
seed_10_level_1-4,2217,21203.744642734528,29993243,6329,(102;102;55;102;248;55;86;86;53;102;51;55;239;57;104;51;52;51;52;53;53;56;51;57;51;52;363;294;45;53;59;45;68;47;92;52;107;58;59;62;52;53;61;305;57;57;70;67;57;89;77;75;66;108;130;252;79;70;222;122;242;112;90;53;105;54;52;109;55;54;54;54;52;53;222;142;52;54;57;113;56;181;189;86;114;52;52;54;51;52;52;53;57;52;182;273;53;61;92;56;239;52;52;57;53;95;106;110;53;55;104;149;212;117;53;121;112;64;55;52;125;216;57;53;78;57;53;55;57;57;111;805;232;95;54;59;62;96;95;85;106;86;111;87;86;58;53;52;86;86;89)
seed_10_level_1-4,2217,21748.239580869675,31130011,6480,(240;53;61;54;57;49;53;53;53;53;53;53;86;363;140;52;59;47;98;252;57;93;106;57;57;252;118;99;61;232;91;53;58;59;52;239;53;44;59;224;53;131;252;117;227;217;189;212;53;52;107;52;54;52;55;89;52;133;53;53;52;55;111;52;52;305;110;45;95;61;45;104;68;252;57;57;75;102;99;52;110;223;147;56;97;88;221;89;190;114;130;44;59;134;106;53;55;56;273;249;107;53;107;56;252;294;53;55;109;52;53;53;232;57;52;55;248;57;55;53;49;87;238;53;61;53;102;54;61;76;53;222;57;56;55;47;52;52;208;44;52;53;44;66;79;211;87;61;109;55;60)
seed_10_level_1-4,2217,22291.333804130554,32233817,6628,(239;52;74;57;57;51;57;57;109;52;57;107;212;54;238;52;132;53;53;90;44;120;57;53;230;118;106;222;111;56;52;131;52;45;136;219;79;90;53;53;177;191;107;210;238;76;62;102;58;49;76;52;51;55;53;49;57;75;305;107;49;53;57;59;109;57;60;49;64;53;76;57;111;309;52;57;56;57;57;58;58;52;57;52;61;57;109;121;61;196;221;108;114;57;58;87;280;52;91;58;67;54;53;104;52;66;66;55;294;266;53;102;90;53;52;58;55;107;44;122;56;58;76;127;128;122;52;140;273;190;113;244;52;114;88;85;86;115;223;273;252;53;56;146;252;228;86;86)
seed_10_level_1-4,2217,22826.208338975906,33339990,6776,(305;58;65;45;252;45;45;49;57;53;53;53;91;239;53;52;102;45;53;84;56;53;52;52;44;49;238;84;50;76;238;301;125;53;55;102;49;53;51;363;49;57;57;57;112;57;57;58;88;252;68;74;57;57;280;55;53;103;58;58;112;54;44;53;210;53;55;108;88;84;55;294;52;53;52;44;111;56;45;62;44;54;214;59;61;45;44;45;212;103;252;59;136;115;57;57;135;88;53;53;107;54;63;121;52;222;121;106;57;88;57;52;52;53;57;53;52;60;86;52;243;232;102;52;273;225;115;94;84;57;363;59;107;90;115;317;57;107;229;88;55;88;87;112;90;116;86;53)
seed_10_level_1-4,2217,23369.868184566498,34510210,6926,(240;57;49;57;57;273;53;102;53;57;52;53;53;294;53;70;57;44;121;57;59;57;56;68;55;73;54;53;54;305;57;53;57;57;74;57;57;68;108;57;77;89;109;119;363;58;58;59;252;139;252;56;52;94;45;57;104;114;252;112;252;52;222;222;52;56;210;109;93;56;212;53;52;52;57;57;54;248;61;56;52;56;90;212;52;52;52;90;57;106;52;238;52;238;217;57;55;104;53;90;134;57;56;301;52;51;52;57;294;49;52;82;52;52;238;58;59;51;109;102;294;59;52;295;88;209;84;252;83;44;145;95;90;87;252;53;53;45;56;44;53;53;85;44;93;88;89;45;52;51)
seed_10_level_1-4,2217,23889.526338338852,35486112,7076,(294;59;44;59;44;109;77;59;58;71;44;109;110;90;54;59;273;140;52;52;91;53;52;57;52;52;55;57;57;53;53;57;58;52;60;85;52;86;240;58;54;120;53;54;86;92;56;56;459;53;88;103;54;90;110;52;90;56;212;52;118;53;56;53;55;209;52;58;118;91;97;89;53;93;56;52;52;112;52;238;222;129;53;57;106;53;86;129;86;58;57;137;44;57;53;128;53;57;130;52;53;180;93;301;53;57;53;56;61;57;53;57;76;53;57;53;52;52;61;57;61;233;56;76;57;53;363;60;363;252;52;58;58;115;252;252;53;109;102;62;52;57;52;52;58;62;55;57;52;109)
seed_10_level_1-4,2416,24446.804033994675,36909376,7227,(286;57;52;50;57;66;52;45;45;45;53;44;57;57;69;66;294;59;59;84;58;59;73;106;59;62;44;109;57;59;60;44;242;301;52;52;92;56;246;102;341;82;50;57;52;120;57;102;121;57;52;53;87;250;688;57;97;57;86;58;76;53;56;57;52;52;242;109;84;232;251;93;226;90;254;241;94;59;212;110;52;54;52;52;57;93;240;89;208;56;120;88;88;54;123;238;57;58;55;240;52;222;53;54;54;138;53;54;54;189;134;219;226;130;46;42;92;102;63;52;226;86;89;52;104;309;58;112;71;52;88;93;258;112;267;97;52;52;112;61;258;109;97;112;57;52;52;57;57;52;68)
seed_10_level_1-4,2416,25003.700870513916,38102619,7377,(290;93;258;98;54;42;57;52;61;290;55;52;57;53;314;109;42;58;57;52;59;54;42;46;55;54;54;58;42;125;307;89;57;57;93;258;61;68;112;57;86;55;53;62;112;123;100;254;57;52;116;68;62;52;212;131;106;189;79;92;106;127;53;92;120;164;53;57;52;53;59;59;251;53;148;91;89;133;222;87;111;226;52;239;103;85;224;52;130;52;199;52;217;181;220;133;148;42;104;86;102;390;52;193;53;118;61;56;92;82;52;248;55;53;59;59;56;53;42;226;109;52;57;56;309;58;53;51;77;142;60;195;57;85;226;54;57;118;95;55;120;53;89;87;52;57;58;53;219;53)
seed_10_level_1-4,2416,25538.960447072983,39303697,7527,(314;53;55;58;241;62;57;54;53;122;107;107;42;59;121;301;57;56;125;110;55;57;53;54;42;54;100;53;59;53;56;55;56;111;290;90;57;390;57;58;107;57;255;62;57;52;57;125;57;53;256;53;57;112;109;58;57;53;53;290;53;52;73;52;52;82;214;59;52;101;54;52;62;54;53;57;484;87;85;86;59;54;89;57;108;56;57;88;191;53;86;53;53;80;257;86;59;84;52;94;212;57;53;55;54;105;54;120;104;89;229;119;104;152;53;179;169;106;123;95;78;52;54;208;104;252;52;314;251;133;54;199;52;57;239;117;79;87;104;58;128;52;52;57;57;53;109;55;249;102)
seed_10_level_1-4,2416,26125.87433552742,41000994,7679,(290;100;53;57;54;53;53;52;111;91;58;55;51;53;105;51;88;58;390;118;56;58;264;52;55;57;53;49;109;57;314;57;290;61;142;299;59;57;314;244;120;42;53;42;236;42;113;52;42;42;42;54;42;257;77;59;390;57;108;53;58;127;153;109;57;58;60;122;53;58;62;57;114;56;57;62;258;310;85;59;52;53;61;53;44;290;78;258;56;111;73;220;53;44;61;119;59;136;53;138;229;484;83;115;55;165;103;53;484;130;53;111;238;110;129;59;90;130;179;85;240;52;56;218;314;52;71;79;52;57;139;145;52;229;52;86;57;104;258;239;53;226;227;59;104;208;52;90;129;177;257;181)
seed_10_level_1-4,2416,26686.787737607956,42539395,7829,(390;56;53;54;94;54;53;54;59;53;44;58;42;54;53;56;314;65;121;123;42;57;53;60;240;215;55;42;117;92;286;58;116;390;114;60;58;97;52;153;53;59;57;57;113;58;52;110;57;52;113;57;258;457;108;245;243;109;144;53;213;53;57;58;53;243;52;86;121;145;56;141;107;53;301;56;61;226;57;57;123;55;55;114;55;314;53;51;52;107;53;244;58;314;52;88;314;52;251;52;211;86;109;79;52;221;251;52;184;51;52;86;54;102;55;52;129;112;129;257;117;57;109;442;61;55;58;242;59;53;59;54;117;52;116;122;53;113;222;179;55;223;53;109;239;58;58;59;54;58)
seed_10_level_1-4,2416,27257.534586906433,44191167,7981,(389;52;44;106;52;52;54;58;54;51;87;129;218;53;67;390;121;63;61;58;58;62;52;255;258;52;258;224;60;52;68;84;390;112;314;101;70;115;59;42;63;60;42;62;54;102;58;56;117;247;282;52;93;54;400;95;58;53;52;52;54;110;240;212;54;57;59;59;484;88;57;52;92;254;94;53;224;58;54;301;51;56;53;49;57;49;92;52;62;58;52;56;61;55;74;390;52;51;58;52;56;53;314;104;253;112;104;57;239;206;106;104;177;115;53;211;53;52;55;251;88;154;52;52;109;252;90;201;484;57;53;54;239;56;46;57;59;90;53;57;93;253;54;57;56;130;53;44;56;56;58;56)
seed_10_level_1-4,2416,27838.090039491653,45994579,8132,(390;121;51;56;59;57;58;112;52;52;139;75;54;91;390;61;52;61;57;484;52;44;53;208;88;226;222;378;62;58;56;251;91;235;73;52;57;52;84;57;314;42;230;107;58;71;107;52;241;71;58;57;58;59;42;287;55;62;56;484;53;49;52;248;52;53;51;56;56;218;93;52;53;88;103;52;484;57;61;54;57;58;59;80;250;54;230;54;52;241;258;224;217;52;54;224;88;54;57;87;390;53;57;68;52;55;57;108;228;59;62;52;62;57;112;112;113;57;52;52;53;256;258;314;88;239;114;52;240;204;52;57;112;93;88;226;52;52;248;88;52;52;251;52;52;53;93;231;53;240;104)
seed_10_level_1-4,2416,28405.552053451538,47524501,8282,(314;83;100;106;71;53;42;52;42;42;58;67;42;52;124;42;258;56;58;56;88;55;390;58;59;53;112;223;54;272;43;256;52;390;249;109;52;390;116;105;55;142;240;53;145;390;63;59;240;57;52;52;61;53;235;52;57;107;93;258;52;88;228;258;258;52;258;58;57;286;107;52;57;53;55;52;104;62;87;44;57;53;104;90;53;53;106;54;85;57;49;436;59;218;111;116;54;59;57;54;53;104;59;59;57;58;59;58;57;59;53;115;111;115;57;57;58;224;44;107;57;484;68;52;53;90;90;117;74;53;86;113;59;105;239;79;107;242;53;52;52;52;57;390;103;53;44;106;102;53)
seed_10_level_1-4,2416,28978.06145453453,49212922,8432,(314;243;53;52;42;52;42;56;52;101;53;55;53;44;241;59;56;42;251;290;53;53;53;131;51;53;238;53;55;208;57;90;51;52;116;106;52;104;52;388;57;59;182;95;181;104;110;53;179;244;247;57;210;58;104;54;54;88;240;42;54;58;53;104;57;484;239;52;54;58;108;57;54;225;106;90;52;111;85;57;55;239;225;53;87;112;239;56;114;57;104;239;309;88;57;57;57;99;44;118;62;254;52;52;63;92;53;57;57;57;61;240;53;59;258;119;58;108;93;52;390;52;256;139;58;310;294;149;253;139;52;52;137;104;53;95;139;86;223;53;56;136;390;141;231;57;57;230;390;56)
seed_10_level_1-4,2416,29553.64120745659,50886637,8583,(314;102;59;58;57;78;53;116;114;106;52;42;53;102;44;55;106;57;307;52;213;58;257;62;96;57;258;87;116;52;57;53;258;258;249;258;60;103;57;57;59;52;290;51;53;53;52;57;90;49;77;77;55;51;53;69;79;53;52;58;218;57;52;460;210;110;111;95;104;61;59;58;245;58;211;57;55;243;53;180;55;244;123;58;53;57;59;58;54;222;310;145;107;116;236;115;202;55;239;133;116;56;84;239;106;53;55;111;56;52;52;84;77;238;56;209;52;106;230;390;256;62;58;52;51;252;314;58;104;53;256;56;61;57;61;290;214;57;52;86;106;77;53;314;258;238;102;86;57;390;61)
seed_10_level_1-4,2416,30116.036768436432,52406142,8734,(389;104;57;51;50;42;54;104;53;55;54;104;55;51;54;52;55;57;53;314;129;58;107;58;109;54;53;59;111;54;59;121;53;105;77;109;502;59;242;55;67;105;57;57;224;44;249;59;42;118;53;224;57;136;258;106;88;79;106;102;57;215;54;57;309;60;52;57;52;106;52;53;255;57;61;61;58;57;58;58;90;57;58;62;107;106;109;390;58;63;484;107;142;238;102;56;222;158;53;57;86;53;52;107;79;90;109;54;90;52;57;212;271;53;57;56;88;107;52;390;102;251;88;240;58;314;86;53;53;78;139;57;138;60;114;52;52;102;251;55;139;52;242;58;85;314;107;53;102;254;61)
seed_10_level_1-4,2416,30679.22442173958,53980308,8884,(389;58;59;57;53;53;106;53;55;49;57;51;170;51;57;53;113;53;90;107;53;286;57;52;57;52;57;52;57;93;390;52;112;314;57;57;62;62;58;52;62;57;166;112;109;252;109;484;52;90;53;109;57;57;114;56;53;57;52;290;86;52;53;57;56;59;102;94;86;254;98;251;86;88;140;59;57;51;61;119;461;58;53;110;57;59;104;241;111;256;240;99;250;57;54;59;186;118;114;42;53;54;110;95;89;53;106;102;209;58;109;258;59;390;52;58;50;191;290;84;56;93;53;52;293;137;56;234;58;314;229;62;53;109;92;53;129;104;390;51;129;102;79;58;55;53;144;251;52;52)
seed_10_level_1-4,2416,31220.565531253815,55307826,9034,(290;93;240;118;114;248;43;258;88;92;116;52;55;49;52;53;52;53;52;52;57;52;89;52;73;57;57;390;57;61;93;57;68;63;58;52;58;53;46;58;62;57;118;116;120;52;87;46;93;126;57;62;166;58;54;58;92;46;53;57;52;58;484;109;93;240;109;54;57;107;241;54;59;94;59;57;58;58;59;44;242;53;54;110;57;61;103;258;93;223;225;59;57;61;58;58;57;57;104;117;58;53;58;100;390;88;53;53;55;55;251;58;58;87;52;52;53;56;52;254;73;390;89;59;76;54;52;52;258;121;82;56;57;53;129;226;59;77;135;57;55;57;297;52;295;117;290;253;314;93)
seed_10_level_1-4,2416,31771.78674721718,56820280,9184,(390;68;56;126;57;52;55;52;52;57;52;60;58;167;83;53;114;52;52;258;258;52;52;58;59;53;57;52;52;57;59;390;53;58;50;42;53;57;91;51;238;52;52;57;52;55;258;60;78;55;52;55;215;55;106;53;55;120;93;91;59;52;484;53;57;58;258;105;226;57;42;54;52;59;62;113;59;53;94;57;54;244;108;60;57;59;57;240;54;78;244;57;105;59;210;59;110;65;52;258;186;241;49;293;51;122;54;52;55;230;145;52;52;61;59;57;114;57;55;93;56;52;290;52;85;246;58;390;56;57;53;249;52;53;314;51;140;53;59;390;62;53;265;267;55;242;217;229;290;56)
seed_10_level_1-4,2416,32317.315632343292,58095022,9334,(390;52;120;109;99;57;256;73;244;111;43;62;46;93;102;255;56;52;52;44;44;56;58;95;53;57;52;133;52;53;390;53;57;180;87;57;55;216;54;44;54;53;59;54;63;68;66;225;53;54;53;64;112;52;68;58;63;52;129;269;56;53;388;104;59;53;44;56;60;242;55;55;58;58;52;92;238;52;53;188;119;52;222;224;59;53;42;59;59;222;223;54;53;251;110;57;54;59;56;53;56;59;290;90;148;224;145;90;143;59;53;56;57;90;93;87;103;290;59;290;251;52;86;55;53;136;86;63;78;57;51;272;57;137;84;104;252;83;62;52;109;102;89;55;234;62;140;85;57;226)
seed_10_level_1-4,2416,32847.20586061478,59198043,9485,(290;106;57;53;59;52;49;176;63;42;57;53;57;62;52;180;53;57;102;42;52;53;52;52;42;57;52;54;57;118;59;94;52;390;53;46;250;112;57;57;118;119;53;61;58;53;52;52;84;52;52;92;86;92;59;62;254;53;61;135;254;244;59;57;56;466;225;57;84;54;59;57;42;104;53;90;58;89;59;53;57;57;88;53;55;226;53;52;110;55;107;54;53;57;53;58;53;53;54;58;90;54;258;69;390;57;53;56;57;290;104;59;111;52;88;52;57;223;53;53;85;55;86;54;111;57;390;54;87;251;77;144;87;90;106;52;59;57;57;256;57;106;53;52;53;258;94;57;112;51;51)
seed_10_level_1-4,2416,33365.80123209953,60178882,9636,(390;50;49;52;49;52;51;56;53;52;57;52;44;49;103;57;190;100;49;77;90;51;56;70;51;42;57;53;54;87;56;461;229;53;106;57;52;59;133;53;58;53;73;59;59;58;57;245;54;54;59;55;68;57;53;54;54;63;113;59;104;59;105;55;53;181;53;61;390;52;53;52;58;52;106;52;52;91;254;44;56;57;56;52;83;43;255;57;82;57;58;91;52;52;58;53;112;44;108;52;93;52;46;256;117;390;258;88;116;107;109;111;90;62;52;116;145;53;58;53;52;88;61;92;55;55;53;58;52;113;104;75;90;56;53;59;54;55;251;53;56;250;56;55;145;241;52;54;74;52;89)
seed_10_level_1-4,2416,33907.842876672745,61390320,9786,(390;52;58;68;102;103;72;52;55;107;52;238;52;53;54;57;52;107;52;130;52;52;59;54;52;52;42;69;54;53;390;83;226;52;52;53;94;78;116;63;56;106;102;62;52;52;100;112;52;52;258;97;57;113;258;57;83;57;57;112;57;57;59;62;52;59;108;50;484;57;112;147;59;55;212;59;111;53;63;54;212;242;239;92;59;59;55;110;59;239;59;109;53;57;59;49;54;64;109;60;53;57;54;241;53;134;390;142;60;52;52;108;52;90;57;58;152;253;93;57;243;93;109;91;84;242;58;290;88;88;52;145;290;53;57;104;52;59;57;84;257;44;86;95;94;89;55;59;86;54)
seed_10_level_1-4,2416,34468.832075834274,63070785,9935,(484;42;56;52;58;55;89;58;64;52;240;49;69;53;53;58;104;52;176;59;52;53;51;107;52;55;250;56;54;390;93;53;56;258;52;89;55;68;239;61;52;98;52;52;52;94;58;258;58;52;57;52;221;59;59;52;53;58;102;115;52;59;93;53;102;52;388;57;54;57;210;53;58;210;57;54;57;54;89;59;57;59;54;209;59;58;57;59;57;54;53;52;54;57;57;106;105;94;209;178;181;108;56;104;257;310;390;65;51;53;140;314;208;90;79;255;77;52;53;52;52;79;57;53;290;52;90;390;86;90;145;88;257;258;222;390;290;269;86;290;57;59;56;290;390;300;60;88;90)
seed_10_level_1-4,2416,35019.50901937485,64514538,10085,(290;54;59;88;55;103;53;59;53;116;52;57;52;53;52;49;106;88;53;57;59;57;248;53;53;57;57;62;390;53;57;65;93;84;59;104;53;57;108;57;258;60;104;60;86;52;53;56;52;57;52;57;53;254;52;53;58;255;102;52;147;52;388;88;53;59;56;58;54;44;54;107;107;242;193;110;54;178;57;108;253;106;110;89;177;53;54;52;109;56;57;57;52;42;180;111;59;88;258;115;52;390;84;92;112;150;55;50;105;53;52;251;52;390;390;52;55;89;54;52;254;54;90;56;84;52;52;93;390;90;104;54;90;52;83;54;390;52;86;252;220;258;102;105;314;290;88;95;52;88)
seed_10_level_1-4,2416,35577.14826822281,66105528,10235,(484;52;107;42;57;52;57;102;49;52;52;52;57;52;102;53;54;57;57;52;53;57;49;57;131;52;86;390;62;244;93;57;59;57;56;107;88;246;57;60;52;112;107;246;57;249;53;258;52;62;59;258;87;57;52;59;107;224;61;53;388;53;53;204;57;57;57;222;53;90;52;57;53;54;208;55;58;111;255;136;57;105;58;61;211;105;59;59;135;57;179;182;54;53;57;57;59;171;209;59;390;53;56;111;59;223;115;390;52;113;83;53;52;144;240;53;55;282;56;52;253;83;52;219;90;263;56;57;92;233;113;52;57;53;390;57;235;290;254;258;58;57;53;56;277;57;52;54;52;226)
seed_10_level_1-4,2416,36150.88584160805,67730103,10386,(290;110;75;51;57;53;53;57;58;88;258;57;61;55;55;57;88;55;104;88;53;91;57;57;57;85;95;57;42;56;53;84;57;57;57;390;55;58;53;118;62;109;52;57;62;86;112;107;83;52;149;53;112;52;58;53;52;58;52;57;57;62;52;57;53;52;57;97;52;53;58;57;54;109;56;52;52;62;54;107;57;112;228;57;59;390;59;52;52;52;52;53;145;78;390;52;236;225;314;314;51;52;86;62;105;52;52;55;314;52;143;145;390;135;57;260;93;102;220;252;102;53;84;56;254;239;145;144;290;290;146;53;390;222;93;93;109;52;254;125;390;146;217;62;42;55;290;76;231;390;282)
seed_10_level_1-4,2416,36703.1869893074,69108946,10536,(390;57;227;56;114;52;109;130;62;61;57;59;104;107;110;58;61;52;52;52;52;239;58;53;57;52;112;111;121;53;57;61;106;258;49;57;117;115;111;52;53;52;216;107;52;52;58;53;94;53;58;52;65;107;62;290;90;52;390;52;52;57;51;145;145;61;52;53;42;56;89;52;51;56;52;53;57;52;53;57;52;52;290;57;57;63;88;124;57;86;91;310;52;94;52;57;258;91;115;240;115;53;56;93;283;53;54;253;258;93;61;221;81;252;58;281;256;214;108;93;57;52;102;52;121;76;290;44;86;106;106;88;89;304;104;219;52;257;52;86;93;219;254;86;296;57;114;254;90;227)
seed_10_level_1-4,2416,37243.0966694355,70483765,10686,(390;52;104;57;57;52;52;56;57;258;52;107;59;55;58;52;249;53;122;290;204;53;62;52;57;57;57;93;90;59;258;56;61;61;57;57;57;53;205;61;223;84;52;57;238;57;96;53;53;129;56;104;52;57;57;146;52;62;79;390;53;390;51;53;53;79;290;290;56;52;52;145;50;220;290;52;51;52;56;93;86;258;50;53;53;57;52;139;52;280;282;53;61;109;53;57;53;109;53;78;52;52;290;62;53;53;61;115;107;57;106;53;52;237;143;58;251;90;88;57;63;51;242;236;251;224;78;255;112;86;52;225;93;63;106;52;55;55;61;53;90;52;256;53;86;113;78;92;251;55)
seed_10_level_1-4,2416,37794.00788497925,71961105,10836,(390;54;57;53;78;53;77;57;56;57;258;52;56;102;52;42;52;90;87;56;239;116;107;56;104;56;52;56;52;52;52;52;57;52;57;90;57;56;118;52;57;111;111;114;74;56;237;109;52;53;57;53;58;56;84;249;58;53;52;258;390;88;51;57;88;57;53;57;53;52;52;62;145;145;57;52;240;63;87;258;53;88;52;278;145;390;53;49;267;53;52;52;53;63;86;53;88;94;88;145;223;290;52;390;53;290;86;52;57;53;53;53;124;57;414;88;52;116;88;112;248;76;232;53;281;93;52;115;312;226;53;62;51;240;88;112;57;53;63;290;231;289;57;57;61;52;84;63;56;314)
seed_10_level_1-4,2416,38349.67745947838,73649199,10986,(390;46;129;52;53;56;55;55;52;103;60;57;91;53;53;62;59;52;57;86;57;53;56;56;59;53;225;53;119;58;240;52;53;56;57;43;53;52;98;104;53;250;107;57;118;138;52;56;52;52;54;258;258;42;106;53;53;59;197;56;52;383;390;91;290;52;60;52;57;57;86;188;52;117;390;77;88;76;57;251;282;390;86;52;233;258;57;267;86;267;254;191;52;57;58;57;107;223;53;52;78;115;56;79;52;52;88;86;53;252;53;390;52;107;59;63;52;290;88;52;314;114;290;57;115;52;52;53;52;84;252;53;53;52;110;53;226;290;237;57;390;57;107;144;53;44;236;93;53;282)
seed_10_level_1-4,2416,38905.01278209686,75387057,11136,(390;107;53;74;76;59;115;93;57;91;249;267;52;52;57;44;52;63;52;52;53;107;52;109;86;57;53;50;258;53;54;53;65;72;57;187;73;57;56;61;52;56;51;97;52;57;52;104;56;56;52;167;115;125;52;53;116;43;61;383;52;88;52;253;53;112;221;390;290;106;53;290;390;77;52;51;86;108;53;88;61;220;86;57;390;86;52;49;390;78;52;290;84;57;53;290;290;253;54;50;86;57;51;106;52;390;255;57;76;51;52;52;52;86;78;86;106;86;269;258;253;314;53;314;77;53;227;52;52;52;254;52;49;51;53;252;52;290;106;77;262;86;189;53;253;256;52;62;52;56)
seed_10_level_1-4,2416,39486.335836172104,77281152,11286,(390;94;78;57;55;52;58;57;109;189;53;52;57;61;61;53;97;52;53;56;109;52;52;91;108;52;57;53;107;84;107;180;52;53;52;52;104;52;56;58;61;56;103;220;52;52;94;220;53;103;53;54;50;95;59;162;415;86;390;42;90;238;56;53;55;76;52;289;52;52;51;290;314;223;270;53;390;55;108;290;53;103;282;232;107;240;297;57;86;86;51;76;52;254;123;107;86;390;106;193;51;314;222;52;55;55;87;111;225;53;126;90;254;56;390;220;111;88;298;83;61;42;115;290;116;87;256;54;86;53;63;290;222;121;53;53;58;52;52;390;220;290;290;90;252;93;78;206;55;57)
seed_10_level_1-4,2416,40040.26980304718,79096721,11436,(390;258;57;52;62;61;89;51;88;238;57;57;46;43;55;61;46;156;56;52;93;44;52;53;125;249;54;44;92;52;104;44;57;251;112;82;52;53;56;250;57;57;58;258;52;86;84;105;254;52;240;59;52;57;384;76;105;49;107;52;42;255;248;390;76;390;76;231;49;52;314;112;52;52;53;258;42;290;56;87;314;78;52;52;390;52;58;51;52;228;78;54;390;54;390;50;57;53;272;61;50;51;57;256;192;58;224;57;57;107;51;52;290;290;282;54;44;251;235;56;53;258;50;87;75;102;52;58;52;51;220;53;53;56;83;88;78;49;220;63;314;258;53;52;220;53;55;211;86;54)
seed_10_level_1-4,2416,40589.149960279465,80639517,11586,(390;63;127;52;53;52;57;52;61;239;52;58;57;52;44;52;52;57;112;53;118;52;89;106;57;57;52;108;52;62;52;52;52;53;52;52;62;52;58;57;52;149;58;182;53;57;52;252;53;52;258;84;284;53;52;106;52;59;383;313;42;53;58;51;280;390;86;115;390;382;52;88;83;52;224;51;225;77;64;53;290;57;57;90;86;290;57;88;177;228;115;57;235;58;86;52;290;244;52;54;46;82;52;117;115;53;52;255;234;86;53;54;229;52;55;226;255;232;223;86;52;52;52;56;42;258;220;53;52;61;52;52;54;52;53;52;42;52;52;265;251;58;52;87;62;390;52;86;61;93)
seed_10_level_1-4,2416,41159.220088005066,82619455,11736,(390;56;288;52;52;57;52;86;64;57;55;52;53;52;90;137;209;59;52;109;53;89;52;52;57;87;314;86;107;52;51;52;56;57;52;86;90;57;112;130;52;52;52;52;52;88;102;110;88;52;52;52;52;58;62;58;52;88;252;307;54;52;52;314;244;390;53;52;258;53;226;53;56;64;281;290;53;52;49;59;273;314;274;42;390;107;52;73;314;56;78;58;61;56;53;240;73;52;223;52;390;52;90;390;238;390;59;114;303;51;50;52;86;290;54;54;259;52;62;290;61;88;108;43;88;255;192;88;52;233;240;52;224;59;42;152;53;83;54;390;42;390;52;390;42;79;389;52;52;52)
seed_10_level_1-4,2416,41698.14348745346,83920647,11886,(390;57;53;59;52;57;56;52;255;53;62;53;56;52;52;150;53;52;58;68;112;52;59;95;114;57;56;52;68;52;154;53;90;114;102;53;52;57;225;52;53;52;52;56;53;52;107;57;100;53;57;218;61;52;59;253;106;52;390;43;59;290;42;238;61;76;54;52;86;52;220;52;52;112;94;293;52;290;290;52;53;78;50;52;52;53;390;52;54;254;55;52;226;107;67;220;86;56;95;78;50;251;52;52;52;52;290;52;258;52;89;86;52;86;111;54;61;83;44;258;42;282;53;149;86;115;248;52;290;314;65;82;207;117;230;76;52;52;51;52;52;107;86;76;52;52;90;52;53;86)
seed_10_level_1-4,2416,42243.214492082596,85287126,12036,(390;57;43;57;88;52;52;92;57;116;258;53;57;60;52;104;58;290;165;57;57;52;53;125;60;104;83;53;81;58;53;53;61;76;51;258;52;52;52;56;52;115;52;89;86;118;92;52;238;114;52;130;53;57;106;56;184;156;258;42;389;86;145;52;219;112;108;52;219;54;290;113;76;52;390;108;52;52;52;52;61;258;86;53;290;52;50;86;61;52;77;53;52;52;107;89;220;78;253;52;52;52;107;52;52;229;53;390;77;52;87;53;52;52;53;114;43;258;83;50;52;290;78;59;228;52;55;52;280;76;76;52;52;252;390;90;42;52;82;78;107;56;52;141;258;92;52;74;52;53)
seed_10_level_1-4,2416,42810.892579078674,87012197,12186,(390;52;52;57;52;249;52;42;52;67;58;62;52;74;242;56;112;52;86;57;252;52;52;57;52;55;107;52;104;52;52;54;52;52;58;109;52;208;55;52;56;52;100;52;57;62;52;52;86;57;42;111;52;210;56;52;57;57;52;114;52;52;92;53;281;78;282;76;52;52;52;86;52;52;290;235;167;55;90;311;190;280;52;81;55;390;112;58;77;290;152;49;252;78;290;90;228;86;228;239;52;233;56;55;52;58;390;63;114;103;52;55;290;86;290;56;52;112;78;102;238;102;52;86;53;88;232;43;86;55;390;282;390;55;52;53;390;228;52;290;290;52;228;166;102;86;266;112;93;109)
seed_10_level_1-4,2416,43370.60964465141,88620733,12336,(390;57;53;52;50;57;82;52;52;88;52;56;53;106;53;106;258;59;104;53;258;92;57;52;56;51;52;46;52;130;55;61;52;102;42;57;79;52;52;58;84;52;49;52;52;43;52;52;258;84;54;61;52;52;52;85;86;390;77;53;76;272;221;390;114;390;258;120;92;302;42;115;113;56;88;57;52;52;90;52;223;58;52;76;52;61;52;90;242;86;52;253;112;65;252;52;52;282;239;52;52;225;118;61;56;222;57;52;54;52;229;54;55;89;79;76;52;288;102;296;58;52;52;118;52;86;88;53;57;254;43;290;57;92;53;107;281;290;113;294;290;299;52;290;62;86;52;239;239;314)
seed_10_level_1-4,2416,43938.890350818634,90358908,12486,(390;57;118;86;53;42;211;115;238;52;52;62;251;232;52;52;53;61;55;88;86;61;249;56;251;95;57;52;52;57;79;52;120;57;57;88;55;52;56;106;55;52;104;88;90;54;89;164;59;61;55;52;95;119;78;268;211;262;54;53;238;107;57;107;225;87;193;52;390;390;86;52;139;284;57;53;314;52;106;390;112;88;52;78;314;104;390;52;86;79;280;244;107;52;88;52;114;52;263;79;231;88;121;56;107;290;107;51;390;78;52;65;230;53;390;76;52;76;251;52;62;88;90;86;106;104;57;130;230;58;56;76;280;102;76;53;109;53;112;52;107;56;258;52;55;254;86;145;90;108)
seed_10_level_1-4,2416,44497.23930454254,92041709,12636,(390;61;68;52;52;53;115;68;56;215;96;43;52;63;42;58;112;104;59;140;56;88;78;53;88;52;57;53;79;58;239;56;52;52;42;119;128;53;106;97;112;44;52;120;52;58;56;53;112;44;109;52;52;93;53;103;52;52;390;290;249;106;55;112;290;297;52;245;57;314;289;52;290;86;57;52;56;51;52;252;222;90;252;90;390;234;252;86;53;112;235;177;90;52;104;52;56;257;53;113;75;52;52;245;77;60;112;52;53;88;220;281;53;51;57;52;58;108;50;314;140;107;76;56;55;390;223;314;52;53;89;90;52;390;53;55;140;52;56;56;52;390;394;52;120;53;53;104;86;78)
seed_10_level_1-4,2416,45071.342034101486,93794265,12786,(390;220;52;53;95;60;52;51;222;107;110;52;53;53;53;83;52;52;56;43;258;92;114;106;58;128;53;109;57;258;102;52;53;53;159;52;57;53;57;54;106;86;53;53;61;52;63;107;57;241;165;145;52;57;53;390;90;42;390;86;86;53;193;53;254;52;52;56;56;290;53;53;222;390;102;390;390;88;107;59;52;107;290;107;228;251;74;314;110;53;78;121;290;83;106;253;390;52;59;53;267;102;267;59;53;121;231;112;222;107;86;52;278;52;294;86;53;78;88;58;86;53;52;76;88;266;55;54;57;253;50;90;227;51;102;282;56;107;53;86;88;86;86;106;52;57;86;90;88;293)
seed_10_level_1-4,2416,45616.52151918411,95343922,12936,(390;52;82;52;52;93;53;90;52;236;52;53;52;57;112;117;52;57;52;52;220;52;52;52;115;102;258;56;106;52;248;42;58;79;52;84;52;143;102;83;238;56;52;52;86;52;112;114;52;51;52;116;55;52;52;52;52;390;76;390;78;211;57;79;76;290;314;237;216;79;252;82;241;55;87;51;145;314;55;55;390;42;52;86;55;53;53;62;290;390;54;109;104;53;57;52;291;86;88;390;65;55;54;87;52;88;93;76;62;107;93;88;53;86;52;53;86;50;219;219;219;50;52;59;113;50;53;77;290;53;52;107;107;59;57;271;86;193;86;52;314;53;252;49;86;225;54;89;51;52)
seed_10_level_1-4,2416,46182.23570847511,96969383,13086,(390;57;54;42;52;92;52;57;248;55;53;53;102;58;52;52;107;53;84;59;64;107;102;102;128;43;53;52;106;57;210;56;52;83;52;54;56;52;55;53;58;86;88;52;52;56;257;84;53;53;102;52;86;83;52;53;52;52;252;395;58;52;52;52;52;53;390;52;79;53;390;52;54;226;52;86;86;90;78;52;219;52;78;90;235;86;53;51;88;106;52;262;73;252;79;269;258;209;236;43;290;53;53;390;290;390;53;266;55;53;239;63;57;75;208;52;53;51;239;59;220;86;115;53;53;76;177;269;290;224;253;52;228;65;52;52;253;115;213;228;52;52;114;51;88;62;102;58;96;293)
seed_10_level_1-4,2416,46751.86562728882,98702286,13236,(390;44;53;53;53;102;42;117;107;42;113;53;57;113;52;52;52;60;84;52;57;43;52;52;53;52;77;52;258;112;248;238;90;86;52;52;52;102;53;64;59;57;53;59;53;56;57;44;106;52;168;56;56;258;56;57;57;395;275;51;238;300;109;51;53;52;51;106;117;54;148;55;102;235;52;53;52;290;79;53;130;52;59;402;53;208;51;290;51;57;258;109;56;54;53;55;258;156;390;87;50;254;52;52;232;145;88;52;86;107;86;290;144;255;53;186;114;86;52;263;52;290;194;390;51;106;190;243;53;237;57;52;107;220;390;225;61;52;51;258;56;52;282;52;206;52;112;76;88;314)
seed_10_level_1-4,2416,47348.905697345734,100879436,13386,(390;53;52;66;129;63;51;258;132;58;59;60;109;63;52;249;57;53;44;57;64;52;113;52;57;57;114;59;44;107;115;42;43;52;52;57;70;116;53;44;57;75;52;92;115;109;53;107;55;57;113;57;52;62;52;395;115;102;390;83;109;390;61;79;213;54;49;266;292;271;86;52;52;53;251;281;253;53;232;290;107;52;53;258;56;272;390;88;180;220;53;79;290;57;81;52;56;238;390;53;300;51;53;53;53;231;52;52;55;251;53;390;238;108;52;106;53;107;390;53;79;221;52;86;140;52;49;390;52;390;112;177;59;56;390;53;53;390;53;86;55;88;52;390;106;258;390;252;124;232)
seed_10_level_1-4,2416,47923.19407629967,102771857,13536,(390;53;62;44;102;57;52;112;53;129;57;56;106;57;53;97;52;52;249;52;113;107;198;62;52;254;52;57;86;53;53;57;55;57;57;52;44;46;52;52;188;109;52;57;46;52;59;52;107;42;57;395;273;128;61;282;53;113;145;390;76;390;88;390;51;53;86;51;206;53;52;219;86;51;52;52;55;390;51;289;86;52;83;130;253;57;219;88;209;88;77;129;57;56;56;56;55;86;314;56;233;250;52;52;87;225;143;314;88;197;61;61;51;52;210;208;275;52;56;79;49;390;52;84;52;271;390;56;226;52;234;390;53;88;102;86;59;59;314;52;212;192;86;52;232;207;56;282;51;267)
seed_10_level_1-4,2416,48512.74495744705,104803602,13686,(390;128;114;246;42;53;60;120;57;257;76;52;139;84;86;69;46;240;114;121;52;52;130;163;258;52;102;107;57;52;121;249;44;258;52;67;63;56;94;54;62;52;52;238;54;248;89;42;93;195;390;52;390;271;314;52;56;290;52;86;77;52;53;103;53;52;52;52;314;390;52;52;106;86;314;57;390;290;53;235;106;251;314;314;281;56;53;88;52;128;49;55;57;117;78;129;115;390;220;236;390;52;52;57;86;53;52;49;258;86;86;293;112;86;102;53;191;314;88;86;390;52;52;290;51;52;57;189;78;53;57;54;52;226;52;106;194;55;128;86;58;52;53;52;52;86;52;212;314;52)
seed_10_level_1-4,2416,49084.50778675079,106467933,13836,(390;234;57;51;52;57;53;121;52;52;53;52;129;207;52;53;91;239;57;52;49;57;51;93;59;52;102;57;224;258;57;52;106;109;52;53;107;57;246;53;112;52;63;52;57;166;61;57;53;57;56;129;57;125;52;52;86;53;394;52;79;51;53;314;390;104;303;254;79;79;145;390;53;86;52;88;53;49;51;52;107;52;86;52;76;121;52;390;282;53;228;228;292;273;52;52;271;50;53;163;52;57;390;57;145;88;52;51;93;314;107;57;54;53;128;53;226;56;251;52;52;314;232;88;52;270;53;106;290;86;86;43;226;53;57;57;200;140;78;51;219;53;56;76;207;52;86;52;222;86)
seed_10_level_1-4,2416,49670.631574869156,108458664,13986,(390;57;53;52;52;99;52;53;125;254;258;219;55;53;52;52;52;53;53;52;90;57;120;117;52;57;106;55;53;52;56;255;253;52;53;222;57;53;182;86;112;56;115;57;52;113;52;53;52;68;57;63;52;52;57;225;97;52;53;390;52;51;86;390;78;191;314;57;254;51;49;222;53;51;107;88;314;224;270;72;52;50;252;53;102;371;290;314;86;52;51;413;314;52;219;270;55;270;53;390;269;190;282;51;51;211;53;51;51;177;57;314;50;51;51;52;86;292;86;271;88;52;55;86;52;86;211;222;290;296;53;86;291;61;77;51;290;52;252;253;56;104;51;86;88;53;225;49;120;107)
seed_10_level_1-4,2416,50222.19713354111,110060039,14136,(390;56;114;114;53;111;57;52;88;52;52;58;52;96;86;57;120;258;112;84;60;258;57;108;55;56;52;57;62;114;52;52;53;84;112;53;52;114;57;121;52;52;83;119;106;244;52;53;106;111;57;389;53;52;86;52;76;270;49;54;53;86;86;61;268;86;54;61;104;291;51;104;52;77;57;90;290;52;390;52;55;282;211;52;52;52;86;290;390;390;53;52;390;58;86;51;49;86;51;210;78;53;390;191;78;106;52;52;52;290;57;104;50;59;50;52;78;56;59;52;86;314;390;128;52;53;53;102;102;52;51;50;52;56;51;51;238;253;165;86;102;104;129;252;51;102;291;211;106;52)
seed_10_level_1-4,2416,50754.62371492386,112014560,14286,(390;57;84;52;49;52;132;84;390;52;52;86;189;56;116;238;204;52;209;53;57;52;257;230;57;52;139;52;58;238;52;106;49;57;57;62;52;89;106;52;52;139;104;203;108;52;52;62;238;52;84;211;413;52;76;210;223;314;61;306;102;50;52;56;79;78;260;56;57;86;50;390;314;86;290;60;102;86;51;314;52;107;270;52;86;56;51;102;86;77;87;254;62;86;102;52;90;314;52;79;311;77;86;60;51;79;390;390;86;84;52;86;190;52;79;88;88;390;56;390;52;78;88;144;52;51;49;248;52;267;89;52;86;79;49;107;77;55;292;56;142;61;193;86;264;102;279;54;220;314)
seed_10_level_1-4,2416,51273.64535140991,114002779,14436,(390;63;140;57;53;54;53;52;238;56;239;56;248;52;211;57;238;52;80;52;53;53;106;238;52;86;55;52;121;57;55;103;52;58;52;96;92;52;258;53;238;68;165;52;53;52;55;52;52;52;60;59;107;238;52;53;208;234;52;411;106;211;77;61;314;76;314;51;52;102;390;59;52;52;88;79;79;107;129;107;52;380;86;273;86;102;107;79;263;86;290;86;282;77;53;52;252;52;232;54;52;253;148;55;144;88;52;107;290;83;88;60;52;290;80;51;303;137;269;90;390;52;55;269;138;127;102;390;52;257;51;51;61;107;102;86;111;290;203;52;86;274;222;191;86;314;61;314;314;52)
seed_10_level_1-4,2416,51803.56059718132,116469516,14586,(390;57;52;240;53;52;86;52;52;232;52;229;58;54;390;58;59;52;85;52;238;86;58;58;55;52;81;53;52;57;42;104;115;52;52;114;89;121;52;57;97;238;55;52;52;52;57;52;97;123;244;52;52;55;57;57;234;109;389;53;292;398;390;292;51;314;90;231;86;112;61;314;287;88;252;314;86;86;232;79;266;86;112;107;258;86;390;282;49;248;314;86;314;401;193;52;52;314;290;314;53;52;52;61;314;263;50;256;86;263;392;238;57;290;112;52;79;86;42;290;295;52;52;64;230;86;86;390;165;55;193;51;145;102;211;390;52;51;52;86;52;52;142;294;63;52;52;211;270;86)
seed_10_level_1-4,2416,52292.58381271362,118383932,14736,(390;57;244;62;53;107;239;86;56;184;117;119;248;84;130;61;53;57;52;53;86;52;178;52;93;53;52;54;57;52;52;46;57;106;52;53;52;53;90;53;59;178;51;116;158;106;123;57;86;52;52;53;210;200;52;401;86;273;88;56;299;52;52;238;290;390;106;306;57;390;102;51;88;88;53;61;56;86;53;290;57;52;252;252;52;52;253;90;220;180;86;181;52;290;50;102;115;290;270;52;314;50;221;128;51;53;57;56;53;279;86;77;280;52;376;86;51;86;51;52;206;290;86;52;267;251;52;52;77;52;56;53;166;51;52;222;226;224;115;108;252;131;53;390;107;86;274;112;86;253)
seed_10_level_1-4,2416,52744.29071497917,120641225,14886,(390;52;110;86;52;52;90;52;52;54;55;390;51;90;52;53;51;258;209;52;211;76;177;107;60;54;239;52;252;53;193;101;52;59;52;52;112;57;53;53;256;238;42;248;114;52;58;53;106;43;58;57;92;137;106;52;725;56;52;57;52;297;211;112;55;55;233;112;53;53;112;86;53;51;52;52;51;102;53;53;102;390;225;102;104;79;213;52;142;240;52;61;194;114;86;86;406;90;142;52;57;290;52;390;96;52;86;102;50;78;52;106;52;404;57;52;78;56;52;390;275;57;56;370;290;390;52;314;112;380;129;88;52;52;390;88;280;424;52;53;53;52;55;86;144;53;372;190;103;102)
seed_10_level_1-4,2416,53177.75185441971,122812332,15036,(390;238;52;49;52;114;107;106;57;54;248;52;137;58;238;240;52;52;56;239;57;116;84;210;52;76;84;59;121;116;53;57;106;185;252;52;52;106;53;81;210;106;156;53;51;52;226;238;88;52;106;206;106;240;56;52;258;232;52;57;398;107;52;278;220;102;86;53;220;53;146;52;57;52;52;52;86;112;53;90;88;56;88;53;390;191;393;220;52;211;390;52;52;307;102;90;90;257;390;86;272;390;106;102;49;190;77;61;52;390;270;50;146;102;390;53;56;191;78;52;86;53;102;266;52;314;290;52;390;56;104;56;66;53;291;58;55;267;106;90;62;102;57;432;104;52;79;86;290;83)
