seed_15_level_2-1,1170,539.3339564800262,1576685,150,(1001;98;43;65;43;51;92;92;92;77;97;97;44;60;78;71;44;54;45;44;97;1001;76;95;57;87;43;84;43;43;95;71;87;95;95;116;43;43;43;138;43;95;48;95;44;43;95;95;95;95;58;43;96;95;95;43;43;59;86;43;241;84;75;84;95;95;95;43;95;95;95;131;95;44;138;87;67;95;95;89;190;95;138;43;95;58;74;237;134;73;79;81;89;43;95;88;95;43;95;43;43;95;64;43;95;95;94;61;43;308;97;91;71;92;95;95;95;95;46;87;62;76;43;46;95;72;43;43;43;43;184;78;58;43;43;43;43;79;95;77;43;43;95;95;60;72;95;95;95;43)
seed_15_level_2-1,1170,1061.2850542068481,2228600,303,(43;43;43;43;43;43;43;43;43;43;43;43;43;43;44;43;44;43;43;43;43;44;43;43;43;43;44;43;43;43;43;43;43;43;43;43;43;43;44;44;48;46;48;52;53;53;57;58;58;58;58;60;61;60;66;67;69;72;75;76;76;77;88;95;95;95;95;95;95;95;95;95;95;95;95;95;95;95;95;95;95;95;95;95;95;95;95;95;95;95;95;95;95;95;95;95;95;95;95;95;95;95;95;95;95;95;95;95;95;95;95;95;84;96;84;86;87;89;91;92;87;72;77;71;76;71;84;237;79;81;71;84;79;73;59;138;138;138;190;116;87;87;89;134;237;131;184;241;95;333;95;237;93)
seed_15_level_2-1,1170,1587.882533788681,2839103,455,(43;43;43;43;43;43;43;43;43;43;43;43;43;43;43;43;43;43;43;43;43;43;43;43;43;43;43;43;43;43;43;43;43;43;43;44;44;43;44;43;48;48;46;48;55;53;59;58;58;58;58;62;60;61;66;67;69;72;75;76;76;77;88;95;95;95;95;95;95;95;95;95;95;95;95;95;95;95;95;95;95;95;95;95;95;95;95;95;95;95;95;95;95;95;95;95;95;95;95;95;95;95;95;95;95;95;95;95;95;95;96;97;94;84;84;86;87;89;91;92;91;72;77;71;76;71;84;80;81;71;78;79;73;59;138;138;138;190;237;116;87;87;89;134;74;237;241;91;131;184;308;43)
seed_15_level_2-1,1170,2110.682894706726,3464999,607,(43;43;44;43;43;43;43;43;43;43;43;43;43;43;43;43;43;43;44;43;43;43;43;43;43;43;43;43;43;44;43;43;43;44;44;44;43;44;43;44;48;48;46;48;53;55;58;58;58;58;57;60;60;60;66;67;69;72;75;76;76;77;88;95;95;95;95;95;95;95;95;95;95;95;95;95;95;95;95;95;95;95;95;95;95;95;95;95;95;95;95;95;95;95;95;95;95;95;95;95;95;95;95;95;95;95;95;95;95;95;95;95;97;84;84;85;87;138;91;92;87;72;77;71;76;71;84;79;81;71;78;79;74;73;59;138;138;138;190;116;332;95;87;87;89;134;237;237;241;82;131;184)
seed_15_level_2-1,1170,2634.7940423488617,4092179,759,(43;43;43;43;43;43;43;43;43;43;43;43;43;43;43;43;43;43;43;43;43;43;43;43;43;43;43;43;43;43;43;44;43;43;44;43;44;44;43;43;46;48;48;48;53;55;57;58;58;58;58;62;60;61;64;67;69;72;75;76;76;77;88;95;95;95;95;95;95;95;95;95;95;95;95;95;95;95;95;95;95;95;95;95;95;95;95;95;95;95;95;95;95;95;95;95;95;95;95;95;95;95;95;95;95;95;95;95;95;95;95;94;97;84;84;86;87;91;92;87;72;76;71;76;71;84;80;81;71;84;79;74;73;59;89;138;138;138;190;116;87;87;89;134;237;237;241;138;131;184;333;95)
seed_15_level_2-1,1170,3161.279559612274,4724697,911,(43;43;43;43;43;43;43;43;43;43;43;43;43;43;43;43;43;43;43;43;43;43;43;43;43;43;43;43;43;43;44;44;43;44;43;44;44;43;43;44;48;46;46;52;53;55;57;58;58;58;58;60;60;62;64;67;69;72;75;76;76;77;88;95;95;95;95;95;95;95;95;95;95;95;95;95;95;95;95;95;95;95;95;95;95;95;95;95;95;95;95;95;95;95;95;95;95;95;95;95;95;95;95;95;95;95;95;95;95;95;95;95;96;84;84;85;87;91;92;91;138;72;76;71;76;71;84;79;81;71;78;79;74;74;59;138;138;138;190;116;87;87;89;134;237;237;241;151;131;184;333;71)
seed_15_level_2-1,1170,3689.904103755951,5377362,1063,(43;43;43;43;43;43;43;43;43;43;43;43;43;43;43;43;43;43;43;43;43;43;43;43;43;43;43;43;43;43;43;43;43;43;44;44;44;44;43;44;46;48;48;52;53;55;57;58;58;58;58;60;61;60;66;67;69;72;75;76;76;77;88;95;95;95;95;95;95;95;95;95;95;95;95;95;95;95;95;95;95;95;95;95;95;95;95;95;95;95;95;95;95;95;95;95;95;95;95;95;95;95;95;95;95;95;95;95;95;95;96;96;94;84;84;85;87;91;92;91;72;76;71;76;71;84;80;81;71;84;79;237;74;59;89;138;138;138;190;116;87;87;89;134;237;237;131;184;333;138;241;91)
seed_15_level_2-1,1170,4214.671665668488,6023893,1215,(43;43;43;43;43;43;43;43;43;43;43;43;43;43;43;43;43;43;43;43;43;43;43;43;43;43;43;43;43;43;44;44;44;43;43;44;43;43;43;44;48;46;46;48;53;55;59;58;58;58;58;60;60;60;66;67;69;72;75;76;76;77;88;95;95;95;95;95;95;95;95;95;95;95;95;95;95;95;95;95;95;95;95;95;95;95;95;95;95;95;95;95;95;95;95;95;95;95;95;95;95;95;95;95;95;95;95;95;95;95;95;97;94;84;84;85;87;91;92;91;89;72;76;71;76;71;84;79;81;71;84;79;73;59;138;138;138;190;116;87;87;89;134;237;237;237;241;78;131;184;334;95)
seed_15_level_2-1,1170,4737.571906805038,6641077,1367,(43;43;43;43;43;43;43;43;43;43;43;43;43;43;43;43;43;43;43;43;43;43;43;43;43;43;43;43;43;43;44;44;44;43;43;43;43;43;44;44;46;48;46;48;53;53;58;58;58;58;59;62;60;61;66;67;69;72;75;76;76;77;88;95;95;95;95;95;95;95;95;95;95;95;95;95;95;95;95;95;95;95;95;95;95;95;95;95;95;95;95;95;95;95;95;95;95;95;95;95;95;95;95;95;95;95;95;95;95;95;96;94;96;84;84;86;87;90;92;87;89;72;77;71;76;71;84;80;81;71;84;79;74;59;138;138;138;190;116;87;87;89;134;74;237;237;241;64;131;184;309;138)
seed_15_level_2-1,1170,5266.285317897797,7262690,1519,(43;43;43;43;43;43;43;43;43;43;43;43;43;43;43;43;43;43;43;43;43;43;43;43;43;43;43;43;43;43;43;43;44;43;44;44;44;43;43;44;46;46;46;48;53;53;58;58;58;58;57;60;61;62;64;67;69;72;75;76;76;77;88;95;95;95;95;95;95;95;95;95;95;95;95;95;95;95;95;95;95;95;95;95;95;95;95;95;95;95;95;95;95;95;95;95;95;95;95;95;95;95;95;95;95;95;95;95;95;95;95;97;95;84;84;86;87;91;92;91;89;72;77;71;76;71;84;80;81;71;78;79;74;73;59;138;138;138;190;116;87;87;89;134;241;91;237;237;333;95;131;184)
seed_15_level_2-1,1170,5795.147255659103,7907173,1671,(43;43;43;43;43;43;43;43;43;43;43;43;43;43;43;43;43;43;43;43;43;43;43;43;43;43;43;43;43;43;43;44;43;44;43;44;43;44;43;44;48;46;48;48;53;53;59;58;58;58;58;60;61;62;64;67;69;72;75;76;76;77;88;95;95;95;95;95;95;95;95;95;95;95;95;95;95;95;95;95;95;95;95;95;95;95;95;95;95;95;95;95;95;95;95;95;95;95;95;95;95;95;95;95;95;95;95;95;95;95;95;94;97;84;84;85;87;90;92;87;89;72;76;71;76;71;84;79;81;71;84;79;237;74;59;138;138;138;190;116;87;87;89;134;237;237;131;184;332;63;241;95)
seed_15_level_2-1,1170,6323.2883722782135,8563912,1823,(43;43;43;43;43;43;43;43;43;43;43;43;43;43;43;43;43;43;43;43;43;43;43;43;43;43;43;43;43;43;43;44;44;44;43;43;44;43;43;44;48;46;48;52;53;53;58;58;58;58;59;60;61;60;66;67;69;72;75;76;76;77;88;95;95;95;95;95;95;95;95;95;95;95;95;95;95;95;95;95;95;95;95;95;95;95;95;95;95;95;95;95;95;95;95;95;95;95;95;95;95;95;95;95;95;95;95;95;95;95;96;94;97;84;84;85;87;91;92;87;138;72;76;71;76;71;84;79;81;71;84;79;73;59;138;138;138;190;116;87;87;89;134;74;237;237;241;237;131;184;334;138)
seed_15_level_2-1,1170,6854.987133026123,9189085,1975,(43;43;43;43;43;43;43;43;43;43;43;43;43;43;43;43;43;43;43;43;43;43;43;43;43;43;43;43;43;43;44;43;44;43;43;44;44;44;44;43;46;46;48;52;55;53;58;58;58;58;57;62;60;60;64;67;69;72;75;76;76;77;88;95;95;95;95;95;95;95;95;95;95;95;95;95;95;95;95;95;95;95;95;95;95;95;95;95;95;95;95;95;95;95;95;95;95;95;95;95;95;95;95;95;95;95;95;95;95;95;95;94;96;84;84;86;87;91;92;87;72;76;71;76;71;84;79;81;71;84;79;74;73;59;138;138;138;138;190;116;87;87;89;134;237;237;131;184;333;63;241;95)
seed_15_level_2-1,1170,7382.699925661087,9823750,2127,(43;43;43;43;43;43;43;43;43;43;43;43;43;43;43;43;43;43;43;43;43;43;43;43;43;43;43;43;43;43;44;44;44;44;44;43;44;43;44;44;48;48;46;48;53;55;59;58;58;58;58;60;60;60;66;67;69;72;75;76;76;77;88;95;95;95;95;95;95;95;95;95;95;95;95;95;95;95;95;95;95;95;95;95;95;95;95;95;95;95;95;95;95;95;95;95;95;95;95;95;95;95;95;95;95;95;95;95;95;95;95;96;95;84;84;85;87;90;92;91;72;76;71;76;71;84;80;81;71;84;79;74;73;59;89;138;138;138;190;116;87;87;89;134;237;237;241;183;131;184;334;90)
seed_15_level_2-1,1170,7916.298251390457,10474609,2279,(43;43;43;43;43;43;43;43;43;43;43;43;43;43;43;43;43;43;43;43;43;43;43;43;43;43;43;43;43;43;43;44;44;44;44;43;44;44;43;43;46;48;48;48;53;55;58;58;58;58;59;62;60;61;64;67;69;72;75;76;76;77;88;95;95;95;95;95;95;95;95;95;95;95;95;95;95;95;95;95;95;95;95;95;95;95;95;95;95;95;95;95;95;95;95;95;95;95;95;95;95;95;95;95;95;95;95;95;95;95;95;96;94;84;84;86;87;91;92;91;138;72;76;71;76;71;84;80;81;71;84;79;237;73;59;138;138;138;190;116;87;87;89;134;237;237;131;184;333;76;241;84)
seed_15_level_2-1,1170,8441.539605140686,11089335,2431,(43;43;43;43;43;43;43;43;43;43;43;43;43;43;43;43;43;43;43;43;43;43;43;43;43;43;43;43;43;43;43;43;44;43;44;43;44;44;43;44;48;46;48;48;53;55;58;58;58;58;57;60;60;62;64;67;69;72;75;76;76;77;88;95;95;95;95;95;95;95;95;95;95;95;95;95;95;95;95;95;95;95;95;95;95;95;95;95;95;95;95;95;95;95;95;95;95;95;95;95;95;95;95;95;95;95;95;95;95;95;95;97;95;84;84;86;87;91;92;87;72;77;71;76;71;84;80;81;71;84;79;74;59;89;138;138;138;190;116;87;87;89;134;74;237;237;241;95;131;184;309;95)
seed_15_level_2-1,1170,8958.612162351608,11827202,2577,(44;44;43;52;43;44;44;43;82;43;44;44;44;44;82;43;190;125;48;43;48;46;46;46;52;48;95;55;65;46;57;43;44;43;74;66;95;82;48;75;44;95;72;44;84;44;92;44;44;190;43;89;43;95;98;43;78;43;69;237;88;190;90;95;95;138;63;237;65;84;95;95;43;89;190;43;95;79;237;95;95;95;114;335;131;69;44;95;237;87;94;44;95;95;71;61;138;154;61;71;95;61;72;66;88;84;87;64;190;237;95;109;82;95;60;184;95;95;95;138;91;84;108;95;85;78;79;59;80;79;92;87;44;95;58;51;95;114;95;237;95;69;95;138;64;78)
seed_15_level_2-1,1170,9495.469345092773,12647618,2725,(52;46;44;95;44;43;48;95;53;44;69;75;64;82;43;69;138;86;93;73;61;52;44;44;95;95;95;237;59;95;119;61;95;95;95;71;95;95;58;52;81;58;95;115;95;52;76;190;95;95;43;95;94;95;237;76;119;79;86;85;87;95;95;95;43;89;95;118;79;90;71;99;82;43;125;84;65;98;95;88;95;84;91;138;88;95;71;95;335;363;44;81;43;95;43;43;84;105;43;95;43;331;59;68;190;43;237;95;43;95;190;87;138;109;95;46;95;95;95;78;95;71;95;95;76;190;84;64;60;87;95;95;95;95;73;88;86;61;70;114;108;95;65;95;190;95;44;66)
seed_15_level_2-1,1170,10040.488172769547,13581428,2876,(44;75;72;95;95;95;74;76;95;48;52;81;52;237;74;95;138;43;95;89;97;95;138;95;95;95;86;95;95;87;71;88;95;95;237;71;92;71;84;95;77;95;138;95;98;138;90;94;95;87;138;237;95;115;95;95;95;95;92;72;95;97;95;66;55;92;74;95;237;95;92;80;91;95;66;95;75;74;62;95;74;95;414;84;85;44;95;190;71;95;288;237;71;44;95;59;71;97;95;84;237;43;87;60;95;71;95;174;85;84;90;71;69;95;75;93;95;95;77;91;43;109;75;95;95;65;74;59;86;74;237;62;44;92;391;95;43;44;71;95;59;71;43;61;85;84;114;91;44;86;44)
seed_15_level_2-1,1170,10593.414491176605,14539097,3026,(237;97;48;50;43;73;95;84;237;96;43;72;74;95;43;78;237;114;78;72;114;90;82;115;95;91;95;63;66;91;100;72;71;138;98;64;44;71;237;237;95;95;138;52;95;79;43;95;43;79;81;43;95;58;43;43;95;244;95;58;59;95;62;98;69;76;89;43;71;95;43;95;58;95;60;87;95;43;43;43;95;95;87;89;92;95;71;80;95;63;237;95;71;138;114;70;108;95;78;70;199;95;73;95;78;95;237;63;237;208;95;74;74;190;91;95;87;55;79;95;95;74;237;95;95;237;237;125;190;84;138;190;95;95;84;96;86;95;72;95;84;95;87;118;326;95;86;95;83;95)
seed_15_level_2-1,1170,11162.86189031601,15915306,3177,(138;63;95;48;96;86;82;95;66;95;93;190;44;237;95;43;83;73;71;190;67;64;60;237;114;87;44;58;71;237;114;237;92;190;43;62;95;43;90;237;43;95;87;72;95;93;91;50;46;95;74;95;95;61;55;95;95;43;237;95;152;138;87;46;75;105;95;95;95;190;190;237;115;95;84;95;95;98;95;75;71;106;95;95;237;95;95;95;99;95;87;43;63;190;83;87;79;95;85;95;74;89;73;95;95;95;95;85;72;237;95;95;95;95;86;61;84;84;95;93;68;95;162;84;114;190;95;59;95;71;89;1001;95;95;74;71;95;61;95;95;65;80;75;62;82;86;87;43;95;95;95)
seed_15_level_2-1,1170,11732.98425245285,16929280,3330,(87;82;114;91;333;95;98;43;95;88;95;43;76;78;95;190;138;43;43;95;54;114;77;95;83;43;95;43;44;237;44;95;77;66;84;65;80;70;69;44;90;138;58;95;75;95;237;52;95;66;95;43;95;95;76;95;99;65;84;95;82;83;93;95;91;74;95;95;93;95;76;95;95;237;91;237;95;95;95;200;64;58;91;62;71;66;74;138;95;74;94;95;46;58;237;95;237;130;115;95;190;138;112;95;95;96;95;116;83;95;95;91;95;95;62;113;154;162;237;95;95;78;44;95;95;88;95;84;95;89;95;84;84;86;95;88;237;95;91;95;190;95;95;330;91;237;84;95;109;114;84;237;138)
seed_15_level_2-1,1170,12321.667974710464,18480032,3483,(190;43;43;71;80;43;80;77;69;74;77;391;237;64;66;98;237;114;96;71;67;84;91;61;95;77;68;237;44;95;68;95;95;48;71;237;138;141;95;95;63;172;95;333;91;43;52;95;91;95;95;61;95;95;97;60;95;190;88;162;84;95;54;75;298;71;95;95;95;84;190;73;95;84;95;138;95;208;46;95;95;95;95;74;81;56;95;48;95;95;80;55;56;95;48;237;78;73;67;71;233;95;115;95;95;95;95;237;114;114;237;78;78;122;115;190;55;63;64;95;118;53;75;75;90;48;63;95;98;219;95;95;91;88;233;95;95;114;93;95;43;95;76;95;95;91;95;82;93;1001;48;93;95)
seed_15_level_2-1,1170,12896.862294197083,20034058,3635,(208;154;78;77;75;87;56;53;64;95;236;88;95;95;50;92;391;98;76;106;70;83;72;43;86;43;82;95;95;115;95;70;43;96;95;87;91;115;71;138;91;93;84;48;91;95;333;48;190;237;95;91;91;92;95;95;91;95;64;95;62;172;99;95;72;95;71;43;155;95;95;95;237;66;71;138;114;59;138;71;95;76;84;70;71;74;95;76;95;95;95;237;87;95;71;95;95;369;61;71;74;95;79;237;237;237;112;95;68;95;75;90;84;95;1001;95;218;43;95;237;95;95;138;95;95;80;95;98;80;95;138;95;234;73;44;95;76;95;95;117;72;70;114;95;95;74;65;89;43;77;61;69)
seed_15_level_2-1,1170,13476.434918403625,22031282,3787,(391;43;97;237;97;75;43;78;117;86;86;95;190;90;1001;43;83;95;79;213;190;95;237;48;92;95;80;87;95;115;92;95;91;74;95;95;98;95;95;77;95;55;95;95;87;237;95;87;99;95;80;80;55;237;80;87;73;75;48;95;95;95;88;116;88;95;95;67;86;72;237;62;95;103;79;95;91;85;95;95;53;333;73;92;66;87;73;82;64;91;72;138;64;95;115;95;81;91;95;104;82;43;43;190;190;190;88;95;95;87;84;97;95;95;94;1001;95;95;71;190;95;237;52;67;95;109;95;74;237;59;95;43;95;95;237;95;82;71;75;95;72;93;74;44;60;95;95;95;237;44;77;92)
seed_15_level_2-1,1170,14032.791435480118,23103945,3936,(237;89;62;71;237;95;78;91;95;67;80;79;287;43;98;44;115;242;95;56;75;95;95;95;95;79;95;95;65;95;95;172;43;43;43;43;44;114;86;77;95;75;43;44;237;43;44;95;237;237;58;95;76;97;69;244;89;95;92;286;177;86;82;84;74;333;85;95;60;92;78;60;95;95;66;95;95;91;82;95;95;95;279;84;97;87;77;43;43;67;138;96;190;70;138;95;285;109;113;114;43;95;89;63;95;112;95;50;119;69;95;318;58;95;62;117;44;73;43;95;95;237;93;95;87;95;95;92;77;77;95;95;151;95;237;110;80;79;72;43;95;83;79;95;138;72;72;110;237)
seed_15_level_2-1,1170,14604.798965454102,24310587,4084,(91;73;95;80;294;92;43;148;43;43;237;85;43;318;252;127;158;95;237;74;95;85;237;84;95;100;165;200;80;76;333;95;69;91;95;95;237;95;138;194;69;95;138;95;191;95;117;86;95;43;64;95;235;89;95;60;95;100;87;84;88;89;218;190;95;190;81;97;74;95;95;190;95;95;44;71;95;68;287;43;84;237;95;138;90;85;105;88;62;95;71;89;114;87;113;279;95;95;95;48;231;95;237;60;237;119;73;95;95;89;95;191;43;71;43;87;56;55;67;74;74;43;95;95;64;95;43;81;95;95;71;75;78;115;95;95;190;58;80;95;52;95;74;281;97;79;95;138)
seed_15_level_2-1,1170,15200.74377989769,25868776,4233,(208;178;84;95;93;91;43;85;95;94;64;95;91;87;196;95;80;91;190;114;95;64;75;234;92;76;190;95;281;91;98;237;95;95;54;279;65;94;174;60;237;74;95;54;114;242;71;95;89;79;95;95;95;79;192;84;77;190;95;88;116;95;66;95;95;74;95;114;95;138;95;70;98;87;95;237;320;287;391;95;95;84;95;84;68;95;95;95;237;95;237;149;190;44;63;391;237;95;179;95;76;43;91;95;74;84;75;95;78;93;68;138;333;138;52;62;95;91;91;95;91;95;108;95;237;95;91;91;237;252;95;43;60;237;44;73;237;108;318;237;43;391;94;114;71;95;84;243;77)
seed_15_level_2-1,1170,15799.272065162659,27758885,4381,(279;79;232;91;106;89;94;190;237;95;91;43;85;86;237;93;333;373;82;91;91;78;237;108;166;95;99;66;62;113;60;66;275;95;56;87;237;95;95;72;95;66;95;95;48;84;64;196;43;95;95;173;44;69;95;95;43;76;95;88;95;71;281;74;84;71;237;74;237;61;95;1001;114;189;95;167;65;129;233;88;96;95;64;84;59;95;75;95;95;206;95;95;91;237;321;43;95;43;95;66;93;237;95;95;92;53;89;94;95;88;95;95;287;110;95;95;79;87;87;138;190;95;64;237;237;101;116;91;190;237;106;138;237;95;91;82;73;73;237;43;52;237;98;75;85;91;116;237)
seed_15_level_2-1,1170,16392.799206256866,29509140,4530,(196;95;77;95;138;95;43;237;95;237;73;93;95;237;208;95;80;64;114;95;50;108;95;55;95;84;129;91;320;71;79;52;95;237;95;86;87;61;95;91;237;95;43;95;61;218;95;95;190;64;71;89;132;190;95;95;90;90;62;185;278;90;114;95;95;92;138;73;74;95;95;237;95;190;85;85;237;333;48;237;65;87;91;87;95;237;78;95;95;95;50;91;95;95;318;95;95;95;101;88;80;95;157;138;87;95;79;95;138;167;258;237;287;71;78;95;95;190;87;88;95;44;95;89;190;112;61;87;237;43;1001;79;81;95;75;95;43;76;95;80;133;52;95;95;53;95;95;95;91)
seed_15_level_2-1,1170,17009.787077903748,32384404,4679,(254;95;135;91;129;69;95;71;201;75;95;95;91;87;43;333;95;95;78;48;138;190;79;93;95;87;95;55;95;95;138;320;95;138;64;95;62;190;95;59;95;391;95;237;81;95;80;1001;53;95;95;71;57;84;74;74;102;95;79;95;95;194;62;95;287;114;95;95;138;190;95;62;95;95;84;190;98;95;68;78;64;391;1001;65;237;76;83;73;75;190;223;138;95;95;86;43;84;294;81;190;43;48;79;96;339;54;90;95;138;43;91;101;218;95;109;44;237;90;114;95;75;95;86;53;95;81;138;95;71;237;89;143;250;237;48;190;95;95;95;237;95;64;66;90;333;1001;85;84;82)
seed_15_level_2-1,1170,17589.365575551987,34596170,4826,(196;79;95;93;95;58;84;85;100;190;99;91;43;95;333;89;112;237;95;95;64;87;114;113;87;67;87;89;73;223;127;138;353;190;71;76;44;95;95;90;84;95;95;127;86;287;86;237;91;95;94;84;73;95;95;95;86;91;68;95;237;320;95;81;237;95;82;95;237;46;95;43;237;88;95;237;43;89;1001;85;86;84;71;95;95;95;75;95;97;52;43;88;82;95;201;71;95;88;43;100;43;88;66;62;95;50;78;48;91;70;1001;237;85;328;95;64;221;95;95;114;99;95;237;236;105;79;97;80;237;44;73;85;78;138;168;95;95;207;43;75;85;270;95;60;43;62;106)
seed_15_level_2-1,1170,18186.04030060768,36845560,4974,(201;74;95;51;95;69;78;43;237;61;95;43;69;95;288;196;69;95;96;43;71;85;95;78;95;63;43;75;86;253;92;115;116;43;95;92;69;95;237;79;116;87;55;43;391;112;237;1001;48;95;95;237;86;64;75;52;237;95;95;138;43;55;320;95;93;95;95;138;190;95;95;95;95;43;73;237;52;95;287;190;72;43;95;43;71;95;75;95;95;237;92;74;71;95;44;233;78;95;95;138;245;77;95;71;95;95;95;95;95;95;95;74;333;79;95;237;237;78;138;95;91;68;83;68;95;95;43;95;138;1001;118;190;237;95;176;237;91;138;115;95;95;237;43;95;95;80;55;95)
seed_15_level_2-1,1170,18780.696298599243,39003284,5125,(287;95;72;60;95;79;84;296;84;89;138;88;95;237;64;65;79;190;77;79;95;60;95;44;237;95;88;190;95;51;97;95;252;74;112;78;116;76;73;95;43;90;95;76;87;95;77;71;1001;95;95;236;95;68;65;120;95;95;61;95;86;237;79;95;320;95;95;237;87;60;73;75;79;95;88;76;61;55;88;237;95;95;78;91;138;81;84;95;95;85;95;237;95;78;94;218;79;95;66;77;95;76;90;75;125;89;138;48;190;95;95;95;84;1001;237;62;103;87;43;97;95;63;95;95;95;95;95;95;53;88;95;80;65;237;95;74;95;87;315;87;75;86;237;95;138;86;338;92;95;95;278)
seed_15_level_2-1,1170,19388.385733366013,41333765,5276,(237;95;95;109;116;95;95;95;87;70;53;95;64;95;95;242;93;95;95;95;74;90;95;138;95;91;95;90;95;228;44;253;54;74;85;65;237;77;83;95;43;138;69;48;91;95;237;95;95;81;138;95;138;95;94;48;64;96;110;95;95;95;91;321;66;101;85;120;167;95;334;70;146;237;337;88;78;43;95;1001;66;242;55;55;330;55;98;66;138;95;202;67;95;95;138;85;190;297;92;95;95;95;109;44;68;84;63;71;94;95;84;359;103;190;1001;95;76;150;74;56;95;114;190;78;95;190;52;87;60;190;78;95;315;70;121;74;256;60;95;142;95;129;86;95;78;89;316;118;116;85;68)
seed_15_level_2-1,1170,20009.1487364769,43852934,5427,(90;237;91;248;237;74;95;391;95;87;95;74;78;391;237;95;237;237;95;95;79;95;379;328;95;50;68;138;64;66;1001;95;88;95;95;82;52;77;237;164;95;74;95;95;95;95;95;116;95;43;95;87;78;87;109;91;79;95;79;86;95;43;66;225;95;95;114;91;75;89;75;95;71;190;64;142;138;71;91;66;296;64;92;95;114;237;100;61;95;90;237;86;95;95;95;95;1001;87;98;95;79;95;73;43;78;97;138;98;43;228;91;118;105;320;94;95;73;95;76;48;87;43;98;95;91;95;44;95;95;88;83;256;95;95;237;293;237;84;301;79;91;82;255;167;95;87;290;338;138;150;87)
seed_15_level_2-1,1170,20649.863838911057,47232448,5577,(320;88;48;89;58;44;95;237;43;43;76;66;237;43;237;87;225;95;95;92;138;85;95;92;106;95;76;43;84;64;95;116;87;95;78;95;92;91;61;114;87;95;95;71;237;87;1001;75;84;66;188;131;92;99;43;43;95;95;98;80;293;192;1001;190;95;95;95;95;291;114;53;95;98;43;237;95;95;95;328;95;95;95;95;237;95;237;71;95;95;95;95;64;114;95;82;296;95;73;73;60;90;95;84;90;86;95;63;91;110;69;138;237;391;147;72;95;237;1001;212;84;95;237;237;71;350;71;261;68;406;95;85;56;86;95;87;1001;95;95;95;88;95;95;47;95;95;98;190;95;86;95)
seed_15_level_2-1,1533,21236.067744731903,49120317,5727,(321;91;97;87;95;155;64;43;43;48;77;95;95;95;78;225;84;95;59;95;95;59;138;95;88;64;237;95;222;328;95;138;95;66;91;95;138;237;190;84;190;89;95;66;44;299;211;43;88;332;95;95;132;95;101;59;89;95;102;237;71;48;116;138;116;87;66;95;87;95;76;55;78;75;76;114;65;190;97;66;297;95;95;68;67;82;95;71;95;88;68;71;95;79;116;67;1001;90;190;95;95;95;59;281;484;267;68;50;104;293;82;50;75;442;80;43;104;93;70;95;42;104;263;42;104;84;175;246;175;68;152;83;42;140;42;85;187;42;42;42;42;62;89;104;62;94;72;74;70;140)
seed_15_level_2-1,1533,21813.402101039886,50371791,5875,(187;104;97;104;104;82;102;104;104;98;102;42;42;99;175;79;321;79;76;117;59;83;104;104;79;76;42;79;102;149;116;291;117;42;175;42;92;140;87;43;94;86;104;104;175;121;42;97;91;73;82;101;121;88;104;104;121;104;103;97;104;104;297;78;127;102;86;104;87;104;99;78;75;89;104;104;104;73;88;442;249;96;88;121;104;103;175;175;42;53;51;87;104;162;104;225;84;140;140;90;103;104;104;121;126;87;175;42;175;84;91;332;286;66;104;114;160;121;86;93;175;175;82;252;121;175;227;121;117;175;52;100;77;74;80;175;175;140;67;75;88;175;117;101;97;97;101;69)
seed_15_level_2-1,1533,22389.60427236557,51600769,6025,(88;79;100;103;84;121;104;100;97;74;84;84;175;104;97;187;87;102;140;71;171;140;121;122;43;79;98;78;175;140;175;102;101;101;102;84;101;101;87;94;87;101;103;104;47;140;45;321;115;65;92;104;42;87;71;104;175;89;104;158;89;104;310;117;102;62;140;117;75;75;91;266;104;104;104;63;81;76;225;97;100;176;83;104;97;104;103;71;97;160;70;100;95;175;100;297;104;97;104;97;175;92;62;43;104;97;90;97;84;89;64;64;104;442;42;104;100;121;89;88;88;104;127;42;272;121;121;175;104;175;331;80;102;104;88;175;89;167;65;79;82;87;175;175;104;116;175;190;42;75)
seed_15_level_2-1,1533,22982.62393140793,52964144,6177,(175;80;84;175;78;361;47;97;104;74;71;104;175;101;88;175;97;121;84;87;117;75;84;175;102;81;62;104;79;297;87;79;117;140;99;68;104;175;140;62;99;83;65;87;101;175;187;43;75;42;161;121;42;42;88;89;140;42;121;87;121;81;266;90;83;110;140;89;77;332;140;89;78;64;91;175;85;89;76;320;42;86;69;88;104;322;126;104;309;64;100;45;117;175;104;218;74;61;97;166;121;104;100;140;113;80;175;97;175;175;71;104;89;442;104;68;79;96;121;101;104;42;117;42;104;87;90;131;104;104;104;331;140;88;175;117;140;62;104;121;175;99;104;121;74;144;140;80;117;140;104;113)
seed_15_level_2-1,1533,23558.230164289474,54156571,6329,(187;140;87;91;55;72;84;47;91;80;104;66;76;121;442;86;121;42;99;102;121;102;85;42;175;175;87;104;145;291;104;175;104;84;117;43;117;104;121;79;82;62;100;100;80;100;361;172;100;63;104;76;104;76;104;101;117;98;101;112;104;51;296;59;167;72;131;70;61;74;175;89;97;97;87;68;71;85;266;51;104;79;59;97;42;87;88;67;74;64;175;64;104;65;102;100;321;175;104;85;140;175;175;81;104;104;85;88;47;42;85;46;117;225;162;103;79;102;104;104;84;65;140;104;77;70;81;97;104;95;158;103;332;63;85;175;78;104;175;87;143;104;175;77;142;106;72;104;101;77;104;80)
seed_15_level_2-1,1533,24151.108718156815,55499569,6481,(175;100;82;100;117;66;66;104;66;87;186;140;79;75;187;175;42;84;84;42;140;121;162;66;68;121;43;92;84;266;67;175;78;106;89;298;102;84;85;70;84;43;175;77;64;117;361;94;93;175;104;93;71;76;101;42;77;102;81;96;90;321;85;175;79;97;89;63;77;140;119;98;104;103;79;104;175;242;175;140;79;140;175;174;117;77;86;69;89;89;121;49;76;140;162;442;121;97;236;85;92;104;95;175;140;236;93;104;86;89;104;175;107;297;69;211;63;345;81;99;175;61;64;62;69;121;78;97;140;99;108;331;106;72;115;175;66;87;81;83;76;79;86;104;42;113;119;42;80;62;42;104)
seed_15_level_2-1,1533,24741.92627096176,56983648,6633,(361;77;104;79;76;71;84;86;104;150;104;104;79;71;187;122;88;63;101;121;88;42;42;102;98;42;42;63;332;238;81;268;82;138;80;305;76;394;104;100;113;142;65;116;158;175;175;186;82;79;175;117;76;100;122;79;104;103;140;68;104;97;320;88;80;63;73;76;63;42;104;79;69;140;104;101;63;156;93;233;100;100;84;96;97;104;103;97;99;91;121;103;186;104;104;84;266;117;121;63;121;140;91;175;71;97;163;74;104;79;97;64;175;76;297;85;64;175;99;99;175;84;104;63;175;83;73;121;97;88;63;61;90;442;175;42;74;121;122;174;442;64;42;291;121;104;79;175;88;51;117;104)
seed_15_level_2-1,1533,25324.734538793564,58261825,6783,(187;43;121;121;43;101;121;94;94;175;140;100;101;320;69;104;175;140;42;121;86;329;160;68;121;43;79;104;186;97;97;83;75;91;78;140;69;74;59;91;62;117;121;97;361;74;83;97;97;89;121;100;140;78;45;97;91;82;91;225;100;104;103;59;77;75;120;89;82;77;90;104;97;104;117;266;106;89;76;104;64;104;89;86;85;87;317;84;97;80;90;89;297;61;64;68;104;73;175;103;98;89;97;104;104;91;74;68;64;87;442;43;109;121;140;175;104;105;97;104;175;140;98;104;114;104;104;121;164;121;42;112;81;204;140;104;361;62;104;82;104;98;222;82;42;104;78;97;254;84)
seed_15_level_2-1,1533,25901.715059041977,59445223,6934,(187;175;91;104;97;97;72;104;104;100;52;88;74;99;361;104;104;175;79;80;103;90;91;71;82;91;183;83;104;49;186;175;117;104;114;91;104;104;97;104;69;104;97;78;104;218;112;121;121;66;100;97;140;91;140;87;93;82;104;104;320;175;79;104;121;43;71;104;78;104;104;53;175;147;47;80;266;71;43;89;84;71;66;75;59;95;59;84;121;103;71;97;71;66;297;62;175;87;61;103;175;82;69;64;103;122;99;94;84;101;76;442;104;175;104;110;159;104;74;86;121;43;99;89;72;45;53;104;140;104;175;140;202;229;158;115;63;175;140;104;87;87;104;69;227;75;140;104;104;104;172)
seed_15_level_2-1,1533,26495.485042095184,60798062,7087,(187;140;92;175;121;121;121;71;242;78;104;77;74;86;97;266;110;88;42;78;104;97;104;70;76;97;97;59;97;43;84;97;320;104;104;42;78;68;117;89;64;148;140;65;87;65;175;186;100;117;117;104;104;121;104;175;104;84;91;104;104;91;104;442;42;140;175;81;140;42;97;75;121;175;99;72;75;82;42;140;218;337;84;76;104;175;79;78;73;97;53;79;97;68;71;97;361;102;74;104;74;121;175;102;104;104;87;102;71;97;106;121;71;297;87;64;85;86;103;67;65;100;288;65;175;63;98;64;104;104;198;228;91;175;140;99;140;99;175;104;98;82;174;343;42;175;158;175;78;96;61;175;140)
seed_15_level_2-1,1533,27076.310881376266,61920361,7239,(242;71;69;97;99;70;121;121;103;90;85;121;88;78;83;97;266;76;140;121;99;102;42;84;59;43;97;97;105;43;71;71;91;186;104;159;69;62;104;104;104;104;97;104;97;215;104;175;104;104;80;361;117;78;76;175;76;175;104;84;100;76;91;102;175;104;73;175;104;102;320;42;83;103;42;78;78;42;97;71;89;42;52;79;104;69;175;66;242;85;102;179;71;68;71;71;42;42;97;121;87;42;100;121;42;89;99;297;71;99;97;103;68;104;175;134;74;100;63;97;97;103;92;87;70;117;71;97;343;100;93;175;177;103;98;269;101;78;91;86;104;175;78;115;104;101;175;104;140;98;104;175)
seed_15_level_2-1,1533,27665.067616701126,63297616,7391,(321;104;140;104;104;91;121;74;79;79;117;100;87;97;76;104;46;87;88;79;71;175;91;74;82;97;71;43;104;140;175;87;175;76;140;266;88;79;175;42;71;64;43;160;64;104;104;84;42;100;104;218;68;77;90;140;71;93;104;62;104;91;104;84;175;75;97;102;297;76;89;121;87;88;97;360;87;87;60;82;98;102;84;86;97;103;97;87;186;121;116;121;121;97;150;104;121;104;66;104;91;99;97;104;97;104;66;361;81;90;100;95;102;77;175;104;104;76;66;47;104;140;175;175;309;78;91;343;81;98;42;340;197;71;42;46;176;104;192;102;104;99;175;42;97;442;324;87;140;175;101;104)
seed_15_level_2-1,1533,28261.129821777344,64765887,7543,(266;97;80;102;74;64;96;102;67;166;140;121;97;63;115;100;175;171;140;348;85;77;85;104;140;103;76;165;121;74;89;175;89;104;321;121;45;175;175;104;104;71;98;104;75;87;84;93;117;104;104;83;150;140;104;121;117;175;104;121;104;104;77;104;79;66;84;66;62;104;218;73;108;103;98;84;175;91;140;97;104;67;91;84;94;42;104;62;361;62;86;102;91;104;94;104;92;76;104;361;175;81;102;87;86;74;77;296;87;87;67;84;74;86;176;88;172;104;94;87;168;59;104;140;97;91;65;97;442;442;42;104;126;85;64;121;121;104;66;175;151;42;255;121;121;105;121;101;63;442;75;157)
seed_15_level_2-1,1533,28843.716552972794,66087870,7694,(218;87;175;94;97;104;97;75;90;104;87;74;175;97;72;140;71;77;106;65;150;101;90;175;104;59;104;71;104;73;90;138;104;71;104;104;70;62;104;151;361;98;102;69;87;86;104;104;361;104;80;104;104;67;74;120;99;100;93;85;88;266;93;104;100;102;95;322;104;43;102;140;84;140;104;66;121;97;100;175;96;297;76;104;89;89;42;104;104;65;89;93;42;91;121;93;103;65;72;64;97;175;104;94;361;189;76;175;82;74;104;83;80;140;100;74;121;117;105;83;308;87;84;104;121;442;140;103;102;99;333;42;103;104;140;104;140;175;104;45;117;97;117;140;175;103;140;99;42;140;121)
seed_15_level_2-1,1533,29426.175863981247,67351891,7846,(296;86;75;102;93;80;87;87;59;72;80;71;104;99;87;104;117;88;104;117;90;104;75;91;442;66;104;85;64;104;85;97;140;157;125;104;104;162;156;99;140;254;175;66;101;97;175;77;166;272;103;218;103;104;104;84;84;97;103;84;145;104;87;84;84;89;87;97;97;175;187;97;79;94;80;361;175;95;105;104;104;104;71;175;104;175;104;104;77;100;71;100;47;75;88;121;69;53;89;76;266;115;102;140;140;104;90;71;140;175;80;76;89;99;89;76;102;97;76;76;102;43;79;79;42;334;140;97;74;121;74;100;175;102;82;85;62;102;74;104;104;74;246;102;149;68;71;290;93;286;93;121)
seed_15_level_2-1,1533,30021.668224811554,68763515,7997,(361;91;104;104;88;87;91;123;101;175;91;92;104;104;85;104;75;104;127;121;121;93;104;266;442;97;140;104;76;42;104;104;175;71;80;102;70;104;100;102;96;87;89;79;66;84;102;225;67;104;97;140;175;140;112;97;97;104;97;77;121;104;90;104;68;91;121;66;175;140;84;97;297;90;104;118;175;117;71;97;97;76;103;73;82;88;175;104;102;88;99;104;98;103;143;78;121;246;175;121;97;156;140;146;92;85;74;104;107;175;61;175;95;80;71;82;78;100;121;175;175;86;104;442;104;67;442;175;175;175;104;45;174;104;124;68;99;127;104;117;104;121;284;88;104;121;140;104;125;102;175)
seed_15_level_2-1,1533,30624.396991491318,70356188,8146,(218;86;121;70;97;84;101;83;93;121;97;140;66;117;84;97;97;104;73;70;68;98;83;279;98;42;71;169;296;60;102;60;124;87;166;121;175;95;121;175;59;175;102;99;79;117;104;287;60;42;102;288;64;104;95;86;98;111;42;76;97;79;88;66;76;81;43;104;175;91;84;87;101;140;102;301;76;74;104;104;207;88;97;83;102;191;140;153;140;110;87;87;175;175;104;75;74;132;102;442;92;75;88;140;42;211;140;76;74;100;361;100;80;77;95;100;442;93;63;238;91;361;331;68;153;185;121;108;140;140;154;278;104;93;442;88;239;106;97;175;103;104;91;89;101;156;99;84;104)
seed_15_level_2-1,1533,31198.359971046448,71647076,8295,(242;140;61;104;86;68;83;104;73;84;104;100;42;42;97;91;104;43;85;97;140;97;104;47;97;72;207;170;140;175;102;104;97;117;76;104;102;84;97;79;175;89;138;76;104;104;61;104;104;43;175;82;63;296;125;89;85;102;104;104;103;72;80;85;71;72;321;100;102;99;90;97;95;117;361;140;85;132;104;98;103;115;59;442;89;64;100;78;140;74;82;102;85;88;78;70;183;89;140;104;97;101;83;96;132;175;78;175;175;68;100;140;64;442;104;140;104;104;104;140;104;142;140;139;317;42;156;107;104;341;89;101;88;117;74;103;140;104;104;94;85;121;77;121;175;104;101;89;86)
seed_15_level_2-1,1533,31763.666182279587,72810002,8445,(242;94;91;104;50;104;51;71;66;140;55;97;62;102;81;71;104;59;102;92;84;71;81;121;70;86;45;90;175;99;207;64;70;72;87;104;68;76;67;217;97;101;101;97;93;76;71;140;104;102;71;87;64;74;91;59;104;101;87;102;100;42;104;72;104;104;296;182;62;98;104;175;88;102;80;175;101;80;79;42;85;91;111;88;97;95;62;96;80;104;77;43;175;99;73;293;101;84;65;80;64;101;101;121;282;102;341;69;86;93;75;121;121;212;121;102;140;131;104;101;104;140;63;104;106;319;92;186;104;86;97;104;101;99;442;103;175;140;103;85;140;102;270;159;104;114;163;121;103;104)
seed_15_level_2-1,1533,32343.480610132217,74066072,8595,(207;84;74;62;91;175;43;66;104;76;112;87;104;84;104;104;90;100;140;104;104;116;104;361;69;78;175;82;140;104;87;380;104;104;104;42;104;344;175;104;87;104;97;297;59;348;74;90;101;121;89;74;140;87;92;100;84;125;175;175;101;349;96;42;99;83;102;81;85;87;104;101;42;43;87;83;89;100;99;69;104;51;175;84;51;121;98;92;84;59;92;71;99;340;175;117;87;88;42;88;97;92;66;104;116;175;117;104;104;104;175;96;89;97;104;66;104;117;63;107;309;104;140;175;104;190;87;80;79;82;92;89;133;117;140;102;104;98;101;104;87;87;64;191;79;140;104;69;117;116)
seed_15_level_2-1,1550,32916.45772576332,75365007,8745,(279;91;90;117;85;42;75;62;89;77;101;85;84;140;87;87;84;97;42;43;140;42;361;100;322;140;97;77;99;94;97;71;175;140;43;109;84;61;75;121;121;88;42;88;175;175;175;108;344;76;42;103;116;43;104;87;138;91;104;104;104;104;97;153;104;97;97;140;76;104;91;121;104;42;72;42;97;104;42;175;65;69;104;104;64;130;104;79;111;42;140;333;84;175;340;175;104;117;89;87;175;89;142;92;116;163;87;194;359;89;82;208;87;83;252;42;97;87;108;86;116;94;104;175;73;65;104;104;91;85;104;64;140;104;101;453;108;98;66;108;77;91;97;114;44;116;98;98;108;117)
seed_15_level_2-1,1550,33469.97486329079,76162524,8895,(135;98;98;98;98;98;108;98;98;115;97;98;108;108;81;68;76;44;67;87;108;98;97;98;95;84;98;98;135;98;106;98;88;59;98;98;98;97;88;87;106;66;98;98;92;135;108;232;98;103;47;147;235;106;80;66;98;71;69;92;85;98;235;83;44;45;79;59;98;90;97;98;108;98;44;44;74;79;98;98;135;86;98;108;98;108;61;91;66;67;86;98;135;80;116;98;108;79;97;79;89;118;98;89;97;97;106;108;116;286;98;98;87;108;91;97;79;135;108;98;108;89;108;44;98;108;85;108;108;69;79;89;98;79;98;108;135;114;135;135;135;87;135;88;87;103;91;106;87;67)
seed_15_level_2-1,1550,34019.99108052254,77016098,9045,(106;108;97;108;109;87;98;60;97;98;98;87;45;105;89;68;59;98;69;98;66;103;59;102;87;98;108;97;98;108;59;71;106;98;98;79;101;59;135;78;89;98;98;53;66;45;232;269;45;92;71;75;98;87;98;108;44;135;87;85;91;81;98;78;122;135;235;45;135;45;108;75;98;87;98;98;44;106;254;98;98;98;113;45;98;100;115;78;85;84;107;44;106;110;286;135;108;65;117;100;135;87;108;114;135;97;135;98;87;89;98;98;108;87;109;97;135;106;113;115;98;87;87;135;89;135;108;120;98;109;87;98;89;106;108;95;92;95;79;69;106;79;106;135;106;135;78;106;196;106)
seed_15_level_2-1,1550,34575.93693447113,77866575,9196,(135;135;97;66;71;97;97;85;106;108;66;80;114;87;60;98;97;93;71;74;98;108;98;135;108;108;85;91;44;135;98;70;106;80;98;111;108;98;98;78;108;108;71;74;98;254;98;75;106;98;117;85;235;84;90;116;108;90;71;98;246;56;96;83;98;88;135;75;135;74;98;91;62;131;94;135;98;98;53;100;108;127;88;84;77;98;135;90;98;62;88;85;135;80;286;135;87;80;85;135;97;88;87;98;106;59;135;87;106;108;89;119;98;108;97;89;93;115;98;142;115;97;108;87;97;115;87;85;94;86;108;77;87;115;106;108;135;87;108;108;115;98;108;97;98;108;98;108;108;98;116)
seed_15_level_2-1,1550,35128.74337506294,78742806,9347,(135;117;98;87;79;135;98;98;79;117;104;135;98;116;71;71;97;87;108;98;76;97;98;98;98;44;69;98;82;108;71;98;110;98;44;98;84;44;69;108;87;91;71;71;71;135;254;98;87;87;79;87;98;108;87;108;111;108;98;44;87;98;135;135;44;135;95;135;87;132;84;86;79;111;116;92;135;99;106;98;85;45;84;96;135;99;135;98;98;114;169;83;77;135;87;76;286;135;98;98;99;98;108;87;98;278;273;98;98;98;108;87;90;115;87;106;108;98;98;98;98;108;115;115;87;104;98;115;108;87;115;87;98;98;87;119;78;97;68;97;135;98;108;98;98;115;102;114;87;98;89)
seed_15_level_2-1,1550,35687.63202381134,79769002,9498,(116;67;106;135;108;97;97;98;75;61;44;78;127;98;120;108;73;97;109;98;108;94;108;97;97;97;66;98;98;87;87;88;98;108;98;93;97;82;98;116;114;98;66;98;106;254;108;98;98;104;135;89;135;111;97;116;91;287;98;97;235;87;98;98;98;91;98;98;98;65;114;98;98;116;235;98;72;92;235;75;60;291;98;88;94;135;88;56;135;76;87;108;103;277;85;98;98;286;98;87;115;87;115;98;97;87;135;64;98;87;89;135;98;98;85;91;97;88;87;85;98;115;116;87;44;85;135;115;88;106;220;87;87;87;87;135;89;87;346;44;86;108;98;85;88;98;115;88;87;97;89)
seed_15_level_2-1,1550,36174.36975979805,80717710,9647,(109;108;98;44;108;84;98;44;98;44;44;135;98;135;100;44;98;45;44;135;98;97;44;108;96;76;108;53;68;135;44;98;44;45;45;92;68;98;98;71;116;98;108;291;127;265;87;100;69;98;98;98;83;229;98;98;135;135;64;98;98;85;79;108;108;98;98;235;84;235;135;108;135;98;77;64;95;106;108;98;108;135;101;98;87;98;66;90;98;108;98;74;98;98;94;346;98;97;87;44;98;96;123;87;108;115;135;135;98;135;87;87;108;108;44;135;49;115;97;87;98;98;97;115;115;97;98;87;87;108;116;87;98;98;108;135;135;87;274;119;97;87;87;87;87;108;87;98;241)
seed_15_level_2-1,1550,36665.19112658501,81700025,9797,(109;73;80;77;110;235;135;106;84;102;85;45;108;135;98;45;135;98;112;97;49;110;98;98;86;98;103;87;94;98;98;45;108;145;135;135;108;106;120;291;108;108;135;74;97;98;98;98;60;98;71;74;98;118;98;98;98;135;74;100;108;96;98;98;120;108;66;69;98;98;235;91;88;135;92;98;79;97;98;100;108;98;98;82;106;235;95;98;98;79;107;98;109;346;135;115;108;92;97;115;108;104;115;98;87;135;135;87;87;85;135;85;87;98;114;87;87;87;135;91;98;108;115;98;87;89;77;135;115;100;108;106;155;108;108;97;87;109;108;135;108;87;98;108;108;116;115;135;82;304)
seed_15_level_2-1,1550,37156.35918259621,82522854,9947,(291;98;88;98;98;135;85;87;98;98;98;88;88;98;88;88;78;98;117;79;79;98;86;135;88;80;98;75;68;87;108;91;107;135;75;116;98;87;79;108;98;87;98;98;91;117;76;84;98;89;109;84;98;78;87;74;75;98;98;106;88;97;98;75;75;135;91;116;346;108;98;97;84;97;68;108;98;108;81;98;97;87;97;135;120;98;87;98;115;87;98;116;108;115;97;150;95;115;87;87;87;108;87;127;108;108;115;87;87;119;98;98;87;64;108;89;65;108;113;98;135;98;108;108;108;108;135;97;115;115;98;87;87;64;115;98;89;87;62;87;115;97;63;115;115;135;115;105;116;79)
seed_15_level_2-1,1550,37658.07745504379,83549678,10097,(291;87;69;137;98;87;87;98;98;98;91;135;73;116;87;98;115;135;87;98;135;98;98;135;98;135;98;95;101;99;98;88;98;65;87;66;108;87;79;73;115;235;98;89;91;113;98;76;108;98;121;135;98;131;92;73;135;110;108;235;118;75;112;111;79;127;98;346;87;87;135;87;98;97;98;115;87;109;89;112;116;73;115;87;89;97;115;98;98;93;87;44;115;98;118;98;108;135;97;98;110;85;87;87;87;76;87;98;88;98;98;135;79;135;89;108;87;210;115;119;113;115;98;384;87;135;79;115;122;115;135;115;263;87;75;98;76;103;87;87;115;108;106;87;115;100;108;98;108;115)
seed_15_level_2-1,1550,38148.975043058395,84475255,10247,(291;98;109;84;79;98;98;87;98;98;82;86;98;98;108;98;98;106;95;79;109;98;98;135;84;70;98;135;76;98;98;98;117;98;71;79;116;289;87;98;116;88;79;108;79;103;98;98;106;109;84;98;95;65;98;79;120;98;98;98;135;98;69;79;98;98;65;98;97;346;87;98;98;87;98;135;87;98;108;97;113;87;66;103;66;85;87;44;98;72;79;108;85;98;113;106;108;116;87;98;135;384;44;62;85;85;135;115;87;97;44;85;85;135;79;87;85;87;98;98;108;89;108;98;85;98;87;89;135;104;115;76;97;104;69;119;108;108;135;108;235;110;106;98;99;91;66;98;124;106)
seed_15_level_2-1,1550,38649.62010407448,85386250,10397,(291;98;71;87;88;74;98;98;85;78;66;135;84;87;135;98;98;98;80;98;87;106;98;98;98;235;85;69;92;91;135;98;135;98;69;108;115;89;98;135;108;74;98;98;98;66;98;108;135;71;98;113;98;98;98;115;108;87;91;98;135;98;80;98;98;116;115;98;135;73;346;106;89;116;135;131;85;62;135;87;115;87;106;44;98;84;108;64;135;108;98;106;97;115;87;135;115;115;91;115;44;106;98;86;108;72;108;115;115;95;119;87;135;97;98;87;72;108;115;97;108;85;98;76;78;115;108;98;87;88;87;108;97;89;235;255;85;87;85;97;108;87;98;79;97;115;87;135;120;89)
seed_15_level_2-1,1550,39145.01928448677,86322124,10547,(291;98;135;105;98;53;98;98;69;104;94;63;108;106;98;87;108;235;98;98;98;98;91;107;78;98;108;98;106;98;98;96;74;98;98;89;87;98;115;98;82;98;87;98;135;98;97;82;98;98;98;87;98;135;76;98;98;70;98;118;98;87;79;53;98;98;98;116;108;98;111;346;87;115;87;135;87;87;85;85;87;135;84;115;235;86;98;98;87;95;129;87;115;98;87;115;135;115;108;88;119;98;109;98;98;87;115;115;116;135;115;84;135;89;116;82;117;115;108;87;98;87;98;98;108;135;135;98;135;115;121;98;87;114;235;97;98;98;228;87;98;84;89;87;111;98;80;98;94;87)
seed_15_level_2-1,1550,39641.45486688614,87224196,10697,(291;135;66;108;135;135;114;98;94;98;108;103;135;63;135;117;98;98;98;98;98;98;135;135;267;89;135;113;98;98;100;89;79;98;114;108;118;114;98;98;95;75;116;91;87;85;98;69;98;87;98;98;98;87;75;98;84;133;98;98;98;98;95;80;87;87;135;69;346;98;115;91;85;87;117;85;87;95;98;98;98;98;98;98;98;89;98;115;105;135;106;64;118;109;85;98;87;76;79;97;106;96;53;87;234;98;98;95;98;131;115;98;106;89;112;98;108;108;135;115;98;108;106;115;87;98;135;83;97;84;98;98;103;97;87;85;108;87;119;90;98;115;91;98;113;108;98;85;44;85)
seed_15_level_2-1,1550,40144.8727312088,88253582,10847,(291;235;97;75;98;117;108;49;118;64;108;98;98;98;98;235;98;110;88;98;98;108;89;135;115;89;90;98;82;76;108;98;99;108;79;108;98;135;98;106;106;135;100;98;139;98;103;108;87;100;98;100;135;92;68;98;235;108;98;135;98;70;93;88;108;98;81;98;91;291;98;346;87;88;87;78;115;115;106;135;135;115;98;114;132;97;108;135;115;108;132;97;115;116;135;108;98;98;106;108;235;115;98;87;115;97;97;76;98;170;135;90;98;67;86;98;87;108;166;87;111;129;97;85;88;45;98;98;135;71;135;134;73;115;87;62;115;135;88;135;88;85;87;119;119;135;87;113;84;106)
seed_15_level_2-1,1550,40651.25975513458,89220490,10997,(291;83;84;98;98;87;98;98;108;135;87;98;98;108;106;115;75;97;135;135;87;71;98;98;135;98;87;87;75;91;74;88;235;87;135;98;98;98;98;98;98;87;97;98;87;88;98;88;118;106;123;79;88;87;81;117;116;130;87;116;79;98;79;98;98;108;59;98;100;98;346;82;87;44;98;106;45;69;108;135;98;106;90;87;108;135;135;135;68;49;85;85;384;98;135;115;98;108;44;108;235;108;98;103;135;76;108;87;115;109;97;135;235;85;87;75;98;108;85;115;49;97;100;106;85;44;98;135;116;87;114;98;98;93;64;97;106;118;84;89;98;85;118;97;97;115;135;108;87;120)
seed_15_level_2-1,1550,41155.88995170593,90258792,11147,(291;87;76;79;115;44;98;135;98;98;69;135;87;97;89;98;98;98;108;98;79;98;88;87;88;117;98;135;135;98;135;87;106;89;98;79;98;80;230;102;109;87;89;211;80;235;87;88;235;66;98;101;85;88;91;68;78;98;116;87;98;84;235;98;98;87;79;117;117;115;135;98;346;98;98;44;98;108;135;98;103;87;135;118;235;98;87;76;98;87;115;87;116;97;98;103;98;115;124;108;109;90;97;108;98;98;113;89;242;108;98;115;106;45;109;103;98;98;88;108;82;101;106;84;88;84;304;118;108;84;166;115;98;135;98;98;66;114;135;98;94;115;97;97;92;87;135;108;98;109)
seed_15_level_2-1,1550,41657.10398578644,91314504,11297,(304;101;86;97;108;98;116;85;85;115;89;63;89;87;91;74;87;56;108;91;116;121;98;98;135;98;89;135;84;81;135;106;84;106;235;83;87;84;135;135;98;98;98;78;129;98;235;98;98;108;111;108;98;104;96;88;217;78;113;98;101;98;98;93;108;109;63;135;115;56;98;98;44;90;97;85;291;56;88;78;98;108;98;98;78;135;235;87;211;108;96;98;108;130;92;108;86;98;80;98;135;79;135;79;76;87;98;235;118;98;135;89;98;235;87;235;135;98;87;98;98;98;116;98;235;232;100;98;108;98;98;92;135;98;98;98;235;118;98;91;93;89;87;93;135;67;89;78;98;98)
seed_15_level_2-1,1550,42165.159997701645,92458313,11447,(317;233;135;84;119;98;116;135;57;85;211;98;115;98;56;98;44;106;104;135;108;87;108;98;108;98;135;98;90;115;384;98;86;59;44;135;98;89;107;87;118;116;101;115;235;135;62;80;89;108;135;108;135;114;81;308;86;89;48;98;83;84;98;87;81;113;98;93;87;135;66;135;87;98;291;98;89;98;89;85;109;73;88;98;111;90;93;135;98;98;235;135;98;102;44;116;117;98;76;76;79;77;106;135;98;98;180;235;98;108;98;98;98;98;115;74;98;79;98;99;79;135;98;85;84;235;98;98;87;116;108;98;98;108;77;135;235;98;87;98;98;79;85;92;89;98;235;117;235;116)
seed_15_level_2-1,1550,42671.3440515995,93510529,11597,(291;75;62;65;108;104;98;87;98;135;98;90;69;98;98;98;100;79;98;98;85;135;98;108;97;135;98;120;98;113;98;98;87;98;98;87;73;98;98;87;92;98;111;100;95;181;197;135;93;108;87;98;117;127;151;116;92;116;159;235;98;94;132;89;235;143;89;98;86;235;235;88;117;78;229;87;132;93;74;135;116;87;117;98;112;135;135;304;135;235;108;44;108;204;119;54;135;98;85;53;98;235;98;98;98;98;135;98;95;97;98;80;87;116;98;98;103;101;98;108;87;113;148;85;108;116;135;98;115;47;83;85;81;108;72;98;98;115;135;108;77;98;108;98;98;44;63;82;87;108)
seed_15_level_2-1,1550,43173.00849223137,94571487,11747,(291;233;135;98;90;101;98;98;108;98;109;98;111;98;98;74;135;135;68;78;98;108;66;92;115;98;91;88;89;87;90;98;98;98;82;108;98;70;89;109;81;83;66;135;304;85;75;108;97;135;115;87;100;87;108;98;62;134;98;97;87;85;235;84;116;98;86;148;87;87;115;87;76;135;98;49;115;98;98;108;53;108;79;135;91;49;84;91;108;108;98;87;72;83;111;74;116;113;229;89;140;135;91;89;98;116;93;72;88;135;116;135;98;93;135;222;120;77;94;108;98;88;235;98;84;135;92;98;135;135;98;98;98;235;80;88;235;235;135;135;206;155;98;98;79;135;98;235;140;64)
seed_15_level_2-1,1550,43678.50764799118,95630809,11897,(304;97;219;235;108;98;108;115;63;69;98;85;98;98;155;98;98;135;98;148;94;87;98;98;98;87;98;98;106;62;235;135;98;98;116;88;108;44;85;98;98;98;108;135;104;98;235;73;85;98;87;98;66;135;108;98;98;108;135;135;98;113;108;85;98;135;98;131;115;115;86;222;108;66;87;135;135;89;79;90;91;87;98;118;115;135;97;98;228;135;135;98;98;92;91;98;163;98;135;89;98;135;78;135;98;87;91;98;97;235;98;235;98;235;89;135;160;87;92;108;80;108;98;66;86;98;85;87;98;135;98;88;108;100;93;93;112;98;90;92;91;86;98;98;265;98;106;87;88;115)
seed_15_level_2-1,1550,44176.22671866417,96711412,12047,(265;97;235;93;98;91;98;235;135;93;135;98;130;135;98;92;216;98;88;91;235;98;85;92;135;98;89;98;89;115;98;135;135;80;97;91;98;98;130;98;92;235;92;225;135;98;135;98;80;93;98;93;133;235;91;73;98;135;98;98;98;49;116;78;159;98;88;89;98;87;230;91;133;116;87;80;235;304;97;87;108;64;98;104;98;108;66;76;98;108;91;143;98;98;92;108;52;98;76;114;98;228;87;108;135;97;98;108;108;98;71;106;135;98;98;91;135;171;135;135;85;113;87;108;63;47;74;85;158;235;87;108;98;87;98;44;98;142;108;63;87;98;87;97;98;98;45;91;66;93)
seed_15_level_2-1,1550,44693.49500799179,97964919,12197,(304;135;94;108;66;98;98;84;98;98;214;112;98;235;98;282;98;97;117;87;106;108;98;87;135;98;255;272;98;93;98;98;87;87;98;98;98;88;261;98;98;98;235;135;235;115;108;74;74;87;88;98;106;135;98;108;97;235;79;66;98;112;98;84;155;108;76;98;87;235;135;97;265;89;145;159;96;85;108;235;92;98;98;87;89;87;135;98;135;235;88;116;106;158;235;110;91;106;108;92;98;93;91;88;106;116;116;98;116;98;75;80;88;235;98;86;125;135;98;89;98;98;110;111;182;132;78;91;258;135;129;87;98;92;106;98;80;98;93;98;88;98;89;230;89;119;79;106;117;89)
seed_15_level_2-1,1550,45167.627039432526,99204784,12347,(304;116;98;113;97;108;97;158;87;97;75;91;108;98;47;98;75;44;76;112;98;108;98;235;76;98;84;98;106;98;227;108;268;97;135;98;98;108;98;80;105;84;98;144;138;135;113;84;85;98;110;135;99;115;128;84;135;98;97;98;98;98;97;64;97;98;93;98;62;98;115;235;384;265;98;103;117;106;98;98;135;257;93;98;92;98;92;98;227;86;106;108;92;235;98;91;235;93;98;235;135;89;135;151;247;71;98;98;228;153;87;235;97;98;96;108;79;118;79;98;135;98;100;158;106;98;106;101;98;239;118;135;86;115;108;73;78;98;98;98;95;135;170;98;79;98;115;88;98;98)
seed_15_level_2-1,1550,45605.255922317505,100576926,12497,(304;98;98;98;98;98;97;75;98;115;177;115;135;88;135;98;131;143;78;66;108;98;112;98;116;126;100;129;108;98;108;87;97;97;75;87;98;66;265;79;269;44;235;108;98;112;98;235;97;62;135;135;75;98;87;87;98;115;98;98;73;98;115;301;97;86;235;84;140;98;108;101;113;98;257;87;165;91;115;135;116;79;116;98;108;98;108;98;87;98;74;116;88;135;103;98;98;108;98;110;443;225;88;75;98;235;98;115;235;87;178;135;135;98;235;92;98;172;88;98;106;108;209;135;98;88;98;235;98;233;98;87;117;90;95;115;98;98;74;235;98;191;98;98;76;249;98;230;98;131)
seed_15_level_2-1,1550,46015.81048178673,102054918,12647,(304;98;83;98;110;113;98;101;98;135;97;235;98;98;113;98;146;155;84;87;98;384;87;45;98;98;229;124;98;98;85;98;49;98;155;98;83;84;72;235;98;98;112;84;106;135;44;147;229;135;384;47;135;143;235;98;85;87;71;109;98;135;97;384;98;53;155;56;44;98;106;135;337;443;108;110;87;78;108;59;79;116;98;112;100;87;106;97;98;261;90;235;87;115;88;98;87;98;232;116;208;79;72;235;135;87;124;98;97;89;98;106;98;87;87;98;92;97;98;116;116;87;98;66;98;158;93;135;98;97;208;116;228;115;135;98;80;79;79;100;153;80;235;97;79;98;235;98;184;108)
seed_15_level_2-1,1550,46442.96071743965,103856194,12797,(225;157;98;98;235;384;84;53;131;235;145;98;131;235;92;84;135;92;75;87;98;216;158;156;235;103;384;98;135;98;85;384;108;84;53;235;93;75;62;108;108;200;155;84;84;66;98;108;88;235;108;98;158;200;72;87;106;235;98;131;108;92;108;98;87;192;235;102;80;98;104;113;98;135;443;98;98;274;95;115;151;79;135;205;169;419;89;79;84;98;89;230;93;243;78;98;98;88;78;108;129;135;230;92;235;118;89;98;74;96;141;79;87;95;235;135;79;215;142;79;98;76;235;89;121;98;72;235;115;159;98;87;260;94;235;95;108;73;112;88;98;359;133;98;135;106;89;80;235;87)
seed_15_level_2-1,1550,46851.58856344223,105254046,12947,(384;135;235;87;98;87;108;284;164;84;98;87;98;84;87;117;98;98;89;98;235;131;88;115;101;275;108;108;135;89;87;262;211;157;98;97;98;89;217;86;235;98;156;98;156;198;98;98;220;192;98;98;116;384;98;235;151;97;165;87;108;87;88;69;87;84;108;85;85;135;81;116;135;384;235;98;100;260;97;98;111;98;108;98;75;79;90;97;98;87;87;153;75;91;108;98;182;98;135;98;135;108;103;91;98;66;91;66;87;97;98;76;88;91;79;106;98;282;98;98;108;87;66;98;92;79;87;235;98;79;87;106;91;100;98;116;83;87;98;98;108;79;235;71;223;108;71;108;80;98)
seed_15_level_2-1,1550,47239.36950850487,106342967,13097,(443;108;98;108;87;66;79;89;88;100;135;79;80;91;87;135;88;98;108;98;97;91;74;135;102;98;88;108;76;82;108;92;98;75;87;75;102;91;98;116;87;109;79;246;106;118;117;91;78;117;97;91;78;86;79;91;82;98;118;87;80;98;96;384;131;79;86;103;98;98;148;87;98;144;116;96;229;98;87;115;98;135;52;87;115;98;87;87;87;135;98;235;98;98;85;135;79;71;76;98;116;135;108;116;254;84;108;95;98;98;103;98;146;86;116;98;104;98;235;84;47;44;44;98;99;144;97;98;108;98;115;81;98;98;235;144;84;98;135;135;98;101;85;178;87;98;108;98;108;273)
seed_15_level_2-1,1550,47643.184092760086,107647606,13247,(443;135;104;96;116;87;98;79;87;235;98;68;235;79;96;119;97;97;102;117;116;80;108;116;115;135;110;95;98;79;78;97;78;95;79;78;152;74;98;80;75;108;135;117;116;93;95;209;91;95;98;79;93;79;98;117;98;235;80;87;98;106;235;116;79;117;108;384;45;108;98;115;135;135;76;87;87;90;98;108;106;257;44;155;98;144;235;106;78;233;273;84;131;66;97;149;84;98;98;84;84;84;135;87;248;146;79;98;98;87;108;87;98;98;47;99;98;87;245;98;98;98;98;261;93;87;135;98;211;96;114;98;84;87;98;196;210;108;98;84;84;272;96;135;66;98;235;106;108;98)
seed_15_level_2-1,1550,48050.34459066391,109166974,13397,(443;93;87;108;116;89;235;98;96;117;116;235;116;92;235;115;115;88;115;106;87;72;119;235;79;108;87;98;115;99;117;227;118;98;135;117;93;89;120;98;98;87;86;98;91;87;98;88;88;80;108;90;115;108;235;79;88;235;89;89;110;234;108;92;135;135;98;106;215;235;98;384;116;98;98;98;143;254;235;87;235;238;135;225;98;115;115;115;103;201;69;87;97;97;103;98;135;98;97;98;98;254;98;155;135;108;98;98;245;239;74;87;98;97;74;115;97;98;113;44;235;71;162;275;98;98;85;135;200;86;100;115;98;232;87;89;75;235;235;98;98;98;112;75;98;108;240;87;98;80)
seed_15_level_2-1,1550,48460.26040148735,110844664,13547,(443;98;102;91;106;87;117;135;98;79;98;44;98;108;91;88;98;116;117;98;71;97;106;235;98;135;232;105;78;235;98;109;98;109;93;115;93;103;217;91;98;98;98;106;78;89;110;98;88;90;98;106;235;98;116;103;66;235;91;108;98;227;79;194;98;135;116;90;235;98;98;97;88;384;98;113;239;97;98;235;162;235;135;98;85;297;98;283;235;384;135;88;87;235;85;87;98;89;78;87;210;108;108;84;144;98;87;87;98;108;98;84;73;98;44;72;98;98;115;85;239;135;87;384;135;84;98;99;97;293;235;87;98;265;87;268;218;87;234;98;135;78;74;98;108;221;235;87;221;108)
seed_15_level_2-1,1550,48881.43747496605,112647328,13697,(443;98;79;98;103;217;235;98;87;115;89;93;271;211;98;108;297;235;330;98;98;130;100;104;120;88;98;79;87;87;135;290;80;98;135;231;234;108;98;91;98;235;65;79;79;106;87;90;134;79;79;235;117;101;88;116;120;117;98;120;108;356;118;106;116;108;98;84;62;98;297;98;86;135;98;90;81;108;98;142;97;98;98;135;108;98;116;384;143;228;45;87;90;116;87;82;108;231;87;63;87;115;235;108;75;101;245;384;108;258;88;97;242;221;252;85;106;108;87;98;98;158;384;84;204;246;98;98;75;305;135;87;98;144;100;75;272;98;44;98;87;98;87;98;74;89;94;235;148;106)
seed_15_level_2-1,1550,49280.39464592934,114075869,13847,(443;105;92;98;63;150;97;90;97;98;78;113;81;167;80;44;98;98;98;98;98;240;90;117;80;119;79;88;87;98;235;98;91;89;116;84;91;93;115;120;80;89;91;108;78;229;89;79;235;98;103;98;78;235;79;79;135;98;98;79;92;98;98;384;108;116;235;235;66;98;248;178;297;117;69;217;146;345;44;79;84;108;44;75;108;88;132;116;108;135;108;255;98;84;98;116;98;87;97;90;88;98;98;228;87;87;98;76;135;84;108;87;106;44;113;235;108;97;97;76;109;108;116;78;108;98;135;53;231;196;98;108;336;290;135;98;240;235;84;98;108;97;106;98;98;68;87;79;108;85)
seed_15_level_2-1,1550,49692.79072356224,115700991,13997,(443;135;98;88;135;91;98;116;87;78;98;92;106;98;135;89;98;80;240;103;276;98;93;231;98;167;117;103;97;98;235;80;96;116;79;215;87;91;98;116;235;135;128;71;224;206;88;121;65;135;98;97;98;115;87;135;108;88;87;92;98;88;79;98;93;98;87;117;88;93;97;98;108;297;98;98;124;85;116;98;98;100;98;87;44;84;187;98;73;116;234;294;98;66;98;129;98;384;116;87;116;198;108;105;84;91;245;384;275;116;108;45;116;87;90;236;235;84;384;88;116;72;106;129;244;98;75;232;108;85;273;87;183;116;44;98;135;99;71;280;98;98;116;227;113;98;252;98;75;98)
seed_15_level_2-1,1550,50107.57195854187,117313126,14147,(443;98;98;90;108;91;87;91;98;230;98;83;236;108;79;271;89;199;98;117;117;102;97;270;235;286;66;116;159;108;98;118;78;108;210;98;108;116;92;235;63;92;78;118;121;98;123;88;271;108;115;106;92;159;98;98;80;98;78;108;91;235;108;91;93;235;93;92;115;78;78;297;106;85;85;84;67;195;77;93;81;103;87;91;235;221;235;119;286;126;199;98;98;65;101;71;135;98;121;87;115;98;108;235;158;98;98;87;97;276;244;96;250;127;235;75;98;120;84;85;63;92;265;217;62;235;299;112;135;135;210;99;110;85;63;87;98;85;98;110;103;135;98;235;108;106;235;98;75;136)
seed_15_level_2-1,1550,50504.496769189835,118675797,14297,(443;98;91;108;89;211;93;92;75;87;98;235;98;121;93;79;108;106;80;93;80;75;98;213;135;213;98;67;79;98;76;65;116;98;106;135;91;93;235;91;98;135;98;87;104;91;69;97;106;91;116;93;78;135;78;119;91;87;135;97;190;189;118;170;79;247;93;79;149;93;80;91;299;85;115;44;322;55;115;135;384;108;87;98;103;235;87;128;44;108;135;48;109;384;44;88;98;146;109;98;135;85;258;65;108;111;98;135;85;113;98;97;84;90;87;108;98;98;84;87;84;129;108;135;266;108;87;384;87;74;108;87;98;87;66;53;108;60;98;106;218;85;98;86;115;84;98;87;98;97)
seed_15_level_2-1,1550,50918.9329521656,120213572,14447,(443;89;93;90;330;74;161;235;98;98;66;107;87;79;98;98;135;98;213;96;118;87;79;106;78;97;108;79;235;97;240;235;98;79;98;98;169;106;90;111;116;91;98;97;232;110;93;235;91;92;82;209;108;100;211;92;235;106;75;242;232;79;135;106;87;112;95;117;78;66;98;66;229;322;235;85;97;94;84;49;322;97;84;235;61;135;87;112;98;285;208;87;193;53;135;235;98;98;129;87;101;74;85;87;98;209;87;97;85;115;108;81;135;44;87;235;87;87;87;98;87;108;298;87;87;98;133;87;84;91;84;98;135;87;84;49;90;384;87;97;84;81;84;108;82;237;49;98;85;231)
seed_15_level_2-1,1550,51337.784504413605,121999255,14597,(443;106;92;89;98;235;98;98;92;110;92;120;98;235;66;230;97;80;215;82;174;97;97;121;79;109;98;98;76;233;116;87;98;106;116;118;95;98;202;87;135;71;88;213;84;255;117;79;75;80;79;210;235;78;135;79;273;78;101;216;44;135;89;111;246;91;107;91;101;94;79;98;76;106;322;98;235;192;66;112;384;109;87;56;115;235;101;87;108;221;97;235;114;85;84;86;130;61;47;252;235;62;75;44;108;142;108;87;384;235;84;384;87;235;135;108;87;98;88;98;235;114;98;84;158;87;384;84;108;106;98;87;214;113;108;197;98;108;97;223;115;235;135;219;96;119;101;250;70;231)
seed_15_level_2-1,1550,51755.42941379547,123571708,14747,(443;111;110;78;98;91;98;147;78;79;106;98;98;121;91;98;87;107;116;66;231;235;235;98;235;98;98;78;79;79;108;98;135;96;80;98;106;135;108;117;87;106;78;98;116;108;108;98;78;98;79;108;244;110;79;102;78;108;92;116;106;98;112;115;116;93;91;122;75;91;78;98;322;88;71;235;97;235;235;113;89;98;87;76;78;235;294;260;100;235;135;87;75;222;98;239;88;135;98;84;292;115;87;98;112;97;235;83;98;98;98;87;235;112;98;87;98;98;78;78;98;384;98;62;87;87;108;87;235;85;235;72;244;235;97;87;128;87;84;108;97;88;88;98;75;384;235;235;248;79)
seed_15_level_2-1,1550,52162.168672561646,125129181,14897,(443;89;89;115;91;98;135;88;98;78;84;89;153;97;110;108;109;76;118;135;106;79;79;98;78;92;108;106;79;135;87;111;98;87;106;97;87;116;194;79;135;76;89;79;101;87;92;87;92;101;202;98;91;79;135;115;97;135;235;108;98;322;97;201;97;87;98;87;235;231;98;384;235;87;88;63;322;345;100;98;79;108;76;85;333;235;85;44;85;85;98;102;44;97;108;218;98;89;98;115;196;135;322;235;131;98;88;261;137;98;235;101;101;108;219;98;87;98;98;108;87;141;115;109;87;135;85;88;98;97;87;98;87;235;96;98;384;69;98;87;108;235;223;98;115;106;115;44;115;87)
seed_15_level_2-1,1647,52566.337206840515,126492694,15047,(443;66;98;235;100;89;98;135;88;88;98;87;98;87;235;98;92;79;235;91;98;87;108;111;136;79;76;384;76;100;89;219;108;108;98;207;98;108;98;98;97;93;89;93;110;246;98;98;98;98;98;217;98;98;78;87;66;98;87;93;106;106;97;135;91;322;135;143;236;87;101;98;59;353;98;85;165;165;87;96;165;106;70;165;106;61;106;96;165;108;165;106;96;96;165;99;165;165;106;135;216;136;96;86;165;165;96;96;165;85;85;131;96;165;42;165;96;89;96;96;106;85;87;165;133;133;106;96;96;165;106;101;138;133;133;91;207;87;96;165;165;87;113;66;96;87;87;96;96;143)
