seed_8_level_5-1,1187,462.6075928211212,251089,150,(57;89;122;52;27;59;22;24;31;25;41;59;14;87;88;36;25;37;32;16;63;89;64;54;38;24;26;47;34;30;43;342;36;57;42;32;15;47;23;54;37;23;39;19;42;18;43;31;80;28;42;54;51;47;42;48;48;20;42;28;25;23;22;63;63;32;51;42;19;117;33;31;42;84;58;91;24;18;43;155;21;38;33;27;20;30;77;31;48;23;155;84;24;40;26;61;42;94;43;91;35;49;31;26;64;50;26;32;42;25;32;37;15;24;26;52;84;44;40;50;20;77;53;15;41;23;33;105;26;54;48;45;28;44;54;79;42;27;35;42;49;42;51;35;45;50;54;54;27;27)
seed_8_level_5-1,1187,927.1896932125092,452858,302,(56;42;42;43;42;42;42;42;42;42;42;42;42;42;46;44;66;44;45;45;44;46;45;38;48;43;48;53;54;53;53;59;22;45;31;50;54;25;34;47;30;18;34;58;56;16;41;27;37;36;57;37;21;53;32;64;57;22;30;20;54;22;35;27;30;14;19;66;58;19;14;31;21;60;33;59;39;134;23;24;35;27;21;29;34;31;30;26;27;47;16;132;24;27;50;15;57;26;39;47;37;50;46;29;22;21;29;24;87;41;26;31;29;39;22;44;65;24;28;27;54;36;50;30;155;36;50;171;47;17;155;101;32;17;87;29;49;41;32;39;91;148;29;27;37;77;20;126;42;27;48;48)
seed_8_level_5-1,1187,1403.1168274879456,628693,459,(41;43;42;39;42;42;42;42;42;43;42;43;43;49;44;44;44;45;44;44;44;43;62;36;40;48;51;43;52;56;50;52;44;44;24;15;35;51;50;54;45;114;25;21;49;44;38;61;20;27;38;27;40;27;17;33;59;51;26;33;17;77;31;22;33;26;29;34;31;42;41;29;51;31;30;27;57;50;47;33;19;23;35;86;31;24;57;21;33;50;29;15;28;45;22;28;155;108;77;49;31;32;38;13;20;24;13;54;36;41;40;20;38;59;17;41;21;25;27;35;37;23;51;54;57;37;37;36;52;19;47;24;34;24;54;34;47;54;77;80;37;33;77;41;18;58;30;21;16;148;47;138;42;47;84;34;56)
seed_8_level_5-1,1187,1877.0501794815063,825737,615,(42;42;42;42;42;42;42;42;42;42;43;36;42;42;36;42;42;44;48;38;44;44;52;44;49;39;31;48;26;45;53;48;27;25;27;38;19;56;55;23;19;57;24;35;50;18;47;18;30;15;28;39;26;28;143;35;50;16;33;25;25;21;30;31;47;24;17;32;34;35;53;30;25;31;32;30;47;50;43;21;90;19;17;22;50;56;54;29;59;24;53;23;16;32;29;58;30;38;24;39;16;44;23;27;25;36;26;38;35;28;37;35;19;23;42;32;84;30;34;31;137;49;106;21;41;155;25;32;37;155;54;38;35;93;50;34;50;47;47;31;155;155;21;17;55;17;17;155;47;36;29;86;25;27;44;42)
seed_8_level_5-1,1187,2359.1358165740967,1041100,773,(42;42;41;42;42;42;42;42;43;43;42;43;43;43;42;44;44;47;45;45;51;44;45;47;42;95;45;48;41;37;91;43;38;54;54;27;50;25;60;54;26;50;155;28;47;16;31;26;31;155;47;86;36;32;55;18;40;45;17;24;58;32;29;35;25;51;37;59;20;23;42;26;44;21;28;17;77;34;31;23;30;28;31;18;31;61;30;64;32;41;28;54;34;22;22;62;31;23;32;32;48;27;26;63;32;35;32;51;36;115;34;15;26;32;37;15;20;31;37;61;17;57;47;63;56;49;18;50;87;39;52;17;50;18;24;50;47;24;35;30;155;140;47;87;39;40;49;43;43;125;62;109;26;35;143;28;115;20)
seed_8_level_5-1,1187,2830.1422238349915,1269998,931,(42;42;41;42;42;42;42;42;43;24;42;42;42;43;56;60;45;45;45;45;44;44;44;51;53;42;44;155;48;45;53;31;113;17;39;15;18;15;34;79;49;56;41;54;54;16;36;55;31;52;28;14;33;24;50;47;105;32;43;30;41;79;21;156;28;50;21;31;17;34;115;57;155;17;25;36;34;38;37;29;29;25;31;35;155;50;35;26;24;33;53;30;72;15;39;19;59;19;29;21;55;35;25;30;34;26;27;57;17;36;34;57;23;13;37;60;31;23;42;19;30;45;77;50;54;26;62;83;31;62;51;19;31;50;30;42;26;36;18;61;116;31;18;57;140;17;28;58;33;18;36;18;99;115;16;25;180;57)
seed_8_level_5-1,1187,3295.494988679886,1502776,1088,(42;42;54;42;42;42;42;42;42;43;43;35;42;42;43;49;44;47;42;49;51;51;45;44;45;34;48;54;51;45;50;33;52;18;26;19;27;25;28;68;25;17;27;79;53;18;47;43;27;27;29;23;56;57;56;30;155;38;19;47;23;27;14;77;27;34;49;33;47;33;58;57;36;35;37;29;21;90;58;27;24;19;59;33;22;47;22;35;19;27;79;22;57;33;77;50;126;24;42;57;175;26;35;30;48;37;16;21;19;45;25;25;108;16;37;28;33;30;21;37;32;26;44;155;19;34;41;33;128;48;57;37;50;17;59;84;116;40;25;38;88;36;77;24;50;155;32;24;54;59;35;19;25;77;155;77;129)
seed_8_level_5-1,1187,3747.5021216869354,1679422,1243,(42;42;42;42;42;42;42;43;42;43;42;43;42;43;43;45;44;44;74;45;44;66;151;31;24;49;49;48;44;56;47;44;26;24;46;59;54;31;32;51;35;42;54;54;29;20;30;18;43;58;27;56;58;27;23;31;38;28;34;38;39;27;16;52;20;25;35;30;52;33;27;43;30;17;31;17;33;48;32;25;27;16;26;56;24;36;21;31;26;28;51;35;51;26;54;19;29;47;25;24;32;21;37;27;38;64;18;22;97;155;35;50;13;26;14;50;31;30;18;47;31;56;50;78;117;51;54;25;26;23;112;25;57;130;28;17;33;58;25;89;25;105;27;27;55;25;39;27;113;36;49;32;31;33;80)
seed_8_level_5-1,1187,4205.445731639862,1898260,1399,(42;42;42;42;42;42;42;28;42;42;42;43;42;42;42;43;38;59;45;45;45;51;45;44;44;47;49;47;49;54;47;26;33;82;43;35;36;23;48;17;26;27;28;50;59;54;33;35;28;26;19;20;30;23;33;49;51;34;27;31;41;31;52;59;32;112;37;150;57;38;32;56;52;23;35;17;22;23;22;47;57;58;41;54;36;20;36;21;17;41;31;31;20;27;25;47;18;26;30;14;27;37;22;47;50;18;19;39;29;29;35;21;22;16;37;39;38;17;15;69;66;14;139;41;123;32;27;52;42;18;54;17;28;47;50;22;88;82;30;50;130;113;53;49;90;148;121;52;97;113;37;32;27;155;16;155)
seed_8_level_5-1,1187,4673.620326519012,2138564,1557,(42;42;42;42;42;42;41;43;43;42;43;42;43;42;15;45;44;44;45;45;45;49;45;47;68;26;45;33;49;54;75;55;42;77;17;42;47;34;155;155;54;46;60;21;37;60;42;28;38;23;42;95;33;58;23;28;155;28;34;30;59;32;25;33;22;31;21;59;54;119;27;84;30;38;30;27;23;77;15;23;42;33;16;35;24;15;27;31;147;24;17;155;22;29;15;31;31;20;23;33;35;37;14;54;40;17;54;34;27;54;41;16;29;17;27;18;15;16;48;45;30;20;57;47;33;155;29;52;35;57;36;39;30;30;86;26;40;66;82;52;27;68;79;47;30;91;84;34;22;32;31;84;56;155;120;25;118;56)
seed_8_level_5-1,1187,5133.39869260788,2329789,1716,(42;42;38;42;42;42;42;42;42;42;22;42;43;43;42;44;44;48;44;45;44;41;47;77;43;42;48;44;47;44;82;55;45;30;33;25;49;17;54;36;54;43;15;31;58;20;28;19;53;50;26;87;21;34;27;28;49;83;39;106;55;26;33;35;55;20;36;35;54;52;186;52;21;26;28;32;43;41;24;113;36;37;32;57;23;50;87;57;16;34;38;52;13;21;80;56;43;39;40;28;32;33;48;15;14;26;38;65;32;41;22;28;25;25;17;23;36;54;24;56;19;22;25;37;30;61;42;51;28;40;35;32;84;57;53;47;54;28;28;50;24;114;26;43;28;19;129;54;23;76;83;14;47;24;41;128;57;61;27)
seed_8_level_5-1,1187,5577.370221376419,2498769,1869,(42;42;42;42;42;42;42;42;43;42;42;46;56;42;42;34;51;76;45;45;42;45;51;45;40;33;46;46;48;37;19;22;30;25;56;29;26;54;54;51;51;13;59;155;25;34;16;28;76;26;32;25;34;41;54;47;46;25;25;28;38;35;34;25;78;22;23;31;29;50;20;86;21;16;21;22;47;39;32;47;29;33;52;28;36;19;21;57;32;17;78;38;27;22;14;15;55;39;35;22;64;61;50;56;25;43;63;52;29;28;58;32;51;105;35;33;33;26;15;46;20;23;51;30;54;30;55;57;51;54;86;43;58;17;36;50;82;113;23;32;97;79;24;20;33;50;128;80;30;22;35;50;23)
seed_8_level_5-1,1187,6015.912667274475,2675479,2021,(42;42;42;42;42;42;42;42;71;46;42;42;43;45;44;44;44;45;53;47;45;42;43;48;25;38;52;155;49;25;155;25;16;21;20;50;54;13;35;29;41;42;27;26;37;42;20;49;55;59;37;87;31;47;26;23;50;73;17;55;62;33;25;58;31;54;30;15;21;61;80;23;18;22;35;155;28;20;26;42;37;26;19;47;35;57;57;34;23;79;18;29;27;49;35;16;54;28;27;30;91;62;14;137;32;18;30;25;50;29;25;57;57;79;27;16;36;26;43;73;37;29;27;21;50;80;15;39;27;57;35;37;22;25;27;47;38;26;29;32;24;54;77;34;36;58;33;34;77;29;20;57)
seed_8_level_5-1,1187,6462.60853767395,2862565,2175,(42;42;42;42;42;42;42;54;43;43;42;30;49;43;43;66;45;45;44;22;45;36;45;45;52;48;49;22;53;50;60;32;73;32;33;33;49;53;16;19;16;19;18;36;30;33;37;34;22;23;54;36;52;26;16;56;21;28;30;31;57;25;31;25;26;53;66;19;116;30;31;57;47;82;23;35;34;39;59;32;34;13;38;112;31;27;30;34;57;23;36;25;35;49;39;28;37;42;38;17;38;19;21;37;27;86;30;14;33;26;57;77;36;83;27;39;31;54;32;17;34;68;21;32;24;57;31;37;81;36;54;32;50;37;32;19;55;23;31;49;50;60;57;50;148;28;108;155;23;21;155;43;140;42)
seed_8_level_5-1,1187,6912.587687253952,3030043,2329,(41;42;42;42;42;42;42;46;42;43;42;45;45;44;44;44;45;44;43;23;53;42;50;50;60;40;54;13;27;18;45;52;26;22;62;19;47;42;33;35;32;25;17;54;23;39;57;26;54;37;15;18;16;21;47;34;30;25;24;28;27;155;33;31;32;19;15;32;33;26;40;85;18;39;57;31;22;27;18;38;17;39;27;50;26;69;41;87;58;19;26;59;32;42;35;63;41;57;34;32;19;25;16;37;34;57;27;25;14;47;35;47;50;29;21;24;46;28;47;42;42;27;155;32;81;80;33;50;31;54;79;33;54;110;60;32;59;24;37;25;21;29;62;37;43;40;109;60;51;31;80;42;77;79)
seed_8_level_5-1,1187,7357.305078983307,3226315,2484,(42;42;42;42;42;42;42;43;43;42;42;42;31;42;43;44;45;45;47;45;44;44;46;47;52;50;72;48;37;35;40;56;45;25;40;48;21;47;59;54;54;42;20;21;79;32;51;24;18;36;36;33;38;60;96;24;21;32;20;49;58;31;25;85;16;40;18;20;17;16;40;29;42;28;36;28;20;61;56;36;29;19;68;57;24;30;38;57;28;43;17;25;52;39;32;27;55;50;28;19;27;29;29;22;23;79;15;23;22;25;36;30;86;34;26;77;84;155;37;31;34;50;16;36;50;33;17;155;57;83;31;29;40;32;52;29;50;33;26;74;38;155;50;57;35;37;25;79;46;22;24;155;155;34;40)
seed_8_level_5-1,1187,7890.922483921051,3515287,2666,(58;42;42;42;42;43;45;45;53;44;37;43;47;33;48;47;66;17;20;36;54;51;25;85;35;42;19;16;39;40;16;59;50;30;59;29;26;35;27;35;22;31;54;14;21;43;22;36;30;22;55;44;25;40;28;54;21;57;32;54;17;29;34;28;26;37;75;22;27;57;22;20;23;50;31;31;26;22;54;37;55;49;29;19;26;23;37;36;32;38;158;58;28;31;140;58;21;25;56;25;32;20;28;21;15;37;37;54;110;31;40;39;27;27;24;24;22;18;32;32;187;87;69;24;18;33;14;30;14;148;50;35;78;44;80;56;61;62;79;50;51;40;148;37;15;33;55;22;16;19;30;42;35;14;39;25;24;25;36;24;58;19;30;51;79;46;36;41;31;32;84;105;32;137;155;155;155;155;155;155;32;23)
seed_8_level_5-1,1194,8364.752608776093,3761177,2828,(42;70;43;30;43;42;32;45;47;44;28;49;48;34;42;122;19;26;17;55;58;34;21;35;47;52;25;32;31;25;30;51;24;30;35;30;19;34;17;14;24;38;22;25;34;37;22;36;22;34;29;39;26;41;76;30;27;112;16;59;18;21;25;18;33;30;56;28;25;30;155;31;40;57;63;42;31;28;31;56;45;57;27;36;21;26;35;50;50;35;21;30;19;51;108;64;32;24;47;42;30;18;28;47;59;24;19;18;24;57;27;15;25;59;25;22;31;155;18;45;17;33;115;53;155;18;25;50;34;42;50;242;53;89;54;52;19;67;38;57;16;121;26;25;47;32;36;155;64;22;64;27;99;35;139;29;16;14;27;77;155;24)
seed_8_level_5-1,1194,8839.205044984818,4010374,2990,(42;43;53;43;41;44;33;48;45;54;35;39;115;18;33;40;81;22;20;52;50;57;22;23;35;38;58;23;39;23;105;34;21;37;32;36;62;28;54;54;42;20;29;20;30;50;44;50;15;32;155;25;17;30;34;23;82;15;21;43;42;15;20;34;19;26;155;37;79;20;23;52;23;35;30;19;16;16;43;36;24;26;39;32;16;35;28;20;29;69;40;57;49;17;23;33;15;46;28;75;155;41;25;36;28;35;24;33;32;27;51;26;20;51;49;24;47;40;54;43;21;35;29;57;30;62;25;30;55;80;37;31;28;142;68;31;64;105;126;52;30;155;28;38;20;57;190;57;26;17;32;112;155;30;80;66;45;42;31;38;55;155)
seed_8_level_5-1,1194,9296.63092803955,4298520,3144,(42;51;47;44;47;49;56;48;49;20;63;31;58;54;41;47;24;20;59;34;24;26;50;19;33;29;50;155;54;57;57;32;34;55;27;39;25;33;22;18;32;29;48;30;42;27;47;26;35;57;27;24;43;26;27;26;32;50;27;31;21;26;42;26;36;87;51;53;24;34;29;45;30;15;36;40;19;40;15;21;20;20;25;26;28;30;55;155;33;27;84;39;40;33;34;58;37;50;83;26;35;74;46;36;54;28;155;29;87;33;57;30;56;19;87;81;35;155;130;57;34;155;155;68;64;99;113;25;149;28;49;39;85;160;109;81;80;49;134;24;29;36;24;155;77;81;28;124;106;42;50;51;19;28)
seed_8_level_5-1,1194,9774.847683668137,4556676,3306,(42;45;43;49;48;47;25;40;27;16;55;48;26;24;36;38;59;48;20;31;63;60;22;23;14;28;36;37;35;60;44;17;16;63;42;33;23;155;34;34;84;53;25;26;15;16;15;18;29;50;33;42;24;32;54;20;19;23;75;41;26;21;51;58;36;48;31;31;24;65;48;21;25;35;57;39;24;14;33;70;62;34;32;36;41;42;53;74;37;51;19;22;53;155;27;51;30;57;37;37;48;19;19;19;24;142;155;79;50;59;47;47;56;19;30;42;91;77;27;36;44;54;90;84;35;20;47;28;47;77;31;64;34;17;24;42;18;19;129;33;105;35;18;40;29;50;80;17;115;139;20;38;141;110;136;59;136;24;25;155;56;77)
seed_8_level_5-1,1194,10223.291349172592,4748322,3464,(42;43;52;68;42;54;54;51;50;45;25;18;60;28;31;26;25;17;36;24;18;36;69;53;47;30;42;32;25;44;42;14;20;31;33;43;16;33;23;29;19;16;33;22;25;48;24;14;42;61;26;35;55;27;33;57;33;38;56;63;37;18;22;30;29;129;33;50;48;40;21;16;23;28;28;15;44;43;34;15;34;24;57;35;21;17;81;28;16;153;44;19;27;31;25;25;30;15;34;60;155;16;26;43;31;50;42;50;63;34;47;60;77;27;79;79;41;32;52;53;32;63;49;109;32;31;40;49;29;37;57;155;38;28;50;80;31;32;38;31;73;54;93;17;54;48;54;41;155;36;28;31;16;30;42;79;48;55)
seed_8_level_5-1,1194,10659.326090335846,4974853,3612,(43;46;46;87;54;27;48;28;16;30;77;19;46;26;109;31;33;24;32;26;32;14;30;35;34;81;26;45;42;45;34;31;116;50;33;25;32;32;30;24;33;137;59;29;29;13;13;56;155;63;30;50;18;26;57;57;33;64;45;22;17;30;31;25;58;15;21;27;21;33;48;40;61;42;35;23;62;77;19;17;16;19;22;80;29;57;50;57;34;53;38;87;35;78;52;77;43;15;53;69;57;57;79;37;59;30;33;38;15;36;25;33;96;47;177;24;15;24;15;70;19;128;80;25;41;50;83;50;155;56;61;45;51;113;22;36;15;110;28;39;24;33;48;57;49;155;28;26)
seed_8_level_5-1,1194,11068.18057179451,5158003,3753,(43;25;54;55;116;42;19;36;47;36;33;55;23;47;25;40;27;15;30;42;21;18;34;20;21;15;31;25;16;60;30;130;155;15;32;25;17;19;22;14;16;155;15;42;35;31;26;18;27;31;23;26;22;34;26;47;61;34;34;37;14;25;34;18;13;34;29;32;36;40;17;24;17;48;60;33;77;28;15;40;57;28;58;76;34;73;64;112;30;128;137;25;52;34;60;15;28;28;48;25;52;24;125;38;55;85;35;33;38;155;47;44;50;21;60;33;25;61;63;36;53;31;44;49;81;53;31;18;38;45;19;49;54;63;31;16;83;38;16;32;18)
seed_8_level_5-1,1194,11502.796322584152,5378387,3900,(43;21;32;48;42;55;24;35;18;29;28;21;27;59;39;25;24;27;16;39;18;28;47;15;23;22;35;35;17;21;35;27;41;17;110;87;38;52;24;53;19;14;22;24;41;28;31;51;38;35;22;36;39;15;138;155;25;62;39;47;53;41;51;35;49;87;48;44;27;24;49;47;45;65;33;39;47;34;22;80;31;37;57;31;19;18;19;43;155;18;42;42;25;34;47;44;56;155;28;19;50;61;26;63;33;57;105;27;27;55;50;61;33;42;38;29;23;81;95;48;37;18;80;20;155;155;49;26;47;24;60;31;41;56;22;40;48;140;58;36;37;116;37;108;74;74;26)
seed_8_level_5-1,1194,11918.028429985046,5644582,4040,(45;46;52;99;38;16;41;54;35;30;33;23;40;17;32;24;16;28;34;19;21;66;43;25;25;42;29;33;38;29;19;34;43;42;135;19;33;22;18;51;19;30;39;25;36;50;57;24;18;18;27;38;31;19;31;118;81;37;31;44;98;40;155;57;155;33;31;18;24;33;48;63;39;38;155;31;50;94;68;37;46;47;26;34;37;22;44;33;27;43;45;155;41;57;49;82;111;38;31;15;40;36;47;155;47;34;50;22;29;22;25;54;25;155;35;29;53;54;155;22;155;57;80;58;20;24;155;120;136;26;51;27;57;123;47;26;17;108;83;24)
seed_8_level_5-1,1194,12336.056372404099,5902815,4180,(47;42;19;32;24;17;38;23;31;22;19;28;35;16;50;109;41;38;33;19;34;14;18;23;42;27;19;36;26;17;47;52;67;29;54;31;16;74;19;22;34;50;17;17;155;44;37;24;65;39;38;58;77;54;20;28;14;31;57;17;52;26;58;108;22;155;80;42;74;39;47;18;31;59;42;38;29;41;26;76;27;155;25;80;67;38;54;88;17;51;47;24;57;22;132;106;155;21;25;34;51;47;31;27;35;30;155;19;18;129;35;109;37;57;80;65;107;58;83;155;155;16;58;58;23;28;80;87;30;91;18;57;27;35;77;80;94;82;42;47)
seed_8_level_5-1,1194,12764.152355670929,6195963,4324,(43;47;55;38;54;47;47;23;42;29;18;23;24;25;29;31;23;49;37;85;37;22;42;54;30;57;18;35;26;17;32;23;25;59;59;155;34;25;22;73;34;25;27;33;24;34;34;38;30;123;59;42;58;27;24;25;36;17;47;25;49;47;27;41;37;47;36;35;37;22;28;34;33;155;79;42;155;17;32;47;189;38;17;53;83;155;30;73;23;26;37;49;42;25;63;84;155;155;115;58;36;42;82;36;54;35;54;155;155;47;47;47;76;69;108;121;50;87;81;52;30;29;17;83;31;81;155;112;18;34;155;17;22;27;31;40;56;18;83;23;35;32;60;15)
seed_8_level_5-1,1194,13209.887833595276,6475434,4475,(43;54;19;20;15;22;18;50;50;59;126;19;28;19;21;41;82;57;26;19;48;31;19;42;32;26;15;24;18;26;25;16;17;23;61;31;42;42;34;42;15;14;27;61;27;28;21;34;20;42;47;69;30;65;65;26;79;57;34;30;106;80;59;112;44;42;44;47;23;26;155;25;50;50;113;54;38;47;50;38;63;57;96;35;66;48;78;61;35;51;75;47;56;79;29;23;18;18;52;50;42;155;39;34;25;47;49;39;39;49;50;30;155;50;33;31;77;30;155;24;57;57;83;54;57;54;40;155;33;142;31;159;51;49;21;79;155;41;26;84;108;126;87;27;31;87;80;58;26;60;32)
seed_8_level_5-1,1194,13635.991112947464,6727389,4618,(47;59;42;83;29;43;45;106;22;28;36;35;155;32;35;42;47;83;53;47;64;39;21;52;33;50;27;17;21;20;94;28;19;47;42;24;47;67;61;59;47;36;37;63;30;33;50;109;79;80;57;31;35;47;82;155;17;50;81;35;21;24;80;18;42;181;28;42;15;51;155;57;54;19;57;32;23;36;51;18;40;81;57;30;155;81;56;24;94;16;105;50;38;47;25;47;14;30;35;18;79;20;31;109;36;46;50;54;18;51;30;37;40;48;28;33;76;47;30;25;29;47;47;28;27;36;155;108;16;17;16;57;35;53;105;26;54;47;86;113;27;26;28)
seed_8_level_5-1,1194,14073.594532966614,6994380,4767,(42;51;33;36;18;15;32;42;57;36;37;64;25;53;26;26;27;23;17;37;38;19;51;21;30;28;33;27;29;51;109;47;28;41;26;19;81;50;28;65;55;28;18;42;26;19;30;30;16;32;32;15;25;76;47;47;24;20;133;34;52;60;34;33;26;47;52;50;31;65;22;23;28;28;50;36;109;28;50;79;65;23;50;39;61;91;152;33;84;58;40;50;50;27;23;30;39;37;34;84;25;41;36;40;155;113;155;47;155;56;36;30;35;35;80;22;58;21;20;54;155;32;28;108;155;81;155;151;79;155;29;22;87;59;79;57;18;80;19;16;52;39;28;43;58;51;31;17;29)
seed_8_level_5-1,1194,14524.59323143959,7315392,4914,(62;50;50;18;38;50;36;59;47;25;30;79;23;32;31;19;155;22;59;19;28;57;48;79;20;55;47;42;31;65;38;37;50;42;37;23;25;16;13;69;47;77;16;50;42;27;123;58;29;34;39;30;34;84;25;59;105;16;57;57;113;35;155;34;23;51;18;96;155;50;34;28;119;155;87;19;41;51;19;33;19;47;60;77;48;32;42;39;23;76;43;21;155;57;50;47;108;77;50;47;75;50;101;20;50;147;50;18;53;155;79;155;80;18;80;155;59;25;31;17;113;61;22;39;43;47;20;27;81;28;23;52;27;51;37;155;54;79;114;87;79;79;54;87;53;82;24)
seed_8_level_5-1,1194,14998.920807361603,7710373,5067,(43;42;27;33;39;22;29;19;54;54;56;32;47;50;57;20;22;59;69;82;67;21;40;24;54;57;33;37;21;48;143;155;113;54;57;33;22;152;152;155;28;143;88;34;71;14;47;18;50;34;19;18;39;27;108;23;39;79;53;20;36;27;51;52;50;53;45;60;63;83;38;58;37;40;155;77;29;36;77;24;155;61;35;19;31;155;155;39;42;59;155;28;125;50;47;24;24;155;19;42;18;51;37;27;81;51;20;155;85;25;73;27;65;52;36;57;155;37;14;155;47;35;155;57;28;34;34;42;109;49;46;17;47;14;57;42;155;43;22;155;14;28;21;86;137;24;19;24;117;166;29;36;77)
seed_8_level_5-1,1194,15462.235926151276,8105515,5217,(112;47;100;120;31;21;81;110;45;38;59;21;48;77;47;29;51;63;19;28;54;77;155;42;34;33;155;77;61;84;16;55;34;85;111;47;35;56;24;36;28;31;45;41;46;43;38;50;31;17;33;16;15;27;19;88;155;35;27;79;53;21;155;23;54;19;16;148;18;34;25;56;35;155;109;79;43;42;108;50;48;27;55;80;155;47;57;47;31;46;55;53;35;77;29;42;33;52;26;110;43;24;112;34;155;50;63;32;49;25;155;31;166;79;79;148;79;50;25;29;151;85;50;30;30;38;29;19;53;155;31;155;57;34;24;27;24;37;155;23;43;155;54;82;155;26;47;35;28;119)
seed_8_level_5-1,1194,15928.823669195175,8435800,5370,(23;27;37;28;27;47;155;38;28;18;20;49;35;17;155;98;65;20;56;70;155;79;18;42;79;48;155;24;106;29;21;16;77;77;80;47;16;33;31;50;19;77;50;107;155;18;68;25;32;55;34;27;16;48;155;65;47;28;25;40;33;48;17;155;113;36;136;98;24;22;155;36;47;30;23;16;24;27;50;31;23;23;59;50;17;31;54;18;27;70;28;27;155;22;70;31;47;19;36;59;25;26;26;166;28;57;150;57;46;21;29;155;65;63;53;71;120;40;49;32;24;24;87;105;57;45;19;53;49;64;22;50;26;18;79;50;34;79;79;38;20;155;33;24;20;23;32;40;46;64;30;73;42)
seed_8_level_5-1,1194,16372.158953905106,8794994,5514,(51;59;78;29;47;61;155;48;127;56;37;66;26;28;51;26;26;15;28;31;54;68;25;44;57;17;38;17;30;138;50;50;27;29;155;128;15;38;61;63;81;16;80;51;23;77;91;113;28;47;25;27;56;25;29;51;50;47;31;47;49;108;149;81;79;33;155;18;62;112;155;30;113;114;16;45;43;18;155;43;109;17;27;50;52;23;32;122;83;39;79;82;45;39;18;37;17;37;33;31;23;17;110;105;195;39;42;35;79;28;120;17;42;47;47;160;54;150;14;155;28;34;31;34;44;155;24;23;28;21;130;84;25;70;24;18;20;57;45;111;31;54;54;28)
seed_8_level_5-1,1194,16828.91692852974,9145586,5663,(56;23;32;23;17;15;17;26;37;51;57;18;52;54;28;43;25;51;39;50;18;14;22;21;55;24;33;61;55;119;32;47;32;155;30;25;47;43;38;26;52;23;34;68;149;56;25;57;155;32;33;112;17;34;64;57;59;82;26;86;24;54;43;52;77;31;30;23;32;18;108;54;30;37;28;16;25;149;33;155;155;23;36;26;155;16;17;27;30;36;39;32;29;26;56;155;26;80;30;115;87;33;31;18;57;28;155;27;64;155;28;32;42;37;45;19;47;15;115;63;155;155;34;13;29;50;49;26;52;137;80;43;155;16;47;110;34;47;27;155;155;29;83;110;32;42;128;115;19)
seed_8_level_5-1,1194,17279.904952049255,9514045,5808,(32;22;52;18;42;42;23;23;30;20;115;51;24;15;47;50;22;53;23;54;53;25;34;56;25;29;53;21;47;24;42;45;155;43;114;19;30;84;50;25;47;43;31;31;29;30;82;61;20;131;155;30;25;19;113;18;50;33;54;41;50;36;82;24;105;105;55;40;105;59;52;24;93;155;126;20;155;35;55;59;19;62;56;66;83;121;22;61;24;15;47;19;28;155;16;38;111;28;115;60;26;28;32;50;109;54;88;28;155;36;29;54;54;34;155;57;126;51;32;155;29;51;83;57;155;155;83;80;110;24;58;17;68;52;15;155;43;57;21;52;129;17;117;57;155)
seed_8_level_5-1,1194,17727.692691087723,9864811,5954,(36;14;43;20;169;43;115;67;18;18;32;20;103;155;108;51;49;26;50;28;50;54;14;47;21;20;50;16;43;82;61;33;93;31;37;115;34;35;20;32;57;35;114;70;28;26;29;57;25;27;112;110;59;73;93;55;22;30;62;47;17;21;20;42;35;19;50;15;155;152;26;35;48;53;38;71;25;26;50;155;57;25;155;56;40;34;77;51;44;24;32;34;31;28;181;29;61;31;96;62;39;25;155;83;115;30;31;36;31;57;18;27;43;23;133;47;55;64;27;35;73;51;42;66;60;81;235;40;19;47;50;54;27;25;155;47;47;155;47;49;42;54;42;63;47;155)
seed_8_level_5-1,1194,18158.499156475067,10170160,6097,(22;47;16;34;45;42;72;44;68;20;47;52;26;41;26;15;79;24;30;34;29;50;66;62;19;42;36;22;26;37;19;24;19;59;31;41;48;38;33;77;26;62;29;116;23;83;51;24;16;133;81;155;159;74;16;21;36;49;54;55;78;19;24;43;54;34;47;155;54;24;29;57;44;28;47;130;126;83;25;40;31;27;58;134;53;71;146;118;57;155;31;34;32;22;57;29;52;64;54;54;39;33;70;30;35;58;25;34;55;22;53;87;83;18;36;34;50;23;32;79;155;109;155;35;48;47;107;31;155;42;42;50;49;155;108;32;51;35;13;124;41;25;43)
seed_8_level_5-1,1410,18627.1909160614,11057189,6243,(16;13;21;25;29;30;14;34;40;19;40;39;26;54;54;73;35;14;26;39;76;38;90;36;26;25;113;24;18;174;49;151;155;141;42;30;42;42;68;56;81;36;30;47;56;155;22;67;76;37;25;68;24;45;79;24;141;27;18;61;23;173;41;31;83;32;26;155;43;81;130;152;47;52;15;30;47;35;31;81;25;38;155;40;109;57;57;16;28;37;57;18;27;34;155;57;27;27;57;145;54;26;115;60;128;36;155;31;114;35;155;56;35;25;47;47;78;155;22;42;129;54;48;47;42;52;29;155;83;155;19;48;155;72;24;24;59;31;25;1001;108;35;25;35;35;50)
seed_8_level_5-1,1410,19081.52227807045,11382928,6390,(15;17;36;25;20;14;44;41;84;15;28;57;54;113;65;47;41;82;28;14;39;37;42;42;42;64;49;166;54;100;45;20;24;54;28;25;52;87;166;60;84;65;24;153;109;24;24;51;56;19;60;18;49;22;17;44;84;23;36;96;21;55;49;166;79;50;34;80;20;25;135;50;15;47;166;17;31;17;57;26;54;34;86;54;77;31;57;31;124;27;37;93;24;22;58;79;166;70;25;60;34;24;30;48;58;166;81;18;50;16;19;34;17;22;30;50;14;166;31;54;14;80;33;47;110;62;38;47;130;54;166;166;39;34;29;30;26;40;74;94;23;25;30;69;48;24;27)
seed_8_level_5-1,1410,19518.721520900726,11703178,6536,(51;28;22;43;62;82;45;43;87;55;28;166;118;40;87;58;57;128;38;17;24;24;109;36;51;23;31;34;32;133;42;37;56;19;55;24;40;42;49;32;39;24;25;20;51;166;52;47;33;33;66;84;57;38;56;41;166;166;61;48;42;26;78;41;53;47;33;73;24;81;29;61;28;61;61;52;61;87;101;29;20;113;18;50;80;30;46;109;18;49;26;57;25;62;58;42;36;19;29;60;54;109;53;35;29;30;35;50;166;23;57;54;105;166;28;57;34;29;29;77;30;40;150;39;38;43;36;33;166;24;24;63;50;28;51;39;109;17;30;49;53;28;34;29;166;83)
seed_8_level_5-1,1410,19975.441801071167,12102285,6683,(84;30;83;48;37;59;42;33;50;47;36;72;34;65;54;31;64;18;32;39;30;35;20;166;93;49;57;39;71;61;37;111;55;108;131;36;38;54;25;38;42;58;32;166;50;22;87;24;110;161;57;57;38;166;25;75;31;183;36;130;142;45;29;26;40;85;34;19;47;53;47;22;35;30;81;23;19;71;54;56;60;29;87;49;56;163;79;39;82;40;57;34;135;46;49;34;71;59;18;166;87;48;45;30;42;62;58;166;48;28;31;50;166;27;29;134;166;53;30;22;18;166;131;51;133;35;38;166;32;47;57;38;17;47;26;47;47;47;26;54;126;28;32;61;31;89;24)
seed_8_level_5-1,1410,20445.68341588974,12488423,6833,(37;42;39;31;82;20;89;19;19;61;32;49;47;116;30;48;115;59;30;60;58;28;15;47;22;34;28;109;53;135;36;17;37;60;51;61;34;41;166;24;63;61;87;26;49;57;35;106;20;27;26;37;24;56;166;15;38;166;26;17;19;47;21;105;21;30;16;166;22;17;47;38;20;50;35;37;142;57;23;29;52;67;30;67;166;26;54;30;166;166;56;142;36;50;50;36;22;57;166;25;109;127;136;26;15;26;50;16;32;51;32;25;57;84;166;47;43;117;139;25;57;29;55;22;166;94;54;57;56;54;58;29;80;166;110;19;66;84;58;113;26;115;19;22;57;15;39;34;15;18)
seed_8_level_5-1,1410,20908.462651014328,12946369,6981,(29;45;57;61;29;47;131;113;57;29;38;166;166;33;47;22;21;47;47;19;32;47;84;108;109;35;38;126;56;30;50;22;17;30;26;37;34;41;64;90;21;60;38;27;42;41;35;30;122;33;54;166;25;67;19;160;37;47;17;34;47;21;30;47;17;58;37;59;68;111;36;206;166;166;166;22;47;166;53;166;47;25;30;34;35;53;49;37;144;143;38;62;51;61;28;26;57;26;196;53;21;29;107;26;72;62;20;68;130;37;23;18;110;39;27;51;29;19;53;166;47;18;54;79;32;46;109;17;166;50;27;81;79;28;166;50;23;30;58;24;26;165;62;121;29;166;113;145)
seed_8_level_5-1,1410,21379.284753084183,13361555,7132,(29;37;18;28;21;84;20;33;81;38;83;57;64;89;89;27;47;43;47;21;47;31;17;105;14;26;28;166;26;18;27;19;166;102;166;60;54;50;158;21;63;27;166;47;57;34;45;31;202;60;54;54;31;44;56;41;14;34;27;36;24;15;27;46;85;33;42;42;26;65;48;29;166;58;166;37;25;27;37;38;22;34;103;68;122;30;47;36;25;82;164;54;22;31;45;40;43;79;33;18;79;110;80;40;57;93;19;38;77;170;22;22;20;22;26;23;108;47;67;42;17;29;50;36;38;56;166;95;19;166;54;52;27;29;57;110;30;23;34;33;162;149;84;42;127;45;143;77;166;166;45)
seed_8_level_5-1,1410,21843.3183259964,13818231,7281,(72;55;51;166;166;81;28;38;37;54;108;84;62;32;72;42;42;47;47;17;82;76;18;30;36;24;21;29;30;18;31;83;19;30;25;52;28;53;32;62;166;38;96;48;42;57;41;39;166;32;164;153;93;29;166;31;32;23;48;52;76;42;67;67;82;65;27;52;52;32;31;40;52;49;49;61;36;164;42;121;55;45;166;166;22;25;115;166;31;38;166;78;42;54;37;166;36;135;18;166;33;54;83;69;40;54;37;27;166;57;18;50;25;24;27;25;79;21;36;108;26;32;80;41;113;29;63;18;50;22;93;44;58;58;39;17;43;150;20;47;124;166;26;166;128;61;96;63;156)
seed_8_level_5-1,1410,22293.558107852936,14184353,7427,(42;23;35;57;18;50;17;34;114;124;120;81;21;23;29;38;166;166;166;43;26;77;42;96;30;38;58;35;20;22;26;27;74;29;46;57;104;83;28;18;54;27;166;79;19;21;25;50;56;166;47;83;36;25;42;126;25;30;47;19;20;32;27;22;82;37;61;166;54;39;40;38;29;166;54;27;47;79;26;47;47;47;105;38;58;36;42;25;27;87;55;77;28;18;17;31;17;80;17;49;139;55;35;49;28;79;47;166;115;22;96;115;111;46;26;58;124;166;31;49;24;166;38;26;33;166;58;28;42;57;39;24;39;47;27;46;27;35;62;47;60;27;61;65;145;54)
seed_8_level_5-1,1410,22767.16380596161,14620355,7573,(87;17;37;62;60;37;121;53;53;30;45;84;81;43;51;86;50;22;18;19;38;28;29;28;41;38;166;56;56;116;51;42;72;57;113;116;23;49;47;47;31;20;55;31;166;85;57;166;166;37;79;39;17;61;166;157;64;166;19;44;136;110;51;58;36;17;21;50;23;87;40;54;48;42;90;42;48;43;35;30;42;74;123;166;19;35;62;99;122;166;83;20;36;29;18;18;33;77;48;77;21;77;33;18;166;58;17;21;42;18;50;109;51;57;166;31;23;166;113;166;87;51;38;47;114;19;57;71;93;148;60;84;49;166;25;32;25;50;49;22;26;33;154;23;54;62)
seed_8_level_5-1,1410,23209.993738889694,14982985,7718,(25;34;35;166;58;48;76;62;55;28;93;29;74;166;23;27;35;66;54;30;47;47;30;40;31;19;47;47;58;60;57;142;54;58;18;42;206;166;36;36;38;34;166;30;30;44;25;18;75;41;28;166;51;30;22;152;32;82;24;57;40;166;23;50;57;57;33;122;21;27;30;16;47;28;50;50;28;31;50;16;57;187;30;47;26;106;166;47;24;84;28;22;42;59;28;90;42;37;66;27;55;54;30;27;82;34;29;186;23;29;35;32;166;166;56;85;83;33;37;50;42;84;47;47;33;20;49;77;49;153;17;28;57;68;39;50;35;15;64;69;31;50;54;24;54)
seed_8_level_5-1,1410,23692.736920833588,15443721,7871,(182;87;57;25;121;97;114;34;31;47;24;42;60;55;50;22;110;130;108;166;47;47;166;29;32;166;30;47;47;48;74;37;30;42;57;90;42;47;26;109;16;25;108;18;29;81;57;106;105;84;23;34;16;28;50;27;30;41;57;16;18;19;29;26;166;108;23;16;141;18;166;71;89;103;41;26;34;31;31;166;32;42;26;32;65;30;51;120;23;51;166;29;15;27;65;62;55;59;29;51;43;166;32;43;166;31;166;28;149;31;50;31;50;43;36;166;45;166;38;85;30;57;43;20;79;30;41;25;166;39;70;25;74;27;31;79;28;166;166;28;24;23;30;198;47;14;77;26;53;77;42;32;22)
seed_8_level_5-1,1410,24162.951766252518,15857822,8023,(26;57;53;33;57;64;30;166;17;48;14;35;47;39;35;32;166;62;38;166;166;47;19;29;95;73;166;42;23;31;112;21;50;51;43;166;19;31;17;28;166;15;47;25;28;36;79;69;64;64;39;42;25;46;124;29;40;33;38;81;26;76;45;40;160;19;105;43;77;28;23;16;26;29;26;51;26;18;18;46;17;139;16;30;111;29;123;33;18;80;30;69;121;28;39;63;166;166;166;37;34;154;36;84;30;43;166;65;42;42;43;42;45;166;93;26;44;47;47;54;15;166;28;22;30;17;47;166;118;24;39;45;55;86;91;93;57;31;49;52;19;20;26;50;54;166;16;35;20;26;54;50)
seed_8_level_5-1,1410,24613.755887031555,16227846,8171,(17;33;79;21;31;31;25;54;32;23;33;57;34;107;36;44;190;70;32;30;33;41;137;27;18;41;166;54;25;31;39;40;32;25;26;27;166;80;47;21;17;51;166;18;54;36;17;82;86;73;57;33;70;25;35;124;23;42;66;54;49;118;45;29;68;166;52;49;166;42;28;23;47;73;16;111;25;19;166;28;59;22;20;36;120;166;79;32;26;166;33;22;47;47;47;32;105;31;166;33;21;34;21;50;30;25;79;19;32;38;65;38;30;30;39;77;31;34;13;166;22;47;59;33;17;30;166;15;30;83;29;23;50;50;30;31;83;87;113;139;66;22;19;166;52;114;31;52)
seed_8_level_5-1,1410,25099.86826658249,16813358,8322,(30;63;27;26;66;55;50;32;20;57;47;25;25;54;61;79;43;28;37;28;30;84;25;55;61;47;57;28;166;28;36;18;37;26;77;54;145;49;60;57;166;18;35;145;27;42;153;40;63;36;91;166;16;87;42;31;77;173;72;31;149;53;42;194;83;58;42;54;77;66;91;45;53;166;166;26;84;37;36;23;27;68;31;24;25;30;166;50;136;124;24;36;83;32;36;35;166;30;27;122;19;38;41;109;135;105;26;125;26;15;47;34;34;24;25;54;17;131;200;166;166;158;123;164;166;166;78;60;166;42;166;22;143;155;108;58;50;37;109;50;50;190;80;166;21;188;77;50;58;50;77)
seed_8_level_5-1,1410,25561.979921102524,17257487,8470,(166;50;33;18;17;37;36;50;54;50;117;65;25;33;14;33;47;86;31;22;26;26;19;19;105;29;73;87;28;49;36;166;24;24;51;27;37;57;166;76;37;19;14;30;128;28;193;33;39;140;57;36;17;41;18;17;24;112;34;36;26;57;30;50;62;35;166;27;89;79;17;166;42;43;42;89;46;26;166;42;110;24;29;32;47;77;88;59;41;28;53;52;53;166;24;166;57;47;30;26;68;115;35;57;17;47;105;37;50;26;148;17;80;59;33;19;166;166;17;50;32;79;33;319;35;23;33;26;123;52;119;28;31;33;20;87;166;74;44;54;38;26;75;166;33;18;142;30)
seed_8_level_5-1,1410,26024.857256889343,17625375,8618,(77;47;166;39;58;54;69;84;26;28;21;49;57;52;42;42;24;17;42;42;59;79;29;71;58;139;76;34;38;82;33;83;30;51;20;36;57;25;88;23;58;35;54;42;41;126;29;166;55;168;131;48;73;57;20;97;114;38;65;50;24;50;109;57;43;50;42;166;45;57;166;28;33;66;166;64;42;53;160;29;46;17;95;166;57;26;35;142;166;84;17;74;44;108;38;25;35;25;36;121;25;30;34;30;31;17;40;47;29;29;31;31;30;51;26;94;89;135;57;25;44;112;88;31;33;30;38;27;50;60;37;25;35;77;51;50;58;47;17;31;88;166;54;50;19;35;50;22)
seed_8_level_5-1,1410,26475.830745458603,17933061,8766,(76;18;42;39;25;65;42;29;16;166;53;21;42;134;115;50;26;56;34;22;166;47;31;166;51;54;28;47;52;55;52;30;29;73;32;24;37;45;43;45;24;132;80;62;32;42;32;21;22;34;37;60;34;36;128;37;44;36;29;55;47;47;14;33;50;23;105;26;47;47;33;15;35;47;34;106;166;17;28;30;30;61;54;61;22;18;57;70;166;131;55;18;56;35;54;47;31;32;82;25;53;32;23;54;37;30;57;54;54;51;129;98;166;73;47;44;60;35;42;46;51;69;33;82;121;30;47;128;16;29;34;36;56;166;25;35;92;87;62;43;25;28;26;25;37;102;32;50)
seed_8_level_5-1,1410,26959.832120895386,18430430,8918,(57;166;77;77;42;105;51;19;56;166;47;47;42;52;166;34;31;41;91;24;30;43;57;33;36;54;51;27;47;43;30;207;30;32;67;25;14;33;25;29;16;59;166;166;175;24;166;31;45;32;36;69;129;32;124;43;166;19;33;42;30;25;47;15;66;47;33;70;47;51;47;69;166;36;26;49;19;51;44;125;179;36;21;72;47;40;46;86;45;56;54;62;69;24;24;29;53;25;135;30;42;51;152;74;31;34;54;87;166;106;26;166;85;107;47;105;77;59;77;166;166;47;26;57;166;106;21;78;47;166;166;63;58;35;60;26;54;33;30;62;36;31;60;30;47;31;104;166;166;24;38;60)
seed_8_level_5-1,1410,27426.285115003586,18879767,9067,(166;60;20;89;61;122;35;55;118;73;166;27;54;45;34;40;148;56;41;32;22;40;138;31;82;57;63;30;57;24;42;129;57;24;154;35;61;31;28;31;75;22;30;45;32;37;34;22;94;35;57;43;176;34;32;25;61;36;166;161;27;26;30;88;36;34;25;60;51;25;27;166;178;30;25;59;53;47;25;36;37;42;80;54;57;41;29;57;28;134;37;82;66;17;54;22;21;86;30;106;22;118;49;24;42;115;42;42;166;43;65;166;19;22;81;166;166;35;48;47;22;50;17;166;20;25;28;15;19;166;14;87;15;26;15;47;109;47;166;47;166;166;30;25;18;166;23;106;47)
seed_8_level_5-1,1410,27896.42379975319,19334427,9217,(135;48;39;166;166;25;91;96;77;25;28;30;133;51;50;60;51;107;166;196;63;85;25;34;20;84;90;55;40;57;71;57;64;190;26;36;54;38;112;34;33;26;58;166;67;28;36;57;42;34;34;26;118;166;35;37;76;39;66;54;28;32;38;117;101;83;166;32;47;32;166;19;76;22;20;47;50;29;19;41;18;166;105;19;23;15;47;57;25;166;48;47;47;47;34;26;22;80;57;77;77;42;22;24;24;15;20;27;93;27;22;43;166;30;57;42;47;50;30;42;37;30;21;13;49;66;16;24;139;71;166;28;166;136;34;58;56;53;166;54;68;26;57;24;140;18;124;58;28;166)
seed_8_level_5-1,1410,28375.952701568604,19878829,9367,(63;49;19;91;115;24;23;35;33;79;74;18;120;113;126;136;97;33;107;101;55;166;49;42;31;18;77;166;50;166;60;166;33;50;52;41;41;166;14;83;166;166;36;32;79;166;50;166;17;31;47;31;29;108;132;166;21;38;14;82;17;47;27;77;57;105;47;14;25;90;32;52;81;47;51;54;14;34;24;32;153;166;27;77;25;21;25;54;57;65;58;17;47;132;36;22;19;28;112;77;13;33;139;27;108;57;58;20;129;26;118;147;14;30;109;109;79;42;35;31;34;35;28;135;90;148;194;54;28;31;57;40;33;54;29;191;61;126;32;73;39;166;47;132;26;50;92;166;83;191)
seed_8_level_5-1,1410,28850.237372159958,20353254,9517,(166;77;80;25;54;54;66;54;35;49;26;34;33;133;38;97;47;186;32;34;19;19;43;25;57;13;33;14;72;64;33;141;37;79;28;37;56;27;152;166;27;51;18;139;52;112;23;26;31;91;28;18;146;28;66;65;19;18;166;59;25;54;77;18;34;79;16;34;166;103;27;27;24;27;206;80;34;51;16;38;31;34;32;22;197;31;109;49;35;56;31;39;32;43;37;112;63;44;121;29;25;36;15;27;42;62;30;41;132;37;166;47;30;79;14;24;166;166;166;47;166;20;47;50;166;105;18;35;47;28;166;17;34;89;47;166;49;64;50;34;21;16;166;28;78;32;166;49;27;166)
seed_8_level_5-1,1410,29327.170020341873,20786166,9668,(36;23;35;18;34;25;51;87;28;96;124;26;90;27;58;134;59;42;34;29;28;65;49;16;119;40;186;91;59;16;38;105;64;58;186;58;51;17;31;21;56;15;47;29;14;154;52;77;22;20;59;28;27;23;47;56;51;25;48;18;33;54;166;13;29;61;157;109;22;33;166;80;88;26;166;79;69;28;66;32;71;166;38;121;40;148;40;23;21;83;125;31;31;50;55;71;47;25;105;110;63;169;31;20;122;79;27;35;18;27;166;19;21;50;38;81;80;17;17;18;16;89;19;109;15;31;50;47;24;108;26;70;166;50;166;166;50;32;105;166;48;32;47;80;50;43;47;18;28;109;57)
seed_8_level_5-1,1410,29807.6250500679,21318717,9818,(53;63;23;31;166;27;102;55;218;27;24;34;55;56;59;29;24;195;32;26;42;25;43;63;126;88;29;166;51;56;72;32;33;33;28;41;53;26;33;128;125;17;166;57;57;54;33;109;47;19;28;30;25;166;33;30;53;27;108;106;110;50;166;31;140;114;23;47;166;109;35;166;50;47;19;55;166;57;166;32;14;33;37;166;29;26;34;28;49;30;109;166;47;27;159;57;42;27;58;47;137;35;144;24;166;53;166;80;68;38;47;64;57;25;80;53;59;166;66;166;32;29;42;54;113;203;30;31;53;147;83;90;79;125;41;31;21;79;17;21;18;68;45;87;117;33;59;91;21;28)
seed_8_level_5-1,1410,30284.479793548584,21819329,9968,(86;107;50;94;31;69;166;118;45;24;88;27;35;146;81;38;28;31;18;24;48;65;77;166;22;111;14;15;21;113;198;88;24;19;25;64;62;58;56;27;90;75;199;26;22;51;24;28;34;92;87;139;43;33;22;62;33;59;105;153;23;41;42;42;44;85;17;166;96;46;33;139;146;42;28;193;143;115;39;54;108;40;26;34;47;28;31;43;23;54;40;39;68;166;26;39;55;22;55;19;58;33;130;166;32;166;166;77;21;26;23;112;21;21;49;32;21;84;28;33;59;47;47;55;26;131;55;47;166;16;49;87;30;166;17;52;25;166;23;48;166;56;31;27;166;23;47;108;26;166)
seed_8_level_5-1,1410,30756.222994327545,22295685,10118,(166;166;20;29;28;14;35;53;149;114;50;42;27;18;166;42;27;36;166;25;81;31;106;21;133;17;143;31;25;53;79;85;17;28;47;27;33;16;178;55;121;33;166;47;33;36;78;150;71;28;105;77;20;42;29;81;30;29;77;166;35;194;31;25;25;22;32;24;35;27;83;47;54;79;35;26;57;18;29;166;54;27;49;37;23;20;59;34;105;57;33;166;26;24;28;105;34;50;29;109;79;32;23;179;25;59;57;19;18;166;40;108;30;47;30;29;62;23;50;77;109;47;105;105;27;166;67;166;17;42;26;64;166;166;33;166;22;18;47;108;105;47;57;166;27;21;55;31;24;28)
seed_8_level_5-1,1410,31225.455005407333,22789604,10268,(84;51;37;32;35;110;25;42;21;34;27;63;35;34;33;26;112;166;35;86;30;80;80;93;196;47;90;26;60;23;29;19;18;69;124;86;38;166;50;35;171;28;22;166;27;38;60;83;27;79;57;58;45;37;203;209;50;82;15;51;59;35;36;31;54;36;19;77;56;204;23;142;166;77;47;34;55;52;50;47;47;108;26;24;25;26;57;166;14;47;40;78;24;166;26;31;57;77;35;166;42;117;166;19;28;49;166;13;54;126;166;34;24;47;166;14;31;23;50;47;68;166;59;166;166;56;33;77;24;105;30;22;105;32;34;23;126;108;47;77;20;24;17;33;14;29;21;18;78;31)
seed_8_level_5-1,1410,31691.812386989594,23264229,10418,(203;44;79;166;166;31;49;47;17;20;18;38;58;29;42;23;32;58;166;45;33;166;19;190;65;78;27;66;166;44;56;30;34;64;23;25;48;23;83;79;27;67;60;35;33;69;42;146;23;33;166;23;94;48;97;34;23;56;166;24;35;25;49;141;47;42;21;52;26;107;37;78;19;166;22;107;16;50;22;26;24;23;25;47;166;166;41;47;47;47;74;107;105;166;47;166;26;47;166;31;77;26;47;36;127;33;25;166;25;77;47;58;105;57;21;21;166;91;105;57;22;166;49;57;25;14;47;63;47;47;106;34;58;56;23;29;30;14;166;54;24;56;105;31;47;47;105;31;78;25)
seed_8_level_5-1,1410,32157.38460969925,23781158,10568,(27;17;31;84;29;36;30;39;51;49;35;68;54;56;131;44;17;32;202;166;61;40;37;27;40;79;35;31;25;113;24;60;31;45;43;25;34;31;31;42;56;136;28;70;78;55;43;61;64;15;57;188;36;49;47;52;28;16;108;86;191;14;166;25;30;166;151;16;84;29;22;127;26;58;14;50;166;32;32;14;166;108;19;24;28;64;47;25;77;55;20;30;166;47;166;57;166;57;25;23;16;47;166;18;166;19;26;35;28;166;19;166;48;15;26;77;47;47;166;47;17;57;82;166;19;50;166;77;54;14;166;32;22;166;166;166;20;51;166;18;28;105;166;21;25;30;24;108;16;62)
seed_8_level_5-1,1410,32641.84138941765,24305547,10718,(166;58;30;116;24;24;60;15;118;31;24;46;89;28;59;111;63;19;18;48;19;24;31;58;35;166;28;169;26;30;66;23;20;30;49;144;166;25;27;89;47;78;54;87;25;18;29;23;35;39;166;48;28;38;31;166;109;32;84;79;166;107;201;56;133;113;28;166;22;131;24;109;105;17;15;28;49;31;26;166;16;86;105;34;20;57;79;116;105;30;31;47;31;15;24;17;18;166;14;54;118;33;166;31;55;23;22;166;49;105;28;107;77;22;114;48;16;29;54;21;28;22;166;57;19;166;54;24;117;23;18;166;166;26;34;50;55;110;31;54;54;47;166;80;166;166;41;34;166;55)
seed_8_level_5-1,1410,33104.48945116997,24753600,10868,(36;166;49;27;27;58;72;20;49;31;26;51;28;33;19;20;29;36;31;49;25;39;39;166;153;20;23;49;36;20;61;62;21;86;36;21;166;24;31;16;81;39;166;29;115;32;29;166;18;166;166;17;59;23;198;138;47;30;55;28;38;21;15;126;29;32;24;31;88;84;25;35;25;166;47;130;106;25;14;23;23;32;29;55;50;166;88;55;166;26;166;105;31;114;26;166;56;166;23;22;20;25;25;166;166;47;33;166;28;15;25;48;54;21;18;24;15;33;24;21;107;122;27;30;57;55;130;26;17;17;155;26;15;26;77;25;26;17;166;88;13;25;33;166;15;29;30;27;24;42)
seed_8_level_5-1,1410,33582.01444554329,25322045,11018,(65;14;29;186;23;128;185;49;30;62;86;51;36;21;59;53;24;48;49;101;142;48;83;30;81;178;27;85;81;20;166;58;168;42;166;70;62;51;37;50;40;166;24;52;118;57;62;30;91;36;27;56;52;166;49;84;126;30;29;126;58;28;33;24;25;61;70;23;84;30;105;19;15;108;26;32;41;105;106;27;166;108;54;18;47;24;31;24;22;47;47;15;80;23;44;47;45;166;166;32;32;80;166;166;107;69;54;166;28;107;106;34;166;62;26;110;166;20;166;72;166;166;22;49;55;78;166;42;55;36;87;117;59;166;33;25;25;166;28;50;19;14;166;47;21;20;166;85;40;32)
seed_8_level_5-1,1410,34067.5861017704,25992212,11168,(187;39;18;166;19;27;20;166;88;31;28;70;24;105;39;29;22;166;36;166;54;166;84;50;34;28;190;166;84;30;19;50;150;24;18;42;31;115;35;20;80;166;24;36;29;136;166;21;27;36;24;32;49;106;77;33;19;118;144;31;39;56;166;47;111;23;166;31;39;166;136;166;166;48;52;47;26;105;16;30;166;50;166;25;105;32;166;166;33;77;166;33;55;30;166;77;25;20;166;111;47;166;21;15;166;55;166;166;48;25;105;166;26;19;35;55;22;14;59;33;39;126;31;31;21;25;26;109;166;24;115;83;32;166;18;166;166;47;57;47;48;14;166;14;34;50;84;117;105;166)
seed_8_level_5-1,1410,34538.242909908295,26511296,11318,(190;57;20;48;166;29;30;27;133;25;16;32;25;166;27;35;110;29;107;55;25;131;24;61;33;32;27;22;166;27;51;31;37;166;30;19;29;53;210;27;17;86;34;132;20;27;30;31;19;166;50;117;40;25;58;166;98;41;35;35;25;89;100;29;25;56;166;46;24;27;23;31;138;40;166;109;57;47;33;47;84;80;63;25;26;44;16;77;108;40;26;55;54;89;47;50;113;45;27;127;123;54;47;31;17;106;55;33;20;28;28;29;14;55;24;166;30;86;166;166;40;117;47;47;26;166;38;149;26;17;166;166;57;19;24;166;166;108;56;26;35;46;117;32;19;166;58;22;166;114)
seed_8_level_5-1,1410,35023.708323955536,27134621,11468,(190;142;23;18;24;166;25;28;43;109;130;60;166;77;109;19;31;24;77;25;192;92;42;28;133;81;207;121;20;18;18;24;24;21;15;50;15;27;39;17;86;22;36;22;195;87;38;28;78;33;109;20;25;39;14;30;30;166;166;58;24;30;30;166;166;179;28;35;105;166;166;54;47;28;166;38;25;166;32;166;166;18;58;55;33;166;55;27;108;26;35;31;22;105;21;34;19;166;55;166;58;47;116;99;20;105;57;33;91;25;27;47;105;122;58;25;41;166;77;28;80;113;22;166;41;29;57;59;65;40;89;77;192;24;47;166;166;49;48;23;50;105;34;166;17;47;166;47;166;54)
seed_8_level_5-1,1410,35494.66228890419,27667940,11618,(166;24;15;42;60;16;166;27;28;57;112;81;30;38;166;31;27;31;57;46;60;91;34;23;28;108;60;38;28;33;29;160;190;53;166;28;47;195;32;18;166;23;109;28;38;166;18;166;32;16;18;32;19;14;190;23;38;53;17;166;166;201;22;57;84;166;20;33;166;105;47;105;47;166;34;71;47;42;24;54;25;129;33;70;47;33;54;166;26;91;105;117;27;48;27;32;166;19;24;28;77;29;32;19;126;21;58;33;34;32;30;54;85;39;166;166;24;166;34;22;23;166;33;14;31;52;58;54;166;36;47;20;166;27;113;47;40;28;18;25;15;34;60;47;33;25;43;47;166;34)
seed_8_level_5-1,1410,35978.21386384964,28268175,11768,(24;20;15;55;166;21;28;24;26;24;15;166;166;47;21;57;34;166;36;166;21;85;166;90;23;166;166;23;33;16;28;27;105;77;106;30;126;166;113;53;71;40;34;38;17;55;47;47;49;166;166;77;22;23;18;22;22;18;106;166;26;128;42;103;27;29;166;21;35;81;28;47;42;28;78;83;166;166;166;26;41;21;43;116;22;43;42;14;157;50;60;38;31;42;60;21;16;28;42;34;26;124;25;52;57;42;59;123;166;21;190;197;132;186;47;26;28;43;24;24;166;166;30;84;43;130;19;28;124;166;166;33;166;42;23;42;205;32;166;24;17;27;15;18;28;28;69;65;20;193)
seed_8_level_5-1,1410,36457.397881269455,28853356,11918,(31;51;166;22;31;77;52;51;88;27;19;54;166;51;37;166;140;26;79;58;50;15;47;166;25;31;105;47;61;35;191;42;166;131;15;23;26;56;30;25;60;116;134;82;27;16;26;47;54;152;32;24;23;25;22;42;39;50;20;34;20;166;166;42;123;47;126;41;205;51;30;28;181;42;33;166;166;166;25;77;24;166;166;105;49;48;34;79;24;108;58;84;62;47;27;78;166;34;76;166;62;107;48;54;49;35;47;48;126;33;47;166;166;17;53;47;60;78;36;49;21;166;77;113;107;105;166;166;87;128;50;47;34;34;25;34;25;166;77;166;47;36;47;49;57;68;49;105;25;56)
seed_8_level_5-1,1410,36945.24689626694,29494426,12068,(49;51;143;196;51;146;125;46;166;166;48;32;54;24;166;166;17;48;42;16;166;166;30;35;42;39;38;30;144;166;166;17;119;105;179;42;18;120;166;39;28;28;166;57;203;31;59;37;21;58;25;26;20;17;60;52;19;166;36;166;24;47;20;47;40;139;26;18;23;166;54;166;47;28;166;32;77;33;42;23;166;27;21;31;106;77;14;77;31;105;47;15;32;166;128;166;34;166;81;48;37;28;38;207;130;77;107;47;105;117;166;54;106;130;28;26;35;79;58;29;22;54;47;57;47;48;94;34;31;47;105;57;61;47;25;31;31;166;25;29;105;29;128;33;105;80;166;79;166;78)
seed_8_level_5-1,1410,37420.69476771355,30074169,12218,(207;54;166;34;22;16;166;22;48;21;35;48;27;34;46;37;48;196;22;34;50;36;87;77;32;115;26;187;33;19;105;105;124;47;79;24;69;41;25;32;47;216;166;166;55;166;129;33;40;36;47;118;27;32;25;47;77;70;78;42;47;47;25;84;26;34;21;42;30;48;38;26;48;80;77;105;166;32;38;55;39;199;47;47;47;35;47;37;124;26;27;166;47;188;31;151;47;49;77;78;25;166;58;107;133;28;107;48;24;166;162;59;77;166;26;29;61;77;21;47;166;63;105;126;26;47;30;21;166;24;105;27;23;49;35;128;166;48;124;26;166;126;28;34;24;166;61;24;105;44)
seed_8_level_5-1,1410,37925.029819488525,30777221,12368,(207;77;105;25;128;77;20;57;105;105;19;77;34;107;15;22;47;16;166;22;31;105;181;26;22;128;32;79;166;26;47;77;14;15;20;166;21;23;196;28;36;166;105;166;40;14;77;65;27;128;23;27;166;105;47;33;14;166;27;107;166;79;89;79;20;29;186;77;47;22;49;166;135;77;166;77;116;166;166;85;40;19;48;155;22;61;77;25;27;37;146;105;166;23;47;40;36;166;58;47;166;24;38;166;192;21;166;34;166;72;194;106;60;76;35;201;22;166;89;19;166;166;21;130;49;126;126;49;130;105;26;18;33;16;32;35;106;49;54;47;14;20;166;126;34;69;47;24;49;47)
seed_8_level_5-1,1410,38415.94273209572,31413173,12518,(241;32;17;35;57;31;26;105;22;166;192;29;16;22;126;33;47;21;166;25;166;166;27;17;54;166;40;178;24;40;79;47;49;166;49;58;22;166;25;30;20;47;32;107;77;126;78;166;48;59;77;48;59;21;114;160;48;41;34;18;31;54;26;38;23;20;193;21;59;166;49;114;33;55;18;37;42;47;37;58;18;80;25;21;85;23;65;17;47;166;18;126;51;166;105;23;166;105;105;57;27;166;18;79;47;32;57;33;166;30;105;166;166;166;193;120;101;148;36;47;166;166;54;86;166;33;34;166;47;166;23;143;21;32;47;24;29;36;27;47;116;77;48;61;48;105;34;32;47;141)
seed_8_level_5-1,1410,38906.3012046814,32017740,12668,(207;128;77;105;31;106;30;166;54;15;57;49;32;25;25;33;105;21;166;14;34;23;154;70;127;20;33;50;47;126;166;33;28;27;126;18;15;88;77;47;19;126;132;19;166;81;23;166;22;37;166;47;166;166;166;165;77;157;49;29;14;34;14;166;48;77;31;24;34;166;166;29;188;23;18;25;35;77;24;22;24;47;166;166;49;185;133;50;21;47;36;22;87;48;22;54;105;18;19;166;34;59;23;166;54;32;131;47;39;37;26;87;26;16;79;23;31;166;23;57;63;49;166;49;115;166;40;80;16;26;42;109;59;30;25;49;57;105;47;166;77;39;105;26;23;166;17;51;166;21)
seed_8_level_5-1,1410,39386.27831578255,32617753,12818,(78;23;57;40;48;31;16;47;166;113;166;106;65;35;35;29;126;54;47;26;166;30;17;36;34;32;16;40;24;29;54;54;26;166;33;47;166;133;25;33;57;47;28;114;166;55;35;166;137;29;15;48;166;23;47;31;190;34;29;166;26;50;31;166;43;40;50;166;31;86;199;166;77;105;179;54;76;59;166;166;166;166;77;47;77;85;20;47;18;62;34;55;34;32;33;21;47;47;23;37;81;24;16;126;19;126;47;53;166;166;27;166;166;27;35;166;77;47;54;26;166;124;166;54;54;47;37;94;166;26;23;77;49;17;47;55;24;52;166;25;84;18;47;47;97;16;25;166;61;24)
seed_8_level_5-1,1410,39868.15069460869,33237473,12968,(22;81;166;25;127;166;19;42;17;166;105;37;27;113;21;18;28;28;56;24;166;33;27;166;26;18;24;49;16;26;58;166;47;34;54;29;54;19;14;25;166;79;85;118;126;166;23;77;54;126;166;48;118;24;166;17;25;18;166;166;55;58;166;20;27;34;23;107;34;40;166;22;23;60;166;166;48;86;54;47;105;33;85;31;14;108;57;51;25;27;22;166;24;126;154;166;47;17;82;126;30;20;30;51;47;166;57;23;54;39;136;77;22;54;47;166;31;33;166;166;24;166;19;47;166;58;166;127;105;18;36;166;22;29;54;195;30;105;166;47;30;24;77;105;166;34;25;49;26;50)
seed_8_level_5-1,1410,40350.2885863781,33897117,13118,(166;166;17;25;125;166;58;21;126;33;166;27;134;31;22;166;157;166;24;49;166;25;47;36;19;126;47;31;21;28;77;21;29;166;58;47;23;166;15;56;126;166;50;166;49;132;29;166;166;166;18;58;16;109;16;18;166;25;21;77;39;166;32;48;126;166;85;25;14;133;26;166;24;78;47;36;166;54;57;36;33;37;29;29;84;37;28;34;27;28;19;166;166;28;126;20;35;34;24;166;35;57;23;31;105;33;16;50;166;81;28;20;22;166;47;55;77;166;47;47;59;16;23;16;58;166;166;29;83;33;166;166;166;29;30;33;36;126;21;166;55;114;24;166;48;166;29;26;166;35)
seed_8_level_5-1,1410,40843.47346138954,34630714,13268,(126;166;166;29;60;14;22;166;49;31;47;166;26;18;34;106;77;166;166;17;54;166;78;34;166;26;26;88;47;24;22;166;77;33;166;56;79;77;166;38;27;21;166;47;59;21;23;24;19;22;166;21;28;166;166;31;28;105;109;84;166;166;166;36;126;166;166;166;34;34;24;166;54;38;78;25;105;166;27;126;166;126;133;105;166;26;42;166;56;47;36;78;130;42;47;15;166;26;37;77;33;34;24;166;21;166;56;107;32;57;16;28;47;118;24;23;109;166;166;166;108;118;26;28;14;49;166;39;35;24;26;126;116;22;166;56;166;30;166;166;166;24;139;21;55;58;26;22;32;35)
seed_8_level_5-1,1410,41335.45831298828,35292306,13418,(139;124;166;29;26;19;133;118;166;77;77;130;166;37;22;31;24;126;166;34;47;105;156;33;166;38;57;40;47;77;33;18;28;105;32;79;24;166;24;30;77;130;105;47;25;15;17;118;166;166;166;105;19;105;166;47;131;26;54;166;166;118;57;15;77;50;166;33;29;166;133;166;31;23;77;31;126;28;166;24;55;166;116;33;18;166;77;106;55;15;48;19;24;47;28;47;24;166;22;166;18;62;21;30;166;172;27;59;77;77;25;19;166;188;27;47;34;22;166;33;105;79;31;166;23;166;17;25;77;19;32;47;22;31;166;47;38;126;31;17;25;126;105;33;34;77;166;23;32;19)
seed_8_level_5-1,1410,41812.85226011276,35875487,13568,(166;166;15;111;79;47;77;166;166;54;77;77;19;18;36;28;47;26;15;57;21;155;77;142;22;22;105;30;57;77;32;41;18;19;32;166;53;24;166;53;33;166;57;47;28;166;47;41;269;47;55;47;21;40;22;14;15;35;24;63;25;77;105;35;34;166;47;105;147;126;23;32;47;30;126;135;166;166;39;15;166;22;21;134;24;27;32;25;166;105;24;25;14;105;166;61;77;27;16;133;47;166;26;30;118;47;166;105;29;31;21;166;22;166;22;24;133;19;15;28;30;21;26;32;166;166;24;28;47;105;34;37;166;26;24;107;47;24;23;126;14;105;22;47;26;166;27;166;54;14)
seed_8_level_5-1,1410,42288.377737760544,36471590,13718,(133;26;41;166;166;166;133;77;24;54;166;118;22;58;133;166;166;77;61;30;77;33;166;54;25;35;50;47;32;26;30;166;25;25;77;17;30;77;28;115;16;166;32;166;166;21;37;77;166;125;16;47;166;49;166;77;126;34;166;79;26;26;27;31;47;42;166;25;47;47;26;130;166;23;47;54;166;39;128;33;36;166;47;25;31;21;21;85;84;33;57;24;166;116;38;166;25;128;20;77;87;33;29;23;84;36;113;25;58;85;166;32;185;166;29;166;31;40;47;109;47;23;47;47;35;26;28;38;47;33;24;29;30;16;17;27;126;180;19;192;32;24;65;29;77;77;56;54;23;27)
seed_8_level_5-1,1410,42782.319903850555,37129639,13868,(24;49;24;31;24;32;77;55;38;166;33;105;19;57;31;28;41;36;29;41;77;29;55;166;32;32;32;30;127;25;28;77;31;105;107;47;166;27;52;38;47;54;166;166;55;24;80;34;25;17;38;17;166;24;62;25;19;18;26;73;24;116;40;26;96;73;41;72;145;55;166;166;133;32;133;105;77;166;166;127;15;47;62;166;63;126;166;25;18;166;33;21;166;32;57;166;166;126;25;105;128;155;29;47;166;166;37;30;28;166;47;54;57;166;166;21;105;54;30;33;31;107;166;166;126;21;160;47;58;166;23;21;24;52;166;166;126;77;28;77;105;82;105;126;166;77;19;25;166;105)
seed_8_level_5-1,1410,43256.07454395294,37673373,14018,(33;59;33;166;26;32;166;84;23;47;17;19;25;166;54;31;33;58;188;14;32;26;18;166;30;87;163;118;47;29;22;27;18;29;77;35;46;18;27;30;24;47;58;165;126;54;33;42;166;57;28;35;32;166;166;126;35;24;27;47;40;41;88;56;166;26;79;105;51;32;27;47;25;32;144;155;22;82;84;105;133;24;49;47;166;32;166;38;28;28;79;28;13;26;166;31;47;84;23;22;17;19;56;34;166;24;27;15;81;186;29;19;27;17;23;105;166;166;26;47;166;33;105;166;47;57;166;26;133;133;77;129;21;49;166;27;27;133;50;33;27;48;25;126;32;166;47;34;48;116)
seed_8_level_5-1,1410,43733.698586940765,38209519,14168,(29;166;25;26;21;33;30;87;24;23;31;85;54;34;56;18;85;166;88;83;36;31;105;47;176;25;23;166;93;88;31;29;58;39;37;85;32;21;39;85;47;60;47;21;27;21;33;14;22;143;30;39;163;25;26;88;35;31;57;25;85;37;166;32;28;47;156;22;27;77;24;31;166;24;25;118;17;25;24;26;28;166;118;47;77;47;166;31;166;110;41;166;27;15;54;135;22;28;47;28;42;20;166;48;79;47;47;127;47;166;29;166;26;134;166;25;166;105;13;166;28;24;77;18;109;26;128;54;77;166;166;54;105;32;48;84;105;118;166;166;27;132;47;82;47;25;15;47;77;126)
seed_8_level_5-1,1410,44209.26816153526,38708348,14318,(18;16;24;51;47;114;166;24;61;26;59;134;27;33;77;35;22;27;77;166;15;13;26;31;25;166;223;63;66;27;166;101;55;33;32;53;35;57;23;35;149;166;18;32;26;26;166;25;32;23;157;49;115;22;77;32;30;27;30;85;18;32;37;34;20;48;107;39;25;35;125;124;47;79;27;31;47;26;47;49;51;15;32;49;21;84;166;40;66;43;31;24;115;15;108;48;49;31;47;28;59;124;105;106;34;16;118;124;23;166;22;48;21;107;18;27;48;26;77;26;48;105;84;47;166;166;166;16;124;77;118;166;30;47;47;133;26;34;166;77;78;49;166;21;26;143;133;26;20;166)
seed_8_level_5-1,1410,44684.71782517433,39246496,14468,(35;49;29;166;27;31;166;22;32;185;33;36;24;33;22;29;185;166;27;25;107;118;16;39;48;28;60;31;37;32;24;34;24;32;58;62;166;28;77;30;116;29;33;26;34;33;35;35;41;47;58;32;48;33;36;23;54;131;22;31;28;19;127;62;22;108;22;36;166;47;47;24;27;166;127;118;29;166;166;47;25;28;19;24;32;77;24;13;29;166;17;20;47;22;48;133;19;24;166;131;27;105;154;19;124;30;118;19;78;166;166;166;21;105;154;77;36;34;20;47;17;29;57;136;166;118;166;25;15;41;105;105;166;136;126;166;21;24;22;60;39;37;119;105;14;190;42;19;105;24)
seed_8_level_5-1,1410,45170.78010249138,39835143,14618,(109;34;28;42;18;24;26;59;26;24;39;58;40;113;29;35;47;105;77;31;166;26;84;24;34;21;47;41;23;31;47;21;49;19;26;166;40;166;105;161;77;25;38;57;172;23;37;54;35;77;32;32;47;27;26;37;85;59;34;105;28;24;25;166;78;54;166;130;15;166;77;33;21;27;77;133;105;47;42;24;166;166;26;166;25;41;126;47;190;24;118;31;27;118;166;26;166;26;166;54;118;47;21;31;47;21;77;105;105;87;166;35;166;166;77;105;20;166;105;137;133;28;77;16;18;18;154;118;26;166;133;166;120;24;85;77;105;26;133;42;77;86;87;127;105;53;18;56;47;134)
seed_8_level_5-1,1410,45651.064366817474,40471909,14768,(31;122;43;160;33;42;178;47;51;31;54;62;138;38;25;55;37;27;28;47;23;30;39;41;166;42;165;35;41;71;27;41;105;166;83;31;166;59;166;24;162;88;32;26;77;27;166;113;21;24;42;71;55;59;166;117;117;47;35;21;154;18;30;34;25;25;25;16;56;27;31;164;19;77;47;47;19;85;33;131;42;137;47;166;47;35;22;23;34;131;77;32;59;34;124;77;166;34;166;32;166;28;166;24;57;155;105;19;15;23;105;23;24;124;66;129;166;118;166;105;47;105;118;166;77;29;36;13;185;166;59;105;166;15;166;118;133;80;128;47;124;107;105;21;19;166;47;14;28;166)
seed_8_level_5-1,1410,46131.34956383705,41010471,14918,(87;83;16;26;47;56;24;24;18;39;29;54;26;50;128;138;113;32;29;36;18;34;35;47;37;25;80;56;28;32;30;54;106;25;57;129;21;166;30;166;80;59;57;32;83;166;32;87;38;54;31;24;31;18;55;51;31;34;33;50;28;77;166;33;166;84;126;77;28;31;149;166;32;131;166;88;36;15;34;31;107;47;124;84;166;16;54;22;105;25;47;126;32;138;25;42;116;53;105;47;166;14;166;131;166;23;27;22;173;76;76;47;126;77;30;134;57;27;23;166;39;47;136;32;23;166;21;27;47;34;132;26;38;105;93;21;47;126;154;34;24;166;166;166;25;27;77;47;47;136)
seed_8_level_5-1,1410,46616.86736249924,41609461,15068,(84;166;30;57;165;166;30;20;17;28;26;31;166;84;54;20;31;27;25;29;156;31;43;29;57;35;41;19;114;36;166;23;31;32;20;29;87;166;30;36;108;34;26;54;39;30;28;78;28;36;36;29;19;47;27;54;19;24;23;166;40;166;29;133;24;118;25;133;166;105;85;139;34;31;77;18;47;47;183;14;105;168;47;166;96;49;20;19;166;126;54;47;105;105;139;175;166;21;166;77;19;152;30;76;54;76;133;166;47;26;27;47;16;19;47;88;58;29;68;56;133;126;19;32;14;18;36;105;126;81;166;32;166;16;166;32;154;14;166;166;24;133;126;52;111;166;64;33;35;47)
