seed_7_level_2-1,530,547.6530196666718,2026668,150,(1001;104;47;1001;97;43;98;98;53;97;47;98;84;98;98;99;78;65;98;74;97;67;71;98;51;43;42;70;42;97;1001;42;42;82;42;42;43;59;42;191;91;63;74;42;43;96;96;47;42;61;42;96;90;42;191;43;96;96;43;96;71;43;42;96;61;42;47;96;51;43;112;42;96;43;91;79;96;96;64;96;76;43;92;96;157;191;65;96;96;96;84;93;59;43;43;96;43;96;96;42;96;96;54;96;116;116;61;77;47;42;96;112;96;191;42;78;87;96;85;96;96;42;43;116;42;96;67;76;96;51;96;76;71;42;75;75;42;84;51;43;76;191;189;60;43;42;96;84;96;96)
seed_7_level_2-1,530,1060.3392930030823,2550907,300,(42;42;42;43;42;42;42;42;42;43;42;42;42;42;42;43;42;43;42;43;42;43;42;42;42;42;42;43;42;42;42;42;42;43;43;42;43;43;42;45;47;45;47;45;51;51;51;51;66;54;59;59;61;88;63;64;64;67;77;75;75;76;76;76;77;79;85;96;96;96;96;96;96;96;96;96;96;96;96;96;96;96;96;96;96;96;96;96;96;96;96;96;96;96;96;96;96;96;96;96;96;96;96;96;96;96;96;96;96;96;96;96;84;99;91;89;92;84;93;84;84;82;71;74;70;90;71;112;112;78;76;71;76;74;61;65;61;116;116;116;116;157;87;191;191;120;191;191;70;189)
seed_7_level_2-1,530,1584.3239755630493,3098897,450,(42;42;42;42;42;42;42;42;42;42;42;42;42;42;42;42;42;43;43;43;43;42;43;42;42;43;43;42;42;43;42;43;43;42;43;42;43;43;43;47;47;47;47;47;51;51;50;51;54;59;59;61;63;64;64;53;66;75;75;76;76;76;77;77;79;85;96;96;96;96;96;96;96;96;96;96;96;96;96;96;96;96;96;96;96;96;96;96;96;96;96;96;96;96;96;96;96;96;96;96;96;96;96;96;96;96;96;96;96;96;96;84;99;91;92;84;93;84;84;82;71;61;74;70;90;71;112;112;78;76;71;76;65;61;65;60;191;116;116;116;116;191;157;87;91;191;191;191;191;189)
seed_7_level_2-1,530,2092.1521184444427,3634553,600,(42;42;42;42;42;42;42;42;42;42;42;42;42;42;42;42;42;42;42;42;42;42;42;42;43;42;42;43;42;42;43;43;43;43;43;42;43;43;43;45;47;47;47;47;51;51;51;51;66;54;59;59;61;88;63;64;64;67;75;75;76;76;76;77;77;79;85;96;96;96;96;96;96;96;96;96;96;96;96;96;96;96;96;96;96;96;96;96;96;96;96;96;96;96;96;96;96;96;96;96;96;96;96;96;96;96;96;96;96;96;96;96;84;99;91;92;84;93;84;84;91;82;71;74;70;90;71;112;112;78;76;71;78;74;61;65;60;116;116;116;116;157;87;70;191;191;191;191;191;189)
seed_7_level_2-1,530,2607.121107816696,4174828,750,(42;42;42;42;42;42;42;42;43;43;42;42;42;42;42;42;42;43;43;43;43;43;43;42;43;43;43;43;43;43;42;42;42;43;42;42;42;43;42;47;47;47;47;45;51;51;51;51;54;59;59;61;63;64;64;66;66;75;75;76;76;76;74;77;79;85;96;96;96;96;96;96;96;96;96;96;96;96;96;96;96;96;96;96;96;96;96;96;96;96;96;96;96;96;96;96;96;96;96;96;96;96;96;96;96;96;96;96;96;96;116;84;99;91;92;84;93;84;84;89;82;71;61;74;70;90;71;112;112;78;76;71;78;74;61;65;60;191;116;116;116;116;157;87;120;191;191;191;191;189)
seed_7_level_2-1,530,3123.9660787582397,4724396,900,(42;42;42;42;42;42;42;42;42;42;42;42;42;42;42;42;42;43;42;42;42;42;43;42;43;42;42;42;43;43;43;42;42;43;42;42;42;42;42;47;45;47;47;45;50;50;51;51;54;59;59;61;61;63;64;64;53;67;74;75;75;76;76;76;77;79;85;96;96;96;96;96;96;96;96;96;96;96;96;96;96;96;96;96;96;96;96;96;96;96;96;96;96;96;96;96;96;96;96;96;96;96;96;96;96;96;96;96;96;96;96;84;99;91;92;84;93;84;84;82;71;74;70;90;71;112;112;78;76;71;78;65;61;65;60;116;116;116;116;116;191;157;87;91;191;191;191;191;191;189)
seed_7_level_2-1,645,3635.4749591350555,5248830,1050,(42;42;42;42;42;42;42;42;42;42;42;42;42;42;42;43;43;42;42;42;43;43;43;42;43;42;43;42;43;43;42;42;42;43;43;42;42;43;42;45;47;45;45;45;50;51;51;51;53;54;59;59;61;88;63;64;64;67;77;75;75;76;76;76;77;79;85;96;96;96;96;96;96;96;96;96;96;96;96;96;96;96;96;96;96;96;96;96;96;96;96;96;96;96;96;96;96;96;96;96;96;96;96;96;96;96;96;96;96;96;96;84;99;91;92;84;93;84;84;91;82;71;74;70;90;71;112;112;78;76;71;76;74;62;65;61;96;116;116;116;116;157;87;120;70;183;193;196;196;189)
seed_7_level_2-1,645,4147.481333017349,5793042,1200,(42;42;42;42;42;42;42;42;42;42;42;42;42;42;42;42;43;43;43;43;42;43;42;43;43;43;43;42;42;42;42;43;43;43;43;43;42;42;43;47;45;47;45;47;51;51;51;51;66;54;59;59;61;63;64;64;66;75;75;76;76;76;77;77;79;85;96;96;96;96;96;96;96;96;96;96;96;96;96;96;96;96;96;96;96;96;96;96;96;96;96;96;96;96;96;96;96;96;96;96;96;96;96;96;96;96;96;96;96;96;116;84;99;91;92;84;93;84;84;89;82;71;61;74;70;90;71;112;112;78;76;71;76;65;65;62;60;196;116;116;116;116;120;159;87;193;196;196;189;196)
seed_7_level_2-1,645,4656.78372168541,6338634,1350,(42;42;42;42;42;42;42;42;42;42;42;42;42;42;42;43;42;42;42;43;43;42;42;43;42;43;43;43;43;42;43;43;42;43;43;43;43;43;42;45;45;47;47;47;51;51;51;51;54;59;59;61;88;63;64;64;53;67;75;75;76;76;76;77;77;79;85;96;96;96;96;96;96;96;96;96;96;96;96;96;96;96;96;96;96;96;96;96;96;96;96;96;96;96;96;96;96;96;96;96;96;96;96;96;96;96;96;96;96;96;96;84;99;91;92;84;93;84;84;82;70;74;70;90;71;112;112;78;76;71;78;65;65;62;60;116;116;116;116;116;120;159;87;89;196;193;196;196;189;196)
seed_7_level_2-1,645,5162.527063846588,6879285,1500,(42;42;42;42;42;42;42;42;42;42;42;42;42;42;42;43;43;43;42;42;43;42;43;42;43;43;42;42;42;42;42;43;43;43;43;42;42;43;43;45;45;45;47;47;50;51;51;51;53;54;59;59;61;63;64;64;66;75;75;76;76;76;77;77;79;85;96;96;96;96;96;96;96;96;96;96;96;96;96;96;96;96;96;96;96;96;96;96;96;96;96;96;96;96;96;96;96;96;96;96;96;96;96;96;96;96;96;96;96;96;84;99;91;92;84;93;84;84;82;71;88;74;70;90;71;112;112;78;76;71;76;65;65;62;60;96;116;116;116;116;120;159;87;89;196;193;196;196;189;183)
seed_7_level_2-1,645,5671.796473026276,7432978,1650,(42;42;42;42;42;42;42;42;42;42;42;42;42;42;42;43;42;42;43;43;42;43;43;43;43;42;43;43;43;42;43;43;43;42;43;42;42;43;42;47;45;47;45;45;51;51;51;51;53;54;59;59;61;63;64;64;66;75;75;76;76;76;74;77;79;85;96;96;96;96;96;96;96;96;96;96;96;96;96;96;96;96;96;96;96;96;96;96;96;96;96;96;96;96;96;96;96;96;96;96;96;96;96;96;96;96;96;96;96;96;96;84;99;91;92;84;93;84;84;82;70;61;74;70;90;71;112;112;78;76;71;78;74;65;62;60;116;116;116;116;196;159;87;89;196;193;196;196;189;196)
seed_7_level_2-1,645,6180.193857908249,7976679,1800,(42;42;42;42;42;42;42;42;42;42;42;42;42;42;42;43;42;43;42;43;42;42;43;42;42;42;42;42;42;42;42;43;43;43;43;42;42;43;43;47;47;45;47;47;51;51;51;51;53;54;59;59;61;88;63;64;64;66;77;75;75;76;76;76;77;79;85;96;96;96;96;96;96;96;96;96;96;96;96;96;96;96;96;96;96;96;96;96;96;96;96;96;96;96;96;96;96;96;96;96;96;96;96;96;96;96;96;96;96;96;96;116;84;99;91;92;84;93;84;84;82;71;74;70;90;71;112;112;78;76;71;78;74;65;62;61;116;116;116;116;159;87;89;120;196;193;196;196;189;183)
seed_7_level_2-1,645,6687.522203683853,8518087,1950,(42;42;42;42;42;42;42;42;42;42;42;42;42;42;42;43;43;42;43;42;43;43;43;42;43;43;43;43;42;42;43;43;43;42;43;43;42;43;42;47;47;47;45;47;51;50;51;51;53;54;59;59;61;63;64;64;66;75;75;76;76;76;77;77;79;85;96;96;96;96;96;96;96;96;96;96;96;96;96;96;96;96;96;96;96;96;96;96;96;96;96;96;96;96;96;96;96;96;96;96;96;96;96;96;96;96;96;96;96;96;84;99;91;92;84;93;84;84;82;70;61;74;70;90;71;112;112;78;76;71;76;65;65;62;61;96;116;116;116;116;120;159;87;89;196;193;196;196;189;196)
seed_7_level_2-1,645,7197.471372842789,9062271,2100,(42;42;42;42;42;42;42;42;42;42;42;42;42;42;42;43;42;42;43;43;43;43;42;42;42;43;43;43;42;43;42;43;43;43;43;42;43;43;43;47;47;45;47;47;50;50;51;51;66;54;59;59;61;88;63;64;64;67;75;75;76;76;76;77;77;79;85;96;96;96;96;96;96;96;96;96;96;96;96;96;96;96;96;96;96;96;96;96;96;96;96;96;96;96;96;96;96;96;96;96;96;96;96;96;96;96;96;96;96;96;96;116;84;99;91;92;84;93;84;84;82;71;74;70;90;71;112;112;78;76;71;78;65;65;62;60;116;116;116;116;120;159;87;91;196;193;196;196;189;183)
seed_7_level_2-1,645,7708.440438270569,9589178,2250,(42;42;42;42;42;42;42;42;42;42;42;42;42;42;42;43;42;43;43;42;43;42;42;42;43;42;43;43;43;42;42;43;43;43;42;42;43;43;43;47;47;47;47;45;51;51;51;51;54;59;59;61;63;64;64;53;66;75;75;76;76;76;77;77;79;85;96;96;96;96;96;96;96;96;96;96;96;96;96;96;96;96;96;96;96;96;96;96;96;96;96;96;96;96;96;96;96;96;96;96;96;96;96;96;96;96;96;96;96;96;84;99;91;92;84;93;84;84;91;82;70;61;74;70;90;71;112;112;78;76;71;76;65;65;61;61;116;116;116;116;116;120;159;87;70;193;196;196;189;196)
seed_7_level_2-1,645,8227.478080034256,10144279,2400,(42;42;42;42;42;42;42;42;42;42;42;42;42;42;42;42;43;43;43;43;42;42;43;43;42;42;43;43;42;43;42;43;42;43;42;43;42;43;43;45;45;45;45;47;51;51;51;51;53;54;59;59;61;88;63;64;64;66;75;75;76;76;76;77;77;79;85;96;96;96;96;96;96;96;96;96;96;96;96;96;96;96;96;96;96;96;96;96;96;96;96;96;96;96;96;96;96;96;96;96;96;96;96;96;96;96;96;96;96;96;96;84;99;91;92;84;93;84;84;89;82;70;74;70;90;71;112;112;78;76;71;78;65;61;65;60;196;96;116;116;116;116;196;159;87;193;196;196;189;196)
seed_7_level_2-1,1170,8763.053900957108,11262974,2549,(43;45;42;42;43;42;43;73;42;47;42;43;87;42;43;42;96;42;96;91;53;47;116;76;83;68;78;75;96;59;47;96;77;91;96;46;159;75;93;96;45;116;87;96;71;84;96;96;96;116;76;66;96;96;96;88;96;116;196;96;78;196;96;96;112;116;120;116;96;112;61;89;159;68;65;159;96;79;62;96;65;196;42;84;96;89;91;79;116;80;91;196;42;161;96;84;96;96;91;45;86;75;92;1001;104;130;54;104;78;91;99;47;78;87;42;109;91;51;76;107;53;99;99;91;99;99;42;109;76;91;87;91;91;99;87;75;54;104;96;76;69;109;87;72;99;87;75;107;109)
seed_7_level_2-1,1170,9284.73542547226,11871492,2699,(43;45;42;43;89;42;99;59;97;84;99;75;107;107;78;42;51;107;60;72;42;97;42;99;99;73;78;97;99;97;99;99;97;99;99;80;99;100;99;97;88;80;99;109;43;79;42;42;101;43;79;84;99;81;42;99;109;99;76;43;99;99;99;99;47;47;43;87;107;59;99;105;99;99;87;99;104;157;97;99;71;97;109;47;99;74;99;50;87;97;87;109;84;99;96;43;86;78;91;74;98;109;87;87;109;99;91;97;87;107;157;99;63;82;99;72;99;99;98;99;75;135;99;104;107;99;99;87;89;207;51;47;87;109;99;99;99;87;78;47;99;78;109;91;97;99;97;87;94;104)
seed_7_level_2-1,1170,9807.10841703415,12495819,2849,(45;63;43;43;99;99;97;99;42;72;81;47;50;87;63;95;94;51;91;47;43;107;87;77;157;83;107;89;99;66;107;73;99;92;107;98;42;109;109;107;92;87;80;42;99;90;97;99;97;43;82;109;42;43;77;86;109;97;97;71;98;61;71;97;107;95;116;97;78;99;95;97;97;78;74;97;78;99;99;87;107;99;107;75;157;42;76;82;84;43;71;99;74;107;99;46;79;109;99;75;99;85;181;99;84;85;85;99;63;99;87;107;87;88;87;87;63;91;99;87;99;79;91;65;99;88;87;90;87;109;97;135;91;100;89;93;76;109;157;99;109;94;99;78;101;157;95;99;99;109)
seed_7_level_2-1,1170,10333.249279022217,13185965,2998,(42;58;55;59;81;109;100;43;97;97;50;95;97;80;84;90;109;71;207;86;86;104;99;59;99;97;72;43;124;98;99;42;99;80;73;157;84;232;107;99;99;99;157;99;43;99;109;97;99;88;109;71;42;60;43;91;120;97;98;95;130;107;107;88;98;99;99;78;66;87;80;78;99;94;181;99;60;74;84;71;71;107;84;68;42;86;65;109;79;107;79;104;109;99;109;108;109;97;99;79;88;107;51;89;78;91;99;99;109;89;89;99;91;107;88;87;78;63;157;99;99;104;70;65;51;51;107;107;109;99;107;135;99;109;69;99;99;99;96;87;94;157;99;99;109;87;109;78;91)
seed_7_level_2-1,1198,10874.956173419952,13970127,3149,(59;99;51;59;124;109;109;97;80;88;72;105;42;93;46;84;42;86;92;99;42;42;84;99;157;66;99;78;99;82;42;85;66;60;97;63;130;79;80;59;80;104;42;101;72;42;269;72;107;101;99;99;92;79;91;77;107;109;87;99;181;42;99;42;42;78;99;99;97;107;99;42;99;97;88;87;107;78;109;109;107;70;88;91;89;87;90;78;73;107;108;97;104;87;109;95;99;109;109;109;79;100;99;99;162;88;61;59;109;216;97;162;99;72;162;248;107;84;232;85;99;162;84;99;97;97;109;64;84;88;120;97;99;99;135;162;62;109;162;86;98;91;109;99;113;85;85;109;107;99;91)
seed_7_level_2-1,1198,11406.692601919174,14698689,3298,(51;53;93;87;43;92;46;46;43;76;46;217;80;91;182;99;87;86;97;42;99;76;71;42;42;107;162;42;42;99;99;107;107;87;99;46;82;101;97;82;85;84;99;43;61;107;74;97;73;78;108;99;104;109;99;97;157;109;79;99;99;162;109;88;95;71;97;80;78;80;87;71;162;216;94;216;97;100;47;109;131;162;97;86;87;97;66;68;88;99;78;99;68;78;78;78;107;99;99;91;88;99;87;87;162;99;42;99;98;99;99;115;99;77;75;99;97;47;135;162;82;76;104;216;87;87;87;71;162;109;107;87;84;94;109;97;55;109;98;78;99;71;79;93;110;97;62;71;59)
seed_7_level_2-1,1198,11938.155431509018,15441714,3448,(87;99;99;76;107;52;84;42;70;45;87;46;42;62;109;45;71;182;99;42;99;99;68;99;99;42;84;64;42;162;77;99;107;52;87;51;49;97;99;73;67;112;101;79;107;99;99;97;99;99;113;104;104;97;216;162;42;162;83;99;107;99;89;51;99;49;84;99;99;56;110;70;84;99;59;93;97;83;83;99;112;162;99;97;97;157;93;99;109;109;99;99;99;69;97;99;74;99;78;87;162;216;60;74;87;84;97;61;74;59;69;84;87;89;107;43;216;162;88;107;109;61;90;82;76;79;99;84;89;61;109;76;216;99;66;94;99;96;87;196;97;99;92;116;99;99;97;64;147;109)
seed_7_level_2-1,1198,12460.380902767181,16179471,3595,(217;81;43;43;66;43;42;88;99;46;107;99;51;121;87;88;104;99;182;99;42;97;42;99;60;109;72;68;42;162;77;47;54;107;49;54;99;93;49;98;76;162;162;87;99;119;162;99;109;91;109;91;65;99;216;42;107;42;99;43;42;62;43;42;72;97;101;107;157;99;99;74;71;79;99;93;102;99;99;162;78;74;99;111;99;63;91;84;99;99;99;109;109;59;96;95;109;109;162;216;107;74;99;99;107;87;99;66;99;99;90;99;99;240;76;52;75;99;109;42;162;99;91;109;80;62;91;109;107;47;196;93;67;96;67;97;54;87;162;99;42;79;99;99;42;104;99)
seed_7_level_2-1,1198,13001.629125118256,16963440,3745,(84;42;52;97;99;46;42;43;43;216;42;76;107;109;43;42;42;80;43;49;99;162;162;109;45;86;42;86;162;53;89;71;61;182;99;88;42;104;97;109;75;59;99;98;53;196;107;99;42;99;59;62;62;217;73;104;59;99;109;93;121;99;99;99;99;99;43;51;107;99;99;269;99;85;107;66;84;99;67;109;91;107;99;99;99;109;84;216;99;102;85;99;109;62;99;100;99;99;99;87;99;99;157;80;78;99;97;92;152;99;79;109;74;97;109;68;93;291;111;109;99;99;81;109;97;99;86;81;109;91;99;62;84;60;99;162;101;51;69;99;93;99;102;109;87;101;87;66;104;99)
seed_7_level_2-1,1198,13555.267179489136,17792016,3898,(217;74;80;62;42;86;43;107;216;84;83;69;109;42;162;109;109;109;69;121;76;99;99;99;99;115;87;87;72;62;98;162;63;87;54;47;146;162;55;99;89;162;42;75;182;99;84;96;109;97;71;99;42;97;42;66;99;196;59;102;97;61;87;89;99;87;42;99;87;42;97;162;99;54;87;216;47;97;99;91;107;76;99;86;102;99;84;216;107;99;99;74;99;104;104;82;84;93;130;93;71;91;99;111;97;109;87;99;99;98;98;109;99;109;90;72;99;71;109;269;101;162;109;87;72;162;109;107;104;97;91;99;164;107;77;109;73;97;97;97;74;87;99;99;99;62;70;90;102;99;87;97;86)
seed_7_level_2-1,1198,14087.053178548813,18578314,4049,(181;61;47;42;42;80;59;99;71;99;42;43;146;99;52;146;99;87;87;92;83;55;109;83;217;109;88;42;43;107;99;88;42;88;216;99;109;99;99;99;42;75;99;51;99;42;107;71;99;196;99;109;42;42;96;54;79;67;69;107;99;99;87;78;99;87;97;109;109;99;93;66;99;145;112;107;99;110;109;71;109;71;94;97;62;61;84;97;97;109;84;109;216;99;109;99;99;99;99;107;291;71;99;99;99;101;99;115;66;99;69;87;69;99;109;109;115;123;43;87;216;42;43;43;97;109;89;43;42;84;84;84;99;240;51;109;85;98;97;162;89;114;107;70;76;76;99;99;109;162;42)
seed_7_level_2-1,1198,14612.346242904663,19435635,4195,(216;107;42;88;62;43;47;43;74;109;42;182;99;78;85;89;42;99;63;107;99;59;216;42;162;99;109;74;99;72;99;99;97;84;71;84;104;77;94;99;83;116;88;79;109;93;196;96;218;99;99;107;109;109;43;42;63;99;216;107;72;109;79;76;87;109;109;109;66;99;89;91;99;101;145;97;99;99;99;99;94;162;99;162;99;99;109;99;111;99;79;99;109;71;93;74;171;99;71;70;100;81;115;109;82;99;99;87;76;87;162;109;66;99;117;69;146;91;252;88;99;99;99;86;101;55;99;99;99;99;291;107;104;162;65;88;216;107;104;71;101;99;82;99;99;99)
seed_7_level_2-1,1370,15164.08694434166,20427059,4343,(216;107;69;109;43;162;107;96;84;43;181;86;73;216;42;99;99;42;97;107;86;87;216;99;42;162;99;75;97;104;88;99;162;112;145;99;99;99;100;127;88;87;99;99;93;109;99;320;87;162;109;87;87;117;99;72;109;87;87;99;99;109;84;94;79;73;83;99;86;107;95;99;162;54;88;196;91;81;88;59;99;87;43;94;99;99;98;107;252;54;99;99;87;99;93;219;87;99;100;91;99;87;99;171;83;99;162;90;73;99;128;108;107;99;61;85;82;97;115;99;74;78;66;107;79;99;91;109;107;219;128;162;162;320;99;83;97;85;74;162;99;82;107;219;96;109;107;96)
seed_7_level_2-1,1370,15707.811686992645,21435806,4492,(162;99;99;77;127;76;107;99;162;140;84;99;181;99;82;99;99;42;99;99;98;67;79;87;99;219;107;47;62;60;162;72;162;97;71;84;145;99;99;93;91;99;99;83;108;97;99;43;196;132;146;85;78;99;91;71;266;59;162;219;219;67;171;99;97;90;80;150;99;99;78;99;80;85;73;80;219;109;162;66;99;93;97;81;99;89;99;162;90;219;89;74;99;99;47;107;51;109;91;109;99;90;65;219;210;70;162;49;81;76;104;74;87;99;53;54;107;320;88;123;162;78;117;107;83;104;99;85;96;99;95;75;87;252;77;241;87;129;74;95;84;99;162;80;50;54;91;55;63)
seed_7_level_2-1,1370,16247.555844545364,22367559,4639,(181;42;42;89;92;67;78;84;58;73;99;72;145;90;99;73;42;99;99;51;162;43;93;219;99;162;109;108;74;140;154;99;75;90;97;87;210;107;87;91;87;106;107;99;99;62;91;65;66;171;94;104;104;109;79;109;115;99;97;109;96;72;219;43;75;43;42;61;43;66;42;97;162;61;140;235;92;84;93;99;81;47;81;99;83;92;109;320;87;162;104;74;99;107;78;99;85;162;99;99;89;87;219;99;99;89;162;162;99;89;99;162;66;158;138;81;241;99;109;99;99;96;92;76;100;55;219;81;99;107;100;251;107;109;67;43;97;99;78;93;97;42;130;97;162;99;68)
seed_7_level_2-1,1370,16810.678771018982,23374260,4789,(182;98;99;106;99;85;47;109;99;42;97;219;109;67;97;87;61;71;108;91;88;92;145;99;87;94;96;88;99;99;89;63;267;42;99;99;107;42;148;109;64;99;109;42;42;67;171;97;74;99;88;99;99;82;84;107;104;91;99;99;320;107;89;115;82;95;141;99;87;91;107;80;87;97;85;76;235;68;162;162;99;88;99;75;109;107;99;162;75;76;219;89;99;80;99;87;162;99;99;94;74;99;104;109;241;99;85;99;109;54;162;86;79;99;66;162;99;99;56;99;219;85;74;76;162;87;162;79;87;58;99;99;42;87;219;140;83;85;74;99;239;107;276;99;126;162;99;78;99;162)
seed_7_level_2-1,1370,17371.482136249542,24373906,4938,(251;67;107;42;61;42;99;109;43;87;109;99;182;99;71;127;42;42;162;97;97;97;99;75;171;99;99;99;94;99;67;91;107;109;99;99;162;145;91;99;107;94;110;126;99;100;91;88;210;162;99;86;106;104;109;99;78;89;97;87;107;219;71;42;99;97;109;87;99;99;74;99;74;42;115;320;109;107;99;162;91;96;107;109;107;107;97;77;70;63;219;99;109;42;67;89;61;162;162;42;107;97;107;241;99;109;107;95;55;42;107;175;109;87;64;129;91;162;235;99;99;147;71;109;75;93;109;99;96;75;116;74;219;276;109;91;93;99;88;162;99;109;99;98;127;107;76;88;162)
seed_7_level_2-1,1532,17947.159195899963,25569559,5088,(252;78;205;42;87;162;99;87;109;87;87;181;97;42;84;75;84;75;45;42;219;99;219;107;99;99;107;99;95;115;162;74;98;85;99;219;84;84;43;74;107;162;43;107;43;97;42;171;99;75;99;109;97;122;99;99;87;107;109;109;63;145;87;63;87;78;63;109;91;91;219;219;99;276;84;162;162;71;99;162;125;220;162;80;162;116;74;99;320;99;71;99;104;94;96;104;89;345;99;71;98;144;131;113;241;164;101;91;98;98;144;98;205;140;98;87;98;127;98;54;210;177;166;68;91;90;144;101;96;144;94;97;98;95;235;54;47;98;98;98;173;66;173;98;90;98;45;183;144;67)
seed_7_level_2-1,1532,18526.486924886703,26736250,5239,(234;87;151;94;98;98;98;97;131;98;164;182;42;117;42;173;63;43;98;98;98;235;51;71;144;98;173;98;96;47;98;74;71;131;84;171;71;85;98;97;49;86;116;98;77;82;98;91;234;98;98;98;98;66;98;54;131;91;123;234;72;98;234;97;91;144;140;91;130;91;158;88;81;67;88;241;131;97;157;98;131;63;98;234;98;93;77;98;84;87;316;66;104;98;98;87;88;98;65;131;91;79;98;97;159;251;98;94;97;98;87;173;91;98;67;91;131;83;276;115;234;98;97;88;234;98;98;97;173;173;130;98;92;98;345;87;98;98;86;87;98;98;84;76;87;91;144;78;131;131;78)
seed_7_level_2-1,1532,19099.167797088623,27941967,5388,(182;98;98;97;98;98;98;131;77;98;74;171;74;55;91;80;86;84;98;97;173;78;144;235;42;98;215;92;84;234;173;98;77;88;115;144;234;87;173;98;88;98;87;173;98;174;98;86;88;345;75;87;87;91;269;98;126;88;78;98;98;74;98;90;251;173;173;87;93;164;42;98;42;88;106;234;87;144;234;98;142;98;94;127;43;131;98;92;74;43;210;173;144;98;78;65;67;90;98;79;234;98;91;98;234;88;86;98;88;91;92;89;88;77;72;116;91;95;241;89;61;90;113;101;81;173;98;98;98;131;234;144;95;98;276;96;98;173;98;62;84;75;98;96;76;173;98;173;98)
seed_7_level_2-1,1532,19679.499676942825,29039410,5540,(234;71;84;71;84;71;131;131;71;69;173;98;181;42;76;98;159;62;83;98;173;98;78;98;98;234;85;88;87;98;111;173;98;84;131;91;98;127;173;210;131;153;67;98;91;144;69;91;144;108;173;67;182;95;98;276;173;82;79;173;98;83;76;98;173;173;74;98;74;82;158;114;241;98;53;56;96;98;42;83;93;234;89;85;98;98;88;131;234;173;68;98;76;87;173;144;98;98;98;98;98;98;53;252;42;66;42;98;87;98;59;42;87;98;98;67;98;161;87;235;82;98;80;98;173;76;98;175;98;88;87;98;54;98;87;252;174;91;95;131;146;98;82;98;98;127;68;73;98;95;98;95)
seed_7_level_2-1,1532,20258.19247841835,30294945,5692,(234;181;92;42;43;144;98;95;43;87;113;91;43;98;182;173;42;144;42;42;200;98;102;75;42;85;42;42;234;173;98;115;43;98;73;89;42;98;83;97;98;144;241;96;43;91;98;98;98;118;98;316;95;55;97;127;99;235;65;65;173;51;98;97;71;131;98;131;155;95;98;98;234;71;98;173;173;43;93;43;43;97;159;78;79;144;345;173;66;78;173;98;64;120;87;85;173;98;173;115;115;125;234;173;173;66;59;97;88;83;77;144;88;98;67;84;89;210;155;79;206;87;148;98;69;173;173;131;144;59;144;131;210;87;276;142;98;74;266;98;98;98;98;98;98;234;70;88;147;173;110;98)
seed_7_level_2-1,1532,20832.47644162178,31438592,5842,(182;98;77;86;98;75;123;144;43;60;42;97;234;92;144;42;127;83;89;42;84;131;82;43;71;251;43;42;98;87;66;144;98;76;43;131;98;86;234;98;144;98;98;76;98;98;98;97;87;144;98;235;131;98;131;98;76;74;76;87;155;80;95;82;98;234;93;144;88;67;127;234;151;90;71;91;76;75;97;88;78;241;98;98;98;173;176;140;173;173;93;98;98;98;98;86;173;276;87;140;98;173;98;166;98;173;84;108;74;62;87;98;234;84;234;173;98;144;144;144;92;84;87;74;66;79;157;90;131;69;98;144;345;98;77;69;98;83;98;87;87;131;98;171;74;131;121;173;101;98)
seed_7_level_2-1,1532,21391.054039239883,32595084,5990,(234;97;43;144;87;84;144;98;59;98;83;92;181;93;98;97;98;122;43;97;82;42;42;252;131;131;98;98;91;59;98;91;173;98;98;234;353;82;144;98;92;172;94;98;98;98;144;98;173;210;92;66;173;83;115;74;71;66;173;173;175;173;98;81;121;235;49;68;98;145;173;78;98;173;98;92;98;80;88;75;234;91;79;143;59;85;72;67;173;88;98;89;92;94;234;251;66;86;95;95;78;87;98;98;98;96;131;78;69;173;89;144;276;112;131;87;98;97;87;98;86;100;86;234;84;83;104;98;141;98;241;144;86;87;192;97;155;127;90;98;134;85;87;131;55;64;55;82)
seed_7_level_2-1,1532,21943.515531539917,33753079,6137,(182;173;42;75;42;98;98;42;97;78;234;42;98;173;173;84;98;83;45;98;93;43;92;234;117;98;225;144;97;131;98;87;97;91;86;91;235;98;87;98;95;74;98;88;74;78;98;65;87;98;234;98;173;64;234;89;98;158;173;189;72;131;91;66;345;91;98;82;173;98;144;70;70;83;87;91;88;170;94;173;241;80;98;136;173;98;144;56;98;98;98;98;95;173;98;54;88;182;97;98;173;98;173;103;85;73;97;42;107;82;144;73;81;276;83;87;234;98;92;140;98;173;144;173;173;173;98;78;173;98;210;98;144;86;98;71;98;98;71;67;98;98;96;78;144;127;88)
seed_7_level_2-1,1532,22492.045219182968,34782473,6284,(181;74;74;98;98;98;74;69;83;42;42;234;84;98;84;71;74;80;42;81;46;173;121;235;98;98;173;75;98;98;144;88;96;78;86;92;234;173;82;92;87;47;107;93;98;173;98;163;173;170;98;182;90;112;85;42;74;62;84;117;60;97;101;42;42;88;241;53;96;98;74;55;52;144;98;61;55;98;91;96;90;145;234;73;234;87;93;87;78;84;116;89;74;43;173;173;131;337;144;98;78;105;85;304;82;87;127;98;85;98;98;91;98;98;234;131;87;98;97;43;42;42;85;67;74;98;42;103;98;276;74;234;115;173;79;144;95;97;87;98;78;87;84;98;98;64;75)
seed_7_level_2-1,1532,23047.413840532303,35871413,6431,(252;87;59;86;69;78;98;42;131;173;89;144;53;181;98;98;98;42;42;42;42;122;42;80;69;241;114;81;87;98;131;98;146;98;93;84;151;131;98;116;98;62;98;173;98;43;191;98;144;144;111;84;63;234;45;42;43;46;43;97;45;43;42;97;71;144;235;67;96;144;98;173;87;62;98;173;88;106;88;75;234;88;173;87;131;103;173;173;85;70;98;144;147;173;234;127;276;173;84;116;98;173;84;62;85;98;97;212;127;98;98;98;75;163;91;144;109;98;98;85;173;110;234;68;98;175;98;91;62;251;131;95;173;98;127;98;98;98;98;175;98;82;87;98;98;91;87)
seed_7_level_2-1,1532,23617.29733324051,37037388,6581,(234;144;100;173;42;43;144;46;71;98;182;42;65;73;62;42;42;75;42;98;252;67;269;87;144;161;98;98;87;98;55;96;161;43;235;80;67;88;76;173;84;78;88;146;75;98;76;88;89;191;62;92;98;73;62;132;97;116;63;173;144;98;144;173;345;85;153;123;98;176;166;98;98;84;98;98;98;98;83;86;173;163;142;61;76;74;87;97;71;234;61;87;59;97;113;89;92;98;276;98;127;173;142;98;103;173;173;98;98;98;97;224;98;75;98;98;234;173;75;131;98;97;127;234;63;98;64;111;64;97;131;173;150;241;131;98;98;98;98;98;98;122;131;78;131;87;98;131;56;85)
seed_7_level_2-1,1532,24186.250269651413,38235389,6732,(182;98;42;61;84;42;81;97;66;234;42;173;145;42;144;43;131;42;173;144;241;97;93;80;131;93;87;234;98;131;131;71;93;81;98;119;163;79;98;85;69;97;61;63;87;98;244;68;107;110;69;89;235;98;98;98;107;98;88;63;131;80;98;76;173;98;82;98;234;117;98;98;87;90;234;90;236;173;88;173;113;98;173;173;191;93;81;88;89;67;89;144;144;42;173;42;173;131;42;88;276;98;98;98;98;316;173;98;98;97;98;98;98;173;98;98;75;269;93;103;78;98;91;81;87;94;87;98;42;64;42;98;91;345;101;79;82;82;144;98;82;173;91;173;173;92;80;173;87;98;91)
seed_7_level_2-1,1532,24755.481280565262,39402359,6883,(182;42;84;74;97;43;61;42;98;74;234;83;68;69;70;42;173;68;42;69;94;71;84;190;173;85;173;70;72;144;68;98;173;81;101;72;97;60;72;235;123;98;131;79;122;98;42;92;98;87;42;76;74;74;42;316;144;173;74;98;98;72;74;98;98;173;112;173;98;87;173;173;98;98;244;98;97;100;173;98;100;67;61;74;97;98;94;66;87;98;173;171;251;70;97;79;98;131;87;98;234;78;98;98;98;91;98;87;91;98;88;98;241;85;234;98;87;98;137;98;80;84;316;145;101;243;98;125;234;78;97;236;98;100;78;74;71;173;84;173;173;87;87;173;91;100;173;85;61;65;234)
seed_7_level_2-1,1532,25340.49701142311,40559642,7034,(181;42;42;70;98;98;98;98;75;42;96;235;98;121;78;89;91;98;98;97;131;88;74;98;112;76;234;42;91;87;75;173;173;87;93;84;100;86;173;49;337;78;78;74;98;160;98;173;98;66;98;85;73;144;98;74;98;173;191;64;62;173;74;98;88;97;64;173;77;72;94;64;88;97;98;244;84;79;90;131;144;65;93;71;87;87;96;131;79;76;98;131;316;88;98;98;144;211;87;98;97;98;249;173;141;75;98;173;173;102;236;173;88;66;85;97;88;91;245;79;46;72;79;93;91;80;70;97;173;241;173;137;114;173;86;98;64;78;89;98;97;98;173;127;98;241;98;98;144;98;173)
seed_7_level_2-1,1532,25913.748014450073,41750837,7186,(181;173;74;97;97;98;91;97;98;79;42;160;234;69;84;43;43;43;100;173;97;69;43;43;144;43;75;190;67;144;92;213;122;64;173;98;86;67;70;76;144;173;77;235;127;87;98;43;91;75;78;147;88;116;87;78;98;98;98;245;173;88;144;88;91;98;131;173;91;128;77;94;129;95;91;88;147;244;79;87;98;76;87;61;75;79;66;209;66;79;316;79;79;251;83;191;98;98;87;74;98;153;79;98;97;173;173;98;260;127;93;98;241;100;90;173;131;97;95;125;80;95;98;173;55;96;141;86;76;144;98;250;71;316;98;70;75;75;131;173;62;71;98;234;75;66;97;157;98;71;144;98)
seed_7_level_2-1,1532,26501.896309137344,42985752,7339,(234;42;75;144;93;76;43;144;59;42;65;84;234;182;74;74;42;42;88;42;97;42;173;189;42;42;235;95;84;98;98;98;98;173;173;91;144;122;97;91;98;131;98;316;98;98;234;265;144;98;98;144;98;173;98;98;120;98;126;173;122;173;77;98;148;173;144;72;144;64;64;98;92;91;173;67;88;98;252;62;128;85;170;131;78;131;173;67;150;98;144;127;98;98;98;87;241;78;75;78;157;46;114;118;99;98;51;100;98;173;131;98;144;98;99;97;245;91;88;98;91;98;87;95;91;128;98;131;144;88;98;173;75;173;64;316;176;98;91;66;234;125;79;87;98;87;91;98;91;173;79;98;173)
seed_7_level_2-1,1532,27061.80687236786,44057293,7488,(182;42;98;97;81;63;68;42;42;43;98;42;234;74;96;82;131;173;69;69;87;74;143;97;42;144;173;98;64;98;98;144;78;74;78;173;144;98;98;95;73;131;241;98;85;98;131;98;45;89;98;98;98;98;53;96;98;86;99;228;235;71;74;98;77;98;127;227;98;87;71;78;65;87;75;84;251;75;98;131;98;173;95;87;140;67;172;173;173;169;98;173;67;245;98;89;93;173;85;91;65;153;89;147;98;91;98;92;127;91;98;316;87;98;87;98;84;87;98;68;98;122;173;97;144;173;66;87;75;174;316;98;98;161;98;98;93;75;97;62;98;98;98;98;173;81;98;87;74)
seed_7_level_2-1,1532,27637.872860193253,45227959,7638,(182;155;98;102;42;83;98;86;42;42;82;144;173;91;98;78;66;87;173;91;74;73;82;87;144;98;98;89;173;131;288;173;173;74;98;98;234;222;98;97;160;76;98;94;119;98;173;98;98;245;105;131;87;74;213;79;173;97;91;98;79;173;91;171;91;173;95;98;98;235;95;42;80;168;78;68;96;128;78;98;82;98;98;98;91;66;91;98;241;91;112;98;98;85;89;173;54;86;148;98;90;144;128;86;131;89;98;173;316;104;71;66;82;66;97;84;98;91;98;98;75;66;87;71;131;98;66;234;173;345;82;91;93;98;80;234;147;98;173;104;63;98;98;79;82;78;85;145;98;166)
seed_7_level_2-1,1532,28206.13454771042,46384034,7787,(182;94;131;42;78;80;98;98;131;42;42;98;131;98;97;42;173;88;144;66;62;70;98;98;80;98;91;234;68;87;98;173;144;144;98;173;316;84;79;87;173;69;127;86;173;131;78;74;69;74;87;121;65;131;98;173;98;98;173;337;98;144;90;98;87;127;144;98;173;144;173;144;231;98;173;98;98;89;98;124;97;67;245;173;85;127;96;144;98;173;98;88;110;146;79;96;98;144;91;83;64;79;98;88;241;98;80;173;98;61;85;98;173;98;85;76;99;87;120;84;75;84;89;98;98;98;316;98;143;98;173;78;98;98;74;71;97;98;144;144;90;87;173;144;79;98;173;173;71)
seed_7_level_2-1,1532,28779.528937339783,47616159,7935,(182;131;85;97;84;98;84;98;144;42;42;98;98;71;84;316;91;234;144;145;75;84;131;288;79;164;98;165;66;87;173;76;127;74;98;173;98;234;87;84;115;88;127;65;91;144;107;173;144;98;173;98;72;173;87;173;98;173;241;98;122;186;98;87;45;131;173;80;98;131;55;66;173;99;80;131;173;87;97;245;173;73;79;131;78;98;98;91;91;91;143;87;87;98;66;86;88;77;222;144;147;89;316;69;98;173;88;98;98;97;125;156;98;98;234;87;98;80;91;131;129;80;98;144;251;98;87;128;238;97;98;78;173;150;196;98;98;98;98;87;98;98;117;98;67;98;76;98)
seed_7_level_2-1,1532,29356.696099996567,48857614,8084,(182;43;59;88;97;42;98;122;98;98;98;62;84;230;71;42;75;123;131;245;90;87;173;91;91;97;92;76;98;98;98;74;91;91;98;89;144;97;97;173;98;173;91;173;127;241;131;98;97;144;91;98;142;151;42;98;173;131;131;98;97;98;131;131;131;101;98;173;131;88;316;78;91;173;112;74;98;144;140;144;127;132;98;98;74;86;80;91;173;71;115;173;98;144;88;98;234;173;144;222;144;173;115;84;81;144;87;98;173;144;96;98;173;71;173;173;246;173;234;97;173;98;316;84;100;69;66;98;91;74;79;131;66;173;144;78;98;82;138;87;160;173;66;68;144;89;173;98;144)
seed_7_level_2-1,1532,29923.323506593704,49956603,8234,(182;97;68;98;62;82;85;42;97;42;42;98;97;97;72;65;80;144;71;234;241;51;131;127;98;97;54;98;54;52;95;127;54;127;84;127;173;90;152;131;54;47;131;100;245;173;91;68;91;79;98;89;98;86;95;127;98;66;105;98;149;59;98;88;88;79;67;97;74;316;98;91;173;127;71;173;98;173;127;228;66;116;97;131;136;86;76;98;87;77;66;131;144;66;127;316;75;87;98;98;144;152;234;112;192;98;97;78;97;75;88;152;173;234;62;87;91;67;98;67;98;98;223;113;66;144;144;127;144;82;186;60;87;80;98;144;94;173;173;144;95;144;115;173;98;73;78;100;98;66)
seed_7_level_2-1,1532,30489.51413846016,51050664,8384,(241;173;98;129;98;116;112;98;151;131;98;131;47;98;113;137;131;98;51;55;53;52;181;87;42;80;42;131;92;93;78;97;98;97;97;100;42;42;98;68;89;78;98;245;88;97;98;67;97;94;144;91;97;94;98;191;87;98;89;127;92;111;67;75;173;234;76;223;84;72;69;87;173;131;77;94;144;173;87;98;71;59;123;83;98;98;84;98;81;93;90;87;98;95;316;71;66;173;51;42;87;98;234;144;173;179;55;173;76;71;131;173;82;87;173;124;79;87;131;96;144;83;316;98;75;125;97;112;66;98;49;87;112;87;74;75;97;98;112;155;108;87;313;98;245;98;98;148;129;87)
seed_7_level_2-1,1532,31065.635930538177,52201957,8534,(181;71;71;173;98;87;131;131;81;71;98;173;98;87;98;63;84;173;98;75;241;98;81;86;98;73;173;147;43;90;144;87;148;62;98;98;230;87;131;93;127;173;70;245;62;74;91;97;130;80;80;131;69;87;85;78;131;217;91;93;107;98;124;180;89;91;98;77;223;98;98;144;87;173;71;113;202;98;113;144;98;87;97;61;98;173;105;98;87;96;84;98;173;87;316;77;43;98;64;42;97;64;183;71;79;89;47;79;66;127;66;78;76;87;155;122;90;43;75;66;71;161;105;98;98;234;173;98;98;98;87;173;87;82;173;71;145;234;222;98;98;118;234;84;234;234;115;192;71;119)
seed_7_level_2-1,1532,31628.867326021194,53236149,8684,(181;42;60;42;42;86;79;85;98;42;173;42;155;178;121;78;42;71;94;42;86;71;76;42;42;223;92;144;98;124;98;173;144;173;98;176;98;234;144;88;98;180;98;144;73;76;98;82;144;144;173;75;144;173;98;245;122;98;91;88;242;98;98;85;98;84;173;74;150;88;98;98;88;98;98;83;85;77;127;91;94;126;98;91;131;241;98;76;173;80;71;91;87;65;60;92;78;80;75;79;89;60;173;144;137;144;53;61;98;116;51;85;120;87;98;234;65;114;88;87;130;79;112;144;98;74;234;117;72;98;131;98;102;144;75;144;84;98;87;98;223;87;74;170;164;87;74;75;97;173)
seed_7_level_2-1,1532,32180.73485302925,54199480,8832,(181;86;76;98;173;97;51;42;98;127;91;42;42;86;87;64;80;65;76;98;97;98;241;59;98;173;144;87;77;98;99;98;52;98;98;89;89;144;98;87;173;89;79;91;75;98;62;80;98;98;92;245;92;84;234;91;98;85;122;97;97;138;130;157;98;98;97;89;216;88;88;79;91;91;94;79;98;89;116;98;98;89;223;88;98;98;71;87;131;43;85;173;98;98;173;59;144;71;67;244;122;144;144;98;98;144;131;97;173;98;59;98;82;78;223;98;87;146;68;127;173;173;90;81;84;76;173;74;98;91;97;234;84;98;83;98;102;98;83;98;89;75;80;91;89;98;128;173)
seed_7_level_2-1,1532,32750.15447497368,55275752,8982,(182;84;86;100;42;71;84;97;97;87;71;98;74;47;84;111;42;98;86;72;97;67;84;241;107;89;98;59;98;86;91;76;98;92;144;98;98;98;92;131;55;80;42;90;91;91;98;72;98;119;131;89;80;223;173;90;59;88;98;98;62;87;89;173;98;74;173;71;98;74;234;144;173;97;173;101;74;173;98;173;98;144;74;87;173;173;244;173;173;153;173;85;114;161;173;173;144;173;91;173;96;126;42;98;98;166;87;127;144;97;98;100;127;87;87;78;144;245;91;98;144;98;173;95;88;88;94;79;173;98;166;127;98;173;91;234;106;128;79;91;98;94;173;63;131;131;88;98;88;91)
seed_7_level_2-1,1532,33298.91479349136,56299442,9130,(182;91;82;83;42;42;97;118;98;74;98;84;77;86;87;98;42;98;98;84;98;98;42;74;241;98;96;173;80;42;142;79;98;81;114;64;98;98;98;173;167;173;98;98;97;53;64;131;98;97;64;98;223;98;84;173;89;89;97;87;71;171;173;43;173;75;98;173;234;234;97;98;91;98;90;236;98;98;97;65;173;71;71;75;245;316;158;88;98;98;53;97;91;91;79;131;74;117;88;95;98;79;91;78;127;85;89;94;128;93;98;67;88;98;91;98;244;42;234;173;98;144;80;144;173;97;87;87;98;98;43;42;98;61;173;78;158;144;42;91;87;87;91;144;144;42;122;131)
seed_7_level_2-1,1532,33858.04255414009,57294123,9279,(182;61;98;131;87;98;98;42;87;93;98;98;98;98;90;98;88;85;234;74;173;98;98;96;42;131;98;98;90;53;244;98;43;80;98;98;98;42;89;43;144;127;79;87;43;60;144;69;144;173;144;72;144;171;162;173;79;84;98;173;97;144;97;82;43;73;43;43;241;98;144;98;131;87;99;87;91;150;72;131;98;74;65;98;98;71;107;84;98;131;79;97;101;255;98;93;72;97;98;87;98;97;97;98;98;98;186;236;83;71;83;144;97;147;106;104;88;91;98;84;97;101;97;98;98;91;111;131;91;173;97;74;98;97;173;173;173;88;131;98;97;173;229;76;173;108;98;173;97)
seed_7_level_2-1,1532,34421.570724487305,58385571,9429,(181;47;98;42;98;131;74;98;46;84;51;98;98;79;42;98;74;68;98;42;81;53;98;47;42;42;42;42;88;98;98;316;42;144;144;173;234;131;97;87;131;87;234;97;173;91;153;84;97;144;262;47;43;80;222;87;87;87;97;173;92;84;42;129;69;97;131;229;88;98;75;62;98;98;173;157;74;88;98;246;79;87;97;91;89;97;83;152;98;173;98;87;69;97;98;84;131;330;233;247;88;98;170;97;173;173;113;98;113;241;98;115;97;98;173;98;54;91;59;126;89;115;91;63;73;81;88;89;89;52;173;151;80;115;42;98;98;81;98;173;88;55;85;88;93;65;144;131;86;144)
seed_7_level_2-1,1532,34995.8527340889,59592432,9579,(182;98;122;75;47;65;81;98;98;98;98;98;127;173;84;42;82;63;98;98;45;52;42;85;83;98;98;98;88;98;66;97;114;98;90;316;42;98;144;173;173;72;78;43;131;127;173;144;98;173;306;144;91;144;152;91;98;98;47;173;78;173;234;131;173;112;43;140;144;91;234;144;98;127;173;112;43;144;173;75;91;144;42;66;98;162;98;234;98;173;84;173;173;62;118;98;74;173;75;98;91;173;234;85;116;76;173;173;85;75;85;98;300;74;75;87;100;173;97;75;173;144;207;98;85;74;97;97;234;98;231;87;79;173;98;76;83;98;91;91;74;98;173;91;98;131;97;79;115;88)
seed_7_level_2-1,1532,35578.02291178703,60918768,9729,(181;42;88;98;47;71;98;92;97;77;51;90;42;45;98;88;70;98;98;62;98;98;144;98;98;59;173;45;72;42;71;98;97;86;47;98;71;316;173;91;87;47;144;144;87;144;173;170;173;144;98;131;146;234;127;105;66;98;72;107;87;144;98;237;122;144;97;98;53;144;234;173;144;91;144;87;144;98;70;95;144;98;68;92;87;144;42;144;63;97;173;300;91;182;173;98;106;72;173;124;234;85;98;173;98;98;173;234;98;173;52;197;91;94;234;82;98;65;173;98;62;116;234;144;98;62;173;98;227;234;87;88;91;86;88;173;144;144;227;87;98;85;327;65;173;173;234;74;98;234)
seed_7_level_2-1,1532,36139.665853500366,61996786,9879,(181;98;87;84;98;85;98;98;98;98;97;98;87;97;131;97;87;42;98;42;42;42;173;88;74;42;61;98;72;98;87;144;76;70;74;42;173;98;173;161;173;87;83;74;91;173;97;98;98;144;173;144;66;59;98;173;173;98;173;173;75;144;131;111;173;72;91;91;98;173;91;98;104;87;234;100;134;189;144;262;91;217;74;173;98;144;98;98;173;259;85;91;98;98;98;137;89;90;71;98;87;52;173;63;52;82;87;89;72;131;76;173;149;97;75;76;97;91;81;76;76;173;144;63;173;98;74;98;85;173;140;85;86;90;82;97;234;98;97;82;75;209;206;98;86;144;115;243;84;43)
seed_7_level_2-1,1532,36713.158972263336,63154815,10030,(182;42;65;166;42;98;98;42;131;75;173;42;98;98;98;68;97;98;86;98;98;144;98;42;42;42;97;91;97;72;42;79;145;144;95;98;66;327;71;88;173;173;83;97;173;98;139;234;42;173;91;84;97;194;99;127;173;144;87;85;76;94;91;144;59;173;86;131;88;98;98;82;111;113;72;98;86;97;118;42;115;316;172;43;97;97;83;76;158;88;76;206;173;173;173;217;109;144;91;66;173;177;234;91;131;91;144;122;173;98;79;173;98;75;91;118;73;79;98;145;93;67;173;119;173;75;98;98;234;98;173;160;95;98;100;98;98;87;91;173;131;91;173;173;98;78;75;78;98;98;173)
seed_7_level_2-1,1532,37270.84816646576,64175591,10180,(182;66;98;47;75;66;97;89;49;63;42;98;76;102;98;131;89;98;42;42;147;69;46;86;98;43;42;81;98;42;42;106;98;42;131;144;217;100;79;71;173;131;174;173;87;76;87;98;173;87;87;87;129;144;78;107;131;98;66;173;98;146;173;127;173;72;80;131;173;69;100;130;97;79;91;173;141;173;98;69;170;72;144;93;79;173;117;144;87;173;66;259;116;98;103;91;234;91;88;53;154;173;141;98;98;97;98;131;98;91;84;131;98;91;88;114;98;98;98;173;144;85;131;85;122;84;84;173;151;134;79;131;159;98;131;188;136;144;97;88;120;87;91;97;234;72;84;98;91;98)
seed_7_level_2-1,1532,37827.202365636826,65252980,10330,(181;98;69;98;173;73;98;98;43;84;171;98;98;42;98;42;98;88;74;81;78;87;73;98;86;98;74;79;98;42;42;42;81;42;42;260;79;94;87;84;234;146;75;173;173;144;144;141;67;67;234;173;144;173;91;144;85;88;92;98;98;88;173;87;89;97;251;114;77;94;84;173;81;98;99;68;234;43;98;166;87;162;97;131;194;223;91;78;76;97;144;131;61;217;79;62;87;82;157;83;62;66;187;98;144;144;101;169;91;97;98;144;87;97;98;144;98;108;66;87;132;204;144;78;91;91;97;127;98;173;173;97;65;173;173;173;98;98;67;98;99;98;97;84;234;98;81;78;84;98)
seed_7_level_2-1,1532,38384.40589785576,66302171,10481,(181;98;77;82;42;98;42;131;98;98;87;98;73;55;98;123;98;42;127;42;98;91;97;98;42;98;131;42;91;98;84;98;98;78;53;234;217;72;87;127;53;144;98;98;73;100;185;184;173;132;129;62;98;127;99;65;53;145;173;147;98;59;91;173;173;110;66;98;97;79;67;173;91;82;87;73;173;173;70;173;61;101;83;101;87;67;67;66;184;67;131;144;327;173;54;87;144;75;87;234;98;94;98;97;74;112;78;173;98;93;91;74;91;144;87;43;49;84;98;173;173;68;78;78;97;91;98;173;77;43;157;97;234;98;79;173;173;234;71;42;91;98;98;194;59;87;91;97;93;98;256)
seed_7_level_2-1,1532,38948.47695565224,67507532,10631,(182;131;173;98;72;173;98;98;98;98;42;42;71;98;91;42;98;42;42;42;86;126;59;98;42;98;84;98;97;127;42;43;47;42;98;42;173;217;87;131;146;67;98;144;82;98;66;142;95;69;144;98;173;122;131;84;173;146;131;144;131;173;129;82;173;234;184;173;144;98;98;127;76;153;67;173;82;79;91;91;98;97;87;107;131;169;91;144;144;187;193;87;327;83;43;98;144;53;234;87;67;173;269;42;186;97;161;144;89;115;203;97;272;78;88;173;173;98;74;173;84;173;98;221;98;98;173;98;131;91;87;84;87;98;87;233;88;66;173;91;115;75;87;173;79;97;76;86;87;198)
seed_7_level_2-1,1532,39523.770245313644,68709760,10782,(182;42;42;98;42;97;79;42;42;98;144;42;85;84;84;97;42;82;131;98;83;42;42;75;98;131;43;131;97;42;98;173;97;42;91;217;173;144;111;91;95;78;88;131;98;173;97;173;174;144;144;94;78;87;75;43;82;90;97;173;173;79;144;127;234;79;98;91;144;87;173;98;98;84;82;69;144;122;131;82;173;98;98;87;234;173;83;78;90;87;119;327;51;224;218;98;97;132;115;173;124;234;122;91;113;86;138;42;248;173;173;234;144;207;87;114;142;234;77;91;91;173;173;91;67;173;115;78;98;173;98;97;91;173;115;113;144;98;62;173;97;97;55;173;173;112;84;105;87;51;173)
seed_7_level_2-1,1532,40097.269156455994,70035165,10932,(217;95;79;97;195;78;98;97;173;144;71;98;122;173;61;129;120;87;96;66;173;173;173;150;173;131;203;81;79;131;173;173;144;87;234;82;77;98;173;99;74;159;117;160;131;91;88;97;173;101;234;86;87;83;173;174;76;173;97;256;144;43;83;169;173;97;144;234;66;173;327;74;91;243;87;78;112;52;120;154;116;75;137;245;234;87;98;144;144;200;142;91;91;173;97;87;86;86;70;84;98;71;239;105;173;98;122;98;87;144;69;86;144;66;54;97;87;90;102;146;76;85;168;144;75;76;93;220;94;113;77;87;173;97;78;114;83;211;98;51;173;102;84;173;87;78;87;144;91;173)
seed_7_level_2-1,1532,40668.453120946884,71305775,11082,(259;138;234;87;113;62;173;98;76;87;234;91;74;87;173;87;131;90;234;234;84;116;72;91;104;87;144;173;88;173;85;90;89;95;42;49;99;84;91;120;131;173;107;213;87;96;234;209;72;98;127;316;163;97;74;98;67;127;173;104;98;91;97;115;97;131;94;92;67;86;90;108;75;90;234;99;88;217;144;119;87;137;91;173;98;127;173;131;87;47;173;144;84;98;67;144;87;87;144;131;173;176;87;249;158;148;86;87;87;64;163;178;87;98;107;141;87;91;98;87;131;173;97;127;234;111;87;78;127;101;87;87;173;132;87;87;173;100;127;173;131;144;71;98;91;97;97;91;173;180)
seed_7_level_2-1,1532,41243.97667789459,72665001,11232,(217;173;173;100;144;98;160;128;150;87;127;99;131;174;112;173;74;115;173;173;62;144;78;98;99;127;66;127;173;234;173;79;98;88;91;97;173;90;144;173;173;75;90;173;173;167;111;234;173;144;144;91;82;173;173;144;66;91;175;176;143;122;131;184;127;71;87;100;174;241;131;131;173;96;316;68;84;87;98;98;82;101;96;97;69;43;173;98;117;144;173;91;98;87;71;88;191;98;110;136;87;98;98;131;90;173;43;163;98;42;97;87;91;98;173;91;144;173;42;42;83;65;173;87;316;173;86;160;98;84;171;91;89;242;91;98;115;98;173;98;42;234;173;98;45;234;88;173;87;83)
seed_7_level_2-1,1532,41806.84872484207,73826846,11382,(316;54;91;230;87;173;88;97;98;98;98;65;87;91;53;62;98;98;136;91;53;131;82;91;98;43;53;98;173;127;194;136;173;150;87;111;98;51;111;130;172;98;173;84;91;98;86;84;173;88;173;49;131;79;276;74;98;98;86;173;43;173;84;97;87;47;173;51;94;96;114;88;79;217;87;165;116;97;73;173;66;82;101;97;87;87;98;66;188;91;173;175;131;98;173;87;66;65;66;82;173;131;131;87;100;173;98;73;97;98;108;91;98;95;116;98;131;173;144;173;102;66;87;97;234;275;97;173;173;91;87;173;78;144;131;107;42;87;97;234;173;173;234;87;66;87;74;83;131;87)
seed_7_level_2-1,1532,42399.62828993797,75210655,11532,(276;138;87;90;115;75;98;104;173;173;92;62;97;100;87;71;203;43;78;88;98;136;97;144;144;87;87;84;173;161;92;144;97;173;122;98;43;154;86;83;183;188;150;173;173;234;169;151;84;84;87;97;234;89;98;88;316;173;90;85;95;87;42;120;173;153;98;98;114;97;53;144;201;111;144;87;78;234;98;79;217;79;59;71;173;91;131;87;234;150;179;131;173;173;59;98;87;100;91;87;98;98;98;87;80;234;173;234;234;131;87;98;155;173;164;177;173;173;137;154;82;78;173;82;144;173;173;69;173;173;97;173;92;173;131;173;192;98;97;87;98;147;100;98;87;146;149;66;144;98)
seed_7_level_2-1,1532,42981.71414589882,76567438,11682,(276;53;97;87;87;85;89;97;43;91;98;96;109;98;147;131;155;87;80;173;316;42;98;98;98;91;43;54;110;173;250;98;69;70;98;95;160;54;144;98;316;173;51;49;173;144;97;173;112;120;68;141;49;98;98;114;172;54;127;84;87;98;69;108;212;173;155;94;93;91;173;96;51;275;234;177;144;97;98;173;146;97;173;91;173;173;144;173;234;144;80;119;98;208;87;131;173;234;98;95;127;173;177;173;67;127;234;180;234;144;144;173;173;79;98;87;84;98;173;173;98;80;90;87;87;174;144;96;98;173;87;87;173;82;59;87;173;101;84;122;144;87;177;82;78;127;91;63;87;66)
seed_7_level_2-1,1532,43550.92656826973,77834860,11832,(276;138;173;289;234;42;84;98;64;89;187;97;97;116;98;89;255;98;98;84;98;144;89;71;87;80;258;109;144;84;83;84;98;83;77;87;98;188;88;113;109;78;62;84;97;112;98;254;234;175;129;234;173;98;89;87;173;90;80;84;159;71;87;98;84;72;98;84;98;112;112;201;106;128;82;66;144;153;234;234;131;173;59;98;144;98;185;100;173;73;84;144;116;87;82;127;67;144;71;82;59;67;129;144;148;234;97;91;78;173;98;87;82;59;165;98;98;87;80;184;78;86;144;101;85;131;127;66;122;144;91;156;131;173;144;87;97;122;144;91;144;98;173;127;98;173;173;234;87;87)
seed_7_level_2-1,1532,44120.594712495804,79125698,11982,(275;42;174;116;80;144;66;75;87;63;176;263;91;78;66;173;91;81;100;234;71;69;131;87;78;173;82;87;70;87;87;90;71;105;86;87;67;234;87;131;66;42;163;131;62;66;128;234;127;144;136;47;86;98;43;98;78;144;127;63;97;97;98;173;97;234;173;71;234;87;127;87;79;173;276;98;98;53;111;51;144;91;80;173;262;74;85;111;91;217;84;90;144;177;87;173;316;87;98;97;90;112;84;97;85;87;144;87;84;173;131;316;89;127;97;83;75;173;112;59;316;91;88;83;119;173;173;120;83;116;84;144;197;91;85;97;151;87;71;84;61;87;244;74;98;87;234;135;88;83)
seed_7_level_2-1,1532,44698.06904911995,80494321,12132,(275;97;90;144;59;71;98;73;78;87;98;109;144;87;85;173;98;96;98;93;98;98;144;98;87;78;160;68;98;89;173;91;154;173;42;67;87;67;75;63;87;42;144;171;96;173;97;91;69;98;173;98;173;85;90;87;91;173;87;98;75;98;61;98;98;42;87;89;173;144;91;276;316;234;98;308;87;96;75;326;141;91;98;87;85;189;111;98;173;234;43;87;173;173;87;87;209;65;97;98;90;115;42;84;144;316;91;87;77;97;173;231;98;88;261;87;87;59;115;173;98;199;74;173;91;97;144;149;201;98;136;173;53;226;97;115;91;173;42;316;87;84;234;86;98;84;144;87;140;182)
seed_7_level_2-1,1532,45261.46796321869,81750043,12282,(201;97;173;62;97;178;79;87;77;85;87;79;100;188;173;98;127;98;111;83;173;154;173;86;66;98;67;98;219;234;98;97;98;87;234;144;72;158;87;89;156;66;93;79;83;156;202;91;131;142;78;98;98;155;91;84;173;98;91;98;173;73;173;98;88;87;72;326;234;87;88;83;106;113;71;139;231;87;98;86;316;173;83;67;173;115;98;74;97;84;98;115;90;84;51;173;98;115;234;75;134;59;89;85;97;197;98;234;84;127;131;87;63;173;91;42;144;119;78;234;173;173;88;75;115;234;97;173;87;97;234;88;131;98;54;65;49;98;157;42;91;90;43;98;151;157;98;42;91;182)
seed_7_level_2-1,1532,45831.26771187782,83068292,12432,(219;87;87;70;87;98;98;86;144;79;234;74;91;155;87;121;173;98;77;131;71;82;98;234;173;101;85;67;268;42;98;173;91;97;173;79;66;96;87;66;60;234;173;122;74;87;78;87;173;65;66;173;98;82;91;173;89;96;104;66;234;144;69;66;91;71;173;174;78;62;326;144;173;98;85;234;98;59;234;80;51;70;173;98;114;80;116;74;88;98;234;97;54;77;234;87;138;66;120;98;234;234;87;75;144;98;97;84;98;91;222;98;249;91;130;98;84;97;98;166;130;131;91;98;87;98;98;94;213;74;130;80;173;92;97;109;98;98;170;91;201;316;89;173;161;83;256;86;144;84)
seed_7_level_2-1,1532,46399.18987607956,84245835,12582,(219;156;95;105;42;97;182;66;144;116;43;59;153;73;99;87;131;101;98;234;144;74;42;70;69;87;78;80;127;97;91;87;80;180;121;77;173;91;86;224;121;87;98;90;144;136;97;74;173;150;74;91;98;173;66;144;112;75;68;122;84;173;116;67;87;92;173;173;98;117;234;326;136;78;87;98;91;91;74;75;89;91;98;173;234;173;98;98;144;173;98;87;45;111;87;107;100;98;131;98;123;173;98;98;81;234;70;133;173;78;144;98;98;83;105;98;88;78;173;234;84;173;202;145;131;108;98;83;87;88;97;144;87;89;151;126;91;115;97;150;234;173;142;131;98;93;90;112;173;87)
seed_7_level_2-1,1532,46989.92245411873,85681800,12732,(219;173;64;98;97;98;173;92;67;84;67;144;173;179;69;91;98;234;144;173;97;201;98;131;82;98;173;173;234;189;173;144;97;98;69;234;205;160;43;79;87;98;71;74;151;73;234;78;66;173;132;82;144;74;115;78;97;156;173;71;84;316;82;87;79;131;163;190;82;78;87;62;316;98;75;129;98;145;82;87;87;234;173;238;117;92;173;92;98;115;84;316;144;120;278;91;91;98;234;90;80;234;63;79;91;66;173;113;146;110;144;98;189;78;87;51;98;87;51;70;114;173;130;144;173;87;89;98;112;84;87;144;109;91;88;91;173;219;91;78;87;275;51;98;173;234;87;207;98;98)
seed_7_level_2-1,1533,47536.759895801544,86656527,12882,(372;97;75;83;134;134;214;59;88;85;97;134;84;84;91;84;97;95;97;105;59;75;90;108;138;62;84;86;351;108;104;134;91;97;89;108;108;97;98;79;87;91;66;86;105;98;97;97;78;79;108;134;108;73;134;66;79;105;97;65;42;97;134;78;97;76;97;97;97;108;97;105;78;87;111;108;74;91;97;97;79;97;163;95;92;108;108;154;351;97;97;45;83;89;105;108;56;175;47;134;134;134;134;87;76;84;87;87;97;87;134;92;214;74;97;97;97;129;108;87;134;97;83;97;97;89;74;105;134;90;65;213;101;136;97;65;78;125;115;112;97;85;124;97;134;91;108;116;109;83)
seed_7_level_2-1,1533,48095.570138931274,87769631,13032,(351;97;134;97;97;84;108;87;122;97;91;97;97;91;71;108;84;108;84;97;71;91;204;87;91;97;115;87;145;108;112;84;76;75;87;74;109;226;131;75;84;61;87;86;97;100;137;115;97;91;152;214;91;97;96;84;65;105;97;85;115;144;287;233;136;105;129;71;87;97;65;97;84;252;134;97;86;97;97;134;91;105;134;86;84;97;202;56;105;84;97;134;97;84;138;91;351;214;131;84;97;115;134;97;80;83;84;97;84;134;97;214;62;97;134;84;84;97;138;84;125;91;87;84;97;77;108;139;87;138;88;97;220;91;97;86;91;134;97;204;75;88;134;134;93;97;74;214;112;97)
seed_7_level_2-1,1634,48682.000896930695,89519461,13182,(287;74;62;87;97;97;214;91;214;97;97;82;97;85;134;62;62;108;84;108;214;97;263;108;214;108;85;214;111;87;97;132;65;108;87;97;90;214;97;214;106;105;97;74;134;134;105;97;134;84;76;73;87;113;84;97;134;105;87;56;115;86;97;132;87;97;114;86;134;86;126;104;351;134;112;112;91;134;194;134;134;113;351;108;86;91;362;134;97;139;134;134;78;87;108;108;91;97;84;70;108;215;214;134;87;131;97;84;84;143;87;136;83;137;85;134;74;1001;86;65;98;134;136;108;168;142;109;124;149;84;84;87;85;136;87;199;136;71;87;88;136;84;125;138;125;98;136;84;98;136)
seed_7_level_2-1,1634,49248.30739235878,90609710,13332,(168;83;109;125;115;139;85;168;126;65;136;98;98;109;91;136;204;136;98;92;138;91;204;88;136;84;143;75;153;98;109;144;98;136;151;98;136;86;98;87;98;93;168;98;98;91;85;136;87;90;136;128;138;204;169;87;142;115;136;106;84;87;98;98;87;87;98;85;86;131;101;77;87;168;97;106;109;85;136;74;84;136;136;365;89;104;168;213;91;98;87;115;97;86;87;117;98;88;136;98;136;134;84;85;91;87;136;136;98;130;89;97;136;84;69;168;98;88;109;87;109;83;98;115;107;127;87;109;84;91;168;98;136;168;84;78;111;98;98;136;168;136;125;92;209;144;137;136;109;91)
seed_7_level_2-1,1634,49806.600253582,91677133,13482,(204;98;125;91;84;125;98;136;87;98;113;136;86;92;137;112;83;109;111;84;97;138;98;109;168;75;87;168;109;98;146;165;136;87;116;136;78;87;86;80;91;98;136;136;115;118;87;129;136;83;91;84;98;136;86;90;78;87;84;88;115;79;79;98;111;136;136;91;124;89;136;78;98;136;87;98;163;168;136;141;109;91;136;109;97;114;87;93;168;209;125;138;109;109;168;98;211;136;98;98;75;98;126;87;84;98;307;136;136;62;168;97;136;136;83;109;98;87;136;109;124;136;166;168;142;84;97;91;106;136;168;136;125;67;83;90;134;84;84;84;88;80;124;168;136;168;136;115;91;136)
seed_7_level_2-1,1634,50357.911127090454,92632428,13632,(204;78;98;142;98;84;98;109;109;83;168;87;98;168;136;115;87;90;84;82;98;98;88;98;136;98;109;98;114;168;98;98;66;84;82;115;74;98;98;55;105;112;116;88;127;71;98;84;87;109;116;98;120;98;78;136;104;75;83;136;136;87;98;136;84;63;136;112;94;62;115;89;133;136;53;84;168;307;98;95;109;91;98;98;212;109;98;97;111;98;82;124;98;75;202;112;113;84;105;98;98;87;98;98;91;142;87;106;126;136;91;84;98;98;168;139;87;91;136;98;98;91;87;128;87;136;202;42;101;98;84;98;97;106;168;136;106;131;168;87;125;136;109;127;109;52;112;136;117;84)
seed_7_level_2-1,1634,50915.160232543945,93661355,13782,(204;204;109;87;62;98;87;129;87;136;84;98;150;125;121;87;113;132;85;115;98;88;65;72;87;98;87;100;168;98;109;98;120;84;153;168;129;98;98;130;97;75;168;84;88;113;98;87;84;147;98;127;82;98;168;168;98;74;91;121;98;91;98;106;136;87;106;149;98;97;97;168;125;141;98;307;98;75;136;83;84;59;91;115;91;98;55;156;109;90;88;98;98;136;115;74;98;178;104;113;116;106;84;87;97;136;98;79;98;87;115;88;85;75;87;112;136;91;87;141;87;136;75;87;75;84;83;168;141;89;115;87;87;98;163;87;84;65;91;278;124;136;288;136;98;136;168;136;87;98)
seed_7_level_2-1,1634,51484.48428964615,94795916,13932,(204;88;84;168;139;125;106;62;106;86;115;135;87;91;136;138;80;62;90;109;84;115;127;109;119;87;204;98;98;114;98;136;87;98;84;87;98;84;115;139;87;168;98;109;136;136;136;109;136;136;82;84;105;222;98;204;62;106;98;98;98;241;70;82;168;98;138;178;87;87;86;109;109;98;307;108;109;115;65;83;159;54;87;136;98;89;168;87;288;85;98;87;168;62;75;137;87;150;87;138;84;136;87;168;87;115;136;135;75;136;84;109;87;112;84;136;98;126;288;109;98;59;136;84;89;87;109;136;85;143;82;87;132;127;168;91;109;87;97;84;288;109;87;88;112;62;87;136;136;136)
seed_7_level_2-1,1634,52050.0400056839,95944422,14082,(288;204;109;98;98;109;115;88;146;145;109;88;93;109;136;136;139;88;168;98;98;136;75;136;62;98;136;168;109;193;88;136;136;168;168;97;205;136;168;98;108;98;79;136;90;115;115;142;136;138;204;87;88;184;97;97;97;124;98;142;205;168;88;136;136;190;168;168;98;139;158;97;168;307;106;84;136;142;136;124;91;109;87;84;136;113;84;109;87;97;136;84;87;87;88;116;87;84;87;98;97;87;168;115;97;132;98;98;98;125;115;138;138;84;87;84;168;84;98;97;136;109;87;106;84;139;109;97;87;84;97;136;107;84;136;75;84;87;98;97;74;136;98;98;87;168;87;97;106;97)
seed_7_level_2-1,1634,52596.272666454315,97001601,14232,(307;97;90;75;98;84;165;145;136;88;136;136;84;205;105;67;83;91;83;87;113;84;115;136;168;213;109;168;67;138;86;87;98;86;121;132;136;75;98;168;84;78;136;77;100;87;84;114;220;65;84;84;218;84;84;92;113;98;84;128;117;98;80;87;109;87;87;54;109;222;136;97;139;113;140;87;221;64;136;87;143;136;91;87;142;136;115;204;84;97;98;138;98;85;136;88;136;98;115;84;205;136;80;163;90;91;136;79;115;87;98;136;62;98;136;88;88;139;108;136;113;136;62;130;98;127;75;85;65;111;150;92;91;141;89;88;97;136;139;88;143;98;89;98;63;109;168;88;98;115)
seed_7_level_2-1,1634,53158.65204715729,98261493,14382,(222;98;84;168;93;84;117;87;288;98;97;136;116;156;205;150;168;288;100;142;194;136;136;98;87;98;87;136;115;213;138;114;137;91;180;266;204;143;91;168;91;168;115;84;168;168;98;98;164;84;136;144;204;253;91;142;98;98;88;84;136;91;87;168;135;91;109;87;136;109;168;62;115;84;147;115;69;307;91;114;110;112;136;136;87;125;97;115;87;109;91;98;78;91;136;146;142;115;133;87;87;86;129;136;98;117;91;90;130;98;112;97;197;113;98;162;121;84;87;87;136;140;98;98;98;91;111;98;109;136;98;87;84;98;84;136;136;91;84;129;84;91;87;106;136;113;65;176;98;91)
seed_7_level_2-1,1634,53723.224872112274,99529958,14532,(307;168;87;87;107;138;98;87;168;109;53;109;91;98;91;98;98;98;86;98;87;98;62;106;136;136;87;117;142;112;87;91;87;106;91;168;98;97;98;95;130;98;98;139;163;136;136;97;43;129;91;106;98;61;98;87;78;83;98;115;136;98;87;109;153;136;137;98;87;266;135;98;138;205;91;203;168;128;143;98;84;83;83;86;136;234;136;98;98;204;98;42;87;88;87;125;97;98;95;168;98;85;97;115;210;168;119;109;115;201;168;168;105;231;136;115;84;194;287;136;119;98;134;97;109;115;168;97;168;98;88;106;109;128;136;87;88;136;84;109;290;136;168;205;54;136;168;136;266;104)
seed_7_level_2-1,1634,54281.45025539398,100675773,14682,(307;136;134;129;87;88;111;98;90;84;109;124;136;109;91;168;84;75;98;136;204;93;115;68;98;136;98;106;120;84;98;113;136;84;98;91;109;113;110;98;98;80;87;109;124;91;87;98;98;115;168;145;84;131;114;91;106;98;191;168;168;112;98;78;136;91;136;168;98;84;136;81;98;87;168;168;138;107;87;136;87;152;147;136;84;98;109;266;212;54;144;110;98;143;115;98;97;88;109;101;98;87;105;106;139;98;87;98;214;98;219;138;138;115;136;98;109;98;136;145;98;115;136;98;136;62;88;67;98;109;168;97;115;115;115;115;204;84;87;136;115;168;98;87;97;117;168;238;115;136)
seed_7_level_2-1,1634,54835.28865623474,101730489,14832,(307;98;98;87;109;136;136;68;91;136;109;97;106;128;112;53;87;109;84;98;91;84;97;91;136;98;84;95;79;124;131;97;98;125;113;168;98;124;168;138;98;100;90;87;98;91;84;136;74;112;125;87;85;88;98;136;105;84;98;103;97;83;94;98;84;87;83;113;115;67;266;97;89;98;115;205;87;131;98;87;136;109;106;168;98;108;142;98;91;139;117;87;87;109;87;109;115;90;115;88;109;109;115;98;136;91;273;98;168;74;67;136;98;86;98;145;84;168;196;91;98;115;109;223;136;98;88;54;86;87;85;84;87;136;108;205;135;204;109;109;75;204;98;84;98;98;133;168;141;136)
seed_7_level_2-1,1634,55385.313923835754,102788668,14982,(307;136;168;98;97;168;98;97;136;98;98;69;97;97;84;84;97;98;125;84;136;87;98;87;112;115;137;83;104;52;85;74;53;87;130;76;109;98;92;87;115;106;104;84;136;85;125;80;87;168;98;98;85;124;84;87;106;91;138;98;87;168;109;125;98;74;110;112;84;273;136;136;168;168;98;98;98;168;288;98;136;98;168;204;62;157;87;146;85;87;98;98;98;87;84;109;137;115;98;165;109;203;97;106;85;63;75;97;115;84;98;85;71;98;108;109;168;98;91;168;97;98;106;66;136;288;98;87;97;87;109;136;109;86;87;87;98;98;98;98;98;78;98;139;109;114;197;98;75;136)
