seed_10_level_5-1,712,448.5455346107483,200592,150,(67;53;22;44;23;44;44;19;27;28;148;54;27;53;64;65;42;29;42;21;46;125;42;38;24;41;28;85;54;28;20;31;63;71;63;19;42;57;42;112;19;42;57;42;16;25;77;24;29;22;34;176;24;18;63;26;38;41;42;21;17;38;22;25;28;45;84;47;33;32;38;27;26;42;19;115;176;42;42;38;61;129;43;21;42;33;52;45;57;85;22;26;63;62;17;47;22;32;19;24;18;31;42;56;41;51;76;47;22;42;42;40;30;24;42;25;42;61;42;14;77;17;52;35;79;15;24;43;26;57;42;55;43;17;85;25;35;44;32;43;42;17;57;30;32;42;24;26;17;84)
seed_10_level_5-1,808,915.4882876873016,404219,306,(42;42;42;42;42;42;42;42;42;42;42;42;42;42;42;42;29;42;42;60;42;42;52;43;42;43;47;47;45;46;45;47;51;80;56;42;87;21;63;56;17;33;36;26;15;57;56;32;22;24;21;42;26;26;58;24;23;18;57;50;16;20;15;77;33;26;32;50;31;39;40;36;57;36;43;32;69;21;21;64;29;76;61;19;26;19;31;72;39;34;27;47;23;77;31;42;18;79;13;36;176;31;28;17;24;106;24;18;49;25;50;36;62;33;32;19;56;37;21;54;19;73;20;87;50;24;24;61;52;30;57;25;14;25;37;109;64;176;22;49;31;32;37;114;23;57;46;42;197;50;16;72;37;50;15;28)
seed_10_level_5-1,808,1379.3330109119415,627367,460,(43;42;42;42;42;42;43;42;42;42;42;42;45;42;42;42;42;42;42;65;42;50;42;43;42;46;33;47;49;45;47;47;36;47;51;25;34;50;42;47;24;35;27;37;58;59;43;19;34;15;24;67;29;16;18;14;82;29;22;43;35;63;57;26;19;24;21;57;28;23;46;25;36;79;18;28;33;57;32;40;53;112;29;34;43;16;23;26;21;31;68;20;198;23;62;19;17;24;24;198;40;32;33;83;15;82;24;57;28;54;61;27;42;88;75;27;33;147;16;31;35;20;17;60;87;80;43;38;80;50;49;53;32;44;36;39;22;14;50;40;50;36;110;24;21;94;28;36;198;14;19;21;113;57)
seed_10_level_5-1,1033,1847.1891107559204,850193,617,(42;42;42;42;39;42;42;42;42;42;42;42;42;42;42;42;42;52;56;42;43;42;39;52;72;43;42;45;45;44;47;55;49;33;51;59;26;48;74;53;67;42;22;50;53;29;17;28;47;67;59;59;59;34;22;28;27;28;28;36;19;18;35;56;17;39;59;37;24;139;39;69;27;14;33;39;54;60;33;42;29;57;24;19;30;21;20;16;54;47;24;32;33;30;17;198;32;33;26;27;25;91;21;27;31;27;77;50;46;32;57;54;39;30;15;129;35;32;37;30;26;31;19;33;24;49;43;27;27;38;16;61;50;32;33;25;79;47;77;31;61;105;50;80;33;92;49;33;46;21;222;196;28;45;25;20;23)
seed_10_level_5-1,1033,2302.242805957794,1038754,773,(42;42;42;42;42;42;42;42;42;42;42;42;42;42;42;42;42;43;43;43;42;42;43;42;45;47;45;47;45;46;53;45;86;51;53;44;55;16;46;53;42;83;31;40;25;58;58;79;34;82;77;77;51;66;16;63;20;33;58;33;19;24;15;82;43;39;76;21;24;42;55;34;42;63;19;23;32;26;28;35;33;30;27;31;35;19;24;37;31;57;34;67;26;30;37;37;31;30;26;82;32;56;15;61;25;61;17;52;59;63;63;18;29;22;20;32;57;33;79;16;28;32;28;31;79;85;42;86;35;69;37;53;62;56;35;33;47;17;23;17;57;77;33;109;117;63;50;87;67;57;36;24;21;81;129;40)
seed_10_level_5-1,1033,2752.823383808136,1270554,926,(42;42;42;42;41;42;42;42;42;42;42;42;42;42;42;42;42;42;41;43;43;42;42;43;43;42;42;45;47;45;51;50;45;47;42;58;42;62;64;52;37;58;38;25;55;64;87;19;58;21;32;15;31;31;47;33;26;26;18;48;26;17;25;25;33;42;64;35;24;60;30;42;18;25;36;30;145;18;30;19;34;39;24;26;57;27;25;53;67;40;31;33;57;57;36;65;19;26;30;33;106;76;16;36;24;29;48;22;37;30;42;19;15;37;33;40;50;196;65;28;60;39;22;59;56;51;81;57;26;38;32;24;63;47;42;63;102;47;33;23;55;50;129;59;50;68;196;83;105;69;54;213;47)
seed_10_level_5-1,1033,3217.376524448395,1471904,1083,(42;42;42;42;42;42;42;42;42;42;42;42;42;42;42;42;42;45;42;65;77;43;43;43;42;58;21;56;42;43;45;53;45;45;44;38;47;30;53;27;41;51;18;78;31;58;51;57;38;56;37;23;30;83;71;36;14;29;62;23;24;42;76;57;18;22;27;51;17;28;21;47;31;19;49;34;54;66;50;31;31;31;23;60;16;55;17;30;21;34;28;44;26;21;16;14;25;27;43;28;56;54;27;18;114;15;42;41;34;57;126;27;23;36;48;23;18;22;37;16;33;77;59;17;110;16;40;63;18;50;30;37;25;30;61;17;25;54;34;73;102;55;196;40;38;87;77;79;28;36;43;196;23;62;49;18;38)
seed_10_level_5-1,1033,3668.442519426346,1662849,1240,(42;42;42;42;42;42;42;42;42;42;42;42;42;42;42;42;42;42;42;42;48;42;37;43;43;42;47;45;48;38;46;47;46;62;70;62;24;79;54;13;22;40;41;33;43;50;39;160;32;26;16;34;82;51;28;42;58;43;32;15;22;36;23;32;54;73;23;24;25;69;35;29;29;38;19;26;34;43;23;34;16;18;24;38;89;26;71;72;40;26;24;38;28;30;19;36;18;21;16;29;47;31;110;31;36;27;80;79;38;41;26;27;15;109;37;14;43;34;19;33;34;19;73;43;54;64;22;80;37;26;36;31;84;72;50;33;34;31;22;24;49;25;30;33;196;33;88;78;19;110;42;33;38;81;50;47;54)
seed_10_level_5-1,1033,4121.931966543198,1865586,1395,(42;42;42;42;42;42;42;79;42;42;42;42;42;42;42;42;42;42;51;43;42;42;43;43;42;56;43;42;47;46;38;47;47;54;47;61;58;55;45;78;33;28;47;65;17;33;57;58;26;22;13;76;34;19;72;18;45;63;36;22;61;65;19;13;77;23;31;40;43;20;63;31;57;23;22;47;61;55;40;18;14;21;16;59;30;35;30;66;36;57;25;30;66;47;25;23;77;15;58;25;15;64;32;33;28;30;84;64;42;21;29;16;37;72;21;19;32;26;39;16;53;30;23;57;64;54;61;27;87;36;21;49;50;40;109;47;54;110;35;38;57;44;82;31;62;196;56;26;48;36;19;196;38;50;60)
seed_10_level_5-1,1033,4571.682144880295,2092625,1549,(42;42;42;42;42;42;42;42;42;42;42;42;42;42;42;42;42;41;56;43;42;42;43;42;42;60;42;55;38;44;51;45;43;49;43;58;42;47;47;18;29;15;18;37;33;42;29;21;24;28;23;37;50;32;22;49;35;31;34;50;63;24;35;36;19;34;58;53;85;18;44;42;49;38;36;33;64;63;25;66;59;28;15;26;19;33;39;34;17;66;28;57;90;59;134;18;36;25;33;41;50;41;36;32;36;131;73;46;73;29;34;28;28;53;24;13;26;28;36;42;53;53;68;34;56;27;36;48;48;53;25;60;56;33;30;47;28;77;57;26;26;80;98;22;196;108;37;196;47;17;19;196;79;114)
seed_10_level_5-1,1033,5023.999842882156,2287103,1705,(42;42;42;42;42;42;42;42;42;42;42;42;42;42;42;42;42;45;42;42;42;42;42;42;42;42;42;43;43;47;45;45;47;50;50;45;55;23;51;38;67;63;28;27;39;58;14;33;21;17;58;30;23;19;30;57;20;18;27;32;25;35;30;14;39;38;44;60;14;25;48;37;30;33;27;17;66;57;14;72;22;89;85;19;19;32;35;19;16;48;107;59;36;34;33;32;20;19;37;38;26;73;31;36;33;14;14;22;25;79;28;22;38;31;79;31;18;30;23;54;22;22;21;26;24;19;37;22;89;196;54;71;50;36;59;30;36;196;54;18;140;34;28;25;87;18;33;84;47;90;109;17;32;84;53;35)
seed_10_level_5-1,1033,5472.7526960372925,2480424,1860,(42;42;42;42;42;42;42;42;42;42;42;42;42;42;42;42;52;42;43;43;42;44;42;43;42;42;43;42;42;45;45;47;33;25;45;46;34;47;24;26;20;28;16;34;20;30;70;64;23;53;33;63;54;15;36;33;28;60;56;16;77;34;30;47;33;21;18;22;39;25;60;32;79;31;26;19;19;46;18;63;17;23;40;27;19;35;23;33;40;26;33;34;24;53;37;38;16;44;30;23;34;14;28;36;68;51;24;53;38;28;19;21;94;57;28;18;25;84;29;29;34;47;79;29;31;31;31;117;86;54;15;16;65;50;152;37;59;24;54;27;29;34;73;56;29;36;81;80;67;18;17;22;100;196;196)
seed_10_level_5-1,1033,5927.7535405159,2673928,2014,(42;42;42;42;42;42;42;42;42;42;42;42;41;42;42;42;42;42;42;42;39;43;42;42;43;43;43;23;45;39;36;44;41;46;51;49;27;51;64;75;52;85;33;69;18;42;35;64;83;42;36;24;124;19;14;26;36;14;15;24;36;24;60;86;16;34;22;77;24;27;23;62;58;24;63;41;29;24;49;24;54;30;28;18;56;27;16;77;92;25;40;63;25;25;35;24;38;26;19;22;31;31;75;36;82;37;34;29;31;38;36;19;17;34;57;18;48;30;50;30;79;37;29;26;32;28;49;70;79;51;21;60;27;59;28;21;196;28;47;57;17;56;39;37;54;77;120;16;109;111;93;80;54;24)
seed_10_level_5-1,1033,6391.204497098923,2908568,2169,(42;42;38;42;42;42;42;42;42;42;39;42;42;42;42;39;79;42;42;42;42;42;43;43;42;42;42;43;45;47;45;47;47;61;34;52;50;34;20;19;24;15;26;54;58;58;36;196;19;41;22;36;28;63;86;33;42;64;50;39;20;33;44;28;16;15;50;36;15;36;35;34;28;49;27;29;196;29;55;33;57;26;71;34;41;25;31;18;15;29;17;14;71;13;22;54;32;13;42;31;28;85;117;25;19;18;14;35;51;26;22;24;54;16;20;28;28;25;17;16;29;31;32;79;63;82;52;196;31;56;53;16;26;56;57;47;59;20;71;38;67;196;19;87;49;56;14;33;81;22;16;39;63;50;196)
seed_10_level_5-1,1033,6855.254196643829,3162552,2325,(42;42;42;42;42;42;42;42;42;42;42;42;42;42;42;42;40;53;33;42;45;43;42;43;42;54;38;42;47;47;45;47;47;44;46;52;64;39;77;57;27;16;25;20;56;18;85;24;41;30;29;196;41;58;20;47;29;25;22;35;35;32;30;196;61;24;25;24;21;100;45;20;36;14;30;23;38;31;196;53;17;47;36;39;36;35;42;86;38;21;21;34;27;26;38;20;35;15;57;48;17;58;77;34;39;15;29;18;34;24;16;25;19;24;77;26;38;31;55;24;54;28;25;46;64;50;43;66;67;160;63;59;59;60;35;39;57;47;139;54;128;28;31;50;82;54;113;26;118;58;29;196;18;55;24;24)
seed_10_level_5-1,1033,7312.94055557251,3338800,2484,(42;42;39;42;42;42;42;42;42;42;42;42;42;42;42;42;42;43;38;43;58;42;43;43;42;43;42;47;33;47;45;49;47;47;27;52;52;20;76;65;47;40;22;43;30;24;78;20;33;38;39;16;35;40;47;28;34;70;30;48;16;35;33;50;37;23;19;48;21;52;50;25;55;37;42;24;26;29;63;16;32;45;30;18;23;49;37;34;21;57;30;31;46;109;29;50;26;27;28;34;18;13;42;23;57;21;196;37;31;16;50;56;27;25;15;43;31;66;25;79;54;17;53;59;50;32;37;50;49;128;24;32;61;57;24;60;27;53;24;24;16;20;61;30;114;77;47;17;42;115;34;75;37;38;42;34;41;53;29)
seed_10_level_5-1,1033,7817.429657936096,3568768,2659,(42;57;37;42;42;43;43;42;43;70;43;46;47;47;47;47;22;49;75;42;54;64;54;16;196;30;21;18;30;32;61;30;37;27;23;32;196;25;24;23;31;16;41;36;19;54;40;42;42;35;61;30;20;36;30;42;34;73;26;29;24;29;26;19;78;47;25;17;33;23;30;24;36;26;15;47;26;32;34;47;49;17;17;17;14;32;58;85;22;50;31;28;38;43;76;50;23;20;25;19;64;21;30;42;51;40;36;15;31;28;56;68;33;18;18;15;15;52;57;86;38;32;36;26;35;47;79;28;57;24;35;16;34;36;72;34;34;31;26;73;24;42;105;54;86;77;109;50;64;18;55;34;20;50;41;33;50;57;80;54;24;75;36;136;14;14;196;39;37;29;37;47;62;83;46)
seed_10_level_5-1,1033,8225.380179166794,3810806,2799,(42;45;42;43;42;41;47;41;33;47;57;28;43;21;22;42;45;37;49;30;18;23;35;26;54;54;27;50;29;28;54;42;31;17;24;35;32;41;19;37;30;28;23;16;56;27;32;27;35;41;32;16;16;33;38;43;50;32;34;17;37;15;33;15;17;38;31;16;42;24;31;196;61;70;14;18;71;27;55;36;14;22;30;26;57;60;23;56;30;28;105;34;42;196;43;85;108;29;196;50;57;30;33;51;72;43;52;14;56;16;32;47;100;115;54;34;34;24;35;25;54;15;59;14;31;113;28;196;196;77;16;21;37;70;19;69;196;50;22;27)
seed_10_level_5-1,1033,8663.915592193604,4038251,2951,(42;51;47;36;26;27;45;47;19;20;55;29;80;27;43;31;38;16;23;22;21;36;25;35;23;38;33;16;26;19;24;19;27;30;53;32;64;84;38;55;14;36;33;42;33;58;38;21;25;17;18;28;27;34;15;31;22;24;34;34;17;34;67;37;38;39;26;35;27;27;17;58;28;48;42;30;26;15;32;23;36;51;31;76;32;32;16;57;31;28;47;28;43;38;64;27;66;126;28;14;34;48;21;28;32;34;22;111;38;29;25;196;82;93;18;44;157;63;34;36;35;152;36;37;27;24;110;18;40;32;117;196;45;50;23;16;33;25;36;196;17;30;33;33;23;196;50;19;59;40;16;58)
seed_10_level_5-1,1033,9111.051533460617,4271692,3101,(42;43;42;42;47;42;47;48;20;21;32;48;25;15;28;19;93;33;26;42;18;18;45;56;32;57;28;18;27;77;21;30;27;21;62;18;57;59;196;15;16;29;18;32;57;36;18;15;28;57;32;21;32;36;35;32;28;18;55;35;20;35;31;23;196;18;47;24;104;18;16;41;28;18;32;17;27;80;31;31;23;14;56;18;26;32;25;20;33;15;18;42;57;50;29;27;47;32;13;65;58;41;22;57;31;51;36;31;17;32;58;37;25;37;21;53;48;26;118;47;179;78;65;137;109;17;54;196;50;32;196;47;32;34;21;28;17;35;50;24;82;56;47;24;34;33;62;76;56;113)
seed_10_level_5-1,1033,9542.08714056015,4497579,3248,(42;42;43;55;21;42;47;31;58;17;38;57;24;38;31;27;27;42;24;22;26;25;65;196;22;34;18;26;63;30;36;36;28;39;25;42;34;32;51;25;18;113;24;50;21;26;58;23;31;21;21;34;29;28;81;57;40;21;20;27;25;24;15;44;42;15;29;47;28;62;73;38;22;32;28;80;33;31;24;25;26;38;17;37;27;21;33;46;39;82;76;30;29;54;85;68;41;74;57;57;196;17;33;39;35;54;80;31;32;22;57;36;110;36;53;84;101;29;28;22;24;22;30;22;40;29;33;106;119;50;18;19;54;24;32;146;25;77;27;29;147;22;16;85;196;47;94)
seed_10_level_5-1,1033,9958.531554222107,4736816,3389,(42;62;43;43;47;29;37;53;27;42;21;64;41;15;32;31;17;21;61;36;58;42;26;26;15;22;23;87;29;25;16;29;19;35;26;17;59;25;21;29;23;28;18;31;66;64;24;111;17;196;54;196;96;43;17;32;36;53;68;24;13;37;16;19;13;20;34;23;35;34;58;47;109;37;79;26;66;37;64;66;26;23;27;20;65;23;34;49;38;27;37;35;33;20;30;196;41;37;33;41;79;77;54;18;43;55;62;49;196;82;24;51;57;47;39;79;23;110;126;31;19;28;87;31;43;14;20;75;31;25;22;35;196;18;47;69;27;66;18;28;33)
seed_10_level_5-1,1410,10378.021037101746,5533576,3525,(42;47;42;43;58;47;23;16;34;41;24;31;24;24;19;26;79;35;22;19;47;42;42;65;42;19;42;25;28;28;41;76;26;23;33;31;36;18;47;56;83;23;18;49;30;22;42;18;20;26;25;29;19;17;47;57;53;40;15;15;24;49;33;196;19;27;24;42;43;24;24;28;24;80;17;35;36;120;116;63;54;43;13;28;36;18;196;23;27;44;48;47;52;30;39;170;29;21;196;73;48;76;47;54;35;25;26;17;28;33;109;26;114;33;19;27;65;57;34;42;16;45;38;87;196;36;89;32;62;210;196;196;196;1001;55;60)
seed_10_level_5-1,1410,10806.022580623627,5764356,3672,(75;77;46;45;43;30;38;23;34;32;42;87;51;59;34;38;59;15;42;19;77;30;54;19;24;23;21;36;43;162;24;50;47;35;57;15;28;21;31;27;27;36;26;49;48;32;40;33;21;35;47;26;26;15;35;30;19;23;30;16;26;27;24;16;68;39;42;35;40;23;53;23;28;36;32;21;15;13;28;78;49;35;41;21;16;42;79;56;29;51;59;42;29;151;43;63;57;28;31;54;162;50;79;52;30;38;121;38;43;42;29;40;21;17;69;162;44;64;36;36;24;49;31;41;49;17;145;40;32;52;162;23;25;14;19;15;19;43;42;53;151;162;27;32;60;162;59)
seed_10_level_5-1,1410,11225.416403055191,5971036,3814,(19;47;49;16;35;24;52;24;39;19;47;16;30;48;31;72;27;37;26;18;16;38;25;14;33;54;34;61;19;53;82;39;23;31;25;34;48;29;22;26;70;20;98;67;28;38;49;18;30;22;162;162;29;34;20;31;26;26;70;43;47;38;74;21;55;24;47;57;35;24;77;20;20;108;47;61;42;21;17;108;31;28;36;22;17;81;87;21;35;60;51;32;54;42;23;56;43;69;50;57;44;60;77;77;26;50;24;26;25;16;33;79;162;72;76;112;49;67;53;68;57;22;69;25;42;29;33;24;87;121;24;21;35;14;31;24;17;96;50;109;24;90)
seed_10_level_5-1,1410,11660.518193006516,6232623,3959,(47;38;48;25;26;28;18;15;26;35;137;42;46;32;35;39;32;37;42;53;46;28;58;41;24;70;46;27;25;31;23;26;31;43;55;34;87;42;86;19;60;47;120;25;53;77;51;24;33;35;34;50;17;21;32;24;26;32;70;42;148;70;77;28;47;14;185;55;38;121;36;21;55;55;36;162;40;48;43;47;88;55;20;22;32;36;29;23;36;18;108;25;52;162;17;47;54;84;24;17;35;37;58;17;24;24;56;25;29;24;16;26;108;18;35;52;35;77;34;49;16;54;37;24;29;23;45;21;59;74;52;66;162;57;15;162;22;50;91;36;17;147;162;42;79)
seed_10_level_5-1,1410,12079.822972297668,6529245,4100,(43;51;49;27;57;162;34;34;56;33;30;87;27;41;49;30;35;27;42;33;33;20;15;37;58;32;14;35;23;22;24;42;15;24;162;23;24;30;31;162;35;79;42;34;25;20;34;39;17;16;26;25;42;23;24;25;16;19;27;17;18;38;32;35;47;47;59;162;25;36;16;36;79;162;16;149;42;34;80;47;32;29;27;24;54;50;27;48;79;43;31;28;28;31;27;35;65;19;95;58;68;31;114;23;42;58;52;30;162;166;162;27;32;27;50;22;30;33;51;79;19;62;198;24;162;47;28;105;54;162;105;25;29;65;27;36;177;84;22;50;16)
seed_10_level_5-1,1410,12510.186487674713,6826629,4243,(47;21;42;33;32;77;43;35;33;47;23;78;69;42;21;58;14;28;20;27;14;19;26;59;17;33;51;26;47;29;25;16;26;15;21;15;32;43;32;16;30;25;29;109;18;105;28;38;70;58;62;23;107;47;23;21;60;20;42;27;47;26;31;54;50;58;18;162;18;82;30;162;108;50;122;33;23;59;55;72;49;42;40;31;32;117;50;131;63;47;37;28;47;109;105;162;27;35;34;49;79;55;36;47;86;31;85;85;33;28;15;113;57;50;90;60;32;21;47;111;61;67;27;57;38;32;52;40;113;57;162;40;50;16;162;53;26;162;162;34;162;45;27)
seed_10_level_5-1,1410,12930.181451559067,7068340,4388,(59;49;32;55;56;33;28;58;38;76;35;42;74;61;39;14;24;33;34;25;28;21;68;21;18;19;25;15;15;26;40;59;42;14;33;16;33;43;19;22;23;53;33;77;49;28;28;29;30;24;27;49;25;108;34;30;84;20;25;32;19;55;14;21;34;56;29;15;35;15;54;113;162;24;57;29;42;37;23;38;140;32;35;24;25;53;50;47;19;34;26;43;67;31;37;41;79;78;162;77;27;52;64;57;49;60;21;29;37;42;42;39;53;42;183;54;131;82;120;113;23;123;51;39;41;26;50;23;26;162;18;105;40;39;43;49;162;32;50;78;50;23;61;50;28)
seed_10_level_5-1,1410,13340.111440896988,7295745,4531,(47;42;32;30;41;42;27;18;22;52;43;15;14;35;19;19;26;16;36;19;35;29;34;28;25;108;29;29;34;35;29;36;35;40;42;37;42;72;33;19;27;29;14;25;65;32;42;77;47;96;84;32;87;29;13;18;58;21;47;162;60;114;42;35;43;148;53;63;39;53;36;41;17;30;124;18;36;50;47;29;80;36;40;50;50;61;47;125;26;26;162;54;32;27;109;137;26;22;29;36;162;38;90;18;21;16;162;50;21;50;47;15;32;57;40;28;59;27;42;22;23;29;35;47;26;65;119;42;79;42;31;73;33;50;33;43;26;33;38;79;37;35;50)
seed_10_level_5-1,1410,13780.111612081528,7591330,4679,(47;28;17;24;31;15;27;26;42;28;19;22;32;16;21;22;49;62;28;24;80;32;30;26;50;162;100;50;19;31;26;24;20;25;30;47;162;31;37;42;15;24;63;26;36;27;26;23;18;37;54;32;162;47;41;40;38;56;91;28;50;80;17;75;50;162;25;28;162;21;47;32;16;26;109;32;32;29;162;47;35;60;54;20;23;47;29;39;77;49;55;77;24;47;162;124;29;24;63;64;91;105;120;17;31;19;42;57;50;20;25;34;55;26;94;28;33;22;197;31;57;30;17;105;56;47;24;49;55;25;51;85;43;56;28;66;162;29;162;50;55;109;48;28;17;26;77;28)
seed_10_level_5-1,1410,14210.270080327988,7865799,4823,(16;43;27;27;42;35;15;38;78;113;27;35;26;14;23;29;27;94;40;33;23;26;26;33;14;27;29;18;35;57;34;77;93;25;122;42;16;47;20;38;51;42;82;55;59;162;28;26;105;16;26;40;48;90;31;36;28;47;26;19;50;22;36;66;36;107;20;41;113;54;102;17;39;16;47;50;19;56;57;37;87;24;23;92;84;29;47;87;24;107;24;33;19;30;17;47;23;162;16;13;162;108;33;47;36;110;162;24;58;84;38;81;62;162;27;47;42;18;21;162;29;44;32;46;58;59;42;80;33;80;16;42;60;36;131;34;47;137;50;28;63;30;30;33)
seed_10_level_5-1,1410,14662.606243610382,8239668,4972,(16;73;29;38;72;25;19;32;20;24;30;26;35;18;18;18;47;14;47;162;25;15;24;18;32;20;14;29;26;54;52;55;28;45;47;74;30;59;27;27;43;76;48;162;66;57;34;32;22;162;76;128;110;58;162;132;35;28;30;27;37;34;56;24;107;57;31;47;47;144;24;27;54;77;33;30;95;75;43;59;86;30;83;43;38;32;78;35;16;54;48;19;28;34;162;162;50;162;17;25;135;64;17;28;162;29;37;162;162;20;77;26;33;61;23;33;33;34;105;50;63;57;50;56;34;162;198;48;57;17;80;51;130;41;18;64;32;25;128;19;16;27;105;47;162;47;54;24;82)
seed_10_level_5-1,1410,15113.691447734833,8630280,5119,(16;162;30;24;23;35;33;18;18;26;14;107;24;31;23;41;19;34;162;50;17;45;80;49;58;42;18;66;49;24;23;26;108;63;48;28;24;42;145;33;68;32;55;106;76;162;25;23;47;53;64;58;162;57;34;30;30;42;50;105;19;64;15;26;47;162;32;20;23;37;22;32;178;77;47;64;24;47;162;47;105;66;14;57;40;66;38;83;77;47;25;133;133;84;25;25;198;60;35;130;30;17;162;14;79;24;17;40;143;33;138;27;28;18;131;117;34;162;21;15;49;80;47;49;162;52;64;42;42;15;42;134;42;86;47;42;59;39;65;18;31;87;36;157;30;59;32)
seed_10_level_5-1,1410,15565.520049333572,8987952,5269,(82;47;162;28;32;19;20;49;28;32;42;59;16;31;27;38;18;63;33;31;162;118;76;141;36;31;49;28;33;34;34;162;42;55;59;45;17;36;17;22;18;63;31;56;23;35;108;28;76;89;28;162;25;16;29;59;78;162;28;17;84;62;54;57;31;19;162;28;33;35;54;25;30;113;47;32;40;32;162;27;36;32;105;35;22;38;16;37;21;27;162;17;50;109;35;47;31;33;37;47;50;57;20;108;37;18;15;162;13;16;50;49;110;47;105;26;34;15;32;35;162;26;162;57;71;129;107;94;69;58;35;43;77;140;68;77;118;28;15;50;162;47;76;19;28;19;25;46;31;27)
seed_10_level_5-1,1410,16008.667335987091,9391527,5413,(34;33;24;40;25;16;53;76;15;28;47;43;17;34;162;33;23;25;59;25;14;32;49;40;32;162;56;162;126;111;53;141;25;43;38;21;54;57;56;43;48;49;26;65;23;32;40;54;20;162;57;157;50;33;36;53;105;137;56;14;47;28;31;54;21;111;23;47;32;40;14;28;53;135;22;27;28;25;105;105;31;48;43;43;47;51;79;111;15;40;59;162;119;35;42;29;54;57;21;34;231;172;33;86;109;82;80;14;143;162;62;20;49;89;74;36;16;80;19;27;32;22;162;115;22;162;31;53;26;30;47;162;117;140;24;105;15;105;28;23;19;105;28;25)
seed_10_level_5-1,1410,16480.502197742462,9879118,5561,(38;22;26;34;55;162;59;28;26;162;58;25;162;20;50;42;38;56;20;194;21;30;162;20;23;77;42;19;14;67;162;167;158;32;159;162;109;41;77;54;42;20;78;75;25;41;126;29;35;85;47;37;36;16;29;41;38;51;24;29;59;162;32;125;77;16;55;51;31;23;105;27;23;31;22;29;27;26;113;27;108;110;105;37;76;149;153;47;49;32;24;25;53;16;35;61;33;17;53;117;57;108;34;82;167;162;53;42;42;45;162;162;40;16;22;21;57;29;162;143;162;36;24;34;76;162;47;162;118;86;105;56;18;162;54;119;90;27;28;26;26;35;77;22;21;43;14;51)
seed_10_level_5-1,1410,16939.019848823547,10326902,5708,(50;35;63;35;24;18;16;27;23;24;39;15;41;40;30;77;47;23;82;47;19;129;51;18;47;31;162;22;105;22;190;90;86;18;162;15;33;134;30;21;29;41;66;59;16;126;108;19;23;21;28;15;23;118;136;50;114;50;21;162;17;194;162;55;162;27;27;20;25;57;162;32;47;62;162;162;47;22;25;108;77;162;77;48;32;56;27;18;107;34;115;40;34;85;25;52;85;28;51;22;162;50;57;50;21;162;58;53;162;93;79;162;42;88;48;34;50;26;40;24;52;162;26;28;25;20;36;35;79;47;15;57;28;50;19;60;162;83;26;21;28;131;22;53;77;162;37)
seed_10_level_5-1,1410,17400.240392684937,10734258,5858,(18;93;47;29;58;37;35;26;47;35;47;56;33;15;50;23;21;20;16;64;18;36;162;56;76;77;115;80;24;42;22;64;41;47;79;63;24;34;136;150;49;28;76;57;27;42;128;42;80;42;42;30;162;42;48;32;17;51;51;48;77;16;107;179;34;26;33;57;14;105;86;34;40;15;34;17;26;116;42;42;19;42;51;17;19;52;54;30;23;31;162;16;17;14;162;162;41;51;28;37;26;47;35;30;29;55;28;30;47;162;183;28;17;77;162;37;24;50;137;33;47;27;162;162;50;19;105;108;17;26;58;17;162;47;162;105;162;47;105;84;133;162;18;36;39;20;55;23;22;49)
seed_10_level_5-1,1410,17881.067880153656,11280465,6009,(55;80;37;27;42;54;162;85;60;162;31;83;63;56;162;77;28;47;105;28;29;51;45;83;29;28;91;33;42;71;125;62;111;45;33;34;47;81;40;77;105;23;61;47;77;47;162;162;18;110;20;162;50;51;162;32;20;36;47;34;31;162;130;49;162;19;24;162;83;179;53;18;50;34;47;27;49;14;55;79;59;53;133;28;51;36;56;100;81;24;47;80;59;57;34;52;14;22;236;58;47;162;20;52;77;149;60;183;16;27;162;47;123;21;25;16;162;17;15;24;105;136;82;30;30;28;22;105;58;24;50;37;50;65;162;50;162;25;47;162;55;162;17;162;135;47;47;162;30;22;105)
seed_10_level_5-1,1410,18344.39638185501,11776927,6158,(105;23;85;24;132;183;18;61;25;54;71;36;97;141;38;39;28;58;24;54;135;34;62;79;17;49;38;86;31;26;107;162;59;35;114;53;24;42;21;114;44;125;31;180;162;59;38;162;16;34;19;32;27;23;51;33;27;47;50;109;21;16;50;80;50;40;29;135;31;105;23;108;80;25;77;82;27;37;81;34;39;183;20;29;18;77;25;50;162;23;33;13;56;77;162;185;47;35;38;30;31;162;18;162;105;49;32;47;77;112;44;92;29;113;19;37;53;79;14;33;16;162;162;96;91;25;77;21;19;25;49;34;56;79;83;56;89;162;79;80;57;79;162;162;38;47;162;162;48)
seed_10_level_5-1,1410,18810.04626107216,12269202,6306,(17;30;154;28;27;50;34;190;33;49;34;47;48;32;35;37;42;17;16;29;47;17;84;15;57;14;19;31;50;50;23;50;30;17;25;50;38;54;162;84;56;33;42;25;53;81;16;84;183;14;34;162;17;162;105;47;25;18;162;13;28;36;136;17;18;37;71;195;18;162;33;17;146;162;22;35;61;20;126;40;14;23;33;21;81;49;18;22;129;43;68;41;55;47;17;16;162;19;17;57;34;59;162;50;24;21;77;162;32;198;16;21;33;56;113;22;47;79;126;60;45;136;51;50;20;68;65;162;66;87;162;162;59;16;162;162;47;55;162;35;162;60;77;31;36;162;162;27)
seed_10_level_5-1,1410,19272.500144720078,12721151,6456,(16;26;16;35;14;77;19;23;162;27;29;50;28;65;30;54;38;32;57;56;126;50;18;125;162;191;28;84;153;28;33;32;57;62;148;18;48;59;47;47;61;51;53;43;162;25;52;52;58;42;58;16;39;162;20;55;190;123;47;18;24;33;105;52;50;32;24;24;35;135;78;27;107;59;48;49;48;84;150;23;25;49;35;183;35;17;50;18;47;162;28;29;20;162;116;14;31;16;28;84;81;52;162;15;94;23;28;29;48;46;51;83;38;32;59;29;55;128;31;88;14;39;17;30;36;41;24;21;83;26;29;15;162;76;162;162;162;162;23;162;105;77;162;54;47;29;25;55;18;14)
seed_10_level_5-1,1410,19724.992997407913,13063317,6606,(49;19;14;47;47;85;19;20;32;29;38;17;50;111;36;53;87;57;30;42;27;33;190;38;83;138;32;31;62;54;54;33;24;51;19;22;51;36;19;56;31;28;17;15;111;162;59;162;42;162;59;38;55;26;42;18;39;20;54;81;19;106;30;17;23;87;36;52;29;29;81;57;183;17;15;47;32;32;162;15;47;15;37;28;28;47;105;27;15;19;21;33;162;37;32;23;162;36;47;162;106;33;48;79;31;58;36;106;78;15;32;78;29;20;48;47;19;109;20;77;18;68;162;29;33;31;80;47;27;15;22;162;27;55;31;21;33;79;44;30;27;33;26;105;30;32;77;162;109;50)
seed_10_level_5-1,1410,20210.04176068306,13604001,6757,(19;130;31;17;54;19;57;26;22;162;24;51;42;29;60;22;57;23;33;68;25;23;24;135;162;32;81;17;80;41;54;162;89;22;17;51;30;37;113;98;105;56;81;34;29;20;47;162;21;51;135;126;105;34;57;17;182;40;34;162;22;88;54;162;133;51;49;162;32;55;23;36;89;74;162;55;79;183;77;15;19;47;14;162;133;19;145;162;23;24;162;28;162;35;47;162;14;34;21;162;162;35;77;35;118;162;22;162;57;81;51;14;58;106;31;26;49;36;56;18;47;18;50;15;36;32;107;49;29;59;54;151;103;86;201;54;23;21;106;83;22;43;26;54;162;15;79;162;50;36;28)
seed_10_level_5-1,1410,20690.89869403839,14117181,6908,(162;42;97;31;49;46;162;48;56;55;66;62;20;22;56;53;33;37;143;57;18;77;54;54;61;162;162;26;32;17;32;79;49;128;49;17;151;33;138;48;47;150;162;57;85;50;18;79;84;54;31;16;50;52;120;53;75;22;123;49;77;67;42;70;22;47;38;17;117;18;39;47;20;78;77;47;34;87;58;16;27;107;59;35;162;23;79;42;21;123;35;38;162;20;30;77;162;39;27;59;25;162;47;30;134;34;128;34;19;26;57;22;47;77;39;118;81;17;38;18;162;47;162;27;26;105;126;25;162;162;162;162;183;162;77;15;77;16;15;27;28;162;24;16;47;14;16;215;17;29;31)
seed_10_level_5-1,1410,21161.419197320938,14615393,7057,(116;23;59;29;90;63;76;28;47;31;27;19;162;16;79;17;33;55;82;65;18;162;44;18;23;54;50;33;36;23;57;61;86;67;34;86;37;57;50;75;85;55;197;31;19;79;33;61;134;42;55;61;47;35;22;57;20;46;51;51;105;162;139;27;162;152;120;28;14;38;55;162;16;25;83;77;51;24;49;81;51;162;51;55;29;14;23;27;19;25;77;23;154;162;57;30;57;135;77;30;47;45;186;56;154;162;105;149;77;28;17;79;32;26;115;49;51;106;193;19;17;27;78;162;48;49;78;60;162;105;109;49;105;162;64;32;77;27;16;85;162;33;79;53;109;133;34;19;30)
seed_10_level_5-1,1410,21638.423097610474,15168400,7206,(162;55;62;45;50;104;41;147;89;25;74;207;27;61;55;113;77;17;111;19;49;62;42;65;24;78;39;29;22;18;25;47;77;47;58;38;51;31;36;16;50;47;105;70;50;55;31;42;22;28;86;162;54;107;162;89;50;24;50;39;51;18;82;16;27;17;162;193;51;41;22;26;79;30;156;78;15;29;25;49;29;40;23;77;25;105;35;36;162;111;185;105;27;32;162;162;162;14;162;137;59;162;52;105;25;50;105;162;129;84;105;162;31;84;133;81;81;35;47;27;34;15;29;129;16;81;108;186;162;32;26;47;80;28;188;26;162;33;16;105;35;26;34;30;47;162;28;162;33)
seed_10_level_5-1,1410,22097.205073595047,15616103,7355,(162;15;32;162;162;55;31;37;162;23;54;32;64;27;16;56;76;19;34;25;34;35;24;29;29;34;192;21;47;41;162;23;151;18;30;105;34;31;81;33;16;25;76;37;50;17;26;162;62;51;64;51;35;162;51;153;43;57;50;68;37;42;65;50;54;26;29;50;51;26;138;36;22;163;22;82;48;89;61;34;15;170;16;162;115;33;76;133;59;26;31;29;162;23;19;35;105;47;135;22;32;162;33;27;19;105;14;105;19;105;24;32;105;25;17;28;19;32;16;33;105;129;130;26;23;33;21;17;33;79;19;33;162;23;105;17;80;77;19;77;47;51;57;129;162;105;21;77;162)
seed_10_level_5-1,1410,22566.42222261429,16078256,7505,(77;30;37;34;21;47;47;34;56;50;34;21;57;39;46;51;29;29;92;22;57;62;67;23;43;53;18;27;59;25;33;50;110;87;81;17;56;30;27;132;194;105;32;77;48;47;190;162;118;16;158;185;33;30;35;24;188;38;129;28;33;30;47;23;47;31;47;21;28;47;31;132;15;34;105;132;52;176;29;97;29;22;20;29;134;48;18;19;23;24;80;40;187;37;162;28;162;162;33;162;54;111;55;50;48;162;162;54;19;86;77;35;109;15;47;47;109;22;47;207;15;105;15;27;47;113;105;162;18;19;54;38;22;38;52;48;38;21;55;52;42;51;34;42;16;61;71;21;79;84)
seed_10_level_5-1,1410,23023.900136947632,16518900,7653,(16;83;50;116;47;73;20;17;42;25;29;50;79;94;19;58;51;38;57;22;162;52;17;17;50;106;42;54;33;42;35;36;18;47;42;89;18;162;50;27;53;29;50;26;57;35;50;51;18;27;193;78;40;16;23;19;32;85;38;31;145;24;49;162;27;35;105;162;24;28;16;162;84;132;118;33;24;14;29;105;162;27;31;105;77;50;162;47;37;162;162;162;17;47;35;36;18;22;30;162;20;47;29;80;47;159;25;19;29;18;82;53;25;50;26;79;53;162;116;82;37;23;52;28;23;33;15;77;16;31;105;15;48;162;33;47;105;19;105;180;162;162;105;105;39;17;35;26)
seed_10_level_5-1,1410,23491.950169801712,16934448,7804,(28;32;51;37;47;162;14;62;47;17;49;37;56;28;32;150;25;17;37;91;22;122;22;50;58;80;25;162;57;114;21;47;57;162;162;25;28;22;99;115;87;88;79;26;30;49;29;24;32;25;89;35;20;30;49;31;38;88;56;25;32;192;32;32;85;29;21;33;21;31;138;30;139;83;14;50;48;54;33;78;80;21;47;162;13;47;33;18;162;25;18;22;80;118;25;15;32;162;162;162;126;21;47;162;68;17;31;77;23;17;32;107;22;162;28;31;29;47;48;162;189;18;35;57;40;33;155;44;77;78;16;25;129;25;54;26;18;30;77;24;105;21;13;14;14;31;26;26;26;105;31)
seed_10_level_5-1,1410,23965.82406282425,17484569,7954,(28;57;109;27;50;22;110;130;25;88;25;26;27;24;54;25;19;36;15;36;162;50;29;162;51;29;38;52;33;82;15;47;27;132;47;27;112;28;14;24;131;26;31;22;162;35;33;73;162;146;54;20;162;20;207;71;162;16;27;36;41;21;22;162;198;174;54;59;31;77;30;50;19;53;18;52;34;149;162;30;132;25;18;38;149;167;209;47;182;54;138;47;188;16;131;33;30;182;32;30;27;105;50;131;162;38;47;23;47;14;27;50;84;77;105;28;162;50;48;37;17;54;118;79;26;33;47;47;47;47;58;55;162;108;91;50;31;33;54;162;18;51;28;28;28;57;110;23;162;34)
seed_10_level_5-1,1410,24425.58046889305,17954373,8103,(57;26;51;21;19;61;51;88;58;24;47;34;31;28;162;162;52;88;40;31;85;48;116;18;22;162;25;51;29;82;162;54;86;30;47;16;162;132;31;34;31;162;162;105;50;31;22;29;77;13;31;15;109;21;162;126;78;47;35;26;162;47;47;77;14;28;47;26;38;31;53;51;22;49;118;20;162;49;47;33;19;22;162;70;84;67;104;192;37;33;179;24;40;32;87;48;34;25;159;148;23;34;162;47;162;81;47;55;81;22;29;52;25;88;53;62;62;58;32;65;96;28;21;26;36;17;27;32;40;38;29;206;27;57;106;50;49;29;196;49;33;19;39;47;162;135;16;25;30)
seed_10_level_5-1,1410,24888.352788686752,18357200,8254,(98;71;78;61;56;53;21;87;41;43;85;42;55;86;53;162;65;23;36;17;34;109;53;15;26;20;68;162;162;26;47;27;36;109;17;162;114;26;50;81;77;37;140;57;54;162;162;33;17;26;37;21;125;16;34;23;80;32;197;113;36;16;29;39;33;22;26;125;28;48;48;19;21;34;47;33;31;105;24;105;49;162;34;20;47;35;47;26;35;27;77;25;36;109;29;34;40;58;34;16;18;162;122;34;38;28;22;58;31;162;31;34;54;24;105;105;15;33;13;34;33;33;25;15;57;24;105;27;113;24;24;80;162;54;25;27;25;156;32;83;112;41;27;62;56;53;47;41;162;112;114)
seed_10_level_5-1,1410,25369.39162993431,18926714,8403,(78;133;118;105;149;43;39;69;40;53;34;28;92;40;22;16;15;105;22;82;57;105;25;47;26;22;61;77;28;36;105;47;162;32;35;162;78;35;36;22;36;20;51;47;47;47;77;47;47;47;23;186;77;77;16;162;42;47;18;47;139;30;30;57;29;186;21;26;24;127;180;24;31;126;61;39;162;188;47;162;37;59;162;25;35;33;17;30;86;162;24;162;32;27;67;91;123;83;182;36;53;25;61;159;35;162;35;78;58;27;39;23;26;52;56;117;54;116;22;23;55;31;15;19;190;31;81;57;162;162;162;27;54;25;162;57;113;54;162;162;25;162;81;31;165;162;50;36;17)
seed_10_level_5-1,1410,25839.910176038742,19433050,8552,(83;27;38;53;162;47;61;30;34;55;38;24;15;109;20;71;45;162;162;22;156;31;78;112;134;33;27;31;37;87;54;30;17;31;39;42;56;80;29;31;30;35;54;51;132;17;34;27;80;87;38;162;14;33;27;58;15;27;105;35;15;105;17;83;34;16;77;57;23;105;47;153;82;49;162;162;28;54;50;20;26;20;162;162;25;57;21;162;69;50;54;19;162;162;86;162;47;81;180;25;56;31;118;32;180;50;47;34;186;32;83;32;105;86;34;14;133;36;189;30;162;84;20;84;14;24;30;162;47;21;25;33;32;134;34;54;50;26;54;162;19;138;22;162;55;16;54;29;57)
seed_10_level_5-1,1410,26303.982039928436,19925478,8701,(132;107;29;26;32;36;37;28;29;27;56;41;19;85;38;29;37;80;37;32;54;32;17;162;17;17;28;28;26;25;21;162;16;47;16;162;31;25;77;47;19;18;162;79;17;162;58;51;83;82;31;57;29;57;16;162;26;116;54;41;33;162;162;27;24;57;162;57;54;54;24;32;25;162;162;23;137;32;162;35;33;34;56;22;77;47;31;58;162;34;150;34;30;31;162;162;17;20;20;162;112;162;26;23;87;42;20;41;19;110;22;87;42;162;145;57;81;23;20;24;13;53;17;180;25;16;149;56;34;148;121;144;35;24;31;77;19;105;34;132;105;29;17;29;107;35;188;37;17)
seed_10_level_5-1,1410,26796.822594165802,20613606,8850,(132;27;50;39;17;162;32;26;30;55;18;48;25;31;237;18;35;162;32;133;23;162;162;24;31;21;47;28;57;32;77;33;88;162;105;20;81;162;162;162;162;19;162;65;182;32;23;41;109;85;38;24;87;35;100;162;30;162;162;67;145;24;54;51;65;162;39;90;162;109;57;54;86;25;84;77;50;24;26;57;25;162;84;61;21;27;83;83;152;58;57;148;112;135;140;15;28;162;162;129;57;38;162;22;54;84;162;162;162;138;162;30;56;108;115;141;34;173;110;143;115;59;128;107;126;79;35;29;36;224;25;83;31;57;162;32;18;18;17;35;15;18;32;17;28;31;23;28;31)
seed_10_level_5-1,1410,27271.941845417023,21205188,8999,(30;21;77;25;22;16;162;23;23;28;149;24;177;162;162;87;107;196;136;23;47;188;31;88;136;24;36;162;25;34;162;13;135;144;34;15;16;34;17;42;34;313;16;34;33;54;133;34;80;21;50;21;79;54;34;82;57;39;162;25;162;29;162;54;31;162;34;109;25;112;105;57;27;84;162;57;84;66;54;171;81;147;138;21;29;23;113;19;50;24;25;40;29;40;28;162;66;20;29;19;162;77;23;25;17;54;47;162;18;49;48;47;18;133;49;49;162;53;105;84;148;54;105;131;33;18;17;137;25;18;34;33;80;49;105;27;47;27;47;36;61;57;140;15;108;77;25;49;162)
seed_10_level_5-1,1410,27746.66563296318,21793196,9147,(24;162;23;16;19;15;36;17;77;34;36;162;23;109;31;21;25;22;20;27;34;25;134;87;162;20;162;141;162;39;57;81;44;54;113;152;54;36;121;50;57;162;162;162;22;162;162;53;105;157;56;33;38;105;32;53;26;15;24;47;14;142;16;48;25;24;47;167;162;162;26;87;24;37;87;32;20;54;84;29;140;47;35;136;57;50;54;162;54;21;57;29;113;162;147;26;54;54;34;109;86;162;40;47;14;21;50;93;38;34;16;32;62;59;84;154;54;162;14;143;162;35;34;32;21;162;34;39;32;108;118;25;36;119;36;190;162;38;26;47;197;24;26;34;55;189;122;50)
seed_10_level_5-1,1410,28218.892410755157,22276387,9297,(62;162;47;162;56;133;47;14;162;30;26;106;21;162;55;19;21;20;130;62;77;33;16;22;105;107;133;34;162;17;35;23;56;50;107;28;31;34;26;33;29;21;47;54;54;106;14;97;21;54;16;34;33;47;30;76;14;151;27;57;119;162;83;36;36;32;29;37;40;57;31;162;162;18;162;24;22;57;57;162;73;162;162;22;71;27;109;23;77;37;93;58;33;85;197;22;36;22;27;87;30;203;193;36;38;143;17;17;36;33;22;34;22;83;26;18;30;145;33;38;79;50;18;27;43;57;54;20;162;27;61;21;43;17;34;58;18;130;162;90;81;162;34;33;18;36;24;54;87;109)
seed_10_level_5-1,1410,28698.245820999146,22894062,9446,(23;38;28;106;48;143;162;162;33;133;26;35;49;27;77;162;47;47;81;32;132;22;79;17;79;34;49;50;49;49;43;162;21;20;64;33;122;122;135;103;18;162;162;162;18;36;24;162;162;49;57;19;31;23;86;50;54;79;37;37;25;162;49;162;106;116;32;50;34;33;30;105;31;39;84;47;57;62;162;54;32;54;37;33;36;19;162;192;23;162;162;56;122;58;162;37;89;35;138;162;78;34;40;26;111;43;49;18;17;28;25;79;113;137;26;134;23;19;147;162;21;30;162;162;24;162;16;26;25;31;30;131;47;80;162;162;50;47;123;31;182;58;21;47;162;50;81;162;37)
seed_10_level_5-1,1410,29187.390773057938,23517362,9594,(77;31;162;31;30;18;31;49;146;108;108;162;59;162;105;31;80;17;35;27;108;77;136;76;108;26;50;162;79;80;82;112;26;38;54;137;36;54;188;24;17;42;162;138;29;48;162;41;21;16;57;162;122;31;162;162;25;36;24;25;47;178;23;47;47;61;157;17;16;61;18;25;105;26;40;14;31;34;31;37;157;53;133;132;195;26;36;22;38;113;29;26;61;54;162;162;54;54;164;18;27;162;69;108;19;108;47;64;61;162;77;162;27;162;162;138;162;32;58;162;85;52;47;30;162;114;22;132;47;25;162;51;22;162;105;47;52;83;19;22;47;50;47;145;25;47;17;36)
seed_10_level_5-1,1410,29676.603090047836,24152105,9744,(178;18;30;105;25;105;22;14;38;27;20;29;40;16;143;48;157;47;29;30;134;162;26;54;162;31;19;31;51;138;77;13;52;130;27;44;57;162;20;59;162;44;162;162;24;81;162;145;43;162;162;18;50;28;50;28;63;16;140;162;50;54;23;35;79;50;95;21;203;51;79;51;137;23;85;80;79;162;162;60;30;27;105;138;75;152;61;61;162;162;75;24;19;54;31;57;35;119;162;26;77;41;200;147;19;164;37;29;162;22;162;105;26;29;22;27;162;50;27;57;54;32;33;162;80;80;162;162;55;18;114;24;38;109;50;28;80;24;92;36;38;57;83;37;162;50;142;57;37;27)
seed_10_level_5-1,1410,30143.027278661728,24613419,9894,(50;34;19;162;162;47;14;56;162;28;137;32;17;40;115;21;15;162;17;34;30;47;29;32;150;146;40;31;17;79;15;17;29;83;28;17;24;35;132;21;29;48;49;32;21;47;24;132;131;134;19;48;21;47;27;15;25;61;132;132;34;47;21;117;133;32;18;26;162;144;52;22;105;86;141;19;17;162;17;25;25;150;32;132;65;79;50;19;54;109;20;27;146;80;82;79;49;53;18;36;43;20;131;59;111;82;33;109;54;50;116;25;129;162;162;22;40;162;20;85;31;162;36;20;48;23;22;31;162;55;17;39;24;50;85;16;105;19;34;21;18;19;22;51;113;115;79;80;24;54)
seed_10_level_5-1,1410,30628.544506788254,25258299,10044,(142;162;32;50;198;35;108;162;69;36;32;40;162;162;162;115;23;16;162;28;162;32;162;30;15;25;31;25;15;162;25;162;145;162;17;32;54;19;154;18;162;21;19;136;36;163;143;162;133;109;25;18;19;162;81;15;21;162;18;17;80;21;197;108;17;111;22;23;33;162;17;21;28;18;17;80;18;124;50;54;50;162;17;162;162;17;50;51;19;37;162;50;18;109;83;84;83;87;109;25;58;24;77;30;49;132;178;32;162;133;131;49;28;30;47;77;16;21;33;77;30;162;26;48;132;34;25;21;75;157;47;29;37;16;26;139;25;31;135;32;34;132;47;32;16;162;162;47;25;31)
seed_10_level_5-1,1410,31098.218019723892,25781485,10195,(178;54;38;32;22;18;57;15;162;119;77;24;162;38;20;24;56;105;22;133;32;132;77;34;31;27;31;23;77;32;33;25;118;111;197;26;25;26;49;77;27;145;14;34;77;28;17;47;162;92;37;177;79;20;92;18;24;19;79;26;21;20;27;50;59;82;162;57;42;83;37;52;116;19;50;34;22;162;22;162;50;145;50;40;150;23;52;24;36;33;17;19;50;80;83;42;42;80;121;162;120;25;38;24;162;50;31;17;162;154;26;54;134;51;17;162;30;41;25;33;21;33;31;30;50;50;83;162;80;162;162;162;16;80;198;162;162;14;105;17;33;26;79;34;24;32;80;27;39;28;108)
seed_10_level_5-1,1410,31569.402987480164,26247938,10345,(190;19;163;25;162;50;35;162;14;32;31;58;162;106;162;34;51;18;145;139;62;18;51;20;141;51;18;16;162;51;32;26;25;43;23;62;21;87;94;67;25;17;19;30;19;162;82;77;34;105;162;47;82;118;16;30;15;23;47;18;29;105;25;47;16;35;14;129;47;48;105;132;27;79;16;34;105;53;50;105;14;33;61;18;17;32;29;132;25;15;47;31;162;14;47;25;32;162;78;23;57;19;105;32;27;32;157;162;57;17;27;33;105;112;30;149;25;79;18;13;54;23;33;162;54;31;162;26;57;23;28;32;132;162;66;21;162;14;18;60;56;24;16;35;16;108;162;21;14;31)
seed_10_level_5-1,1410,32046.512401103973,26833593,10495,(156;18;77;38;30;27;26;162;25;162;22;162;33;162;28;31;69;30;25;38;27;161;162;17;20;47;162;162;53;36;27;138;36;162;25;32;162;18;132;28;16;22;18;23;76;79;162;22;37;19;161;124;21;80;162;108;35;162;32;85;27;17;33;109;23;18;29;54;162;30;105;162;42;83;33;35;172;162;57;83;33;79;28;162;162;57;92;162;22;62;162;113;86;61;27;42;116;19;91;31;162;21;85;88;90;62;19;30;19;61;110;162;54;24;87;34;23;87;145;65;39;22;19;69;31;50;28;50;37;19;24;63;162;132;77;40;24;49;136;162;136;50;49;80;24;79;33;56;114;83)
seed_10_level_5-1,1410,32523.966873407364,27318583,10645,(25;54;162;108;109;31;83;37;21;126;28;83;109;50;26;50;84;109;26;20;43;54;162;162;116;18;28;18;50;162;105;29;43;21;162;35;41;18;31;160;22;50;181;18;17;84;59;68;93;162;162;25;28;54;81;50;83;38;162;23;49;50;53;29;19;51;17;57;40;52;33;136;17;17;128;122;33;25;31;18;131;80;28;108;17;79;162;71;77;50;20;29;22;14;27;25;50;30;31;29;69;50;162;162;162;26;32;150;147;54;50;20;36;68;50;162;77;57;83;31;79;60;16;24;122;63;31;32;42;54;162;24;36;79;129;16;48;48;23;191;21;35;80;56;24;23;31;17;26;162)
seed_10_level_5-1,1410,32995.41060090065,27833940,10795,(33;31;83;48;36;48;162;162;17;162;51;37;162;28;162;55;28;40;40;113;81;29;39;77;17;26;64;17;162;162;24;27;32;54;33;39;18;162;83;18;32;162;109;22;32;25;40;57;18;35;28;87;53;162;114;17;28;24;147;126;131;38;24;57;25;37;30;34;89;162;35;50;37;162;146;30;162;92;31;21;34;34;37;25;42;80;109;57;187;40;106;17;160;162;50;79;145;17;38;21;40;46;14;47;80;139;33;79;26;61;108;162;18;71;25;54;57;178;162;17;17;92;41;50;27;19;52;50;87;141;84;27;60;162;18;137;162;20;35;18;29;19;25;47;39;66;57;80;39;63)
seed_10_level_5-1,1410,33467.940034627914,28359581,10945,(54;28;162;34;33;58;25;19;53;47;41;15;145;76;57;108;51;108;31;145;13;162;117;57;28;29;109;14;35;108;17;29;37;162;25;162;162;80;35;25;16;162;23;37;31;162;79;79;23;50;29;40;17;29;86;16;162;83;63;18;79;28;109;25;50;29;140;54;35;109;162;57;69;89;52;33;29;18;23;80;16;126;78;48;162;85;81;30;18;80;42;50;19;110;50;112;132;36;162;56;24;41;162;40;31;79;49;137;162;115;57;87;25;162;49;83;18;36;124;50;155;20;68;86;34;28;19;162;18;23;37;32;136;33;38;93;19;109;122;28;36;83;162;83;162;20;162;51;79;50)
seed_10_level_5-1,1410,33945.15779399872,28848314,11095,(35;50;14;71;18;36;24;35;23;79;23;28;115;28;47;246;61;57;54;162;38;132;33;50;137;162;197;32;70;20;22;22;30;162;162;18;50;22;22;22;17;25;162;25;17;29;17;18;32;45;40;53;30;162;17;17;56;131;35;22;84;34;50;32;162;57;162;31;27;30;147;20;66;20;79;29;22;18;57;40;25;109;123;17;57;18;120;16;24;57;109;18;57;67;15;94;24;33;162;26;26;18;162;136;42;162;54;20;110;79;43;84;57;50;50;47;126;33;13;83;37;18;105;162;162;25;151;18;44;136;86;131;82;97;61;84;55;74;48;54;50;61;162;32;115;50;24;109;51;32)
seed_10_level_5-1,1410,34412.22400069237,29347815,11245,(162;134;54;54;23;86;162;33;17;32;17;36;112;79;19;31;40;21;34;41;30;27;24;22;20;61;21;23;57;50;31;20;50;162;35;18;31;27;162;22;96;58;23;53;134;37;39;33;162;135;50;34;34;28;21;21;57;108;29;50;32;162;20;26;38;22;162;57;56;33;43;162;51;113;39;162;18;42;23;162;19;49;41;23;178;109;56;27;25;164;34;20;54;111;90;38;24;152;57;25;35;50;67;30;162;25;57;21;33;136;162;39;162;17;57;36;18;132;121;80;162;17;57;162;31;30;34;162;29;20;25;162;162;25;57;36;162;78;54;112;79;62;62;34;162;28;57;57;136;20)
seed_10_level_5-1,1410,34882.087595939636,29859623,11395,(134;79;43;16;153;44;79;79;212;63;22;33;50;26;34;162;57;28;83;50;47;26;156;18;32;18;37;57;21;79;22;80;26;57;60;28;37;21;48;36;32;162;39;77;25;34;110;39;68;162;162;36;135;28;162;29;50;152;162;162;31;29;32;115;135;53;28;87;95;21;39;18;136;83;23;27;16;80;42;42;56;142;88;23;135;109;32;147;109;50;42;57;50;129;50;57;34;22;37;18;145;16;24;23;27;162;162;162;16;196;42;50;24;42;135;49;110;69;31;162;82;25;108;54;26;23;32;89;87;162;118;36;32;32;47;54;39;80;22;132;81;19;45;42;34;109;24;62;37;25)
seed_10_level_5-1,1410,35343.59251332283,30290616,11545,(196;24;45;17;43;47;62;42;57;19;38;87;122;34;30;35;80;37;43;36;40;31;49;122;43;128;36;140;57;113;36;42;32;35;42;106;162;31;129;24;50;121;21;87;82;50;162;80;162;16;57;87;25;122;40;57;81;82;23;162;87;51;28;58;31;37;44;109;32;82;21;36;37;186;81;71;57;23;41;198;149;162;57;39;21;31;57;50;22;162;33;28;83;26;19;57;36;22;32;35;25;50;50;57;162;162;25;79;162;50;85;54;15;33;33;25;54;23;34;36;14;38;35;17;16;120;41;54;57;40;35;35;57;50;162;54;25;19;71;50;36;50;54;83;15;20;153;22;108;28)
seed_10_level_5-1,1410,35816.61843800545,30731919,11695,(133;50;57;35;28;74;26;19;80;35;58;162;77;33;28;24;54;35;58;21;57;83;135;17;86;56;34;54;61;41;23;162;162;26;57;162;29;162;162;32;18;21;24;57;21;31;32;18;15;116;57;26;60;109;40;15;17;56;21;159;162;18;86;35;28;79;54;83;15;56;109;162;58;86;25;162;65;179;59;26;24;109;43;24;114;129;126;36;38;93;128;34;22;36;30;31;19;162;57;24;41;43;32;19;19;127;50;28;51;50;57;16;35;127;98;28;28;23;30;57;84;42;54;42;43;28;45;16;82;25;57;162;162;125;27;25;162;20;37;47;162;31;66;143;23;20;26;25;54;38)
seed_10_level_5-1,1410,36295.94363832474,31263324,11845,(179;41;32;51;23;128;26;162;35;34;28;22;31;137;43;135;24;30;57;162;37;24;22;24;24;31;204;57;20;38;57;31;24;37;58;23;22;31;30;43;194;23;51;35;57;42;162;24;131;113;27;88;96;23;26;51;48;50;57;31;38;87;137;165;33;56;37;50;128;30;36;18;27;55;50;114;56;55;162;16;17;35;57;162;126;83;37;40;77;50;14;37;74;113;47;162;79;132;50;41;32;17;26;89;47;29;17;57;22;35;117;77;29;162;26;32;18;162;132;54;109;162;112;84;18;142;193;97;35;27;83;32;33;77;162;26;192;29;122;50;77;77;28;21;162;51;17;30;189;162)
seed_10_level_5-1,1410,36763.75919985771,31692198,11995,(74;79;45;23;53;14;34;25;57;15;114;27;34;82;63;135;25;113;53;30;162;33;27;36;35;35;160;83;162;123;162;19;28;121;26;162;122;84;25;98;25;60;25;29;34;32;22;45;32;24;127;50;33;23;19;51;24;23;24;83;39;28;24;35;57;127;56;57;32;162;80;48;59;36;130;78;26;54;26;80;27;134;34;14;47;109;15;31;162;105;13;29;85;87;27;115;77;20;77;33;28;105;162;21;27;26;31;37;13;41;47;26;25;33;56;50;26;57;162;18;26;162;26;162;22;152;57;33;54;26;30;35;57;54;24;26;28;34;22;168;162;34;105;162;28;140;57;105;18;54)
seed_10_level_5-1,1410,37249.05414247513,32298713,12145,(145;50;57;16;80;23;24;33;84;144;18;115;53;24;155;57;25;125;31;131;26;128;139;162;24;164;39;86;162;90;37;23;153;40;85;57;79;26;55;69;27;27;40;24;149;134;176;106;129;57;128;70;144;28;147;17;24;33;127;109;123;128;54;26;37;131;51;38;162;79;21;77;80;24;54;50;49;24;135;84;112;147;35;109;30;158;36;162;16;119;20;16;28;50;22;22;50;30;133;155;36;16;172;50;162;36;162;18;79;79;58;28;57;54;29;36;61;57;162;169;34;19;162;36;27;109;19;80;162;54;126;16;18;171;42;57;49;23;158;29;28;108;30;50;82;36;187;34;41;32)
seed_10_level_5-1,1410,37731.922342300415,32862351,12295,(17;136;128;37;22;28;25;23;27;18;33;36;131;84;23;24;33;55;31;30;50;38;36;162;29;128;49;24;128;110;134;142;26;131;162;57;41;141;136;49;29;53;66;57;154;43;56;54;157;31;37;24;34;39;38;129;27;40;36;23;162;113;136;23;28;125;193;137;145;33;51;26;121;122;33;129;35;25;162;57;114;126;79;109;19;39;114;159;21;42;123;25;28;134;58;60;39;54;106;24;122;54;25;23;13;26;50;25;140;57;24;122;25;47;119;108;37;84;24;162;36;24;153;162;162;124;57;121;54;21;31;20;43;137;43;47;38;162;55;26;87;162;36;162;19;126;35;24;28;47)
seed_10_level_5-1,1410,38196.27419614792,33315843,12445,(40;24;50;60;81;26;24;50;25;19;19;50;56;18;50;128;14;83;30;31;45;129;119;142;30;24;23;36;70;115;122;111;38;37;28;17;32;50;83;149;36;162;33;162;25;137;108;16;24;17;96;60;28;153;135;39;47;143;35;36;18;34;51;87;134;122;25;57;31;24;35;162;57;33;50;28;29;121;32;25;33;28;29;176;40;160;28;57;57;57;136;24;44;29;54;52;41;24;162;50;17;32;36;37;65;94;37;162;48;115;142;91;125;40;25;28;54;34;30;126;44;51;80;32;54;41;19;26;40;37;118;26;86;35;162;149;162;162;54;80;33;28;51;57;114;131;31;24;33;32)
seed_10_level_5-1,1410,38677.0150809288,33892500,12595,(144;107;31;35;50;57;18;151;40;30;16;61;131;108;75;22;41;57;54;64;25;15;116;29;47;162;29;50;162;162;38;27;23;57;51;57;20;162;29;25;55;34;42;31;151;34;34;40;38;69;36;39;32;38;81;162;43;21;77;54;162;57;33;86;123;54;24;115;126;27;24;132;56;162;39;179;27;24;50;87;66;122;142;24;57;162;85;136;162;126;87;24;39;26;143;35;40;65;141;33;23;40;28;135;58;40;110;54;40;27;154;32;109;33;28;186;162;35;165;122;137;67;21;80;244;30;57;38;54;26;54;38;87;40;128;32;122;162;30;95;34;38;111;70;43;28;162;39;162;30)
seed_10_level_5-1,1410,39154.533400058746,34423973,12745,(31;162;67;66;22;80;51;134;32;33;26;61;57;26;38;54;42;162;117;103;58;51;64;90;35;88;40;148;136;162;87;23;110;126;29;36;115;20;55;94;145;149;57;57;57;17;91;162;136;162;51;131;42;157;25;138;34;113;57;24;32;20;59;24;55;22;37;24;51;55;29;57;183;109;162;29;38;33;40;57;27;54;22;50;25;35;56;162;57;18;162;26;57;131;37;37;153;46;197;36;27;53;51;30;68;24;43;141;36;28;53;121;57;25;17;21;34;51;162;170;26;42;148;23;34;162;142;51;26;38;57;25;115;24;25;33;79;57;121;187;26;145;40;19;24;84;40;41;34;39)
seed_10_level_5-1,1410,39636.16466879845,34927989,12895,(191;35;93;109;19;162;146;63;162;131;55;64;39;28;115;29;39;61;80;35;95;19;34;193;40;35;71;33;65;116;33;55;57;33;150;21;116;19;86;29;24;42;32;139;34;116;23;162;36;162;126;164;57;40;31;26;25;30;39;50;53;112;48;17;23;42;32;27;33;116;23;29;26;27;30;57;58;162;26;90;40;51;32;24;162;110;41;36;33;60;30;162;116;56;26;35;112;56;54;28;86;79;25;125;47;32;25;126;122;24;54;20;25;54;45;37;133;122;26;126;29;142;57;54;117;131;162;23;24;162;60;20;126;145;135;31;64;26;31;36;21;32;149;25;128;37;23;57;57;55)
seed_10_level_5-1,1410,40119.343247413635,35519680,13045,(162;86;162;28;85;25;38;51;191;85;162;162;56;81;113;72;63;90;30;57;22;51;18;24;142;161;123;120;152;39;57;22;67;49;162;25;83;59;168;18;49;16;42;30;83;42;47;162;30;48;209;118;33;162;37;22;44;54;59;117;24;26;25;24;58;32;29;162;33;200;54;39;28;43;26;53;162;52;141;30;32;25;39;162;57;139;127;127;54;23;142;128;83;25;38;50;143;31;40;34;128;39;30;57;109;34;23;31;53;30;162;24;37;30;30;50;50;57;26;33;162;38;127;195;23;139;28;131;162;26;156;54;131;28;26;131;32;40;131;56;26;54;39;32;34;34;79;128;79;36)
seed_10_level_5-1,1410,40606.52190685272,36167363,13195,(39;54;56;31;47;29;62;22;38;162;122;29;22;126;24;32;91;47;25;42;64;202;143;76;20;105;36;39;64;40;52;118;58;115;162;19;83;53;34;161;35;58;30;42;32;151;162;25;61;51;32;25;38;32;162;17;137;53;25;57;162;49;32;19;17;34;48;43;137;73;143;57;162;95;173;162;110;190;31;26;162;154;149;149;162;25;113;25;162;131;38;35;162;25;33;40;162;41;162;116;29;156;26;21;162;50;40;54;28;34;29;162;25;29;23;24;128;57;25;109;162;33;29;87;29;30;113;17;31;24;23;155;128;162;27;93;24;47;87;162;87;34;154;40;25;139;188;23;162;36)
seed_10_level_5-1,1410,41094.8668525219,36765952,13345,(122;51;139;162;49;64;169;53;86;32;162;36;28;162;128;129;40;142;25;162;26;55;59;38;83;32;53;38;36;39;19;71;27;157;97;23;29;57;151;113;24;17;58;169;99;154;23;162;57;142;110;64;54;128;83;57;54;24;163;57;71;26;37;47;22;64;58;36;92;77;162;29;119;145;39;30;133;162;50;33;39;136;198;26;40;50;51;35;162;128;25;39;60;92;57;128;53;35;162;127;36;18;21;162;128;32;33;41;37;24;24;37;128;32;24;162;54;57;36;162;24;31;37;162;29;25;80;57;162;35;33;26;162;19;148;162;113;54;41;54;54;18;40;34;28;39;140;53;34;27)
seed_10_level_5-1,1410,41582.397559165955,37304027,13495,(149;162;197;30;79;28;30;83;18;23;32;122;38;25;26;218;50;131;125;162;57;54;41;33;36;52;131;23;57;29;154;57;126;39;41;54;50;124;27;154;162;39;140;19;26;25;30;85;24;40;25;57;57;57;34;36;154;56;35;25;195;25;16;54;162;122;80;25;52;29;36;26;27;38;57;57;27;162;117;48;126;162;54;129;23;21;42;30;127;41;137;18;24;31;162;54;125;57;42;127;14;40;162;60;24;64;57;59;35;135;19;31;34;162;139;54;38;57;54;16;40;24;32;24;22;62;51;23;39;39;162;31;60;97;34;22;57;17;124;142;152;53;20;140;29;162;23;39;128;57)
seed_10_level_5-1,1410,42046.78956031799,37725096,13645,(119;43;146;57;30;40;34;42;57;25;39;36;25;41;140;41;37;30;28;41;31;63;92;87;196;36;24;39;24;52;144;43;28;47;35;103;33;57;57;124;26;33;54;38;28;26;36;24;113;27;56;47;24;30;62;162;88;33;109;53;16;127;61;153;37;68;16;24;57;37;41;137;29;131;14;25;36;65;57;53;124;38;34;23;62;131;57;54;35;147;27;57;30;162;54;23;145;24;131;50;24;37;149;34;60;20;87;87;79;37;133;83;36;109;28;24;22;16;31;32;31;34;131;52;25;113;50;53;162;25;36;15;28;40;18;162;38;154;23;22;34;16;50;35;105;146;36;31;162;162)
seed_10_level_5-1,1410,42525.80224657059,38273545,13795,(19;41;21;33;86;36;24;57;58;27;25;30;57;34;122;66;36;58;38;79;42;24;131;25;90;37;65;37;162;25;57;87;32;55;82;30;54;42;31;54;57;16;25;57;64;169;62;51;51;25;86;33;61;90;113;33;54;83;139;162;24;141;61;57;145;162;57;84;33;162;19;86;36;25;139;162;24;25;24;56;57;65;146;16;139;113;58;50;154;83;27;50;26;50;50;36;33;122;162;41;54;47;141;162;162;37;24;55;130;24;24;53;125;37;108;162;162;24;136;50;122;23;36;128;37;38;54;154;131;87;24;57;90;195;131;26;36;162;61;124;54;172;55;38;53;32;128;162;38;28)
seed_10_level_5-1,1410,43009.73861885071,38865333,13944,(131;50;18;38;27;57;37;19;40;36;127;58;29;162;162;27;23;126;57;116;116;25;39;80;160;57;25;27;23;27;64;43;83;37;143;33;27;162;27;61;50;61;19;162;22;60;55;16;34;50;157;24;24;51;154;50;51;162;20;26;50;42;129;23;17;143;29;27;21;33;162;162;74;58;16;25;18;109;32;58;57;27;158;34;86;123;24;100;24;36;108;51;154;109;20;50;18;162;41;66;154;25;149;162;138;145;33;53;93;197;122;162;128;28;39;129;31;88;20;134;37;25;51;51;37;54;149;122;38;57;19;26;113;57;145;40;141;162;126;39;41;135;162;131;24;32;20;145;154)
seed_10_level_5-1,1410,43472.85512852669,39264060,14093,(31;36;22;59;109;50;152;34;28;29;40;57;22;30;50;83;19;84;79;39;22;49;24;47;115;32;42;24;58;39;35;40;21;137;130;162;27;82;52;39;83;135;162;31;20;36;56;28;38;32;26;31;126;40;62;38;25;126;31;143;42;30;29;33;23;79;42;27;53;24;24;24;64;73;86;36;61;31;41;61;54;131;57;33;39;25;54;57;50;41;57;57;160;138;59;83;38;162;25;162;23;54;144;22;19;26;18;24;25;154;162;38;24;24;25;38;35;79;15;34;33;23;162;151;162;34;38;28;54;25;24;27;162;33;54;24;28;122;25;154;32;21;162;35;39;29;128;27;87)
seed_10_level_5-1,1849,43940.97939038277,39779890,14243,(37;87;152;32;149;57;84;54;52;118;35;34;36;109;26;142;162;162;128;24;54;23;22;54;25;77;50;162;35;23;31;35;41;83;115;25;28;23;134;25;31;34;75;42;35;19;38;162;36;197;32;21;37;28;162;51;56;43;17;139;16;41;54;57;42;83;50;26;29;37;40;36;85;42;25;104;56;105;47;17;27;57;162;18;27;47;31;36;35;32;37;18;22;60;145;162;59;23;33;54;25;54;32;39;36;145;122;32;109;38;128;162;124;87;26;25;24;122;50;23;41;34;36;59;39;42;53;46;33;26;27;150;128;113;330;154;158;167;32;20;24;24;83;54;21;27;79;154;149;29)
seed_10_level_5-1,1849,44436.917685985565,40435783,14393,(123;28;26;53;25;158;35;17;57;79;30;135;139;88;34;16;123;59;59;35;31;50;24;30;35;30;60;29;113;28;77;58;42;130;119;113;115;53;30;21;24;58;137;235;52;191;37;38;126;34;34;26;50;16;113;54;77;127;31;171;54;31;29;41;187;50;25;30;141;30;158;128;142;138;37;27;142;57;57;158;23;24;54;47;189;74;50;58;158;128;158;182;25;24;56;122;84;54;147;158;83;158;113;26;35;135;131;125;149;25;38;152;35;57;27;56;33;154;158;25;20;158;54;153;32;42;147;37;126;26;127;35;22;56;149;26;37;38;24;24;131;19;158;36;148;29;158;25;24;150)
seed_10_level_5-1,1849,44892.36341834068,40987204,14543,(25;149;54;39;57;30;24;21;23;189;24;54;32;25;34;34;25;120;158;40;50;51;66;57;29;40;33;173;39;87;20;147;52;38;41;23;43;42;123;126;24;27;145;41;24;37;29;57;25;44;59;58;24;60;32;150;36;86;24;142;142;37;158;33;80;30;98;34;49;87;158;30;131;40;38;50;25;149;38;23;28;115;129;26;33;50;35;25;128;57;25;57;135;42;37;113;31;43;131;33;34;62;83;24;25;28;17;80;129;158;158;158;26;29;130;35;158;26;43;129;39;158;57;34;158;51;87;152;137;135;37;129;40;24;146;131;24;171;142;149;57;16;78;158;40;25;161;139;30;25)
seed_10_level_5-1,1849,45305.87498617172,41488772,14693,(50;128;131;38;22;24;36;64;57;158;66;80;38;154;50;29;37;58;57;24;126;59;38;47;54;65;24;24;171;37;39;128;21;145;33;41;39;25;64;32;31;158;36;53;31;128;50;30;37;128;20;158;61;57;34;122;87;143;37;36;34;29;28;28;50;38;26;41;47;36;20;158;139;131;27;158;26;28;139;21;64;23;42;33;39;158;132;24;60;39;158;115;40;104;30;59;36;37;57;27;158;36;26;32;158;26;65;24;34;131;50;25;158;32;24;158;24;47;31;33;155;57;24;25;158;158;24;59;41;158;113;24;31;64;126;24;14;158;32;116;43;31;40;24;167;57;139;32;35;126)
seed_10_level_5-1,1849,45728.77186131477,42025497,14843,(37;35;158;130;29;33;154;42;24;158;57;23;34;54;27;143;50;53;40;57;57;17;34;57;32;80;47;30;43;40;154;50;25;55;124;158;140;60;40;41;145;26;24;24;41;50;57;25;66;54;158;55;24;53;141;17;39;124;24;54;22;47;26;160;23;29;24;53;42;74;23;64;113;150;139;131;59;158;23;57;65;57;32;33;158;140;39;85;52;36;24;36;24;57;28;37;158;56;24;40;24;142;158;30;42;34;158;167;57;29;29;130;39;131;24;45;133;23;40;64;133;26;28;142;39;40;36;158;131;23;83;231;57;33;158;54;142;37;149;40;21;23;113;133;38;138;57;116;27;31)
seed_10_level_5-1,1849,46099.2742869854,42687963,14993,(24;25;158;158;150;64;57;36;122;54;50;31;37;31;63;57;36;57;27;59;61;52;31;30;45;140;147;28;30;25;139;24;37;53;51;26;50;25;148;158;34;106;127;79;158;20;55;27;31;46;149;158;24;33;24;21;21;156;39;24;87;149;24;36;83;50;25;17;231;155;161;33;54;158;31;158;158;25;141;158;30;24;60;64;41;158;54;158;133;125;29;158;26;38;141;128;25;24;24;33;24;38;28;57;131;131;38;158;127;158;149;121;27;24;56;149;158;131;149;158;131;23;60;30;23;38;28;158;26;24;41;57;175;158;129;40;26;40;158;158;33;160;24;51;158;54;24;54;23;23)
