seed_18_level_6-2,546,617.1421301364899,1540460,150,(1001;96;42;96;96;62;96;96;96;96;96;74;96;96;96;42;96;96;59;96;96;96;96;42;96;58;96;96;96;43;96;96;96;55;42;59;55;68;96;96;96;79;96;46;42;84;96;42;96;96;96;96;42;96;42;96;96;59;96;96;96;96;96;43;96;96;63;42;96;952;62;43;114;84;114;42;114;78;59;114;45;114;42;67;114;114;59;70;42;114;147;114;43;114;114;114;114;114;114;126;114;42;114;114;42;147;42;42;64;61;42;42;114;114;114;42;114;114;114;114;59;43;114;42;114;42;59;114;42;114;114;114;114;114;114;114;42;51;114;42;114;114;114;114;114;42;47;47;114;114)
seed_18_level_6-2,546,1209.9120156764984,2233861,300,(42;42;42;42;42;42;42;42;43;42;43;42;42;42;42;42;42;42;42;42;42;42;42;42;42;43;43;42;43;43;47;47;45;47;51;55;55;58;59;59;59;59;59;61;62;64;67;78;80;84;86;92;114;114;114;114;114;114;114;114;114;114;114;114;114;114;114;114;114;114;114;114;114;114;114;114;114;114;114;114;114;114;114;114;114;114;114;114;114;114;114;114;114;114;114;114;114;114;114;114;114;114;114;114;114;114;114;114;114;114;114;114;114;114;114;114;114;114;114;114;114;114;114;114;114;114;114;114;114;114;114;114;114;114;114;114;114;114;114;147;59;63;68;59;71;62;126;147;147;147)
seed_18_level_6-2,546,1806.4256417751312,2926961,450,(42;42;42;42;42;42;42;42;42;42;42;42;42;42;42;42;42;42;42;42;42;42;42;42;42;43;43;42;43;42;47;47;46;45;51;55;54;58;59;59;59;59;59;61;62;64;67;78;80;84;86;92;114;114;114;114;114;114;114;114;114;114;114;114;114;114;114;114;114;114;114;114;114;114;114;114;114;114;114;114;114;114;114;114;114;114;114;114;114;114;114;114;114;114;114;114;114;114;114;114;114;114;114;114;114;114;114;114;114;114;114;114;114;114;114;114;114;114;114;114;114;114;114;114;114;114;114;114;114;114;114;114;114;114;114;114;114;114;114;59;63;67;59;70;63;126;147;147;147;147)
seed_18_level_6-2,546,2414.710012435913,3619777,600,(43;42;42;42;42;42;42;42;43;42;42;42;42;42;42;42;42;42;42;42;42;42;42;43;43;43;42;43;43;43;45;46;47;47;51;55;55;46;59;59;59;59;59;61;62;64;67;78;80;84;86;92;114;114;114;114;114;114;114;114;114;114;114;114;114;114;114;114;114;114;114;114;114;114;114;114;114;114;114;114;114;114;114;114;114;114;114;114;114;114;114;114;114;114;114;114;114;114;114;114;114;114;114;114;114;114;114;114;114;114;114;114;114;114;114;114;114;114;114;114;114;114;114;114;114;114;114;114;114;114;114;114;114;114;114;114;114;114;114;59;63;67;59;71;63;126;147;147;147;147)
seed_18_level_6-2,546,3022.407127380371,4312895,750,(42;42;42;42;42;42;42;42;42;42;42;42;42;42;42;42;42;42;42;42;42;43;43;42;42;43;43;42;42;43;45;47;58;45;45;51;55;54;59;59;59;59;59;61;62;64;67;78;80;84;86;92;114;114;114;114;114;114;114;114;114;114;114;114;114;114;114;114;114;114;114;114;114;114;114;114;114;114;114;114;114;114;114;114;114;114;114;114;114;114;114;114;114;114;114;114;114;114;114;114;114;114;114;114;114;114;114;114;114;114;114;114;114;114;114;114;114;114;114;114;114;114;114;114;114;114;114;114;114;114;114;114;114;114;114;114;114;114;114;59;63;67;59;71;63;126;147;147;147;147)
seed_18_level_6-2,546,3628.248219013214,5006000,900,(42;42;42;42;42;42;42;42;42;42;42;42;42;42;42;42;42;42;42;42;42;42;42;43;42;42;42;42;43;43;45;47;47;46;51;54;55;58;59;59;59;59;59;61;62;64;67;78;80;84;86;92;114;114;114;114;114;114;114;114;114;114;114;114;114;114;114;114;114;114;114;114;114;114;114;114;114;114;114;114;114;114;114;114;114;114;114;114;114;114;114;114;114;114;114;114;114;114;114;114;114;114;114;114;114;114;114;114;114;114;114;114;114;114;114;114;114;114;114;114;114;114;114;114;114;114;114;114;114;114;114;114;114;114;114;114;114;114;114;59;63;68;59;70;62;126;147;147;147;147)
seed_18_level_6-2,546,4235.127430677414,5698340,1050,(42;42;42;42;42;42;42;42;42;42;42;42;42;42;42;42;42;42;42;42;42;43;43;42;43;43;42;43;42;43;45;47;47;45;51;55;55;58;59;59;59;59;59;61;62;64;53;78;80;84;86;92;114;114;114;114;114;114;114;114;114;114;114;114;114;114;114;114;114;114;114;114;114;114;114;114;114;114;114;114;114;114;114;114;114;114;114;114;114;114;114;114;114;114;114;114;114;114;114;114;114;114;114;114;114;114;114;114;114;114;114;114;114;114;114;114;114;114;114;114;114;114;114;114;114;114;114;114;114;114;114;114;114;114;114;114;114;114;114;59;63;67;59;70;62;126;147;147;147;147)
seed_18_level_6-2,546,4841.727798461914,6391689,1200,(42;42;42;42;42;42;42;42;42;42;42;42;42;42;42;42;42;42;42;42;42;42;42;43;43;42;42;42;43;43;47;47;47;47;51;67;55;54;58;59;59;59;59;59;61;62;64;78;80;84;86;92;114;114;114;114;114;114;114;114;114;114;114;114;114;114;114;114;114;114;114;114;114;114;114;114;114;114;114;114;114;114;114;114;114;114;114;114;114;114;114;114;114;114;114;114;114;114;114;114;114;114;114;114;114;114;114;114;114;114;114;114;114;114;114;114;114;114;114;114;114;114;114;114;114;114;114;114;114;114;114;114;114;114;114;114;114;114;114;59;63;67;59;71;63;126;147;147;147;147)
seed_18_level_6-2,546,5440.340053796768,7084198,1350,(42;42;42;42;42;42;42;42;42;42;42;42;42;42;42;42;42;42;42;42;42;42;43;43;43;43;43;43;42;42;45;47;47;47;51;54;55;58;59;59;59;59;59;61;62;64;53;78;80;84;86;92;114;114;114;114;114;114;114;114;114;114;114;114;114;114;114;114;114;114;114;114;114;114;114;114;114;114;114;114;114;114;114;114;114;114;114;114;114;114;114;114;114;114;114;114;114;114;114;114;114;114;114;114;114;114;114;114;114;114;114;114;114;114;114;114;114;114;114;114;114;114;114;114;114;114;114;114;114;114;114;114;114;114;114;114;114;114;114;59;63;67;59;71;63;126;147;147;147;147)
seed_18_level_6-2,546,6042.488113164902,7776976,1500,(42;42;42;42;42;42;42;42;42;42;42;42;42;42;42;42;42;42;42;42;42;43;43;43;42;43;43;42;43;42;45;47;47;47;51;67;55;55;46;59;59;59;59;59;61;62;64;78;80;84;86;92;114;114;114;114;114;114;114;114;114;114;114;114;114;114;114;114;114;114;114;114;114;114;114;114;114;114;114;114;114;114;114;114;114;114;114;114;114;114;114;114;114;114;114;114;114;114;114;114;114;114;114;114;114;114;114;114;114;114;114;114;114;114;114;114;114;114;114;114;114;114;114;114;114;114;114;114;114;114;114;114;114;114;114;114;114;114;114;59;63;67;59;71;63;126;147;147;147;147)
seed_18_level_6-2,546,6636.400923728943,8468647,1650,(42;42;42;42;42;42;42;42;42;42;42;42;42;42;42;42;42;42;42;42;42;42;43;42;43;43;43;43;42;42;47;46;45;46;47;51;55;54;59;59;59;59;59;61;62;64;53;78;80;84;86;92;114;114;114;114;114;114;114;114;114;114;114;114;114;114;114;114;114;114;114;114;114;114;114;114;114;114;114;114;114;114;114;114;114;114;114;114;114;114;114;114;114;114;114;114;114;114;114;114;114;114;114;114;114;114;114;114;114;114;114;114;114;114;114;114;114;114;114;114;114;114;114;114;114;114;114;114;114;114;114;114;114;114;114;114;114;114;114;59;63;67;59;70;62;126;147;147;147;147)
seed_18_level_6-2,546,7238.5951018333435,9161994,1800,(42;42;42;42;42;42;42;42;42;42;42;42;42;42;42;42;42;42;42;42;42;43;42;43;43;42;43;42;43;43;47;47;58;47;45;51;67;54;55;59;59;59;59;59;61;62;64;78;80;84;86;92;114;114;114;114;114;114;114;114;114;114;114;114;114;114;114;114;114;114;114;114;114;114;114;114;114;114;114;114;114;114;114;114;114;114;114;114;114;114;114;114;114;114;114;114;114;114;114;114;114;114;114;114;114;114;114;114;114;114;114;114;114;114;114;114;114;114;114;114;114;114;114;114;114;114;114;114;114;114;114;114;114;114;114;114;114;114;114;59;63;68;59;71;62;126;147;147;147;147)
seed_18_level_6-2,546,7838.313711643219,9853969,1950,(42;42;42;42;42;42;42;42;42;42;42;42;42;42;42;42;42;42;42;42;42;42;43;42;43;43;43;43;43;43;47;47;46;47;51;54;55;46;59;59;59;59;59;61;62;64;53;78;80;84;86;92;114;114;114;114;114;114;114;114;114;114;114;114;114;114;114;114;114;114;114;114;114;114;114;114;114;114;114;114;114;114;114;114;114;114;114;114;114;114;114;114;114;114;114;114;114;114;114;114;114;114;114;114;114;114;114;114;114;114;114;114;114;114;114;114;114;114;114;114;114;114;114;114;114;114;114;114;114;114;114;114;114;114;114;114;114;114;114;59;63;68;59;70;63;126;147;147;147;147)
seed_18_level_6-2,546,8438.400008678436,10546546,2100,(42;42;42;42;42;42;42;42;42;42;42;42;42;42;42;42;42;42;42;42;42;42;42;43;43;42;42;42;42;42;46;46;45;47;47;51;67;54;55;59;59;59;59;59;61;62;64;78;80;84;86;92;114;114;114;114;114;114;114;114;114;114;114;114;114;114;114;114;114;114;114;114;114;114;114;114;114;114;114;114;114;114;114;114;114;114;114;114;114;114;114;114;114;114;114;114;114;114;114;114;114;114;114;114;114;114;114;114;114;114;114;114;114;114;114;114;114;114;114;114;114;114;114;114;114;114;114;114;114;114;114;114;114;114;114;114;114;114;114;59;63;68;59;71;63;126;147;147;147;147)
seed_18_level_6-2,546,9047.323282241821,11238859,2250,(42;42;42;42;42;42;42;42;42;42;42;42;42;42;42;42;42;42;42;42;42;42;43;42;42;43;42;43;42;42;47;46;58;45;45;51;54;55;59;59;59;59;59;61;62;64;53;78;80;84;86;92;114;114;114;114;114;114;114;114;114;114;114;114;114;114;114;114;114;114;114;114;114;114;114;114;114;114;114;114;114;114;114;114;114;114;114;114;114;114;114;114;114;114;114;114;114;114;114;114;114;114;114;114;114;114;114;114;114;114;114;114;114;114;114;114;114;114;114;114;114;114;114;114;114;114;114;114;114;114;114;114;114;114;114;114;114;114;114;59;63;68;59;71;63;126;147;147;147;147)
seed_18_level_6-2,546,9652.926517248154,11932135,2400,(42;42;42;42;42;42;42;42;42;42;42;42;42;42;42;42;42;42;42;42;42;43;42;43;43;43;42;43;43;43;47;47;46;45;51;67;54;55;58;59;59;59;59;59;61;62;64;78;80;84;86;92;114;114;114;114;114;114;114;114;114;114;114;114;114;114;114;114;114;114;114;114;114;114;114;114;114;114;114;114;114;114;114;114;114;114;114;114;114;114;114;114;114;114;114;114;114;114;114;114;114;114;114;114;114;114;114;114;114;114;114;114;114;114;114;114;114;114;114;114;114;114;114;114;114;114;114;114;114;114;114;114;114;114;114;114;114;114;114;59;63;67;59;71;62;126;147;147;147;147)
seed_18_level_6-2,882,10249.673424959183,12962661,2547,(43;45;43;42;86;114;42;43;42;43;114;42;42;42;45;43;114;46;53;114;114;42;47;68;114;47;42;147;114;114;114;66;114;114;114;114;114;114;114;114;114;114;114;114;114;114;60;114;729;114;147;114;114;114;486;98;75;98;98;42;98;98;211;98;98;98;98;145;98;98;98;98;42;145;76;145;98;145;98;98;63;42;113;171;42;98;42;61;60;42;42;98;42;42;43;61;73;98;69;98;42;61;62;61;98;42;76;145;60;98;98;98;58;145;98;70;98;58;98;98;98;98;98;58;58;55;52;58;98;70;98;98;98;98;98;98;58;98;171;98;98;98;101;98;98;230;43)
seed_18_level_6-2,882,10851.787235736847,13716050,2697,(45;43;98;71;98;98;42;98;61;98;98;98;98;98;54;98;45;98;63;46;98;98;42;63;43;42;42;98;64;98;98;42;98;98;98;98;98;42;98;98;52;42;98;98;98;42;98;98;98;98;98;98;98;42;98;98;230;57;98;98;98;98;98;98;74;230;58;98;98;98;75;56;52;74;43;92;98;98;58;98;98;98;98;98;59;59;60;98;98;98;98;98;53;98;98;98;98;52;98;98;98;98;491;98;98;98;98;79;98;98;145;98;98;98;98;145;171;63;42;98;98;98;98;98;52;171;98;98;98;98;70;98;98;57;98;98;98;98;59;98;98;98;98;98;62;74;98;70;65;70)
seed_18_level_6-2,882,11455.640203237534,14459285,2846,(63;42;98;98;42;98;46;98;45;42;69;98;98;98;98;98;98;98;72;98;98;98;98;98;42;98;98;98;98;98;98;98;52;60;98;54;98;98;98;98;98;42;43;98;145;98;59;98;98;61;98;98;98;58;98;98;98;98;98;69;49;98;98;61;98;72;43;63;98;98;98;98;42;98;98;98;42;230;98;98;98;98;98;98;98;98;74;98;98;171;73;98;98;78;50;98;98;60;74;98;74;98;98;98;98;98;98;98;68;171;98;98;489;98;98;42;171;98;75;60;98;98;98;42;98;98;66;58;98;84;98;59;98;98;72;64;98;79;76;98;98;98;54;98;98;98;98;98;98)
seed_18_level_6-2,882,12069.220487117767,15274972,2996,(63;98;98;98;98;98;98;69;98;98;98;75;45;61;42;42;42;42;42;50;98;61;54;98;79;98;42;98;145;42;71;246;54;98;98;98;98;98;98;98;98;98;145;98;98;98;98;98;98;98;66;98;60;98;98;98;98;98;42;98;98;98;42;67;98;98;98;98;98;98;98;98;98;43;69;98;98;42;98;98;98;98;98;98;98;145;171;98;98;58;98;98;489;98;98;43;98;77;42;98;98;68;98;98;98;54;98;98;98;58;98;103;171;98;42;171;61;66;98;98;98;230;98;98;57;58;55;98;145;56;98;98;145;98;59;98;66;98;98;98;98;171;98;98;98;59;98;171;98;98)
seed_18_level_6-2,882,12664.547018051147,16004161,3145,(61;98;75;42;98;42;98;42;43;230;66;98;98;98;98;50;98;98;98;98;60;98;98;98;98;74;73;54;98;98;98;98;42;98;98;98;98;98;98;59;98;42;74;42;98;43;42;98;77;98;98;98;42;98;63;228;55;145;145;98;65;86;145;98;43;98;64;98;56;230;80;98;98;246;61;60;98;98;54;42;98;98;98;98;98;145;145;98;51;171;98;72;98;71;98;67;98;44;98;171;98;98;98;61;98;52;76;110;98;51;59;98;59;98;98;110;54;98;230;58;70;98;58;98;98;98;98;59;106;98;98;98;145;98;98;98;65;98;98;67;74;98;145;98;98;103;145;98;56)
seed_18_level_6-2,882,13284.121015787125,16839721,3295,(78;43;98;145;98;98;42;98;43;98;98;98;59;42;42;98;98;98;98;98;98;43;98;98;98;98;98;98;98;98;98;98;98;98;98;98;98;230;65;98;76;98;98;42;98;98;97;42;66;98;98;42;42;42;171;145;43;98;98;98;98;98;145;98;51;98;98;98;61;215;44;49;98;98;98;50;246;98;62;161;98;98;98;66;54;59;72;145;145;98;98;164;43;98;171;71;59;98;98;230;98;98;98;98;98;98;145;98;59;98;98;98;98;98;98;145;171;171;98;59;145;98;98;98;59;66;98;228;98;98;98;145;98;98;98;98;98;98;65;98;145;98;98;145;98;98;171;98;98;98)
seed_18_level_6-2,882,13909.997992515564,17783010,3444,(145;42;42;145;98;98;60;98;61;98;98;64;64;98;42;62;98;230;98;98;73;71;42;98;64;42;145;98;98;98;42;57;145;98;98;98;98;98;98;71;98;98;98;68;98;55;98;145;98;98;42;98;98;215;171;195;62;171;98;98;145;98;145;171;51;171;98;98;98;171;145;98;98;98;246;63;98;98;66;98;145;216;98;98;98;98;63;145;98;145;98;98;98;61;98;145;98;98;230;98;98;98;65;52;98;98;57;98;98;74;98;98;98;164;98;98;98;59;98;145;59;98;98;98;145;228;42;98;98;98;98;98;98;81;98;98;171;98;145;319;78;98;98;145;59;70;98;67;98)
seed_18_level_6-2,882,14518.87263250351,18639224,3594,(145;98;145;98;98;98;59;49;56;98;81;54;98;98;42;98;72;98;60;42;230;98;42;42;79;42;54;98;98;171;98;98;98;60;42;42;42;68;65;42;171;145;43;72;98;98;98;98;66;98;72;98;98;74;98;145;98;98;72;98;98;98;42;98;215;98;55;145;98;145;81;98;98;70;98;98;98;98;98;66;61;65;171;98;56;98;145;71;166;42;52;98;319;98;84;98;98;98;98;59;98;98;145;98;70;98;47;98;145;145;44;44;78;98;98;98;145;145;43;98;215;49;49;54;49;106;98;45;454;98;98;98;48;98;51;105;98;145;98;42;145;98;50;54;98;63;85;98;98;98)
seed_18_level_6-2,882,15136.105245113373,19704343,3745,(230;47;43;98;98;73;42;98;76;98;98;84;67;75;51;58;98;62;98;71;145;60;58;42;98;98;60;98;163;171;78;211;98;98;171;98;67;75;98;98;57;145;68;61;98;98;42;47;98;98;58;98;98;68;98;42;76;145;98;98;98;98;145;98;98;454;98;110;54;145;171;98;145;58;70;50;98;98;98;98;98;62;58;45;45;98;230;98;48;98;505;98;55;319;98;145;98;78;67;98;98;44;65;69;68;98;98;78;98;145;105;98;355;98;45;77;98;42;98;98;98;98;216;98;122;145;68;42;70;67;171;98;79;98;98;98;171;98;98;42;42;98;54;68;68;98;42;98;98;60;145)
seed_18_level_6-2,1058,15755.82313656807,20674376,3895,(230;98;42;145;98;98;42;98;59;98;145;98;66;145;98;60;98;98;57;98;98;145;55;145;69;145;98;98;98;145;70;98;98;98;78;42;66;145;98;98;98;98;66;101;215;75;69;98;98;72;43;78;98;68;98;98;101;145;98;145;145;72;54;98;59;145;82;145;104;145;171;460;174;97;146;119;97;97;97;146;97;97;153;146;66;97;146;61;97;97;97;97;76;97;97;97;77;146;75;186;60;81;56;42;97;97;42;146;97;97;100;97;97;97;97;97;97;61;97;174;97;146;97;283;97;60;97;75;146;47;51;97;70;51;97;68;97;174;57;59;97;118;69;168;62;97;71;97;174;97)
seed_18_level_6-2,1058,16378.537816047668,21664928,4046,(283;97;97;43;146;51;80;97;97;174;105;97;42;97;42;97;97;75;79;146;97;146;283;47;97;146;96;97;97;146;69;174;42;97;97;249;97;146;97;146;167;97;97;52;174;70;59;146;97;146;47;97;97;83;97;97;97;66;97;65;146;97;146;97;97;97;97;68;55;97;159;186;97;97;283;97;97;97;146;97;97;97;74;61;100;97;97;97;97;99;97;97;59;97;146;97;215;68;71;97;77;234;146;97;97;146;60;125;74;59;63;97;97;76;70;97;54;97;146;71;71;54;97;283;97;146;67;97;146;78;97;117;97;97;97;87;63;90;146;97;125;97;97;97;97;97;97;97;64;97;97)
seed_18_level_6-2,1058,17012.048968315125,22739868,4198,(216;97;97;97;97;97;71;97;97;97;72;73;97;174;174;97;97;69;146;165;69;78;75;75;97;283;97;64;97;97;42;141;97;97;97;77;97;47;97;97;59;146;75;42;73;73;97;76;159;149;97;68;97;47;97;97;76;97;97;97;42;61;249;47;146;146;72;97;84;75;97;97;115;283;97;97;283;97;97;97;97;97;74;76;97;146;97;97;97;62;74;128;173;65;146;146;283;97;52;97;283;64;154;97;53;97;146;97;174;283;164;146;146;97;97;177;146;97;59;97;97;146;97;174;42;70;283;97;76;60;61;97;97;97;97;97;63;97;97;146;42;69;97;97;68;97;97;97;97;97;97;97)
seed_18_level_6-2,1058,17638.53842639923,23736186,4348,(283;76;61;53;59;97;76;75;42;62;117;71;62;97;74;52;66;113;97;97;97;97;78;70;148;146;97;77;97;97;72;97;51;73;146;52;146;97;83;59;146;51;146;97;57;70;283;146;59;97;58;154;97;97;97;68;74;61;70;249;59;57;97;78;97;59;79;74;74;97;216;97;97;78;97;67;70;79;97;174;97;97;97;97;97;75;97;97;97;77;97;77;97;97;283;57;146;146;97;97;97;164;97;146;59;166;97;42;146;283;165;97;97;97;146;169;54;97;175;97;97;283;97;146;174;97;77;97;97;146;97;73;78;97;65;78;146;178;97;97;59;76;97;146;97;64;283;70;97;60)
seed_18_level_6-2,1058,18265.76881790161,24755175,4497,(283;97;62;97;97;97;74;74;97;158;43;120;76;74;113;74;97;42;97;146;97;148;97;97;97;174;42;97;97;97;71;49;71;97;97;283;97;97;97;146;51;146;146;146;215;97;97;97;97;97;146;97;146;97;92;97;78;74;66;146;97;59;70;97;97;97;97;283;146;97;146;97;97;97;62;97;146;146;97;83;146;146;97;146;97;74;59;97;97;61;77;65;283;78;59;97;135;97;97;97;74;97;97;69;78;87;97;213;97;97;97;97;97;146;97;97;191;146;76;255;283;97;67;97;191;97;42;97;97;97;97;97;97;97;159;97;58;97;97;97;97;42;54;146;146;97;97;55;97)
seed_18_level_6-2,1058,18893.24946451187,25784362,4648,(283;76;73;61;67;61;75;80;60;97;74;73;73;42;97;74;97;146;97;97;97;63;283;97;97;97;42;97;52;97;97;220;69;97;97;97;97;146;66;97;146;97;97;97;59;202;97;53;283;97;97;97;97;146;68;97;72;97;174;97;97;97;146;175;225;97;97;97;97;283;93;68;216;97;74;283;97;80;97;42;76;97;146;80;64;97;70;42;70;97;79;97;97;68;77;97;283;97;66;97;97;97;66;45;97;97;97;97;60;97;97;97;62;97;97;57;146;97;97;97;97;65;255;97;97;69;97;97;97;97;76;97;97;61;98;97;97;97;97;97;107;97;283;170;146;97;97;97;97;97;174)
seed_18_level_6-2,1058,19543.646260261536,27069574,4799,(283;89;73;62;97;97;69;67;97;97;171;79;42;97;72;109;97;42;69;42;76;76;67;283;97;97;68;79;97;68;97;97;146;146;97;42;226;97;97;57;97;97;146;42;97;97;43;56;283;97;146;42;74;97;71;97;54;97;57;97;197;97;71;97;97;97;97;57;174;283;97;283;97;97;97;97;146;160;97;60;53;97;97;146;97;146;97;64;42;124;150;283;97;146;97;97;255;97;128;97;97;97;97;53;97;97;97;97;293;97;59;174;146;97;97;59;79;121;97;97;97;97;146;98;283;174;146;146;283;97;97;283;68;283;146;97;146;147;97;270;97;212;97;97;74;149;146;97;146;97;174)
seed_18_level_6-2,1058,20158.350854873657,28123754,4949,(283;88;97;42;97;97;53;97;70;97;97;146;146;97;97;55;42;42;43;64;97;226;97;66;97;97;71;146;97;146;177;97;97;97;97;68;62;71;97;97;97;97;97;71;97;283;97;97;97;68;42;97;124;97;97;45;97;146;97;68;146;97;97;97;53;97;97;97;97;283;97;97;84;174;97;42;63;75;97;54;42;55;97;85;84;97;42;68;158;42;42;75;74;255;74;97;97;74;97;97;97;78;97;146;146;76;55;97;76;146;97;97;76;60;97;52;74;151;97;146;283;97;68;146;59;249;67;146;174;146;159;283;71;149;68;78;97;60;283;241;150;78;146;97;146;42;72;68;249;146)
seed_18_level_6-2,1058,20784.95715546608,29248964,5099,(283;97;97;172;97;97;76;69;42;42;150;42;42;46;47;75;45;79;146;97;97;97;283;97;53;97;75;71;71;97;97;97;97;173;97;42;97;61;97;97;97;78;283;97;97;161;97;146;59;146;97;97;97;97;53;69;74;97;146;71;97;97;97;97;153;70;97;55;97;97;97;97;146;69;76;97;97;97;76;97;97;97;53;132;146;97;97;146;97;97;255;97;74;146;63;61;79;146;136;97;249;97;181;97;64;97;146;97;97;163;97;97;149;97;97;52;97;97;283;202;97;97;59;150;174;283;97;174;97;146;74;221;157;97;97;97;97;249;56;97;97;97;146;97;97;249;97;249;135;56)
seed_18_level_6-2,1170,21424.35756421089,30764881,5250,(283;97;97;42;42;97;60;51;42;97;63;57;59;97;78;97;68;97;97;97;283;97;97;97;78;97;97;78;146;70;97;146;42;97;70;97;69;72;97;69;97;71;97;97;146;97;97;146;231;97;146;97;97;97;97;97;97;55;97;97;97;97;97;97;97;283;42;97;97;60;42;146;97;97;42;97;97;97;146;97;146;124;97;97;97;97;168;97;97;255;60;146;172;1001;113;96;78;162;96;96;96;162;96;260;96;144;162;96;163;144;96;96;162;96;96;96;96;79;208;96;162;96;144;96;96;96;96;53;69;96;163;67;171;96;144;96;96;68;144;96;96;96;144;96;96;144;144;162;72;144;96)
seed_18_level_6-2,1170,22059.970299959183,31862717,5400,(208;60;96;169;96;208;163;147;55;96;70;162;143;96;58;42;64;62;153;260;96;208;96;109;96;67;96;208;96;74;96;77;42;144;208;144;96;144;96;96;96;58;260;96;71;117;68;42;144;96;96;42;61;130;67;72;42;43;74;66;93;96;96;96;208;96;96;96;96;96;144;96;96;57;96;144;96;96;68;70;96;67;96;96;145;96;68;96;55;208;67;96;96;96;70;144;208;96;96;59;169;96;68;96;163;159;96;96;96;76;208;96;96;96;58;68;96;96;96;308;144;96;59;120;96;176;96;96;96;162;162;96;96;96;96;162;62;56;119;208;96;308;144;162;96;144;208;62;58;96)
seed_18_level_6-2,1170,22669.70865559578,32707718,5550,(260;163;96;96;42;60;59;96;73;96;42;42;144;96;42;96;96;165;96;74;96;208;96;69;51;96;96;154;55;96;96;96;96;96;96;78;96;96;71;96;59;96;96;96;96;208;96;68;59;96;144;55;96;96;96;57;70;144;153;164;58;96;96;72;96;73;143;96;96;144;96;134;96;260;96;96;96;96;67;134;74;96;96;96;96;138;70;142;54;96;49;96;96;110;96;96;96;208;42;42;96;115;63;47;57;45;49;42;72;96;134;42;96;96;63;78;42;96;72;96;308;78;79;78;162;192;96;96;96;59;96;144;110;67;96;96;144;96;59;96;96;96;64;60;96;96;56;55;208;96)
seed_18_level_6-2,1170,23292.29255962372,33678386,5702,(208;96;42;144;168;144;63;117;96;96;75;42;74;97;176;76;96;96;71;42;260;96;96;96;96;72;144;96;96;117;96;96;96;126;42;96;70;96;68;96;96;96;208;96;96;65;59;96;96;96;56;74;208;208;96;68;96;60;96;59;69;42;96;57;96;96;71;260;74;96;260;96;62;66;59;53;144;96;96;61;60;162;96;96;63;69;63;73;73;58;96;96;208;147;96;96;148;96;162;144;144;202;144;59;55;81;69;144;96;51;96;260;78;96;144;79;80;54;96;74;96;308;96;120;96;96;77;96;144;96;79;61;96;107;65;96;144;96;107;96;62;60;170;96;165;78;60;96;96;144;96;107)
seed_18_level_6-2,1170,23893.353687286377,34669046,5852,(260;73;69;51;70;91;96;162;96;96;63;71;43;73;96;96;96;144;63;96;96;66;166;51;96;42;208;42;67;96;68;70;42;208;73;42;96;60;96;62;96;96;96;67;84;96;70;47;74;70;62;144;208;96;42;144;63;59;49;96;53;42;70;96;59;96;96;80;66;96;62;68;144;96;96;43;59;42;96;72;96;208;260;208;96;208;81;96;51;68;162;56;68;156;96;96;208;171;157;59;96;96;58;144;96;96;96;62;96;219;90;208;144;57;78;308;208;96;96;144;162;96;59;96;96;74;60;79;144;144;144;142;96;96;96;96;96;116;59;78;162;72;96;208;59;202;109;96;96;260)
seed_18_level_6-2,1170,24507.47194981575,35650335,6001,(208;67;96;45;69;47;96;42;96;96;53;96;96;63;96;96;96;119;96;42;68;42;84;47;208;96;96;70;96;96;96;96;208;96;62;96;43;96;96;96;53;144;96;144;96;56;96;96;43;96;144;260;75;144;96;66;96;96;144;96;96;60;61;77;96;96;55;78;96;78;96;76;42;70;208;96;308;208;96;144;144;144;61;96;144;96;144;96;144;96;60;96;144;139;60;96;162;96;77;96;96;96;78;96;96;58;96;96;96;96;96;96;96;260;208;96;70;144;96;96;197;69;74;96;96;73;96;144;96;96;158;208;208;96;59;162;96;162;173;144;96;69;96;96;70;96;158;96;193)
seed_18_level_6-2,1170,25125.860982894897,36571580,6151,(208;42;45;96;42;42;45;115;96;96;96;96;96;154;96;42;96;155;96;68;96;59;260;144;96;144;96;78;96;43;55;87;50;42;51;76;92;96;96;96;59;162;69;144;53;68;96;59;96;208;42;96;144;144;96;96;96;56;96;96;96;96;55;96;96;96;96;96;71;55;96;144;96;96;96;82;96;308;60;96;58;144;60;96;60;144;202;96;96;208;96;208;76;96;96;96;144;59;96;96;96;64;96;144;77;96;96;61;96;59;96;147;260;144;144;71;96;144;126;208;59;68;73;208;68;144;162;96;96;96;74;96;144;96;69;96;96;96;96;96;66;96;69;96;96;150;96;152;96;96)
seed_18_level_6-2,1284,25757.38716340065,37707922,6301,(208;47;42;70;42;208;45;42;55;70;72;42;96;67;67;96;96;59;69;54;96;61;84;70;96;71;82;81;208;71;162;96;96;56;66;96;96;96;96;76;155;144;96;96;58;96;162;42;157;56;68;96;59;71;96;63;70;74;96;144;96;71;96;260;146;167;144;96;96;59;144;208;144;96;96;162;96;96;96;208;96;74;144;59;191;69;96;74;96;96;96;169;208;150;208;57;144;144;148;96;96;96;70;96;208;208;74;308;55;96;78;144;162;96;57;162;163;162;96;67;96;306;112;75;59;173;205;112;110;143;112;56;143;74;59;143;298;60;112;169;112;112;112;143;143;112;143;112;143;169)
seed_18_level_6-2,1284,26396.79055404663,38844909,6452,(221;42;112;114;112;112;42;143;73;112;73;71;112;112;42;78;126;72;68;112;112;112;67;112;112;221;112;56;143;159;112;143;112;60;143;69;74;112;68;112;65;61;74;60;112;143;143;112;221;42;112;112;143;72;59;67;112;59;72;143;221;265;112;112;112;143;112;112;171;112;112;112;112;69;112;143;143;112;143;59;59;143;112;112;59;112;73;70;74;112;112;63;307;143;112;143;112;112;112;112;112;112;217;112;112;112;306;143;59;169;59;143;112;112;112;57;112;79;169;112;112;56;180;56;83;112;112;112;112;55;112;144;79;112;261;169;55;171;168;143;112;112;221;112;42;112;112;112;112;57;112)
seed_18_level_6-2,1284,27042.87262749672,40003805,6602,(221;221;112;83;112;112;112;169;112;112;79;57;112;112;112;112;112;112;74;112;112;143;169;112;112;143;69;221;143;72;143;43;164;112;112;112;42;112;74;79;112;143;56;143;143;42;143;54;61;112;169;143;169;66;112;143;112;143;112;112;143;64;112;169;307;112;53;143;112;73;112;58;68;112;56;143;221;58;112;143;76;112;74;221;116;112;169;112;73;120;64;112;143;143;70;59;120;112;112;143;197;69;112;58;112;143;306;112;56;143;57;112;61;112;213;112;78;185;112;59;61;65;143;76;112;112;112;112;169;112;169;155;112;143;112;112;112;112;112;143;79;112;112;112;179;145;143;56;59;77)
seed_18_level_6-2,1284,27659.801419496536,41028369,6751,(221;112;52;112;77;42;112;112;112;112;182;42;169;171;67;42;112;76;43;72;112;42;143;66;42;112;61;169;112;161;68;221;170;112;59;59;112;43;112;42;176;112;143;63;112;46;112;48;112;56;78;56;169;69;112;80;78;159;112;143;112;169;75;48;74;42;74;307;169;54;112;112;59;143;112;56;180;74;76;54;112;112;50;165;143;143;76;112;169;112;112;59;80;112;73;112;112;70;112;221;184;143;143;74;68;112;59;306;82;143;112;112;169;59;112;85;59;112;112;143;61;172;143;177;112;112;62;143;57;112;112;112;62;112;143;57;112;143;74;59;112;112;112;221;56;59;112;112;62)
seed_18_level_6-2,1284,28304.875782489777,42152352,6902,(182;143;112;123;62;112;112;42;112;42;44;43;112;42;143;51;43;112;112;112;112;112;42;112;42;112;112;112;42;112;130;112;112;42;112;42;71;42;143;169;143;133;143;112;306;112;143;143;108;112;112;112;112;112;221;112;210;61;79;112;112;60;143;189;112;112;112;59;109;112;112;62;112;112;55;143;112;112;112;112;143;70;112;112;143;112;112;112;143;60;169;112;169;112;81;56;112;60;307;112;112;59;112;72;112;112;74;112;112;112;143;128;169;168;66;112;191;112;120;79;112;130;61;58;73;143;112;150;143;221;196;62;159;112;61;112;143;169;156;135;112;169;112;161;112;50;112;221;112;112;112)
seed_18_level_6-2,1284,28967.082810878754,43481773,7053,(181;112;143;112;59;112;221;112;112;143;112;175;143;67;197;112;265;112;112;112;112;112;112;112;113;74;112;112;61;59;143;112;112;112;55;112;42;112;63;112;306;143;112;59;112;59;143;112;112;98;143;307;143;112;143;59;169;59;112;112;59;112;112;112;79;205;112;112;80;112;176;112;58;61;143;59;112;112;112;59;64;112;60;57;112;143;143;112;59;169;112;61;143;112;112;307;221;84;112;143;265;221;65;166;66;72;71;67;112;169;68;112;65;165;221;265;112;108;112;58;112;74;112;265;145;169;207;70;112;154;221;112;112;143;69;165;169;59;56;74;59;112;112;112;265;66;143;169;91;118;57)
seed_18_level_6-2,1284,29610.707139015198,44634944,7204,(265;115;112;112;42;112;112;143;143;60;170;112;61;112;143;143;112;98;54;83;112;112;112;60;112;42;221;112;61;112;112;112;171;60;112;143;112;112;57;112;143;112;306;112;143;143;143;60;112;59;233;112;56;112;59;112;59;78;112;57;112;112;57;112;112;57;112;112;63;112;112;112;112;165;143;112;112;62;61;60;149;60;135;63;56;143;112;62;57;112;112;112;63;112;307;112;163;68;112;143;112;169;143;208;117;169;112;143;132;70;112;62;59;69;221;221;112;143;112;43;151;112;112;169;120;112;187;112;112;59;112;112;169;70;113;112;143;78;75;160;112;118;143;143;143;112;64;163;112;143;153)
seed_18_level_6-2,1284,30262.375175237656,45902196,7355,(265;61;78;112;112;143;169;112;59;112;71;112;60;143;112;185;169;66;112;143;143;112;67;112;143;112;112;176;156;112;100;112;112;112;143;61;112;112;112;112;143;112;112;112;185;306;112;64;112;61;112;112;173;68;59;77;112;112;112;143;143;169;129;112;112;143;112;113;73;140;275;112;151;59;112;62;109;112;73;62;59;112;112;112;143;125;61;62;59;112;143;112;112;78;143;307;74;161;112;112;112;199;112;112;221;143;79;70;112;112;112;112;74;73;112;112;72;112;112;112;64;143;112;112;112;129;143;150;163;75;66;112;143;112;64;168;161;143;112;143;169;112;112;221;169;112;307;143;112;143;204)
seed_18_level_6-2,1284,30916.303971767426,47227234,7505,(306;221;60;112;112;55;112;221;112;112;112;169;78;112;61;112;169;112;112;112;180;112;112;61;112;112;112;169;112;112;221;112;76;143;59;80;143;60;143;69;69;112;143;112;112;112;109;112;265;112;141;143;143;113;57;143;112;70;112;137;144;112;59;74;112;112;184;65;143;69;61;112;278;125;112;68;69;112;112;112;143;112;71;75;112;112;215;112;112;112;265;143;87;170;75;307;143;73;184;265;72;87;62;159;57;112;112;118;143;153;112;77;112;143;58;202;112;112;61;112;82;224;221;65;150;112;74;265;176;50;74;169;112;112;163;122;112;191;74;112;73;73;168;112;86;112;143;112;159;112)
seed_18_level_6-2,1284,31545.509841442108,48375678,7654,(306;71;112;112;112;169;112;143;112;112;201;112;112;91;143;50;112;59;61;112;46;143;112;79;112;57;112;143;112;112;112;112;112;61;57;168;174;112;169;112;60;112;67;112;112;73;112;278;79;185;112;221;76;64;112;76;112;143;78;143;63;112;112;112;112;112;63;143;55;112;61;112;79;143;58;143;112;60;112;143;74;65;78;112;112;143;76;112;169;97;112;169;63;112;58;307;112;143;143;155;73;265;165;54;74;59;66;143;112;143;169;169;112;112;168;112;112;169;112;124;221;87;69;112;88;143;112;112;42;112;112;112;143;124;136;56;112;112;221;112;73;112;112;61;60;112;164;91;163)
seed_18_level_6-2,1284,32194.156028032303,49777923,7804,(278;112;112;143;265;156;112;78;112;143;73;112;112;169;55;71;112;54;112;70;112;112;57;143;112;59;67;62;46;112;112;70;78;61;140;112;169;77;143;169;112;143;112;67;112;143;60;55;66;112;143;59;75;58;169;162;112;265;112;78;54;170;112;112;112;112;112;112;64;112;188;307;70;148;112;112;112;305;265;265;112;169;112;54;184;143;59;56;112;143;112;112;59;68;221;265;112;112;143;136;112;134;66;112;112;307;143;57;112;112;112;59;112;112;133;68;221;190;55;76;188;112;143;166;65;265;143;112;66;59;118;75;73;112;112;143;187;112;112;58;112;66;147;167;83;112;307;221;217;169)
seed_18_level_6-2,1284,32829.09060883522,51076686,7954,(278;112;77;112;143;70;59;112;112;42;112;112;122;112;112;128;60;63;112;143;112;112;112;68;67;61;63;112;112;112;112;112;112;95;112;112;71;70;69;112;112;143;63;112;112;143;112;122;143;70;42;143;112;65;112;58;63;112;77;112;112;112;77;56;112;143;112;78;143;307;169;68;171;270;170;66;59;112;169;137;73;64;128;265;189;112;112;59;112;141;189;181;221;265;70;58;214;151;57;112;64;53;112;112;143;135;221;112;112;141;143;326;112;63;221;161;112;112;65;152;112;265;70;70;69;53;143;187;155;59;153;113;60;67;216;112;112;132;112;64;112;265;112;173;65;48;112;113;265;112)
seed_18_level_6-2,1284,33454.82467627525,52256595,8104,(278;59;112;169;112;65;58;75;73;117;112;112;112;112;112;112;112;61;112;110;112;165;112;58;112;60;113;55;112;112;169;112;61;78;112;112;112;112;124;112;61;60;112;130;143;112;112;60;169;112;112;112;63;112;112;65;112;143;112;112;112;143;143;112;112;326;112;169;112;239;143;143;55;112;43;221;59;66;116;143;59;114;116;112;65;51;169;112;75;143;70;112;70;265;61;112;60;59;74;47;112;143;221;112;112;265;59;112;112;143;112;112;64;112;112;112;95;171;166;112;307;67;169;154;58;71;61;112;112;117;60;112;60;143;169;63;91;112;143;112;59;307;143;112;58;156;163;82;112;143)
seed_18_level_6-2,1284,34088.07923388481,53389216,8254,(278;143;112;112;59;112;68;113;143;58;112;112;61;112;112;112;169;143;112;75;112;77;143;66;112;73;143;63;112;112;112;112;112;112;59;162;79;112;76;112;60;112;221;67;112;143;112;112;112;143;112;112;113;112;112;78;42;143;153;112;143;112;58;78;68;75;62;326;75;67;112;112;112;112;112;112;60;112;57;157;221;112;112;112;169;143;73;128;112;53;112;69;112;342;143;119;112;112;112;129;112;112;112;112;143;167;157;143;112;112;112;128;90;68;112;112;112;265;59;112;162;112;143;58;143;112;112;59;84;88;112;67;112;59;169;112;143;66;194;147;221;112;72;56;61;143;59;112;60;143)
seed_18_level_6-2,1284,34713.54694747925,54413473,8404,(278;64;221;112;197;112;112;112;62;63;64;60;97;65;143;59;112;112;78;112;70;169;221;143;112;112;65;143;59;112;143;112;112;60;143;112;58;59;74;63;112;62;112;143;112;112;112;143;59;112;112;112;112;112;112;59;112;112;78;58;112;143;112;112;59;112;52;52;112;342;112;87;58;169;112;74;221;59;71;54;112;112;112;91;112;143;66;59;192;64;48;189;118;70;87;112;112;112;112;112;69;70;183;76;60;221;55;63;71;69;112;112;143;78;42;128;114;60;112;60;169;90;143;173;169;67;307;112;60;169;59;143;112;75;132;143;72;112;53;90;112;112;141;53;42;53;50;45;112;73)
seed_18_level_6-2,1284,35351.44689369202,55639679,8554,(342;65;112;75;215;56;169;58;130;143;70;326;70;50;112;74;59;69;143;67;112;143;143;70;120;112;59;112;86;112;162;143;60;58;89;112;221;136;112;56;143;112;71;265;169;112;129;112;112;59;221;112;112;112;64;221;143;143;112;112;90;165;143;112;112;155;58;112;112;50;112;162;112;112;91;112;143;278;74;129;143;143;143;59;112;112;74;55;64;112;143;112;112;143;143;221;112;112;112;74;60;221;112;63;112;112;112;61;169;46;112;75;143;112;59;143;59;143;143;265;143;112;55;112;112;59;143;112;143;112;112;68;112;143;112;61;112;63;112;112;112;169;112;112;143;127;143;112;112;112)
seed_18_level_6-2,1284,35980.72656226158,56660855,8704,(278;112;112;112;112;112;67;112;63;112;74;112;112;61;143;143;112;143;112;112;112;112;112;112;112;112;72;62;112;188;112;77;112;53;112;141;59;112;112;112;221;66;42;112;96;112;112;63;112;112;112;166;52;112;112;77;59;112;63;112;112;112;143;112;112;112;59;100;112;112;112;63;342;112;170;58;143;221;60;111;59;75;112;50;72;72;169;49;112;112;122;75;161;112;221;112;112;68;54;112;70;112;112;143;54;112;112;135;143;176;112;221;56;169;69;112;112;211;143;112;169;74;66;112;112;57;169;112;68;53;112;82;112;51;59;75;54;54;67;74;112;169;80;143;143;69;70;112;80;78)
seed_18_level_6-2,1284,36620.3939781189,57979993,8854,(278;94;104;55;55;112;143;55;58;168;112;143;112;143;169;143;143;97;68;143;143;58;169;112;70;63;112;112;112;112;63;143;55;112;143;112;112;64;59;112;307;143;112;143;112;61;77;52;112;61;96;56;112;112;143;97;173;62;58;143;112;143;55;112;221;112;112;97;112;52;112;143;47;342;112;143;169;58;221;42;143;169;57;153;155;112;112;59;112;112;112;54;265;112;59;138;60;76;221;54;112;112;112;56;147;59;42;112;132;163;169;221;169;112;221;143;79;149;58;157;307;70;72;143;221;60;265;59;143;112;307;112;143;112;112;112;69;143;143;143;43;112;60;59;221;143;60;112;169;59)
seed_18_level_6-2,1284,37259.57136487961,59184673,9004,(278;143;97;59;60;112;143;112;112;64;64;54;143;143;113;97;169;61;112;74;143;112;112;169;55;97;61;112;69;149;112;265;185;112;169;112;112;169;174;112;55;97;143;112;52;59;112;120;112;169;73;112;112;69;60;68;143;112;112;96;112;169;63;112;67;112;112;143;112;75;112;112;342;143;112;60;112;150;161;74;70;112;60;169;112;57;112;221;112;112;132;112;112;169;143;180;143;221;159;169;161;112;73;112;112;100;112;168;112;265;69;143;112;112;143;63;96;59;169;109;170;112;149;112;143;60;69;165;112;143;59;54;197;53;141;112;112;88;137;143;112;112;169;112;112;112;69;42;112;112)
seed_18_level_6-2,1284,37909.22027134895,60488167,9154,(278;112;177;112;77;171;143;112;169;112;112;143;59;112;170;112;143;59;163;77;59;169;67;62;143;60;143;109;143;143;112;61;112;112;112;112;96;74;168;112;171;112;78;112;112;143;148;112;209;112;112;221;59;112;97;112;112;112;112;112;112;143;112;164;44;63;78;112;112;76;112;70;112;342;143;169;57;143;59;112;147;112;112;183;119;42;112;112;157;143;67;42;143;50;221;65;112;60;112;60;112;110;151;143;112;112;143;88;60;156;169;189;65;112;72;215;143;149;65;112;112;135;143;112;112;143;112;292;73;83;73;112;166;112;60;221;169;143;72;221;79;59;307;54;221;72;112;112;225;112)
seed_18_level_6-2,1284,38548.70518183708,61809802,9304,(278;221;112;169;112;112;59;169;112;63;93;60;113;112;46;112;112;112;265;55;55;112;112;112;72;221;53;61;112;112;112;112;112;112;112;112;143;143;78;112;112;143;61;112;55;143;58;112;169;143;143;112;61;112;77;112;55;112;143;106;57;112;55;112;169;112;143;112;221;112;112;112;342;158;164;112;143;112;178;112;112;221;69;162;112;112;73;59;60;71;112;112;112;112;112;169;265;59;59;116;112;209;221;68;62;221;143;59;221;112;60;65;221;221;143;221;169;112;112;70;112;112;61;65;72;75;265;170;112;112;143;112;221;57;62;143;70;112;72;73;42;169;74;43;221;59;265;143;96;112)
seed_18_level_6-2,1284,39180.54512500763,63033462,9454,(278;169;221;72;112;112;112;221;57;112;112;65;59;59;112;112;112;112;112;112;107;112;65;112;79;112;112;112;112;112;58;109;112;112;58;112;143;112;79;68;112;112;112;112;60;112;112;112;58;143;63;63;143;72;59;112;112;61;161;150;112;112;169;112;143;112;143;112;64;112;112;342;143;161;143;112;143;72;70;133;76;112;60;265;74;112;112;62;112;60;112;112;112;63;67;112;143;217;61;67;169;221;58;68;59;129;112;181;88;221;265;143;112;148;112;112;169;47;112;59;112;71;221;174;57;57;61;143;112;73;112;158;61;169;159;265;196;112;167;60;307;61;74;112;70;116;112;64;112;143)
seed_18_level_6-2,1284,39815.758890390396,64244823,9604,(278;143;143;143;55;112;112;112;62;221;52;112;169;112;221;112;64;112;47;148;143;212;112;71;112;112;169;112;112;143;112;143;65;112;178;112;112;112;62;143;112;143;112;112;112;112;59;58;112;155;143;169;60;169;143;112;56;112;112;112;112;52;143;112;63;59;112;112;112;342;59;70;112;66;112;71;60;70;112;70;265;73;112;170;73;59;143;75;112;167;52;79;112;143;112;265;58;112;112;65;70;151;169;120;60;60;112;62;163;221;143;112;112;59;112;171;59;71;182;62;73;160;112;74;140;112;221;143;112;59;147;112;59;79;65;57;59;98;57;186;169;62;59;174;272;83;206;157;112;112)
seed_18_level_6-2,1284,40454.2247004509,65475650,9754,(278;112;143;112;55;112;143;55;112;112;59;64;60;67;50;71;164;112;112;143;143;154;112;46;56;83;143;143;112;143;59;143;73;61;112;112;143;112;59;183;112;265;143;67;60;112;112;112;56;112;265;59;63;58;112;112;112;61;187;143;112;143;70;112;143;112;169;68;112;112;272;112;112;221;143;114;75;169;55;112;60;265;68;50;50;70;60;169;73;143;60;60;112;195;112;112;248;265;59;59;112;70;112;96;65;52;112;145;46;112;307;50;77;147;112;96;141;120;112;112;173;143;98;112;169;150;143;55;113;112;112;112;112;149;54;143;73;215;307;118;112;61;143;59;148;112;61;143;143;91)
seed_18_level_6-2,1284,41084.48859620094,66613490,9904,(278;170;112;112;112;143;112;55;143;112;63;59;143;138;265;59;112;112;112;112;59;112;112;143;107;56;191;143;59;65;112;59;112;143;112;112;55;112;143;112;112;62;112;112;112;63;59;112;97;143;112;55;112;112;112;57;112;221;131;112;143;112;112;53;59;59;112;59;143;65;112;186;272;59;151;169;221;74;112;148;215;116;59;59;60;59;112;112;112;157;169;70;112;145;56;112;172;112;143;65;57;112;68;112;145;62;59;64;112;112;112;169;112;112;60;176;59;112;75;112;112;143;169;67;71;56;112;62;52;143;60;61;112;143;162;157;143;143;50;174;143;58;221;59;147;265;156;56;220;112)
seed_18_level_6-2,1284,41711.839186906815,67747690,10054,(278;60;112;52;143;112;143;59;112;112;143;110;112;112;55;112;59;112;143;63;112;72;112;112;60;62;55;112;112;112;61;143;61;59;112;112;112;112;170;59;143;59;56;58;112;92;153;146;112;50;112;74;112;112;112;221;112;153;143;112;221;59;143;61;58;155;63;94;112;143;52;272;59;60;112;143;143;112;143;112;227;112;112;63;64;114;112;143;112;55;59;112;61;112;112;143;112;57;112;176;265;112;112;112;56;143;75;69;112;149;56;143;164;112;112;55;174;143;153;112;112;112;73;112;169;126;112;112;157;221;112;143;112;161;112;185;56;112;221;221;63;65;176;167;59;75;165;143;112;72)
seed_18_level_6-2,1284,42368.28667354584,69157229,10204,(278;59;169;112;112;113;169;265;182;221;143;64;74;60;169;60;265;59;143;112;112;112;112;64;112;112;112;112;59;107;112;112;58;55;158;112;112;78;112;169;112;112;55;155;112;112;112;42;143;112;112;143;78;143;143;74;60;63;63;112;169;112;112;61;112;185;221;59;113;76;272;112;112;112;70;138;112;164;112;75;221;149;112;221;112;69;143;55;151;143;164;112;221;224;143;73;112;143;112;112;169;221;112;182;112;112;154;214;148;144;112;112;112;265;72;112;155;112;60;151;169;156;162;143;66;265;157;60;71;57;169;112;112;55;307;60;112;184;157;112;112;112;59;209;59;118;187;112;70;146)
seed_18_level_6-2,1284,42988.23354887962,70335843,10354,(278;112;112;59;59;55;112;112;112;192;112;112;112;112;112;112;265;55;112;169;112;112;53;143;112;112;112;112;169;143;71;67;59;112;112;46;61;112;143;112;112;143;143;147;71;51;112;112;59;169;64;112;112;67;55;112;57;53;112;55;112;55;61;112;112;166;59;143;112;272;67;112;169;56;180;112;59;71;52;66;112;67;167;59;326;112;112;143;112;265;112;112;112;265;112;57;157;64;112;112;163;221;57;78;145;59;59;169;112;112;112;54;112;112;56;169;157;169;143;128;74;88;221;70;143;221;112;169;70;55;112;112;71;112;112;112;70;112;112;178;207;112;112;155;112;112;60;159;73;59)
seed_18_level_6-2,1284,43639.21683239937,71754528,10504,(278;221;70;112;143;170;59;168;112;162;169;53;143;55;143;143;61;112;143;112;61;112;221;165;65;112;61;112;135;143;112;64;112;74;112;161;112;169;112;66;68;62;112;112;222;120;112;61;112;213;112;143;112;52;55;169;143;169;112;143;143;112;59;59;51;112;169;109;272;143;112;112;68;112;112;112;112;112;265;112;143;265;112;169;155;112;148;179;70;143;221;169;156;87;169;57;143;143;161;112;112;169;112;112;171;221;60;143;65;66;265;265;112;42;112;112;148;42;112;112;57;221;112;143;112;112;112;89;221;70;74;143;112;73;166;143;112;259;68;112;221;112;164;159;112;143;73;154;61;169)
seed_18_level_6-2,1284,44285.01233506203,73139951,10654,(278;112;112;76;112;60;63;112;143;221;128;58;112;63;112;112;112;52;112;58;212;265;112;112;112;112;112;189;55;221;112;59;64;112;214;61;55;112;112;143;143;112;112;112;112;265;112;112;112;112;112;67;112;52;143;112;112;63;67;143;112;57;59;150;112;143;54;59;59;272;95;112;157;112;112;112;221;221;71;172;59;174;265;112;143;59;143;142;57;71;143;112;187;74;63;67;150;59;143;112;42;58;171;58;221;112;221;59;143;221;159;154;221;70;67;58;169;89;119;65;68;143;158;108;221;73;73;69;57;221;112;112;221;265;85;112;112;112;221;112;59;157;179;69;112;265;150;265;169;64)
seed_18_level_6-2,1284,44945.575916051865,74666834,10804,(278;155;184;112;112;212;112;59;205;194;143;107;137;112;112;112;112;143;54;112;112;112;265;56;52;112;58;60;144;112;221;156;112;59;112;112;129;112;112;112;70;112;112;112;79;112;143;112;169;56;221;221;67;112;112;112;63;74;54;53;112;112;59;112;69;143;143;272;112;166;157;112;112;59;59;163;143;152;221;69;131;112;191;143;166;158;187;112;112;156;169;157;265;155;112;149;167;112;112;165;191;81;154;57;213;112;73;112;155;162;112;112;112;151;168;143;71;112;61;96;151;112;169;265;261;221;164;170;155;112;150;241;161;143;112;112;221;67;57;112;112;112;112;112;112;78;265;165;265;169)
seed_18_level_6-2,1284,45596.37515425682,76112538,10954,(278;59;112;112;55;112;112;112;67;143;178;63;59;63;170;56;107;61;112;143;59;143;169;55;59;112;66;188;112;112;143;143;112;112;112;112;112;60;55;55;143;143;112;112;112;112;112;112;143;143;55;112;112;265;59;112;78;112;112;62;184;157;112;59;56;261;221;67;71;112;112;165;169;221;265;221;221;143;112;149;57;67;156;69;143;112;147;169;143;57;112;59;112;112;265;261;265;64;149;71;162;112;165;210;112;142;169;143;112;68;221;112;112;169;112;267;149;169;112;165;143;221;112;221;112;112;112;155;112;112;146;112;112;156;112;221;71;182;187;112;72;63;135;143;128;169;112;112;56;190)
seed_18_level_6-2,1284,46234.83072257042,77502414,11104,(278;60;143;143;112;112;112;65;112;112;143;60;112;143;112;112;221;112;112;112;60;112;143;112;125;59;112;55;149;169;109;143;143;146;146;79;221;112;169;112;59;112;190;221;169;112;112;112;112;112;143;112;265;77;143;112;143;112;63;112;59;55;64;112;261;143;221;221;112;68;112;112;143;112;221;112;160;86;172;163;112;143;112;55;169;59;76;112;171;183;143;98;60;143;221;112;112;79;69;169;112;166;152;157;57;112;112;169;190;112;153;154;59;143;169;112;112;151;149;112;216;112;112;169;60;112;143;112;143;112;171;59;143;169;112;143;210;112;112;148;221;169;112;112;70;132;112;143;112;143)
seed_18_level_6-2,1284,46879.20392584801,78906126,11254,(278;112;112;59;112;96;169;221;198;168;143;143;175;112;112;169;203;77;112;112;59;143;49;112;143;68;143;221;172;265;112;145;112;112;169;143;55;112;143;112;161;57;55;55;112;67;265;209;112;143;112;169;112;112;112;112;112;112;168;222;112;169;112;265;143;63;74;261;154;169;206;68;221;69;112;74;66;164;112;112;112;66;168;59;156;66;92;112;155;42;143;70;70;70;212;59;112;112;265;59;112;265;71;73;112;71;169;60;221;112;112;120;171;112;70;112;59;154;112;157;221;112;71;112;143;143;112;112;112;112;83;112;221;143;157;112;59;64;169;112;169;70;112;112;73;112;112;70;55;149)
seed_18_level_6-2,1284,47537.81541013718,80470766,11404,(261;61;112;57;143;71;157;95;170;265;221;69;112;169;57;112;154;112;188;112;169;169;326;161;112;221;221;70;143;287;112;169;112;112;143;112;112;112;148;171;221;112;86;59;69;112;155;67;169;154;72;112;221;112;112;59;157;112;112;112;149;265;75;112;169;143;59;112;61;169;169;66;143;112;167;112;112;112;278;221;194;221;221;112;221;112;112;169;59;112;59;112;170;59;117;221;169;112;55;112;112;112;147;160;194;143;60;146;143;169;61;112;58;112;78;169;113;173;52;64;169;65;112;221;169;59;65;55;112;221;112;169;112;112;52;221;112;221;169;209;112;112;112;112;60;64;112;112;143;169)
seed_18_level_6-2,1284,48185.25734376907,81856835,11554,(278;221;112;112;169;55;112;112;112;112;112;169;169;112;112;112;112;112;69;112;62;143;112;143;112;112;112;143;112;112;65;147;169;112;98;112;143;143;143;112;143;216;61;112;112;112;143;112;56;55;143;77;57;112;57;112;112;112;112;143;153;195;173;63;55;112;168;57;112;112;112;261;112;75;169;112;112;59;59;112;169;112;112;265;326;169;59;64;265;143;88;63;265;112;69;155;184;112;143;221;112;112;178;72;169;174;64;70;169;112;143;112;112;112;62;83;98;112;183;112;143;216;112;112;60;221;112;117;112;112;112;265;143;169;73;112;112;154;112;112;184;112;168;112;66;59;112;221;149;112)
seed_18_level_6-2,1284,48840.746515750885,83370118,11704,(278;55;225;112;79;59;112;143;112;143;186;59;60;143;60;143;112;112;265;265;60;112;112;221;55;64;112;150;112;143;155;112;143;112;60;112;61;143;112;112;265;221;221;112;112;112;112;70;112;112;169;78;112;169;221;79;250;66;221;80;112;143;143;70;52;112;112;143;66;261;66;112;61;169;112;112;112;112;70;143;112;112;112;112;169;112;169;73;112;112;59;112;265;70;169;143;169;112;128;112;169;158;70;70;265;112;164;221;143;97;111;112;66;156;182;169;169;265;47;112;157;60;169;287;112;169;112;169;169;61;112;112;221;76;221;112;143;149;112;112;112;55;154;98;77;145;117;112;169;221)
seed_18_level_6-2,1284,49509.22884082794,84974753,11854,(278;143;60;112;55;54;162;265;112;67;58;112;112;153;169;112;169;186;221;112;203;112;58;58;169;143;112;112;112;145;66;143;221;163;143;55;143;112;143;143;143;112;112;59;329;112;143;140;169;189;56;112;112;342;169;143;70;170;112;112;112;172;196;112;203;56;55;112;112;78;62;261;112;112;149;146;143;200;169;164;112;112;170;112;218;143;156;74;54;112;169;198;221;169;143;221;64;150;112;143;96;112;156;112;155;221;221;112;112;225;73;112;171;171;265;169;70;143;87;59;143;112;160;59;112;112;169;143;112;59;59;120;61;63;169;57;176;183;112;169;112;112;112;112;112;154;112;169;153;265)
seed_18_level_6-2,1284,50173.80815386772,86637332,12004,(342;157;143;221;61;56;66;112;112;174;169;76;143;221;56;143;224;112;112;112;61;221;112;143;112;169;54;170;143;169;62;199;112;56;55;265;112;169;112;143;71;63;143;112;52;143;143;143;143;169;140;143;169;265;221;112;112;112;221;55;221;112;196;166;265;66;265;112;159;112;143;68;112;261;221;112;112;221;265;112;112;96;169;59;189;67;70;169;221;112;112;157;169;88;112;58;75;112;112;112;112;169;265;265;112;68;221;133;164;169;59;54;143;53;112;265;64;169;112;54;112;58;112;112;169;66;74;72;112;112;112;112;112;217;164;170;169;112;112;175;73;221;265;99;169;171;118;70;112;112)
seed_18_level_6-2,1284,50821.94863200188,88114020,12154,(261;157;112;186;154;143;119;156;138;60;169;59;55;143;265;169;221;169;112;112;112;209;79;221;112;221;165;59;221;143;265;182;112;112;212;143;112;112;143;112;78;112;112;169;112;143;57;112;67;112;59;112;59;143;56;59;62;59;143;191;112;265;143;209;88;169;169;143;50;114;143;221;112;169;162;342;53;62;112;112;174;143;112;114;143;60;155;112;221;112;61;112;60;59;143;143;112;221;112;112;143;112;143;63;174;143;62;186;59;55;65;159;60;221;112;112;143;143;112;166;112;169;69;143;143;112;169;169;112;169;80;112;112;52;112;112;143;61;112;112;112;143;112;190;74;143;59;169;112;169)
seed_18_level_6-2,1284,51478.48461437225,89646489,12304,(342;186;112;112;169;112;112;265;143;170;143;172;143;112;112;174;112;143;81;157;59;112;146;55;56;112;112;157;59;143;62;58;112;56;112;112;112;112;169;190;165;112;166;146;112;265;112;112;221;60;169;112;152;56;143;221;65;60;174;162;178;112;169;112;175;112;169;112;112;65;126;55;261;112;73;112;112;112;112;87;73;143;112;221;169;112;112;112;112;112;112;112;148;143;150;149;98;191;169;128;143;112;205;221;221;143;112;74;112;143;145;169;112;158;112;61;72;143;112;112;48;112;208;63;70;72;143;221;112;156;112;169;169;70;112;221;112;76;169;143;183;265;215;112;96;169;221;221;139;112)
seed_18_level_6-2,1284,52148.06364965439,91360740,12454,(55;221;55;112;55;179;112;62;62;143;56;61;155;112;112;131;178;63;112;169;261;219;112;70;180;68;67;74;169;143;112;143;169;72;265;65;169;112;112;170;143;169;169;73;265;143;70;171;167;207;112;112;70;265;112;111;112;154;265;198;149;164;169;143;221;112;265;169;62;42;212;112;69;143;221;97;171;112;112;180;112;68;112;265;112;59;57;342;221;221;112;143;171;112;112;143;112;58;191;112;59;60;112;148;112;112;112;112;137;59;112;112;112;159;169;205;112;221;221;169;60;205;112;112;112;143;265;60;112;112;221;265;220;112;112;166;168;169;60;169;265;221;147;209;112;59;169;61;112;112)
seed_18_level_6-2,1284,52811.31461119652,92994928,12604,(179;55;112;112;55;112;79;55;210;55;55;112;112;265;55;62;112;59;59;55;171;169;56;59;55;168;112;112;59;176;169;342;112;113;265;169;169;59;265;60;60;112;221;279;169;221;221;52;143;143;169;112;67;147;112;112;221;112;143;155;112;195;172;57;112;159;139;137;221;143;170;112;169;112;112;67;265;112;60;112;112;143;216;60;112;59;143;175;63;112;261;148;169;143;112;61;155;221;70;112;112;112;70;265;112;182;58;154;143;85;112;221;216;221;167;265;112;69;42;166;59;70;326;221;112;155;143;70;112;112;112;143;50;143;221;143;221;170;112;157;112;151;169;112;143;112;112;112;87;112)
seed_18_level_6-2,1284,53466.40361690521,94524584,12754,(265;59;143;62;112;112;169;213;112;112;143;112;112;59;265;112;60;112;112;58;112;112;56;112;112;157;221;112;112;59;172;221;169;112;112;265;59;261;221;189;112;188;143;112;221;221;60;58;59;112;169;69;157;151;112;150;69;169;143;112;112;164;112;112;59;149;112;158;169;221;62;221;147;112;112;143;87;165;265;183;112;112;169;112;169;112;143;143;112;112;112;169;181;342;59;265;112;232;149;143;112;71;112;221;112;151;112;143;168;143;66;112;112;143;59;56;221;43;59;112;112;112;152;112;112;112;143;143;143;59;68;112;143;265;60;112;58;112;147;112;112;112;60;221;59;168;112;59;60;112)
seed_18_level_6-2,1284,54116.22606801987,96042329,12904,(342;112;169;112;143;122;112;221;265;143;143;56;112;56;178;143;59;169;112;200;112;112;112;147;221;50;54;61;143;112;169;112;61;52;43;112;169;207;112;112;112;112;148;143;265;112;61;143;146;112;143;112;265;208;213;62;143;55;62;112;176;56;59;69;59;59;112;55;265;59;58;265;58;112;59;176;210;59;148;112;55;59;112;55;112;112;50;158;59;55;61;193;221;59;59;261;121;112;143;66;59;187;210;59;59;58;112;58;169;185;143;112;307;112;180;221;143;221;56;143;69;143;112;112;112;112;63;59;169;265;169;265;58;221;112;43;112;69;112;173;265;112;160;112;112;221;74;143;112;112)
seed_18_level_6-2,1284,54766.304636240005,97609168,13054,(342;69;56;112;112;112;137;59;70;112;173;112;149;112;112;112;112;169;145;143;112;190;221;196;59;187;112;162;112;59;143;112;221;221;112;169;143;172;42;112;185;143;112;112;112;112;143;62;147;169;265;59;177;307;143;265;221;59;61;55;265;112;221;59;183;189;122;137;59;112;59;112;143;143;49;60;180;221;112;112;112;62;112;59;59;194;112;62;165;221;112;55;122;112;112;221;261;112;143;64;112;169;112;79;56;112;143;71;54;221;112;62;221;143;265;118;182;59;68;169;59;221;59;62;112;112;143;112;112;112;221;61;265;115;62;265;112;169;143;73;112;59;265;157;117;112;112;62;60;67)
seed_18_level_6-2,1284,55427.501194000244,99254164,13204,(342;59;169;147;265;112;193;112;112;147;112;112;265;112;147;59;179;112;112;159;137;66;221;112;112;112;112;169;112;59;112;203;221;59;112;196;156;112;143;59;137;157;112;143;60;112;163;112;194;137;54;191;169;72;221;112;112;60;143;265;59;112;221;112;112;208;60;169;112;112;168;265;112;143;307;169;112;112;169;221;112;143;221;56;112;112;59;112;137;112;56;143;112;143;59;112;112;209;143;158;265;56;221;62;169;209;61;169;265;56;198;59;59;59;59;112;59;112;62;112;112;50;112;112;169;169;112;59;61;221;112;112;169;265;169;159;59;112;112;58;143;221;59;74;143;112;169;169;307;157)
seed_18_level_6-2,1284,56082.7691783905,100717832,13354,(307;112;61;112;112;55;210;112;59;112;59;143;169;55;112;112;55;112;169;169;169;174;55;112;221;112;62;112;221;62;196;221;221;169;59;221;112;143;307;61;112;112;221;143;62;169;169;61;159;145;172;59;221;112;112;221;62;112;112;112;59;143;56;62;59;112;59;194;143;181;143;55;143;112;342;112;112;69;164;60;56;112;68;205;112;112;265;137;59;112;60;112;112;112;112;168;112;204;52;67;112;112;60;221;59;161;112;59;112;61;112;112;112;160;112;59;112;143;112;112;112;112;59;221;112;191;112;221;112;61;221;169;112;143;208;112;221;59;112;62;56;112;112;221;143;143;143;112;143;169)
seed_18_level_6-2,1284,56727.95782804489,102091625,13504,(342;112;112;42;112;143;112;60;112;112;112;112;50;51;112;112;112;221;265;52;143;112;112;112;112;196;162;112;65;179;112;189;112;112;154;112;143;112;59;54;143;112;143;65;112;221;143;112;112;59;112;122;221;112;113;112;112;112;193;112;72;112;59;112;55;194;265;75;169;139;59;307;112;52;112;168;56;112;76;265;112;221;60;112;112;59;159;112;112;112;55;112;147;112;56;112;112;218;112;112;112;112;143;59;112;113;221;112;172;165;221;113;112;183;221;112;112;153;156;139;62;143;112;59;112;75;112;112;75;265;112;112;143;143;112;59;221;59;112;143;112;62;112;221;143;112;62;61;169;55)
seed_18_level_6-2,1284,57366.70193529129,103511547,13654,(342;143;112;112;221;143;112;112;143;112;307;60;112;221;112;59;133;112;112;112;221;112;76;112;190;112;61;59;112;112;112;169;143;143;59;112;61;112;112;112;112;112;66;112;221;112;194;112;221;112;143;62;112;112;112;56;61;143;204;172;112;221;112;59;143;156;161;67;59;112;62;221;307;112;112;112;143;112;221;61;221;112;191;112;78;169;62;62;107;112;143;112;59;143;112;112;169;197;112;56;56;112;112;112;112;112;112;112;55;112;113;55;112;112;71;213;112;112;112;112;143;112;143;112;112;112;169;112;55;112;143;168;58;112;265;159;57;169;112;221;112;55;112;143;265;112;168;221;112;112)
seed_18_level_6-2,1284,58034.120671749115,105091431,13804,(307;169;112;169;112;143;112;59;112;55;55;265;159;61;123;112;265;112;221;112;176;59;112;60;172;112;196;145;112;112;112;52;172;119;59;112;202;60;112;112;112;112;112;194;112;112;112;112;161;143;61;63;221;55;112;143;143;209;159;153;112;159;112;143;112;143;112;265;112;112;112;59;112;63;62;198;342;221;112;60;221;169;205;112;112;112;60;60;112;307;64;112;224;112;112;112;143;165;278;221;143;64;112;60;112;112;164;149;137;221;143;157;139;193;112;112;60;112;112;196;221;112;137;62;143;57;143;112;112;143;112;112;143;143;112;112;112;307;112;112;178;56;194;112;112;200;61;143;112;112)
seed_18_level_6-2,1284,58673.58404302597,106537093,13954,(307;112;143;63;112;166;112;143;62;143;112;169;112;112;112;221;217;62;168;168;112;59;221;59;112;93;63;143;55;265;55;221;112;221;112;112;112;112;112;112;112;112;143;59;162;168;221;143;65;62;190;265;62;112;112;221;169;112;66;143;177;112;112;112;59;123;112;112;112;59;112;210;112;342;169;60;169;62;112;112;265;112;59;112;60;143;150;112;112;112;114;264;112;143;112;143;112;60;265;112;112;55;112;169;62;112;194;59;112;112;265;112;166;143;143;112;169;112;112;112;143;59;60;59;143;169;112;143;219;59;112;61;169;112;112;158;169;112;56;221;66;60;112;112;73;112;112;62;112;61)
seed_18_level_6-2,1284,59329.93891906738,108250947,14104,(342;76;112;221;112;112;60;196;143;59;112;59;62;112;163;215;60;112;112;143;265;265;279;112;112;62;59;59;61;59;112;169;112;221;169;131;221;174;50;60;112;189;195;112;162;183;59;143;112;221;168;112;178;169;184;168;206;265;265;284;112;112;112;143;169;112;52;112;63;112;196;112;55;112;143;307;170;55;62;265;112;210;97;265;221;169;52;59;170;112;62;56;143;143;169;59;55;112;112;143;170;112;63;67;55;213;55;147;112;65;63;60;112;168;221;112;137;169;143;62;112;169;307;221;143;143;112;49;112;112;143;55;120;59;58;224;265;56;112;112;181;62;265;112;194;122;221;169;112;63)
seed_18_level_6-2,1284,59983.631982564926,109797158,14254,(307;112;112;221;112;61;55;143;112;59;112;169;221;112;56;112;112;55;265;59;221;59;112;112;112;221;112;55;112;112;265;112;112;143;112;84;189;112;112;168;112;63;60;112;112;143;124;59;112;112;112;169;143;229;60;265;168;112;60;55;59;198;112;112;143;265;112;112;61;112;61;112;143;170;342;206;57;112;221;52;112;112;112;112;112;112;112;52;143;112;60;112;112;169;56;112;221;169;265;112;300;112;112;52;50;169;191;112;221;221;112;191;60;221;169;112;112;112;70;226;66;196;265;63;112;197;78;55;112;221;112;60;53;62;143;112;112;169;221;143;143;143;112;56;143;112;61;221;112;65)
seed_18_level_6-2,1284,60635.62491583824,111177059,14404,(307;143;156;112;112;112;112;112;265;62;112;66;143;93;143;59;169;55;143;112;195;169;109;78;112;55;163;143;112;112;61;190;112;112;112;61;112;143;69;112;169;111;168;59;63;112;112;221;221;112;265;169;142;169;112;112;61;143;143;265;112;143;112;112;112;112;112;112;112;133;55;169;112;342;60;52;265;112;169;182;112;155;112;261;112;59;78;52;63;59;137;59;112;59;60;189;64;159;55;112;60;112;112;112;147;143;60;143;112;265;112;60;221;112;52;148;143;60;112;112;51;221;112;74;112;176;112;209;112;112;112;143;168;59;55;80;59;112;55;79;112;57;112;143;78;112;143;140;76;307)
seed_18_level_6-2,1284,61274.1512761116,112511290,14554,(342;190;265;55;112;52;55;112;42;55;112;55;112;112;112;52;112;112;169;112;112;112;52;307;59;137;112;221;138;112;112;143;169;178;112;59;112;61;181;169;221;79;112;112;265;112;112;112;169;112;221;61;169;112;187;112;112;59;54;112;169;112;143;112;59;60;112;60;112;112;60;112;112;60;75;307;68;112;112;143;225;55;112;58;59;169;112;112;55;57;74;143;59;141;143;143;221;57;112;143;56;112;112;112;169;112;55;112;221;59;112;112;137;154;67;112;112;112;112;265;112;143;143;221;221;112;56;112;112;58;64;63;265;112;112;56;143;112;56;112;112;61;59;169;265;112;143;59;112;58)
seed_18_level_6-2,1284,61917.06711149216,113888137,14704,(342;221;112;112;221;53;155;112;112;52;52;221;62;169;52;112;112;75;265;112;78;112;173;143;60;112;112;112;165;169;221;60;169;59;112;169;171;169;79;112;79;112;112;59;143;143;143;112;112;112;58;59;169;112;59;56;112;112;187;59;57;169;59;187;169;211;55;143;143;169;123;52;77;59;307;112;57;56;143;221;56;59;62;112;143;112;154;112;112;112;161;112;218;61;59;143;112;112;169;67;78;112;112;112;55;112;112;59;57;112;61;112;68;112;112;143;112;169;183;143;112;62;112;112;112;61;112;112;112;221;143;209;143;112;183;169;112;265;143;112;112;294;184;112;221;142;112;143;143;59)
seed_18_level_6-2,1284,62570.79407501221,115380906,14854,(294;112;157;112;112;210;112;61;169;56;112;59;112;112;143;221;57;203;112;150;112;112;112;143;169;112;112;196;59;149;55;112;225;112;112;112;112;112;112;143;123;67;59;56;112;143;143;143;60;221;169;265;112;50;55;221;169;55;143;112;59;59;112;169;112;112;59;59;143;52;112;112;59;112;61;342;112;143;112;169;265;199;112;112;112;112;169;164;112;112;221;342;70;112;143;146;112;112;112;265;60;265;169;62;169;112;112;59;112;143;143;56;112;112;221;265;169;112;68;52;169;207;169;112;207;112;112;112;55;112;60;112;112;112;112;70;143;112;112;231;112;112;52;134;143;112;42;143;112;221)
seed_18_level_6-2,1284,63209.90594625473,116723745,15004,(294;112;169;213;59;57;112;113;106;52;143;221;73;52;52;112;59;112;112;169;66;112;112;59;265;265;61;112;112;112;63;143;112;59;112;112;169;112;112;112;209;67;55;192;221;143;143;112;221;112;143;56;169;112;55;112;221;61;157;112;143;112;112;61;221;143;62;112;112;112;143;68;59;342;143;169;143;112;56;60;112;112;169;61;221;112;112;112;169;169;55;112;112;221;112;112;68;143;112;112;169;112;59;112;169;112;169;112;112;112;112;112;164;61;143;112;55;112;52;54;112;56;169;112;112;112;112;112;112;153;169;112;59;151;143;143;59;203;143;112;112;139;198;143;112;112;112;221;112;162)
