seed_7_level_5-1,810,462.8581495285034,1234140,150,(1001;113;46;36;29;69;36;34;74;19;44;47;1001;35;32;155;43;19;32;16;14;23;35;56;62;45;42;35;39;34;155;34;42;155;44;25;43;47;51;33;40;53;43;42;43;20;36;51;24;61;53;37;70;21;56;43;18;15;43;125;17;43;42;28;24;42;44;30;21;53;47;48;81;42;117;155;25;31;60;34;43;46;29;35;37;25;50;20;27;19;51;34;20;42;51;26;57;33;35;20;57;19;29;57;17;37;94;23;29;42;18;24;37;29;39;53;57;28;40;19;47;42;49;155;43;29;28;26;49;48;32;163;30;20;46;23;38;165;42;42;54;40;31;59;37;42;36;63;28;165)
seed_7_level_5-1,812,1046.1312444210052,1617491,346,(66;42;42;42;44;42;43;42;42;43;42;42;42;42;24;43;43;42;42;42;44;46;42;47;52;54;69;53;58;40;21;55;24;61;21;56;42;93;22;66;34;51;165;51;43;50;34;25;67;29;51;18;33;29;67;16;24;14;14;17;195;83;39;19;77;45;86;21;40;35;35;39;51;52;55;27;130;35;24;33;59;88;31;53;50;29;32;44;31;33;21;47;29;35;19;27;31;81;87;128;38;133;19;18;165;62;33;39;24;24;15;61;18;37;25;36;18;30;27;42;29;28;71;66;21;34;33;43;26;35;27;23;24;19;111;68;46;30;57;65;54;18;30;28;21;35;190;29;18;50;36;25;25;47;50;24;60;61;25;47;43;41;52;32;34;14;57;40;66;14;40;136;45;194;113;18;54;57;194;24;32;47;135;15;212;47;79;16;194;29;77;194;35;19;29;24)
seed_7_level_5-1,812,1535.726984500885,1947711,508,(42;42;56;41;43;42;42;42;42;42;43;43;42;56;43;42;42;43;42;45;41;47;48;51;52;32;194;51;55;110;54;49;33;19;15;58;24;59;23;16;129;74;59;31;28;42;54;14;194;109;28;19;14;29;22;14;28;46;58;25;36;42;34;38;21;84;30;30;19;17;41;34;28;33;56;28;30;42;24;36;27;29;17;16;54;30;45;16;38;31;35;29;29;68;32;28;82;39;26;57;26;54;32;22;194;16;29;31;21;30;31;57;105;24;16;27;81;40;57;28;31;72;194;34;29;20;31;39;66;24;71;28;142;49;194;19;194;40;24;194;79;15;30;33;194;85;86;27;61;20;59;18;24;58;39;25;26;47;54;18;200;14)
seed_7_level_5-1,1189,2099.7457268238068,2267046,698,(42;42;42;42;42;56;42;42;43;37;43;42;96;22;43;42;43;43;43;41;39;45;47;48;28;52;51;56;43;51;65;56;30;42;37;25;28;43;16;51;60;51;49;25;30;28;58;14;42;46;54;30;58;59;31;34;24;22;53;23;30;19;16;42;16;25;39;56;29;27;47;19;35;30;44;30;17;256;54;27;35;57;20;16;15;54;40;44;42;166;17;33;28;59;21;189;31;57;37;43;25;22;64;31;34;31;34;79;23;27;24;27;16;38;32;26;62;38;21;47;16;38;24;36;17;49;87;58;84;37;33;88;25;33;25;37;68;26;24;32;57;41;55;57;28;17;47;85;121;28;169;48;33;54;31;33;18;26;27;36;31;25;27;65;34;32;81;81;52;56;28;29;24;44;133;50;52;51;17;24;55;42;189;189;189;36;29;30;150;69)
seed_7_level_5-1,1189,2577.888010263443,2504593,861,(44;44;44;44;44;44;45;44;45;48;44;53;79;44;45;45;45;45;44;44;44;45;44;41;47;50;45;53;43;67;60;53;33;60;55;31;28;41;43;58;48;57;95;24;16;20;20;32;44;59;37;31;57;24;16;58;56;54;25;37;36;28;55;51;21;87;29;26;35;189;32;57;74;15;28;15;30;88;33;43;69;39;40;30;21;28;56;18;29;32;24;30;28;32;116;28;50;21;25;23;20;18;33;40;32;53;18;17;25;29;26;31;20;20;47;50;24;47;189;35;57;34;51;54;54;110;58;189;20;59;39;26;63;20;13;107;73;68;33;18;40;96;22;20;91;65;21;36;18;26;34;189;36;23;17;103;34;26;18;28;24;34;49)
seed_7_level_5-1,1189,3039.0283465385437,2762316,1016,(44;44;44;44;44;44;65;44;74;44;44;41;60;189;45;44;45;45;44;45;44;17;47;48;58;49;68;45;48;53;59;57;41;46;21;55;34;60;43;79;22;60;60;54;34;24;25;47;113;62;34;49;18;77;19;60;22;53;21;26;38;90;18;20;56;86;29;78;26;28;65;24;24;33;68;23;41;24;23;19;28;68;31;33;25;27;78;30;94;29;67;16;31;63;16;29;36;35;30;34;19;29;15;36;27;23;16;88;116;35;28;40;19;27;36;28;37;21;61;39;54;60;32;41;37;39;29;59;44;189;49;158;57;19;47;67;35;32;22;29;83;26;78;84;189;25;50;27;144;24;15;189;22;31;58)
seed_7_level_5-1,1189,3610.945162296295,3010359,1209,(44;44;44;44;44;44;39;44;44;45;44;44;45;44;45;45;44;44;49;47;49;35;39;53;61;35;23;56;51;29;58;23;50;32;60;61;62;44;61;25;33;50;26;19;35;32;63;45;37;32;19;36;40;30;20;24;26;23;35;24;16;66;31;26;29;26;24;31;18;41;28;57;48;24;27;14;33;30;55;28;19;51;33;63;29;20;34;39;16;16;28;20;16;47;34;19;27;28;36;28;54;48;32;34;57;30;39;54;28;66;52;54;50;35;55;38;18;31;31;20;28;38;18;35;25;53;16;35;31;99;44;20;23;189;52;44;47;57;67;53;54;28;114;39;189;51;18;23;65;41;79;39;40;29;50;31;30;31;45;57;21;19;47;79;24;158;53;45;63;79;36;34;52;18;15;21;29;92;18;163;57;137;45;62;44;30;58;25;88;25;60;53;109)
seed_7_level_5-1,1189,4188.4559009075165,3375465,1399,(44;44;44;44;44;44;44;45;39;45;44;44;45;50;60;45;35;44;44;47;44;49;49;44;76;38;54;44;68;44;38;45;17;22;34;26;124;64;53;42;45;209;44;18;29;24;28;58;26;55;58;19;20;30;69;44;52;86;50;84;29;20;23;19;61;34;30;47;64;33;53;70;54;27;57;24;75;32;35;40;27;25;28;21;29;57;35;54;57;21;24;26;50;28;41;17;24;47;106;37;47;46;53;26;189;25;21;22;24;54;103;64;23;55;23;25;19;30;26;56;21;20;77;26;28;113;42;44;14;77;16;30;18;42;32;16;21;79;26;22;31;33;54;33;24;18;57;193;66;41;81;41;54;136;34;28;36;189;32;21;29;38;44;189;57;44;189;26;23;24;112;54;189;34;66;87;36;27;26;31;79;44;53;68;107;45;201;57;113;32)
seed_7_level_5-1,1189,4749.662661075592,3727492,1587,(44;44;44;44;44;44;45;44;45;45;44;44;44;150;45;36;39;45;44;45;45;45;44;44;53;60;53;57;48;31;40;35;30;69;70;56;48;48;61;55;62;40;42;26;18;47;19;30;189;16;79;189;20;25;35;39;30;25;37;29;37;24;21;20;26;47;32;32;30;37;52;16;26;38;41;54;16;21;25;189;116;31;19;24;38;113;31;27;13;35;31;35;36;84;34;23;37;111;17;42;28;31;24;136;18;41;79;23;47;54;57;20;34;28;19;41;25;37;30;33;189;40;63;53;39;18;28;37;57;57;22;46;35;47;50;62;44;57;89;39;31;37;67;64;53;34;17;17;119;146;84;47;27;235;54;32;25;17;109;36;42;42;23;59;57;189;47;16;39;51;36;19;39;59;23;33;201;26;64;66;22;19;79;54;54;27;24;36)
seed_7_level_5-1,1189,5318.123209953308,4037225,1776,(44;44;44;44;39;44;44;45;45;74;44;45;45;44;44;37;44;44;45;47;49;49;86;60;66;35;53;62;67;57;59;40;44;19;34;61;18;21;51;60;23;34;28;42;189;60;49;20;32;39;29;57;28;22;56;16;44;17;50;44;16;79;19;57;116;40;20;35;33;33;53;44;47;20;40;58;42;32;24;19;21;157;16;19;22;16;16;41;70;28;27;29;33;73;39;15;16;31;25;16;35;21;27;48;28;47;189;50;27;24;54;40;35;189;40;24;39;50;50;57;105;35;65;54;18;19;28;24;23;25;16;28;15;31;45;57;83;27;50;53;26;26;29;30;30;49;26;57;57;47;34;19;28;20;25;79;31;81;54;50;50;16;25;189;117;26;44;21;23;61;33;31;143;43;62;23;25;48;79;76;91;189;47;15;47;28;46;56;189)
seed_7_level_5-1,1189,5799.765201330185,4341335,1937,(44;44;44;44;44;44;44;41;45;44;45;44;45;37;73;45;45;45;45;44;44;49;49;65;53;50;221;57;51;24;61;38;25;35;30;37;76;35;57;20;17;25;31;18;26;24;21;15;44;29;36;70;19;43;189;50;31;28;142;39;19;32;38;33;22;27;53;58;76;31;19;34;24;19;55;22;54;51;24;56;20;34;34;37;27;44;47;61;54;25;23;31;27;80;47;84;24;74;18;23;189;13;29;56;15;37;24;141;25;37;33;35;50;49;40;21;14;18;37;37;47;74;29;85;54;57;26;18;25;47;14;50;50;57;36;189;89;36;85;24;38;77;55;110;47;15;31;17;18;28;111;44;25;189;85;189;32;189;47;77;34)
seed_7_level_5-1,1189,6283.7763204574585,4652792,2097,(44;44;44;44;44;44;45;45;45;39;48;44;63;44;44;17;45;45;45;45;49;47;49;44;57;53;61;30;62;51;47;57;31;54;34;48;54;189;42;60;31;23;29;29;66;16;44;46;50;16;29;26;29;18;26;22;25;25;20;60;23;25;189;29;43;16;26;31;29;19;25;27;33;44;36;19;32;55;41;19;31;24;33;21;54;16;19;46;26;44;23;44;66;65;33;115;41;30;20;24;37;83;44;14;17;17;23;50;113;21;30;26;24;15;47;37;14;34;65;18;201;189;61;36;66;32;58;86;47;49;47;55;25;35;85;158;51;77;116;118;29;20;24;109;189;57;51;50;27;189;189;19;109;80;34;49;31;19;135;42)
seed_7_level_5-1,1189,6748.449964761734,4897612,2255,(44;44;44;44;44;44;45;47;44;44;41;29;45;44;40;45;44;45;45;45;60;47;45;49;52;51;68;49;29;57;55;26;56;31;51;35;33;21;15;37;27;57;45;58;31;19;30;31;20;23;34;52;23;117;20;47;32;39;34;21;19;24;19;22;36;90;38;61;31;77;44;17;24;24;33;91;37;30;27;115;30;16;28;53;34;45;43;62;37;24;34;36;19;47;14;30;29;31;36;16;38;24;47;39;15;34;35;17;18;47;34;47;33;54;22;15;112;178;32;31;36;90;50;23;44;40;35;28;32;19;57;33;35;44;189;17;145;44;189;87;58;51;34;51;39;24;24;59;189;44;29;109;174;24;26;38;32;85)
seed_7_level_5-1,1189,7208.772904872894,5138003,2411,(44;44;44;44;44;44;44;44;44;44;45;62;44;44;44;44;40;58;47;49;47;59;92;52;53;53;53;23;55;58;63;40;46;48;189;89;46;16;24;21;58;54;27;21;30;29;54;55;37;23;69;31;38;14;38;30;57;62;42;35;24;19;35;19;31;62;34;47;25;45;54;58;65;40;35;33;66;22;56;44;35;115;26;28;189;57;21;41;57;26;50;31;31;79;18;58;30;33;34;27;32;67;19;30;47;63;64;16;20;34;35;31;16;33;27;80;18;32;35;39;15;19;20;47;57;34;53;37;33;37;33;31;47;35;56;80;135;56;110;58;32;40;76;20;58;53;25;56;189;26;29;189;57;29;73;44)
seed_7_level_5-1,1189,7675.435124635696,5415366,2567,(44;44;44;44;44;44;44;44;45;42;44;45;44;45;70;44;45;47;47;47;52;55;52;20;35;53;26;29;22;48;58;45;58;27;30;60;27;29;45;37;22;16;15;48;28;55;56;37;36;16;17;44;67;17;24;31;63;35;57;97;19;24;36;28;88;83;34;19;128;56;41;26;60;30;29;25;28;15;40;63;27;27;29;31;15;25;33;19;21;56;28;33;54;109;41;20;58;25;16;33;33;31;20;24;53;60;26;35;34;21;23;24;83;17;19;25;27;83;189;50;50;189;189;33;57;31;55;39;30;25;53;58;102;47;189;47;27;25;189;49;63;38;19;140;189;28;189;29;47;27;40;38;32;28;29;19)
seed_7_level_5-1,1189,8130.969566822052,5636934,2724,(44;44;44;44;44;44;45;44;44;45;45;50;44;44;44;45;45;47;47;49;53;40;54;53;43;58;128;29;24;45;61;45;58;35;15;26;60;22;49;35;60;44;34;16;28;16;61;79;29;57;26;54;38;31;56;24;50;35;53;35;28;37;34;25;16;55;15;58;18;31;43;15;53;32;36;24;40;51;35;51;189;19;37;48;31;15;36;16;26;49;25;47;30;30;30;33;40;17;25;47;86;29;30;42;24;27;19;22;63;35;28;41;28;116;15;24;21;25;32;44;44;33;79;21;29;76;57;32;109;51;30;28;56;50;47;34;62;32;56;45;61;26;112;79;66;87;45;85;78;189;23;21;29;184;44;105;27)
seed_7_level_5-1,1189,8681.049674987793,5919440,2908,(44;45;44;83;83;44;53;53;45;76;47;69;47;53;48;35;50;34;41;56;35;37;37;33;20;86;28;60;60;21;32;23;35;22;32;13;19;24;37;14;62;66;28;23;28;56;40;36;20;17;36;16;66;38;62;47;32;21;27;61;19;32;25;37;25;26;36;18;18;40;47;34;19;49;47;21;23;25;64;76;32;27;35;30;47;47;61;39;28;189;55;116;46;30;31;22;30;44;34;16;39;57;27;44;57;19;28;32;39;47;19;28;50;22;37;29;14;26;31;57;39;65;36;44;40;28;24;216;68;49;60;28;23;190;42;45;23;14;79;38;53;49;25;61;32;45;33;47;50;132;189;55;16;143;16;34;47;40;15;34;50;27;105;50;59;35;184;44;26;67;17;34;51;17;26;35;18;24;144;53;20;58;25;16)
seed_7_level_5-1,1189,9131.405693531036,6223325,3061,(44;45;45;47;34;53;29;59;75;32;74;57;70;14;17;61;29;31;64;24;40;60;60;36;65;49;43;93;32;16;189;28;29;33;22;58;25;39;27;27;30;28;33;86;38;38;24;40;31;30;51;32;75;40;17;22;108;30;74;44;35;44;35;32;36;29;105;27;32;19;32;27;30;57;67;36;54;26;57;39;54;90;47;20;189;39;30;16;62;18;48;50;34;42;189;34;38;14;17;41;54;59;36;144;57;35;17;16;35;36;28;189;31;26;56;35;106;19;62;56;105;189;138;54;35;30;17;64;50;189;26;18;32;26;105;32;50;54;34;34;110;20;19;76;28;54;189;44;50;26;26;40;38)
seed_7_level_5-1,1189,9611.22270989418,6487666,3222,(60;45;48;29;49;57;57;51;18;19;52;44;58;44;57;18;16;49;18;61;35;25;57;30;29;57;48;34;19;39;24;15;30;40;155;133;19;36;56;65;32;44;26;51;13;77;47;30;24;27;69;56;24;61;58;31;25;208;29;44;24;36;25;19;27;19;37;24;44;33;24;189;15;27;64;52;56;29;59;23;25;18;31;14;45;29;44;34;29;25;26;26;35;31;27;71;25;22;51;16;32;32;20;41;25;27;33;19;19;49;28;49;189;63;189;30;40;25;31;96;44;44;25;26;37;50;36;131;15;81;44;44;109;151;23;16;44;77;35;17;59;47;17;39;31;39;113;67;45;42;21;77;21;189;16;17;24;23;16;34;20)
seed_7_level_5-1,1189,10050.608602285385,6805158,3368,(74;58;48;52;38;31;40;14;41;34;25;35;62;19;29;55;33;57;53;20;61;37;83;20;26;34;45;113;32;33;57;29;33;50;29;27;67;51;26;38;16;35;25;67;25;31;50;19;27;33;28;32;30;36;33;31;16;31;15;189;34;33;24;43;15;37;24;19;27;31;14;47;189;47;53;31;14;50;54;58;53;48;20;24;34;47;81;56;27;85;37;31;144;47;32;32;118;34;67;28;41;126;81;36;90;44;44;57;140;42;27;38;189;47;15;32;26;37;65;26;57;189;26;40;36;189;189;261;143;18;17;36;55;79;45;27;74;116;49;17;21;47;42;47;37;73)
seed_7_level_5-1,1189,10492.569209814072,7061763,3516,(47;60;49;53;58;66;36;16;45;35;30;14;54;62;59;21;33;26;24;44;34;20;87;38;15;17;189;47;57;36;21;32;67;75;59;34;15;29;25;36;87;36;59;106;55;24;50;46;50;35;14;25;33;50;35;26;65;83;19;23;47;28;32;34;21;28;113;38;89;28;22;16;37;77;114;65;19;25;46;57;47;62;37;37;58;35;29;89;73;85;54;47;44;36;72;51;23;47;20;78;33;32;33;27;189;40;78;45;31;40;26;189;20;29;22;189;26;32;34;18;55;115;18;77;25;17;154;58;52;49;44;52;25;126;41;36;23;37;105;24;36;16;50;44;31;44;40;24)
seed_7_level_5-1,1189,10942.143201351166,7425552,3662,(45;62;57;39;32;58;23;32;60;19;21;38;24;54;19;50;35;21;62;41;69;68;17;26;16;27;27;24;15;27;259;22;189;33;34;29;82;44;17;27;63;57;39;28;57;19;54;47;22;34;47;60;48;32;57;33;48;85;17;17;27;117;21;25;55;117;35;19;23;23;21;50;40;38;34;36;34;28;47;35;50;16;36;26;56;84;63;97;26;81;105;26;38;189;73;116;22;33;34;56;26;28;189;20;22;92;79;49;110;19;37;57;189;34;189;40;42;65;78;47;21;74;56;189;35;50;37;22;189;25;28;189;36;45;50;27;112;32;189;20;71;58;114;23;79;20)
seed_7_level_5-1,1189,11393.019035816193,7738439,3811,(44;62;48;37;23;68;15;35;49;45;16;63;23;36;16;38;31;24;22;16;44;17;30;55;63;15;37;24;41;16;45;37;32;35;65;44;68;27;21;50;28;21;115;83;79;24;48;44;41;36;39;32;52;18;57;19;189;39;43;54;32;23;52;47;34;25;77;59;54;57;25;60;30;44;44;41;26;136;126;39;30;48;49;16;29;51;45;23;57;31;69;39;57;115;47;32;66;57;42;105;38;80;47;32;27;76;19;120;35;23;110;32;71;52;189;150;57;56;15;45;124;189;54;189;37;53;23;57;69;14;26;110;40;75;52;18;44;47;16;60;37;32;49;44;189;115;23;189;36)
seed_7_level_5-1,1189,11845.69234585762,8046732,3963,(45;62;36;35;14;48;44;68;36;19;27;28;30;15;74;58;29;58;26;61;59;24;25;37;19;22;189;18;139;64;36;37;14;27;37;46;25;81;47;23;29;25;35;29;30;36;57;112;20;27;38;28;49;38;50;39;49;27;20;54;64;32;34;90;20;27;17;54;21;47;15;26;16;47;21;63;26;47;28;42;28;23;105;41;90;16;25;31;59;54;97;78;58;37;39;31;79;18;47;27;14;47;86;62;20;83;35;33;35;19;24;36;25;56;28;21;126;189;56;189;105;39;57;32;26;34;40;29;50;34;54;86;21;88;24;25;189;30;57;31;26;259;37;52;195;35;33;189;24;35;77;47)
seed_7_level_5-1,1189,12295.050585269928,8377683,4108,(45;33;45;33;21;36;22;30;45;39;59;23;53;39;42;81;42;30;84;84;77;29;26;53;32;49;49;45;20;29;54;39;57;27;26;62;49;60;27;47;54;31;85;189;96;18;44;47;47;77;21;40;30;33;35;24;71;18;28;34;80;58;56;54;23;29;23;44;15;27;18;91;83;32;27;29;105;32;31;22;28;17;47;27;64;50;29;54;15;45;43;15;47;28;30;22;117;59;40;24;189;28;35;26;117;54;21;57;110;38;20;57;189;57;57;48;189;24;189;114;47;47;32;56;97;68;86;259;44;36;34;55;21;36;138;30;48;32;106;105;189;24;105;25;25)
seed_7_level_5-1,1189,12735.751106500626,8740801,4253,(32;45;48;33;25;25;22;54;158;32;24;14;24;28;22;44;20;83;24;38;31;39;35;46;21;30;25;33;32;55;15;28;25;106;41;49;24;57;22;18;31;30;92;29;79;26;31;51;41;23;72;44;25;47;41;33;189;31;33;36;67;57;57;85;40;27;30;189;31;26;115;189;66;65;34;25;24;59;55;56;38;21;51;48;51;28;20;36;47;22;65;189;189;31;84;105;44;26;58;21;30;59;39;22;69;105;189;17;53;32;88;27;32;47;189;47;23;15;47;16;32;51;189;26;53;25;37;189;34;66;30;50;189;20;15;57;189;189;60;51;44;38;33;46;29)
seed_7_level_5-1,1189,13169.472739458084,9110368,4395,(45;32;44;25;19;62;33;15;39;35;52;32;16;34;79;109;28;42;38;41;49;26;20;27;22;30;21;18;31;16;27;41;45;51;19;17;31;16;82;24;25;47;47;57;34;63;20;47;18;25;18;60;68;44;86;30;35;75;61;33;34;31;40;64;38;79;26;57;120;19;45;18;67;20;41;26;57;189;189;41;22;143;77;189;34;48;34;39;28;19;31;34;189;44;35;60;105;189;39;24;83;226;42;51;133;44;32;61;35;37;54;182;61;19;189;22;41;28;189;38;32;51;189;108;47;30;189;16;47;26;47;15;49;16;26;31;32;17;56;31;189;58)
seed_7_level_5-1,1189,13623.805351734161,9491932,4544,(45;19;27;67;60;26;35;48;20;43;55;23;35;31;26;189;47;37;16;28;20;84;34;32;28;61;27;16;15;25;41;48;24;36;29;47;47;24;28;16;111;60;19;77;24;38;50;39;30;15;26;28;64;29;25;93;16;55;137;53;189;133;153;28;38;24;33;194;26;194;59;38;54;53;37;35;21;159;38;75;50;100;29;15;23;28;47;40;31;59;57;50;36;29;32;27;39;29;77;37;27;28;185;189;44;42;51;18;29;34;40;189;77;105;35;22;59;79;93;189;44;114;189;66;64;72;189;105;21;30;37;77;34;77;25;77;35;29;108;26;39;47;79;109;16;34;23;37;16)
seed_7_level_5-1,1189,14072.17723107338,9918995,4689,(53;23;26;44;26;49;34;80;57;36;62;44;15;21;16;31;26;53;38;61;31;29;38;57;54;25;106;58;62;57;172;31;19;19;22;47;26;31;189;189;65;35;189;24;28;28;28;54;51;80;189;17;28;60;31;30;19;33;47;30;47;13;33;30;84;40;38;55;23;29;30;24;28;35;32;17;78;28;31;59;28;24;138;28;47;115;25;16;49;27;60;189;31;23;177;20;42;38;20;189;23;64;35;27;18;189;115;30;53;189;25;44;196;39;110;33;25;28;29;36;63;189;54;24;125;23;116;55;189;79;47;58;189;22;189;189;17;24;57;14;31;26;47;33;35)
seed_7_level_5-1,1189,14529.186874866486,10370020,4834,(21;27;15;23;57;24;77;39;30;25;66;17;18;130;35;44;15;15;36;38;51;80;19;26;37;16;47;42;48;60;56;52;106;57;36;34;19;51;20;31;53;189;77;52;189;189;28;84;25;59;67;25;53;33;24;51;34;16;54;32;30;57;20;189;23;55;129;122;18;150;86;49;91;106;25;60;33;44;35;22;17;30;22;138;60;168;35;37;38;54;29;205;32;50;34;134;27;79;48;40;25;161;26;189;48;29;26;36;40;189;189;38;50;50;24;83;58;142;50;57;85;54;37;47;31;30;54;83;16;47;33;189;118;189;31;51;29;26;122;58;57;36;189;33;189)
seed_7_level_5-1,1189,14993.834751844406,10838240,4984,(20;22;35;26;28;16;21;24;29;17;29;25;36;60;37;57;36;27;28;36;86;23;189;111;31;47;38;32;29;16;27;55;23;55;189;59;91;108;39;36;119;53;39;59;31;30;38;54;77;107;26;89;79;16;20;23;16;35;18;91;52;189;37;106;33;18;30;16;23;19;33;26;33;64;171;35;189;27;36;33;17;17;89;21;20;36;79;14;47;63;44;17;31;47;20;95;71;99;30;25;189;60;189;49;56;134;17;36;31;189;37;55;59;189;44;52;38;57;62;34;189;47;25;69;29;216;189;29;39;31;40;26;56;129;149;33;26;136;53;140;19;39;189;41;116;22;151;189;105;37)
seed_7_level_5-1,1189,15441.61091017723,11250769,5131,(81;60;16;42;44;19;41;114;14;26;15;17;21;21;24;47;79;26;47;53;49;38;26;33;60;189;25;28;23;40;25;57;36;46;189;35;37;21;68;29;27;16;27;189;24;24;54;81;31;29;85;47;30;189;21;25;18;19;28;60;83;35;79;53;33;24;30;78;40;44;208;52;36;47;23;211;189;24;84;36;79;36;55;16;84;21;60;53;17;38;27;57;61;189;30;25;36;57;40;20;18;57;188;20;21;50;26;25;17;22;40;91;22;38;32;58;50;189;17;128;126;47;21;93;57;26;128;31;16;33;58;19;67;44;40;43;50;82;189;21;50;28;40;189;189;189;50)
seed_7_level_5-1,1387,15896.53822183609,11692510,5278,(43;56;31;36;57;36;68;16;17;24;14;34;23;113;189;63;189;15;26;25;21;30;39;23;31;60;31;50;41;23;52;18;34;51;26;78;56;55;31;100;31;34;28;149;50;51;189;152;37;110;84;50;29;189;116;79;17;42;60;53;66;50;36;33;47;29;47;189;189;77;29;47;23;47;21;112;35;23;22;111;57;43;32;140;119;36;32;95;37;19;121;112;42;38;64;49;16;38;15;18;80;189;23;32;20;17;34;28;19;23;85;85;136;40;57;22;189;55;33;127;113;67;189;24;47;23;27;86;105;47;14;27;72;286;123;22;47;19;39;81;38;29;48;23;64;21;44)
seed_7_level_5-1,1387,16362.003824472427,12303686,5422,(25;22;18;22;29;51;43;34;30;78;27;56;23;31;34;28;56;71;175;72;111;200;54;24;42;55;34;47;200;31;81;77;35;24;52;24;200;16;79;27;34;36;132;57;105;28;50;28;235;54;32;110;59;36;59;96;59;30;19;41;74;48;86;18;57;48;20;56;81;51;37;24;26;15;53;47;136;54;200;25;26;19;33;80;31;30;57;105;34;219;39;200;200;203;200;32;14;34;112;21;52;47;33;90;87;200;33;138;84;81;64;57;57;31;200;33;200;122;58;21;88;200;40;152;27;34;200;200;19;200;47;25;31;48;38;41;200;113;17;30;35;200;19;33)
seed_7_level_5-1,1387,16820.700011968613,12739673,5572,(15;56;36;31;20;15;22;27;18;27;52;67;28;28;57;36;49;200;58;51;31;55;26;59;48;49;58;29;41;29;23;29;30;30;31;31;200;16;54;40;24;37;31;50;33;21;14;15;133;24;17;33;47;32;38;47;57;28;85;31;79;25;61;51;77;81;200;20;22;121;32;106;47;39;81;29;34;47;200;105;25;19;28;31;108;33;108;19;18;77;29;200;36;47;57;36;40;40;120;38;44;26;45;20;28;42;27;59;109;200;42;42;39;44;112;47;26;59;24;127;83;54;27;22;31;51;40;89;89;30;25;54;200;30;115;21;30;91;200;19;200;185;136;57;34;200;200;79;56;32)
seed_7_level_5-1,1387,17262.882315158844,13120086,5717,(43;18;30;22;22;17;29;31;19;36;24;34;17;29;78;31;115;114;36;36;22;24;32;31;27;87;40;47;138;57;14;41;100;48;29;60;58;85;85;24;59;41;22;30;27;28;29;17;22;107;28;19;24;18;16;34;50;105;17;25;47;32;32;33;57;83;54;20;54;22;53;31;16;106;53;30;15;59;42;56;83;38;82;42;19;200;80;36;47;47;16;50;57;57;60;30;47;54;80;39;16;26;112;32;50;22;47;26;181;15;15;82;30;35;200;78;33;200;21;32;43;200;108;31;15;17;41;113;200;24;17;200;200;85;27;40;139;31;16;200;79;200;35;55;32)
seed_7_level_5-1,1387,17705.668896198273,13572400,5862,(93;79;24;21;34;74;25;26;37;22;16;26;57;23;200;38;54;30;24;25;20;211;107;42;200;31;84;71;16;42;49;200;25;26;24;200;54;32;34;25;47;47;105;47;37;41;60;77;17;35;27;15;30;82;48;47;30;58;28;22;37;26;54;52;36;58;59;36;55;18;39;25;32;31;53;17;33;88;81;122;19;200;200;200;14;39;50;200;105;50;23;57;36;25;145;55;35;19;114;49;26;200;151;23;34;28;130;41;32;166;57;23;33;47;32;56;24;81;27;25;200;200;29;27;20;29;38;36;200;46;30;58;51;61;21;38;38;42;42;79;84;18;48;75;24)
seed_7_level_5-1,1387,18179.297851085663,14045214,6013,(26;186;190;48;42;145;42;42;42;22;21;32;22;47;78;41;54;57;57;33;34;31;113;115;19;47;80;31;14;56;24;52;200;49;36;200;47;36;51;17;31;33;55;68;29;118;38;56;54;35;35;88;29;79;55;33;54;130;39;47;105;42;67;21;40;28;57;33;50;40;26;30;105;200;17;15;54;15;23;17;125;25;32;36;21;19;19;47;117;49;19;31;79;50;200;31;86;28;115;23;18;115;200;108;200;22;30;50;40;26;200;14;34;105;54;25;135;40;47;129;31;21;50;26;17;36;25;23;79;200;53;40;14;70;17;47;26;200;20;57;80;47;74;40;33;83;200;200;43;18;15)
seed_7_level_5-1,1387,18646.900368452072,14473358,6165,(27;18;24;14;23;37;35;25;25;64;32;27;38;24;29;57;31;34;28;38;31;25;25;47;42;47;28;24;14;22;47;15;21;58;29;49;58;34;54;59;125;40;25;200;146;200;29;31;34;200;35;30;59;28;82;47;16;53;200;80;57;200;16;47;17;132;105;26;37;47;50;13;59;42;113;200;200;22;34;57;27;47;32;38;131;16;137;34;79;109;55;88;57;31;52;33;44;14;128;63;25;22;54;200;183;22;43;36;200;17;42;36;28;30;89;31;200;50;24;33;34;38;65;70;30;82;39;23;16;21;50;30;34;32;29;54;161;17;200;31;30;41;53;76;58;20;43;24;34;25;27;23)
seed_7_level_5-1,1387,19119.631718158722,14958063,6317,(23;21;25;30;26;25;65;25;52;31;50;35;39;54;38;57;41;45;25;57;47;47;32;49;13;14;133;16;26;79;18;111;116;26;25;33;35;47;32;18;200;108;113;62;53;53;200;65;38;39;155;39;81;19;200;40;25;35;64;53;77;200;28;24;53;57;91;125;38;61;57;43;61;200;26;112;84;200;37;16;78;108;41;49;98;25;42;211;27;120;107;17;200;48;51;200;33;67;23;64;33;19;37;39;33;26;200;32;17;105;83;31;200;21;23;31;50;18;27;21;109;24;31;51;136;30;200;27;26;38;36;20;63;63;36;200;30;31;47;39;46;83;33;14;35;24;14;47;126;57;15;38)
seed_7_level_5-1,1997,19577.961524009705,15458247,6464,(33;18;23;25;29;25;22;24;39;54;25;33;22;30;50;26;31;200;47;84;24;42;57;24;31;28;24;200;20;27;29;35;54;87;53;22;28;45;16;45;50;200;45;200;44;44;50;27;45;109;135;36;29;25;77;34;47;23;56;31;50;34;77;34;50;16;42;26;24;25;24;200;201;47;32;36;27;36;27;50;47;18;25;80;51;25;18;19;19;50;69;34;57;41;87;57;158;112;41;85;59;200;25;200;34;33;200;29;19;42;42;31;17;200;91;86;20;120;65;28;31;368;22;59;190;43;25;27;45;52;42;193;64;21;78;127;108;19;141;38;36;20;161;54;27;130;21)
seed_7_level_5-1,1997,20040.175710439682,15883849,6614,(19;16;38;27;27;14;24;54;37;57;37;34;54;39;26;16;21;21;47;22;34;17;80;105;27;173;25;47;33;173;61;67;33;48;28;35;33;53;50;173;173;77;47;54;77;30;143;183;173;47;24;28;31;22;43;90;43;16;57;26;24;33;25;81;34;32;23;49;56;31;32;23;16;34;175;84;19;34;34;43;15;27;88;31;134;173;77;21;22;108;52;26;47;18;79;105;18;191;173;173;58;173;54;57;58;25;73;40;23;62;86;59;37;66;18;33;40;25;27;31;105;15;43;36;28;36;50;43;173;125;41;35;24;29;175;30;173;27;173;54;24;27;16;43;34;37;107;167;57;25)
seed_7_level_5-1,1997,20510.215717077255,16460120,6761,(31;34;16;29;33;26;23;84;43;41;35;22;173;24;45;24;114;39;31;19;29;68;141;72;32;41;173;43;29;97;43;42;181;63;38;41;117;115;132;77;50;173;31;173;48;63;173;43;41;34;25;141;26;173;37;47;81;54;173;101;43;19;17;173;33;133;24;16;13;47;54;50;133;50;47;21;27;161;21;28;24;57;173;173;55;88;173;35;24;208;27;60;46;55;88;55;129;43;124;175;30;48;63;43;55;23;32;197;95;89;29;68;19;25;27;34;28;26;193;174;173;55;22;27;33;173;49;183;26;77;73;173;14;29;173;54;40;105;30;48;31;21;31;47;77;133;80)
seed_7_level_5-1,1997,20975.533888101578,16956281,6908,(19;34;36;15;23;20;25;68;16;43;122;54;173;173;82;55;26;43;76;44;81;32;64;182;44;57;56;171;93;117;84;50;17;37;173;29;15;22;50;17;121;25;34;37;51;29;18;133;57;50;47;28;47;35;173;26;33;191;133;35;47;50;119;84;32;161;85;205;173;27;94;52;25;114;26;26;45;88;156;31;87;26;173;21;130;152;27;19;71;42;38;173;34;99;30;70;22;173;76;49;67;58;24;73;41;24;54;204;46;50;96;30;42;119;28;173;48;37;19;26;47;77;18;40;22;89;114;24;25;21;15;58;70;50;59;84;28;35;43;63;79;173;37;47;50;57;47)
seed_7_level_5-1,1997,21436.86324262619,17402103,7056,(29;29;34;24;35;31;30;33;28;25;24;29;54;27;75;17;22;26;173;91;112;48;185;173;47;173;23;50;47;19;50;34;24;22;57;30;30;36;18;110;129;23;70;130;33;23;30;173;41;47;46;25;44;30;117;26;37;173;22;156;34;23;35;26;173;31;52;57;116;27;51;173;31;49;56;25;45;50;54;46;32;206;56;36;38;19;55;25;46;28;173;32;19;23;93;31;30;54;37;37;52;20;138;30;16;113;107;173;21;15;16;44;29;24;30;47;124;173;34;47;36;173;77;80;47;40;47;80;47;34;47;27;185;92;34;109;161;52;57;31;117;115;86;48;75;35;97;67)
seed_7_level_5-1,1997,21898.35321521759,17867326,7206,(36;50;173;40;24;173;86;41;33;24;100;53;38;24;58;29;36;173;87;37;24;173;41;21;42;56;94;35;39;38;41;111;110;51;63;42;29;44;35;18;45;50;173;48;31;89;45;133;35;26;22;32;35;28;34;41;26;34;125;173;19;126;23;20;27;50;136;33;80;38;33;59;43;30;57;43;51;173;17;43;89;53;27;188;27;19;174;35;88;29;33;50;34;31;43;66;173;173;28;31;24;30;113;85;25;77;122;41;25;107;53;43;66;43;56;54;69;43;56;30;49;74;121;43;161;68;43;173;192;27;112;41;38;77;27;26;31;47;20;77;25;122;115;21;114;17;41;173;105;107)
seed_7_level_5-1,1997,22385.79513645172,18513325,7355,(173;46;173;60;61;57;96;40;18;30;49;21;30;18;47;173;173;112;65;173;28;117;173;17;133;27;15;26;173;24;113;30;39;36;173;111;34;173;34;36;77;154;24;54;87;47;40;53;54;185;116;28;173;77;53;173;47;77;50;173;25;47;173;30;57;18;147;41;28;22;136;57;167;118;14;36;29;32;54;38;26;96;47;30;36;56;49;30;48;30;50;153;95;65;28;173;173;62;182;71;27;29;28;79;26;83;49;98;122;24;85;27;22;174;34;276;70;35;106;43;24;173;57;173;173;47;173;15;77;173;173;55;19;26;47;52;19;28;125;57;16;55;36;27;34;40;22;33;54)
seed_7_level_5-1,1997,22864.21550679207,19158717,7505,(173;87;73;43;28;173;32;44;173;44;173;27;30;173;30;50;44;20;38;123;180;31;173;51;131;192;26;173;121;78;38;31;86;188;31;30;20;39;39;173;73;24;173;173;16;48;67;31;25;118;29;173;66;62;25;53;20;25;43;29;54;80;21;173;130;18;40;17;34;39;173;28;36;267;29;70;32;173;83;80;127;58;59;18;50;43;48;173;16;34;173;54;46;31;54;27;18;52;41;42;119;67;31;107;56;35;33;28;133;20;173;37;24;36;40;125;42;173;112;18;28;14;173;31;133;174;50;105;30;34;47;42;81;81;33;25;43;23;19;54;173;34;35;112;22;47;28;38;278;47)
seed_7_level_5-1,1997,23336.427228212357,19643914,7655,(54;30;51;83;17;32;38;57;31;57;28;80;54;41;32;173;18;27;28;31;29;80;50;140;115;26;28;54;54;109;33;28;48;113;36;22;39;24;24;27;56;38;26;84;55;173;83;54;80;16;44;33;45;57;35;77;39;64;51;63;23;18;50;21;173;48;173;17;88;81;140;20;38;23;20;83;173;32;108;29;33;20;78;43;41;47;147;27;30;50;168;59;36;32;29;112;130;180;59;132;55;32;62;28;61;38;18;173;18;176;18;37;54;53;34;86;112;24;66;39;115;157;58;53;13;33;173;26;173;25;62;118;109;31;77;60;192;173;32;173;51;118;47;57;30;192;34;40;62;83)
seed_7_level_5-1,1997,23803.753310918808,20129678,7805,(173;28;22;86;52;57;19;37;29;29;50;47;26;77;149;35;27;18;113;16;26;39;34;84;160;19;81;81;36;84;173;157;87;31;41;172;22;190;26;30;51;51;49;27;28;108;27;40;26;59;88;19;30;20;33;173;39;69;28;113;29;79;26;173;23;23;119;28;21;173;86;18;86;57;57;24;17;27;34;63;34;22;34;96;109;173;26;24;65;29;63;42;87;20;76;19;64;97;23;44;192;173;39;55;63;152;46;26;168;46;27;72;76;26;46;66;26;45;25;28;23;30;59;30;113;25;115;33;38;24;34;28;173;25;15;57;47;59;191;183;41;26;61;192;14;192;14;47;54;105)
seed_7_level_5-1,1997,24260.670139312744,20541498,7955,(173;173;138;85;173;62;41;173;56;57;38;39;109;37;17;30;24;38;22;35;27;79;47;31;35;24;25;34;21;37;51;82;34;24;24;34;57;57;17;173;116;41;21;26;24;35;40;24;25;30;83;56;114;30;39;17;37;36;23;60;33;40;20;173;33;56;27;31;131;29;124;63;31;131;36;141;75;81;30;40;123;33;63;30;30;173;93;15;20;20;43;41;63;58;21;44;17;18;54;175;77;33;120;126;38;21;33;16;19;39;34;50;188;92;188;173;18;24;18;28;28;31;142;54;28;81;51;143;31;47;173;86;36;84;50;61;31;31;54;24;23;35;109;26;30;17;50;52;25;25)
seed_7_level_5-1,1997,24736.24030303955,21075751,8105,(173;49;31;34;22;173;53;61;54;24;87;173;24;77;16;33;22;19;173;110;17;24;20;19;98;110;54;82;32;31;57;68;36;128;87;53;32;40;54;41;17;62;26;51;54;53;57;53;26;57;128;31;34;57;92;32;41;35;43;138;31;31;114;45;38;43;32;118;26;25;59;32;44;33;44;41;41;60;118;58;28;163;20;38;15;18;51;84;28;27;185;18;145;133;77;90;77;15;173;173;55;47;29;15;17;174;51;314;83;36;36;31;77;105;188;21;33;19;28;71;173;173;27;50;24;19;21;57;39;30;25;50;29;173;147;27;173;33;126;48;87;173;42;42;16;173;89;173;25;29)
seed_7_level_5-1,1997,25221.575885295868,21714819,8255,(54;61;39;42;39;59;30;37;27;43;22;36;33;25;42;49;24;19;173;23;29;40;113;26;27;30;128;31;109;81;173;109;40;147;28;24;24;155;24;54;13;24;36;173;27;54;129;57;140;185;26;28;67;173;30;54;149;92;51;30;173;133;47;28;18;122;138;35;23;173;24;22;128;173;20;54;114;33;84;35;173;38;62;173;18;80;29;40;150;40;37;36;34;173;86;57;45;173;23;17;18;57;173;54;173;173;56;25;37;32;173;129;57;25;246;145;81;77;173;133;209;186;54;54;24;36;56;25;24;29;117;17;191;53;33;29;25;192;34;93;24;54;82;32;13;80;118;84;17;83)
seed_7_level_5-1,1997,25697.348605632782,22255693,8405,(173;35;129;114;31;35;173;173;173;88;58;46;116;47;24;33;116;23;37;173;38;173;52;173;173;35;36;47;173;24;87;36;38;173;39;34;109;65;109;43;55;36;90;173;29;116;47;80;31;59;20;69;21;30;173;17;38;125;57;38;31;92;117;39;125;19;88;54;28;36;30;123;26;80;32;17;192;38;34;57;83;54;26;53;17;35;51;115;51;18;28;28;54;14;34;31;25;28;128;40;54;125;35;83;31;30;90;83;57;25;173;181;31;19;173;150;126;21;192;52;36;83;54;57;36;53;35;17;28;47;18;53;54;30;33;29;24;18;40;173;191;80;36;29;59;32;40;38;25;126)
seed_7_level_5-1,1997,26182.577195882797,22870014,8556,(21;67;31;29;54;53;40;83;23;139;47;22;31;25;32;58;20;32;54;21;57;54;48;29;23;126;155;38;30;54;84;36;18;44;57;49;24;82;66;21;173;26;68;34;30;24;34;53;110;73;36;77;18;53;20;34;25;48;116;36;17;37;46;96;173;30;41;173;174;49;110;192;36;25;31;44;43;187;46;154;53;144;29;57;33;27;51;112;87;22;39;115;28;35;183;173;173;51;25;35;105;47;37;19;76;173;81;50;116;30;16;31;48;83;50;56;173;36;88;173;352;173;43;29;54;37;173;31;30;36;77;81;113;77;50;39;173;173;118;49;139;65;22;47;173;39;173;41;173;173;88)
seed_7_level_5-1,1997,26658.697399377823,23385179,8706,(25;143;110;55;147;28;141;31;36;51;25;23;54;23;119;54;17;60;39;55;179;67;161;126;53;22;84;18;173;37;23;19;26;57;173;80;54;54;41;173;24;69;90;24;173;24;57;173;53;89;48;120;31;59;34;173;106;27;122;35;50;52;128;67;34;44;22;18;77;30;29;20;50;57;76;56;18;21;81;173;82;56;177;173;40;72;23;62;111;17;38;27;52;35;173;67;19;26;56;63;29;63;55;29;31;33;54;32;32;16;173;24;54;173;28;31;18;32;136;23;173;173;26;32;173;33;54;26;115;20;34;173;61;24;15;37;50;29;38;83;173;25;31;14;23;19;38;173;22;36)
seed_7_level_5-1,1997,27129.528151750565,23885745,8856,(122;47;51;48;23;49;35;71;80;35;43;23;89;44;27;173;28;173;35;51;173;44;35;173;23;56;43;173;43;37;29;26;136;35;62;29;21;173;43;17;34;63;22;50;24;173;62;24;37;30;26;87;99;57;20;34;50;45;32;80;56;40;50;55;37;83;57;56;28;111;57;29;138;115;58;88;86;35;173;38;173;27;18;173;61;24;173;54;35;173;34;31;35;38;19;51;73;57;80;173;31;47;30;47;187;17;23;153;19;37;39;188;30;22;24;25;31;156;53;57;39;77;24;83;24;37;27;53;54;139;33;54;84;63;113;137;26;17;19;180;25;124;21;193;58;137;41;31;83;29)
seed_7_level_5-1,1997,27600.21011042595,24383009,9006,(173;31;36;14;43;173;37;58;20;26;19;57;24;83;37;19;32;79;77;108;184;20;173;77;115;80;72;29;31;35;23;20;49;17;173;26;79;48;44;28;50;22;117;53;173;34;173;156;141;31;36;51;53;51;17;24;14;79;57;31;23;42;173;80;14;131;123;32;32;57;24;31;25;184;28;25;34;35;144;16;23;173;33;55;35;27;152;31;53;25;30;29;173;23;22;40;27;41;57;173;57;109;32;54;173;44;75;41;62;28;173;56;16;133;173;30;37;34;19;99;19;149;173;32;22;22;62;173;27;31;24;34;50;40;51;35;20;22;17;38;63;38;119;28;57;20;113;91;173;28)
seed_7_level_5-1,1997,28075.26830148697,24904176,9157,(173;18;19;53;34;29;143;85;57;87;64;31;149;24;54;145;28;47;39;179;173;32;115;29;57;128;24;112;31;60;28;24;16;41;29;52;71;27;16;54;24;26;17;24;49;124;51;19;17;136;182;192;22;193;109;26;52;47;29;16;165;25;55;173;31;39;173;165;50;65;25;19;80;82;173;53;94;155;173;173;106;25;43;18;82;25;87;122;34;48;24;50;173;50;24;28;55;13;173;77;58;47;39;24;72;95;68;27;30;24;59;32;39;23;28;34;35;27;32;173;20;38;38;33;173;22;22;69;60;50;66;21;28;90;51;117;52;51;118;24;48;32;33;111;173;51;107;53;36;18;54)
seed_7_level_5-1,1997,28554.64028072357,25473583,9307,(28;178;37;18;115;37;52;30;38;54;50;24;87;17;173;31;58;28;123;29;43;66;18;173;115;50;24;137;43;36;128;26;108;54;17;56;37;173;113;19;14;83;45;54;139;24;34;177;57;24;25;56;27;19;32;64;24;29;26;129;57;28;19;33;16;26;35;115;127;54;25;118;173;22;154;50;25;22;124;31;16;24;37;40;173;29;16;88;173;173;155;21;35;20;154;24;31;173;87;18;37;193;157;92;38;44;16;114;25;21;17;28;33;173;22;59;125;41;25;30;57;57;173;67;54;60;30;74;55;38;34;25;28;25;173;226;173;105;30;112;29;27;37;173;173;173;65;131;50;37)
seed_7_level_5-1,1997,29031.551087856293,25992324,9457,(31;62;31;26;51;140;54;111;26;30;28;54;51;57;57;83;29;18;63;127;31;132;130;173;50;115;35;173;24;34;57;142;30;31;39;30;173;181;54;28;36;62;54;132;53;13;50;47;54;31;34;112;33;35;26;126;24;93;77;19;16;56;26;38;56;17;89;32;31;31;127;29;31;32;24;173;33;34;20;26;173;53;26;117;209;173;183;63;24;19;36;62;180;19;39;23;128;28;173;35;38;36;34;22;30;43;36;19;35;131;36;32;31;173;18;31;50;173;173;173;30;25;67;107;18;28;26;173;35;36;24;173;21;19;109;41;31;31;173;15;31;25;21;24;33;19;150;37;18;192)
seed_7_level_5-1,1997,29502.755049705505,26486902,9607,(24;78;54;33;183;27;84;272;28;113;43;53;32;173;173;133;38;34;35;25;26;24;26;109;181;20;34;105;14;26;43;25;13;17;33;27;28;78;31;40;173;36;173;30;31;13;129;27;30;24;27;27;58;173;17;23;173;44;173;125;17;86;52;106;40;31;24;36;16;30;15;27;130;29;25;31;26;16;71;164;24;59;173;140;53;26;26;27;29;54;67;26;32;26;34;128;20;36;113;81;18;28;50;72;54;83;189;54;41;29;173;173;173;57;65;139;41;16;92;78;52;32;19;52;51;23;36;173;57;24;24;31;30;143;29;33;34;29;64;24;23;36;34;26;115;35;24;153;48;19)
seed_7_level_5-1,1997,30004.81830883026,27122397,9757,(189;25;31;57;34;49;93;31;26;173;76;24;17;35;19;47;150;37;136;51;26;39;81;82;36;116;25;25;51;26;91;39;29;73;47;33;41;87;181;22;58;186;26;69;50;71;60;18;138;173;54;58;173;54;173;17;20;28;136;83;110;83;57;128;76;82;41;51;157;116;54;23;59;21;21;173;173;16;25;173;17;31;124;26;192;173;173;29;25;182;31;173;50;173;173;133;18;82;34;78;59;54;33;51;54;135;20;54;173;90;24;55;69;66;24;24;64;41;192;30;173;25;33;173;173;49;56;154;59;41;24;173;125;79;15;53;23;33;20;116;24;50;25;53;87;33;173;85;25;24)
seed_7_level_5-1,1997,30480.05129289627,27524889,9907,(128;36;43;43;54;18;25;81;52;60;17;30;64;54;56;61;24;47;58;54;57;30;55;88;38;57;153;23;47;126;19;24;26;31;91;190;56;16;67;125;63;28;43;144;89;66;51;173;40;37;20;173;27;29;51;51;51;31;32;51;31;42;34;28;23;26;50;48;30;48;55;86;32;81;50;22;26;173;24;29;25;23;25;135;84;108;40;44;16;14;26;27;87;49;54;25;26;17;173;173;20;28;173;23;80;173;30;173;50;129;33;52;57;43;34;25;33;157;57;32;50;16;26;185;87;19;111;46;34;57;14;16;49;43;31;57;23;47;32;148;25;32;145;23;58;32;127;51;31;99)
seed_7_level_5-1,1997,30965.00045800209,28046236,10057,(70;51;40;25;28;37;84;42;50;57;24;63;18;28;24;55;39;25;26;83;72;109;59;54;152;37;79;76;54;127;110;29;18;61;115;32;33;145;123;25;20;173;54;24;135;33;26;189;38;173;26;83;26;38;28;33;18;34;48;126;33;160;36;38;33;37;55;192;89;58;84;188;109;27;47;19;81;154;83;40;129;43;54;54;149;132;23;80;32;55;25;140;19;35;48;33;31;34;14;25;29;57;50;33;26;57;57;71;59;42;54;173;77;24;37;173;24;83;177;49;24;18;184;173;173;60;43;66;39;193;24;144;30;173;63;24;34;24;21;29;32;131;18;40;173;49;15;21;25;176)
seed_7_level_5-1,1997,31458.75937128067,28690701,10207,(173;38;58;17;57;30;29;19;24;31;21;84;17;57;41;140;58;139;25;25;30;41;36;84;27;17;54;48;173;33;83;33;171;41;24;173;51;24;30;77;127;16;179;50;131;173;63;130;173;67;19;54;39;25;126;36;36;38;28;40;173;149;24;17;126;173;54;56;54;18;156;54;178;22;57;34;173;150;47;50;32;55;52;105;31;113;17;33;40;174;173;58;142;109;23;22;30;160;173;73;35;124;74;57;173;50;149;192;55;17;27;54;38;35;60;47;113;47;29;31;30;113;35;47;32;153;50;173;54;173;192;25;60;25;147;40;151;56;85;113;21;154;39;28;190;63;182;30;60;24)
seed_7_level_5-1,1997,31954.089943885803,29271481,10357,(25;34;24;57;17;51;16;54;28;86;40;30;26;16;51;55;83;153;36;23;19;193;173;51;85;181;33;48;40;36;30;173;173;44;84;20;28;57;15;128;173;54;118;54;26;81;51;57;17;35;52;29;173;113;23;17;52;54;31;47;14;33;25;131;149;33;41;154;128;192;18;26;51;27;22;36;17;150;13;59;82;173;17;51;152;161;37;22;29;192;23;179;47;24;14;128;25;32;26;23;83;51;31;38;31;24;143;47;113;50;37;77;154;88;173;54;43;142;77;55;30;17;192;53;59;108;33;153;58;127;22;32;15;55;112;28;109;17;80;23;173;127;173;57;113;23;54;20;173;174)
seed_7_level_5-1,1997,32432.174478769302,29788585,10507,(17;32;83;190;173;126;36;66;20;38;38;65;29;37;44;173;37;30;92;47;30;113;25;27;173;154;26;24;24;59;22;38;139;30;27;35;36;44;32;192;34;81;29;79;63;34;29;28;21;30;19;33;138;107;41;87;23;127;41;31;49;40;178;29;131;26;36;33;57;82;79;34;27;135;20;40;21;138;31;105;14;173;173;26;207;30;36;63;109;19;32;152;147;173;27;25;57;43;122;26;36;49;173;33;17;173;52;144;82;108;32;33;106;32;145;30;26;27;173;25;118;24;29;62;128;36;43;152;26;173;30;50;57;27;54;37;17;19;51;86;33;110;43;43;60;85;26;32;58;50)
seed_7_level_5-1,1997,32904.87077307701,30231378,10657,(24;16;29;38;37;17;129;24;23;173;29;26;83;38;49;32;18;51;40;83;36;36;84;63;35;35;110;31;33;31;165;19;173;29;27;27;127;25;27;24;52;83;23;58;23;30;51;25;62;47;36;147;20;134;54;136;42;182;51;173;38;36;54;45;29;35;53;59;157;36;58;36;88;31;131;24;39;126;58;34;24;26;31;34;26;18;24;18;40;24;31;113;29;58;38;57;38;30;154;35;54;25;59;32;57;24;54;47;39;38;57;196;147;161;33;23;40;173;23;37;25;36;27;150;154;30;31;32;50;154;152;40;39;47;122;126;38;142;51;61;151;30;108;19;216;33;20;60;37;61)
seed_7_level_5-1,1997,33369.84976434708,30607604,10807,(84;40;55;28;28;62;173;27;56;31;36;44;27;28;33;39;57;54;18;41;31;19;52;83;28;61;20;31;28;36;31;59;162;39;39;48;93;26;173;32;54;58;50;32;39;54;57;173;37;31;38;16;39;29;23;29;24;17;42;83;24;37;57;13;34;18;14;36;55;127;216;173;52;50;23;50;35;31;60;173;33;84;185;54;23;32;50;32;30;77;34;56;147;30;23;57;29;144;39;28;52;83;26;24;56;52;112;48;47;26;30;106;36;30;46;54;173;35;87;129;50;24;121;47;25;50;83;61;63;173;54;109;33;15;85;26;149;137;25;15;29;32;49;24;17;24;147;25;32;50)
seed_7_level_5-1,1997,33840.76806354523,31152997,10957,(34;57;29;25;173;37;23;18;31;79;72;35;23;31;38;32;22;18;35;95;15;58;14;37;43;173;38;65;29;25;50;66;86;60;55;38;23;80;77;57;133;60;43;129;35;115;43;173;126;57;43;38;35;29;33;54;63;173;47;47;127;87;34;28;57;216;50;173;38;48;33;61;83;19;53;148;22;122;30;192;31;202;26;41;57;47;28;27;50;29;40;50;24;47;32;54;47;61;115;173;31;173;19;38;28;50;25;31;47;192;203;54;24;304;22;107;35;37;173;50;50;39;17;137;50;37;50;21;57;29;173;79;187;60;18;123;152;152;34;39;26;43;115;148;50;35;50;38;23;57)
seed_7_level_5-1,1997,34332.3403506279,31738274,11107,(30;34;155;33;15;59;15;132;146;29;173;173;34;41;28;87;173;53;52;93;46;84;87;30;173;53;36;19;33;77;48;30;63;34;56;59;34;39;50;43;36;31;35;77;14;37;155;54;108;173;24;43;21;174;183;43;173;19;26;59;47;22;39;80;173;122;54;87;115;35;25;37;31;60;173;25;14;41;37;28;25;29;34;39;165;180;186;57;29;57;25;38;183;88;57;37;173;124;23;17;32;57;21;192;36;87;38;30;38;57;57;23;37;26;50;31;73;58;54;16;57;25;31;77;89;18;192;60;47;36;210;154;87;121;147;34;109;24;178;109;173;150;79;47;115;31;81;25;128;40)
seed_7_level_5-1,1997,34806.839945316315,32206115,11257,(129;22;159;33;77;84;86;17;56;25;173;50;173;59;26;50;38;33;56;69;54;43;53;31;50;27;43;179;30;23;173;129;173;34;21;34;47;46;24;40;47;18;25;123;41;52;173;96;50;43;50;58;41;64;173;17;35;25;17;57;32;58;40;54;24;125;21;31;33;173;31;87;34;27;60;24;40;29;57;25;53;109;39;32;30;26;24;34;25;31;79;50;27;109;101;183;34;24;221;57;39;173;59;61;28;27;94;47;210;66;26;183;31;17;173;57;29;87;25;31;31;23;18;173;105;57;20;54;33;123;39;57;52;31;53;27;50;32;15;25;32;134;173;19;27;17;53;31;127;40)
seed_7_level_5-1,1997,35301.375319480896,32891993,11407,(192;117;35;39;123;163;27;16;38;156;183;22;92;43;32;33;21;36;41;43;50;57;50;35;123;31;54;173;33;51;22;122;38;77;34;45;17;42;174;65;173;17;37;38;39;58;173;125;39;25;27;56;69;37;187;18;27;43;50;173;111;145;43;69;31;40;94;31;36;38;47;36;77;109;57;173;173;79;53;50;32;38;26;173;185;149;25;30;57;147;152;38;39;23;50;47;88;36;50;26;154;54;26;111;23;174;199;206;39;67;15;173;32;105;191;33;28;57;173;15;173;192;189;192;40;24;183;41;37;33;40;25;119;70;173;45;57;39;31;84;22;18;183;60;35;59;173;37;123;47)
seed_7_level_5-1,1997,35792.22852182388,33551112,11557,(28;32;55;19;83;82;17;33;131;173;29;177;57;25;32;49;34;57;54;82;67;55;55;24;41;26;79;173;36;57;29;27;54;193;192;192;34;79;183;53;173;35;42;38;29;173;15;24;25;134;23;53;59;55;82;89;18;57;26;173;57;22;29;19;54;131;173;34;50;29;87;89;87;32;121;26;36;192;18;43;83;129;154;149;181;47;35;34;77;26;173;50;150;173;30;173;30;30;100;53;40;173;57;54;83;18;54;105;54;121;26;50;77;50;173;158;193;27;174;33;50;173;77;26;113;112;79;50;23;28;50;32;24;50;36;304;25;35;23;31;25;47;61;37;26;31;190;20;54;173)
seed_7_level_5-1,1997,36284.10576224327,34110636,11707,(26;16;147;26;55;173;29;16;148;47;191;47;173;31;61;183;28;185;58;29;152;33;60;16;52;53;25;99;63;79;30;19;37;55;26;33;109;54;16;38;33;17;120;84;47;133;187;18;135;173;30;192;34;82;57;96;29;182;18;40;156;160;16;29;57;77;173;27;144;122;87;108;30;31;173;128;36;35;32;57;122;77;48;57;37;32;124;109;26;81;24;36;54;44;82;47;24;50;19;61;22;173;41;30;25;145;51;24;80;31;57;28;144;36;80;174;50;54;18;87;192;48;70;35;74;57;16;20;24;35;47;19;41;59;173;50;17;128;24;63;23;57;32;26;50;33;131;32;173;27)
seed_7_level_5-1,1997,36769.44878768921,34705261,11857,(149;47;18;80;36;31;23;22;83;193;36;166;50;108;149;34;173;173;173;47;249;30;80;30;180;50;183;174;125;184;133;173;173;192;41;34;35;49;133;19;36;37;49;50;35;35;192;31;35;36;34;30;53;23;87;133;34;77;79;34;50;27;192;28;51;34;47;29;27;149;17;54;33;50;38;26;35;52;20;50;116;110;27;18;54;31;79;173;54;27;41;82;29;34;39;30;54;33;31;25;28;181;84;23;23;30;54;79;46;30;22;54;47;34;183;66;173;57;34;147;20;50;88;66;110;34;16;37;47;173;42;35;17;23;49;58;85;54;106;52;30;55;50;148;179;127;57;51;39;16)
seed_7_level_5-1,1997,37251.93102765083,35274979,12007,(35;84;37;22;52;173;151;143;38;30;19;27;79;47;40;105;24;27;47;30;25;21;26;55;113;47;30;192;37;14;51;30;169;34;39;23;20;185;173;173;29;149;81;52;24;191;32;25;111;27;33;37;127;49;47;61;37;105;57;22;173;24;24;173;38;174;185;192;54;150;35;34;34;37;59;57;174;77;55;18;24;30;57;25;30;18;29;145;154;41;17;83;34;57;79;152;158;37;68;35;36;173;29;37;54;215;93;24;71;18;31;47;47;57;77;24;124;149;164;173;122;49;19;109;19;23;35;40;91;53;24;33;26;33;30;42;87;33;195;20;42;62;51;50;34;40;19;23;105;148)
seed_7_level_5-1,1997,37739.540987968445,35840647,12157,(215;24;173;34;33;24;89;149;127;24;34;54;154;79;31;25;173;126;173;47;57;50;152;145;80;149;47;25;25;145;51;27;38;62;141;60;152;48;126;113;24;26;131;59;40;159;136;24;61;144;157;49;22;113;154;27;30;173;25;24;24;16;57;25;23;152;25;54;24;31;44;79;33;30;33;79;194;80;24;56;173;50;173;58;108;39;82;61;190;173;35;31;24;55;28;79;21;41;16;23;56;126;51;27;113;57;70;38;54;57;47;161;34;14;57;30;80;24;49;19;28;20;29;34;48;16;30;47;54;47;61;36;37;55;17;167;57;58;173;50;29;17;173;28;79;136;50;31;81;50)
seed_7_level_5-1,1997,38221.934005498886,36416295,12307,(39;54;33;173;53;49;173;25;36;154;19;54;30;127;173;152;49;19;88;149;157;38;34;26;132;49;54;33;64;92;87;59;58;15;17;44;33;51;18;84;39;24;82;21;31;34;173;50;35;81;23;26;61;67;114;84;192;28;30;29;16;19;71;115;135;105;18;21;25;35;215;29;52;149;154;47;49;16;32;57;26;39;32;24;35;141;38;27;52;154;35;58;47;20;149;26;32;57;149;123;57;145;35;174;52;26;60;127;131;146;36;28;57;40;19;23;31;128;149;30;133;33;54;23;32;24;190;173;149;49;173;26;34;50;21;40;50;173;87;149;18;54;154;35;173;47;35;36;149;50)
seed_7_level_5-1,1997,38715.64154982567,37042316,12457,(83;34;22;47;24;53;52;193;29;32;22;41;72;188;42;25;21;70;129;26;183;58;173;68;47;36;147;36;34;29;52;33;19;44;25;27;31;66;157;61;51;15;16;31;173;29;36;156;24;77;87;25;54;27;113;157;35;83;44;50;73;21;126;173;47;56;54;24;54;51;79;31;50;18;149;139;149;23;125;149;51;33;24;23;105;154;50;80;57;173;57;81;23;153;57;30;54;63;89;31;50;40;165;25;145;202;30;18;173;174;54;54;122;54;33;131;79;54;37;47;26;23;87;54;80;154;87;154;149;128;33;128;50;128;84;60;134;154;54;154;27;126;149;154;149;57;164;33;49;39)
seed_7_level_5-1,1997,39228.23100423813,37862044,12607,(143;173;23;25;47;83;84;52;30;31;57;35;20;152;54;163;31;106;140;54;156;84;54;142;57;173;19;61;58;161;16;129;38;38;37;85;54;64;173;68;153;23;66;24;37;57;87;71;54;93;173;47;52;38;83;190;173;24;40;25;57;59;28;145;52;278;144;25;26;54;126;154;40;47;35;149;29;128;173;35;41;173;14;37;36;38;28;23;58;160;154;43;25;25;50;38;223;131;129;31;149;173;24;178;149;173;68;157;149;142;139;54;237;57;142;25;84;144;154;25;26;154;84;54;53;149;140;154;53;54;24;163;130;57;154;35;54;33;23;173;192;25;83;29;57;149;143;61;39;152)
seed_7_level_5-1,1997,39748.98974919319,38828350,12757,(178;149;127;39;156;24;39;235;128;153;57;33;149;173;173;143;173;131;54;231;163;173;57;33;54;173;146;173;139;36;137;36;151;173;128;38;131;26;149;23;127;26;53;27;194;64;152;34;32;131;25;17;83;23;135;54;54;149;173;173;122;31;34;33;38;138;27;149;273;58;145;55;113;16;24;19;28;20;50;54;34;61;148;42;228;121;20;23;34;33;149;23;20;173;192;53;24;24;124;33;26;54;40;125;149;149;37;149;51;198;165;156;21;33;57;192;54;143;25;157;174;24;148;123;28;289;178;57;54;187;25;40;161;54;149;149;34;57;60;20;35;20;54;63;131;32;149;29;50;38)
seed_7_level_5-1,1997,40252.6764793396,39543773,12907,(155;149;23;146;132;24;131;21;80;151;173;149;29;27;87;144;54;16;56;152;36;149;149;164;241;149;59;35;17;57;115;152;147;142;154;27;26;23;24;30;54;55;25;141;35;49;33;31;154;173;130;57;24;111;40;32;154;42;164;41;94;37;60;125;25;27;144;51;77;24;173;25;81;57;59;65;57;22;52;173;37;31;83;32;29;26;73;149;27;154;24;26;38;173;24;33;50;173;97;167;173;25;51;173;173;28;159;137;43;34;54;87;17;30;31;56;173;50;81;24;41;173;131;143;193;19;20;40;87;61;115;61;36;173;33;23;17;155;84;40;50;24;57;79;149;41;29;24;78;30)
seed_7_level_5-1,1997,40751.64537906647,40295232,13057,(167;58;173;23;24;126;22;169;40;165;211;122;149;23;149;18;36;173;83;35;88;56;38;57;54;130;25;154;128;57;24;24;23;29;31;26;31;144;59;54;33;128;36;54;181;48;61;38;144;151;50;27;35;24;35;33;27;108;142;18;34;33;54;57;84;126;60;33;43;25;40;31;28;147;56;50;39;126;57;154;54;57;123;38;194;173;126;57;17;23;57;127;152;152;20;40;152;36;28;40;25;154;65;28;34;24;38;30;158;150;28;121;26;31;25;194;61;173;23;154;241;36;151;24;28;25;173;30;41;23;144;152;33;83;145;55;154;145;149;137;54;152;40;26;325;57;160;145;40;36)
seed_7_level_5-1,1997,41256.3806977272,41023631,13207,(87;56;173;23;115;25;38;30;144;54;83;132;194;88;41;115;32;140;25;25;187;173;165;141;57;173;138;35;144;152;173;56;149;25;24;40;149;14;60;28;173;25;50;54;151;26;39;25;155;23;149;43;27;47;149;173;50;159;57;24;37;33;29;22;128;154;57;145;154;106;173;149;26;152;137;51;24;37;162;27;145;173;24;31;152;50;173;28;45;37;47;27;85;41;24;148;152;147;25;24;22;154;37;149;109;20;36;57;57;128;173;37;15;57;173;23;173;151;25;60;66;30;34;57;173;35;57;24;24;57;128;14;39;25;30;25;22;24;150;24;121;34;40;54;18;21;154;13;25;154)
seed_7_level_5-1,1997,41775.713782548904,41941486,13357,(22;152;152;25;54;57;191;149;191;77;24;24;155;141;173;54;143;173;79;125;77;160;57;149;128;23;25;128;145;25;152;153;15;57;130;87;52;23;153;152;57;28;24;152;151;32;24;136;124;107;48;54;40;113;57;55;54;24;125;128;54;28;380;26;173;157;129;60;156;173;186;22;154;173;23;139;149;148;140;24;24;18;30;26;39;35;31;113;23;39;150;173;149;154;131;173;28;29;24;27;23;135;170;27;143;173;60;149;149;173;23;38;27;15;154;147;25;32;54;25;35;173;131;40;24;34;54;32;152;151;30;149;173;149;39;57;61;149;54;53;54;56;133;54;139;39;30;83;25;173)
seed_7_level_5-1,1997,42305.50325202942,42917667,13507,(149;168;154;55;38;173;23;173;122;36;54;41;149;149;32;160;57;54;27;50;151;173;27;173;173;115;173;169;30;154;23;83;128;54;173;38;57;31;24;52;173;25;164;25;54;155;56;151;31;38;28;145;131;27;154;59;149;24;49;24;237;146;26;43;59;140;173;56;132;224;24;41;49;154;152;40;152;173;50;57;17;29;128;24;24;173;173;160;128;26;27;80;41;161;132;161;163;142;145;148;152;152;128;24;26;57;237;60;25;23;24;18;61;38;128;152;173;54;151;80;149;246;144;152;154;122;57;128;57;152;31;57;57;79;41;148;149;25;153;26;27;31;85;17;173;27;173;128;25;152)
seed_7_level_5-1,1997,42832.50432038307,43902503,13657,(145;154;57;173;145;154;40;149;128;43;133;31;54;163;60;54;25;126;157;163;54;173;52;57;17;127;160;192;33;173;41;26;29;173;58;149;173;23;37;154;154;33;34;173;142;39;23;25;153;38;57;173;173;29;25;57;149;128;19;25;25;152;113;116;173;151;144;28;57;29;24;36;304;15;28;31;28;145;50;29;16;40;145;57;173;126;26;25;146;41;157;31;173;36;25;83;133;54;151;149;150;66;42;26;145;54;129;53;108;38;62;33;156;192;38;116;230;152;173;130;57;284;23;123;129;26;126;173;60;54;54;87;35;160;192;24;152;149;35;47;173;83;47;128;83;145;194;142;31;151)
seed_7_level_5-1,1997,43363.94175982475,44864539,13807,(21;24;149;34;31;173;154;105;80;25;31;37;57;151;155;237;130;21;21;25;173;16;23;113;157;173;54;41;237;54;24;32;128;32;131;24;173;173;149;29;19;173;173;59;173;131;142;38;149;40;126;168;57;51;28;43;32;23;131;173;149;54;30;31;113;149;154;149;54;54;36;237;25;28;25;162;230;131;25;87;15;57;27;152;136;25;152;54;24;47;17;38;152;87;162;96;173;36;36;152;149;152;25;125;24;152;26;176;170;128;18;159;125;29;25;155;151;152;68;173;28;173;157;147;23;152;136;15;58;152;83;154;173;127;149;26;57;14;152;25;115;57;34;149;162;24;28;54;154;152)
seed_7_level_5-1,1997,43873.81451892853,45755600,13957,(237;57;57;151;26;149;149;149;24;43;51;135;173;25;54;54;173;149;35;54;24;149;149;39;57;83;57;26;126;149;154;50;66;57;26;57;128;24;209;25;133;123;32;54;173;154;24;154;154;141;29;60;40;57;207;57;23;54;154;149;149;34;152;173;38;173;54;173;24;38;61;150;26;152;47;57;149;45;27;152;36;173;155;27;152;53;43;152;29;174;54;150;144;29;24;25;47;152;173;54;155;34;36;24;152;129;173;24;163;139;31;157;24;152;35;148;149;124;151;31;37;33;24;173;25;152;31;35;25;152;47;185;152;47;105;173;173;57;16;149;30;25;20;23;39;31;157;38;58;154)
seed_7_level_5-1,1997,44388.42497754097,46691785,14107,(152;152;25;15;118;151;113;152;38;37;26;144;154;25;25;84;145;26;175;13;30;39;24;173;34;146;54;57;173;24;58;155;58;330;152;54;149;16;152;173;56;41;152;152;24;173;83;24;79;25;173;129;152;134;152;113;149;173;114;173;25;51;83;54;26;40;122;54;32;173;23;173;160;173;148;126;36;57;57;173;119;68;165;26;61;135;173;21;237;115;24;41;30;23;59;32;15;26;20;186;19;31;35;31;126;35;37;64;27;145;57;122;33;163;25;24;30;149;149;33;57;56;30;17;57;149;25;30;149;178;126;50;154;24;23;25;153;122;58;33;18;173;24;127;141;149;173;149;149;304)
seed_7_level_5-1,1997,44910.39727473259,47710992,14256,(173;145;25;24;20;149;149;136;191;173;154;25;23;52;146;173;54;54;154;54;173;128;149;28;34;149;139;57;139;54;187;154;113;162;32;115;23;54;154;128;165;154;28;35;149;54;193;173;133;24;146;149;173;126;165;173;29;152;25;143;57;47;38;89;54;58;24;156;131;152;27;169;38;160;152;26;128;161;173;173;23;128;26;147;24;61;53;54;32;54;128;127;144;16;148;54;41;49;25;173;152;60;149;34;152;57;173;152;148;152;147;35;140;27;52;27;54;152;133;14;152;148;152;26;161;127;54;54;152;147;154;24;58;144;47;151;152;173;144;25;35;25;152;151;54;28;54;162;152)
seed_7_level_5-1,1997,45440.157172203064,48761856,14405,(173;25;26;152;160;173;173;31;16;152;53;152;54;22;154;24;118;173;54;173;154;31;42;148;155;57;33;151;145;26;173;173;130;23;23;189;86;152;25;173;36;50;36;83;24;173;173;154;154;55;26;57;25;25;27;124;53;191;113;27;25;60;145;50;165;237;19;57;113;149;163;35;60;29;164;54;23;39;28;149;149;33;60;173;26;39;139;238;54;57;25;17;60;167;154;132;23;149;32;113;173;115;149;20;173;50;173;177;173;54;145;152;152;152;149;151;61;54;170;152;28;26;57;162;152;173;56;168;152;144;13;152;152;54;152;149;54;63;26;144;22;25;152;152;154;146;149;152;189)
seed_7_level_5-1,1997,45954.88380694389,49709817,14555,(35;152;152;173;126;57;173;26;26;51;152;57;152;149;24;148;234;25;34;126;50;151;39;56;151;49;127;57;26;173;57;28;25;26;144;152;33;163;173;57;30;38;150;57;83;29;34;161;154;149;154;25;173;160;173;18;55;122;32;170;154;57;26;163;152;58;165;57;173;34;161;30;27;167;47;163;173;54;173;54;16;30;18;162;154;26;173;154;115;154;149;152;149;149;173;57;26;51;128;157;41;154;161;160;57;25;25;175;149;144;16;54;24;56;47;173;16;173;29;152;27;15;113;25;16;126;25;47;54;18;148;58;173;152;152;26;25;147;25;30;22;164;108;79;128;29;151;24;173;54)
seed_7_level_5-1,1997,46457.569375276566,50583227,14705,(42;16;50;152;30;173;25;49;157;157;84;142;23;49;25;142;47;169;154;47;28;54;57;14;77;77;56;25;59;169;148;173;149;120;173;25;191;24;43;149;155;62;79;19;116;47;187;23;237;154;31;25;152;54;155;40;58;24;55;152;51;126;159;152;128;60;31;52;24;144;152;151;15;24;25;149;83;31;54;56;31;126;57;171;18;24;152;152;21;52;25;166;128;60;129;152;126;152;149;56;16;179;54;57;24;24;166;164;165;173;26;37;57;23;138;54;25;163;24;146;22;24;38;164;158;173;154;149;23;26;139;149;32;164;41;54;151;54;24;54;154;26;117;83;163;32;66;152;149;162)
seed_7_level_5-1,1997,46982.64692258835,51721211,14854,(173;57;16;47;144;24;19;185;61;24;31;27;50;16;116;16;25;234;158;58;173;26;57;31;25;38;173;54;57;177;171;22;173;152;15;191;58;173;24;57;145;149;173;152;173;35;16;179;237;25;173;26;27;54;132;173;20;24;19;173;57;117;163;158;25;72;30;173;173;167;24;173;168;173;238;173;62;181;26;158;54;54;56;230;54;62;17;126;167;31;34;16;138;114;25;25;23;31;148;173;155;152;61;26;131;173;149;160;155;152;129;173;154;84;147;237;154;152;26;162;25;168;173;32;194;57;145;41;154;25;23;152;158;152;152;154;149;57;29;17;148;151;152;173;58;40;235;65;155)
seed_7_level_5-1,1997,47500.67154145241,52914418,15003,(173;40;21;173;149;173;180;57;140;149;36;149;24;24;52;26;173;173;173;57;154;26;54;54;25;129;50;173;173;79;59;30;132;57;24;25;24;165;26;149;24;132;16;152;237;35;34;115;25;39;239;173;52;54;145;24;149;164;150;152;26;38;25;140;40;24;173;131;160;153;237;173;24;173;173;173;149;113;39;173;54;173;41;24;173;173;173;149;166;114;162;25;233;55;155;61;124;152;54;26;40;61;24;248;173;235;156;31;31;173;26;152;41;152;26;60;157;292;31;173;152;238;173;152;173;151;173;173;154;173;48;74;77;152;144;24;24;32;162;149;58;28;152;18;54;26;25;152;54)
seed_7_level_5-1,1997,48022.36110162735,54078342,15153,(180;149;154;58;48;151;26;35;149;153;173;105;57;152;40;151;130;25;128;50;130;26;165;152;193;173;57;21;57;145;164;40;156;144;159;59;60;57;23;173;57;161;152;24;54;25;26;40;152;147;157;19;35;152;153;26;39;24;232;25;54;149;162;126;59;54;149;26;43;27;173;54;34;24;28;149;149;173;173;54;24;55;22;126;43;61;36;24;161;61;173;157;59;152;237;24;153;159;173;173;38;26;155;177;251;165;50;237;173;173;239;49;40;126;152;158;28;149;62;58;155;211;144;56;24;154;26;235;25;22;153;173;130;173;147;173;103;99;51;241;152;85;32;148;25;155;160;59;151;150)
seed_7_level_5-1,1997,48542.706714868546,55209583,15303,(152;176;31;173;113;149;57;111;126;149;173;17;160;152;24;150;173;115;157;54;31;40;54;113;173;113;149;145;173;14;32;23;128;24;24;28;145;38;25;36;24;152;155;152;149;150;173;60;27;31;152;61;173;148;24;152;152;156;152;149;50;157;25;154;154;55;173;231;151;152;149;127;152;152;173;304;248;60;16;28;57;26;135;112;173;173;154;28;56;57;188;13;146;156;62;144;146;130;131;63;62;178;29;130;129;165;53;173;173;66;63;23;33;131;27;239;40;41;28;59;25;173;236;59;25;59;43;173;151;59;50;35;188;15;39;164;38;25;52;84;173;43;36;28;59;239;24;150;173;73)
