seed_13_level_1-4,753,997.9258630275726,22722900,150,(58;88;52;58;1001;1001;1001;1001;57;52;56;1001;58;53;1001;57;57;1001;121;1001;1001;52;1001;105;52;1001;1001;54;53;59;57;54;58;1001;52;51;1001;52;66;52;52;56;1001;86;53;63;54;54;1001;52;82;70;53;52;52;52;57;52;56;54;52;53;56;91;94;58;1001;52;1001;1001;1001;1001;56;57;52;52;1001;1001;58;1001;76;57;53;86;1001;52;57;58;60;55;57;52;57;52;57;53;57;1001;52;52;1001;1001;57;1001;55;1001;92;52;1001;105;53;52;53;54;53;52;1001;53;52;53;57;57;1001;1001;1001;1001;57;52;1001;54;52;1001;1001;86;1001;58;58;53;1001;1001;1001;52;1001;133;54;57;54;1001;103;53)
seed_13_level_1-4,753,1986.3211557865143,44947123,300,(1001;1001;1001;1001;1001;1001;1001;1001;1001;1001;1001;1001;1001;1001;1001;1001;1001;1001;1001;1001;1001;1001;1001;1001;1001;1001;1001;1001;1001;1001;1001;1001;1001;1001;1001;1001;1001;1001;1001;1001;1001;1001;1001;1001;57;60;52;66;56;58;57;59;57;57;57;59;57;58;57;58;57;57;57;53;57;57;57;53;53;54;53;55;54;53;53;55;53;58;53;58;57;53;57;58;58;52;51;56;63;70;52;56;54;56;53;52;77;52;52;53;57;52;52;52;52;53;52;52;52;52;54;54;52;54;52;52;52;54;52;52;52;52;52;52;54;52;52;52;52;54;52;53;57;58;57;57;57;92;82;103;94;86;86;86;104;88;90;120;105;134)
seed_13_level_1-4,753,2978.331143140793,67671023,450,(1001;1001;1001;1001;1001;1001;1001;1001;1001;1001;1001;1001;1001;1001;1001;1001;1001;1001;1001;1001;1001;1001;1001;1001;1001;1001;1001;1001;1001;1001;1001;1001;1001;1001;1001;1001;1001;1001;1001;1001;1001;1001;1001;1001;56;60;52;66;59;57;58;57;57;59;57;58;57;59;57;57;57;57;57;57;57;53;57;53;53;54;53;55;54;53;53;55;56;58;56;58;57;53;57;58;56;58;52;51;56;67;70;52;56;54;53;52;77;52;52;53;57;52;52;52;52;54;52;52;52;52;55;54;52;53;52;52;52;53;52;52;52;52;52;52;53;52;52;52;52;53;52;53;57;57;56;56;1001;93;82;103;94;86;86;86;104;88;91;121;106;134)
seed_13_level_1-4,753,3959.5847492218018,89894905,600,(1001;1001;1001;1001;1001;1001;1001;1001;1001;1001;1001;1001;1001;1001;1001;1001;1001;1001;1001;1001;1001;1001;1001;1001;1001;1001;1001;1001;1001;1001;1001;1001;1001;1001;1001;1001;1001;1001;1001;1001;1001;1001;1001;1001;57;53;60;52;66;58;57;59;57;57;59;57;58;57;59;57;57;57;57;57;57;53;53;54;56;57;54;63;53;55;55;54;53;55;58;58;57;53;57;54;56;56;53;53;58;52;55;53;70;52;56;54;52;76;52;52;53;58;52;52;52;52;53;52;52;52;52;55;54;52;53;52;52;52;53;52;52;52;52;52;52;53;52;52;52;52;54;52;54;53;57;56;56;92;81;103;94;86;86;86;104;88;91;121;105;134)
seed_13_level_1-4,753,4947.428970575333,112617159,750,(1001;1001;1001;1001;1001;1001;1001;1001;1001;1001;1001;1001;1001;1001;1001;1001;1001;1001;1001;1001;1001;1001;1001;1001;1001;1001;1001;1001;1001;1001;1001;1001;1001;1001;1001;1001;1001;1001;1001;1001;1001;1001;1001;1001;60;52;56;66;57;58;57;59;57;53;59;57;59;57;59;57;57;57;57;57;57;54;53;54;54;53;55;55;54;55;53;58;58;57;53;57;56;53;56;63;53;56;58;52;55;53;52;56;53;52;77;52;52;53;57;52;52;52;52;53;52;52;52;52;55;54;52;53;52;52;52;54;52;52;52;52;52;52;53;52;52;52;52;54;52;53;57;53;53;58;56;56;1001;82;93;103;94;86;86;86;105;88;91;120;106;134)
seed_13_level_1-4,753,5933.208603143692,134841294,900,(1001;1001;1001;1001;1001;1001;1001;1001;1001;1001;1001;1001;1001;1001;1001;1001;1001;1001;1001;1001;1001;1001;1001;1001;1001;1001;1001;1001;1001;1001;1001;1001;1001;1001;1001;1001;1001;1001;1001;1001;1001;1001;1001;1001;57;56;60;52;66;57;59;57;59;57;59;57;59;57;59;57;57;57;57;57;57;57;53;53;54;54;53;55;54;54;54;53;70;58;58;57;53;57;56;53;53;56;63;56;58;52;55;52;56;53;52;76;52;52;53;57;52;52;52;52;53;52;52;52;52;55;54;52;53;52;52;52;54;52;52;52;52;52;52;53;52;52;52;52;53;52;54;53;53;57;57;57;56;92;81;103;94;86;86;86;104;88;91;121;106;133)
seed_13_level_1-4,753,6910.424385547638,157065688,1050,(1001;1001;1001;1001;1001;1001;1001;1001;1001;1001;1001;1001;1001;1001;1001;1001;1001;1001;1001;1001;1001;1001;1001;1001;1001;1001;1001;1001;1001;1001;1001;1001;1001;1001;1001;1001;1001;1001;1001;1001;1001;1001;1001;1001;56;60;52;66;57;59;57;58;57;59;57;59;57;58;57;57;57;57;57;57;57;54;56;54;58;53;55;54;53;54;53;53;58;58;57;57;53;56;70;56;53;63;53;58;52;51;52;56;54;52;76;52;52;53;58;52;52;52;52;54;52;52;52;52;55;53;52;53;52;52;52;53;52;52;52;52;52;52;53;52;52;52;52;54;52;53;57;53;57;58;57;57;57;82;92;103;94;86;86;86;105;88;90;120;106;133)
seed_13_level_1-4,753,7897.972558736801,179288168,1200,(1001;1001;1001;1001;1001;1001;1001;1001;1001;1001;1001;1001;1001;1001;1001;1001;1001;1001;1001;1001;1001;1001;1001;1001;1001;1001;1001;1001;1001;1001;1001;1001;1001;1001;1001;1001;1001;1001;1001;1001;1001;1001;1001;1001;56;60;52;66;53;59;57;59;57;59;57;58;57;58;57;53;57;57;57;57;53;57;53;57;53;54;53;55;54;53;55;53;54;53;58;58;57;57;56;53;56;56;53;53;63;57;52;51;52;56;53;52;76;52;52;53;58;52;52;52;52;53;52;52;52;52;54;53;52;54;52;52;52;54;52;52;52;52;52;52;54;52;52;52;52;53;52;54;57;57;57;57;57;92;82;103;94;86;86;86;105;88;90;120;105;133)
seed_13_level_1-4,753,8896.885736942291,202011498,1350,(1001;1001;1001;1001;1001;1001;1001;1001;1001;1001;1001;1001;1001;1001;1001;1001;1001;1001;1001;1001;1001;1001;1001;1001;1001;1001;1001;1001;1001;1001;1001;1001;1001;1001;1001;1001;1001;1001;1001;1001;1001;1001;1001;1001;56;60;52;66;59;57;59;57;59;57;59;57;59;57;57;57;57;57;53;53;57;57;56;54;58;53;55;54;54;54;53;53;70;58;58;57;57;53;56;56;56;53;63;57;52;55;52;56;53;52;76;52;52;53;57;52;52;52;52;54;52;52;52;52;55;54;52;53;52;52;52;53;52;52;52;52;52;52;54;52;52;52;52;54;52;54;53;57;53;57;56;56;1001;92;81;103;94;86;86;86;105;88;91;121;105;134)
seed_13_level_1-4,753,9879.495935201645,224235744,1500,(1001;1001;1001;1001;1001;1001;1001;1001;1001;1001;1001;1001;1001;1001;1001;1001;1001;1001;1001;1001;1001;1001;1001;1001;1001;1001;1001;1001;1001;1001;1001;1001;1001;1001;1001;1001;1001;1001;1001;1001;1001;1001;1001;1001;57;56;60;52;66;53;59;57;59;57;59;57;59;57;58;57;57;57;57;57;53;57;53;54;53;55;55;53;54;53;54;53;58;58;57;57;56;53;70;53;56;53;67;58;52;51;52;56;53;52;77;52;52;53;58;52;52;52;52;54;52;52;52;52;55;53;52;54;52;52;52;53;52;52;52;52;52;52;54;52;52;52;52;54;52;54;53;57;57;57;58;57;56;81;93;103;94;86;86;86;105;88;90;120;106;133)
seed_13_level_1-4,753,10869.610105276108,246957484,1650,(1001;1001;1001;1001;1001;1001;1001;1001;1001;1001;1001;1001;1001;1001;1001;1001;1001;1001;1001;1001;1001;1001;1001;1001;1001;1001;1001;1001;1001;1001;1001;1001;1001;1001;1001;1001;1001;1001;1001;1001;1001;1001;1001;1001;56;60;52;66;59;57;58;57;59;57;58;57;59;57;57;57;57;57;53;53;57;53;54;56;54;54;67;53;55;54;54;55;53;53;58;58;57;57;53;56;56;56;53;53;58;52;51;52;56;54;52;77;52;52;53;58;52;52;52;52;53;52;52;52;52;54;53;52;54;52;52;52;53;52;52;52;52;52;52;54;52;52;52;52;53;52;54;53;53;58;57;56;1001;81;93;103;94;86;86;86;104;88;90;121;106;133)
seed_13_level_1-4,753,11855.630141019821,269180299,1800,(1001;1001;1001;1001;1001;1001;1001;1001;1001;1001;1001;1001;1001;1001;1001;1001;1001;1001;1001;1001;1001;1001;1001;1001;1001;1001;1001;1001;1001;1001;1001;1001;1001;1001;1001;1001;1001;1001;1001;1001;1001;1001;1001;1001;57;56;60;52;66;58;57;59;57;59;57;59;57;58;57;57;57;57;57;53;57;53;53;54;54;63;53;55;55;54;54;53;53;53;58;58;57;57;53;53;53;56;56;58;52;51;52;56;53;52;76;52;52;53;57;52;52;52;52;54;52;52;52;52;54;54;52;54;52;52;52;53;52;52;52;52;52;52;53;52;52;52;52;54;52;53;57;57;53;57;58;56;57;82;93;103;94;86;86;86;105;88;90;120;105;134)
seed_13_level_1-4,753,12836.43024778366,291403196,1950,(1001;1001;1001;1001;1001;1001;1001;1001;1001;1001;1001;1001;1001;1001;1001;1001;1001;1001;1001;1001;1001;1001;1001;1001;1001;1001;1001;1001;1001;1001;1001;1001;1001;1001;1001;1001;1001;1001;1001;1001;1001;1001;1001;1001;53;60;52;66;58;57;59;57;59;57;58;57;59;57;57;57;57;57;53;57;53;57;57;56;54;54;53;55;55;54;55;53;53;53;58;58;57;57;56;56;56;63;53;56;58;52;55;52;56;53;52;76;52;52;53;58;52;52;52;52;54;52;52;52;52;55;53;52;53;52;52;52;53;52;52;52;52;52;52;53;52;52;52;52;53;52;54;53;53;58;56;56;57;93;82;103;94;86;86;86;104;88;90;120;105;133)
seed_13_level_1-4,753,13829.186975717545,314126955,2100,(1001;1001;1001;1001;1001;1001;1001;1001;1001;1001;1001;1001;1001;1001;1001;1001;1001;1001;1001;1001;1001;1001;1001;1001;1001;1001;1001;1001;1001;1001;1001;1001;1001;1001;1001;1001;1001;1001;1001;1001;1001;1001;1001;1001;60;52;53;66;57;59;57;59;57;59;57;59;57;58;57;57;57;57;57;57;54;53;54;58;53;55;55;54;55;70;53;53;58;58;57;57;53;53;56;56;67;53;58;52;55;52;56;54;52;77;52;52;53;58;52;52;52;52;53;52;52;52;52;55;54;52;54;52;52;52;54;52;52;52;52;52;52;54;52;52;52;52;54;52;54;57;57;57;53;58;56;56;1001;93;81;103;94;86;86;86;104;88;90;121;105;133)
seed_13_level_1-4,753,14814.271258354187,336350093,2250,(1001;1001;1001;1001;1001;1001;1001;1001;1001;1001;1001;1001;1001;1001;1001;1001;1001;1001;1001;1001;1001;1001;1001;1001;1001;1001;1001;1001;1001;1001;1001;1001;1001;1001;1001;1001;1001;1001;1001;1001;1001;1001;1001;1001;57;60;52;56;66;57;59;57;58;57;59;57;59;57;58;57;57;57;57;57;53;57;53;53;57;53;54;63;53;55;54;54;55;58;53;53;58;58;57;57;56;53;56;53;53;53;57;52;51;52;56;53;52;76;52;52;53;58;52;52;52;52;53;52;52;52;52;54;54;52;54;52;52;52;54;52;52;52;52;52;52;54;52;52;52;52;53;52;54;57;57;57;56;82;93;103;94;86;86;86;105;88;90;120;106;134)
seed_13_level_1-4,753,15806.606612205505,359073203,2400,(1001;1001;1001;1001;1001;1001;1001;1001;1001;1001;1001;1001;1001;1001;1001;1001;1001;1001;1001;1001;1001;1001;1001;1001;1001;1001;1001;1001;1001;1001;1001;1001;1001;1001;1001;1001;1001;1001;1001;1001;1001;1001;1001;1001;53;60;52;66;57;59;57;58;57;59;57;58;57;59;57;57;57;57;57;57;57;57;53;54;53;55;54;54;54;53;70;54;53;58;58;57;57;53;56;53;67;53;56;57;52;51;52;56;54;52;77;52;52;53;58;52;52;52;52;54;52;52;52;52;54;53;52;53;52;52;52;53;52;52;52;52;52;52;53;52;52;52;52;53;52;53;57;57;53;58;57;56;1001;93;81;103;94;86;86;86;105;88;90;121;105;133)
seed_13_level_1-4,753,16617.36094546318,374319805,2548,(1001;89;1001;1001;1001;1001;1001;1001;1001;52;1001;62;52;1001;1001;52;57;57;53;61;1001;57;1001;1001;1001;53;52;57;52;52;53;52;52;52;52;57;53;1001;1001;93;1001;52;53;1001;1001;57;1001;57;53;53;52;1001;53;1001;1001;53;52;58;52;53;53;53;52;56;53;56;62;56;53;56;56;53;62;53;57;56;71;57;107;57;52;58;53;53;86;53;57;59;52;59;55;52;60;1001;92;106;52;58;52;53;63;106;52;55;91;56;93;1001;59;53;52;58;58;54;62;76;94;134;1001;59;57;54;67;58;54;54;58;1001;58;58;52;90;53;88;57;59;94;53;54;57;119;1001;59;64;1001;54;57;57)
seed_13_level_1-4,1229,17331.335565805435,385146043,2698,(1001;1001;1001;1001;52;1001;63;53;52;1001;52;1001;1001;1001;1001;52;93;52;57;52;57;53;84;52;52;1001;93;52;55;57;52;52;52;1001;52;1001;88;1001;52;53;53;56;53;56;53;53;66;1001;109;53;253;53;106;53;123;53;53;52;86;53;88;52;52;52;52;53;52;52;52;51;55;51;52;53;53;52;1001;57;54;52;52;57;53;52;53;53;52;52;53;52;57;89;1001;1001;54;57;1001;82;62;55;90;1001;1001;53;107;56;52;82;122;52;56;86;53;53;52;52;56;56;57;52;52;52;59;106;59;53;52;90;54;52;55;118;80;53;92;55;52;118;94;225;87;53;52;53;53;59;52;52;58;57)
seed_13_level_1-4,1229,18018.710062980652,394450823,2847,(1001;1001;52;52;52;56;1001;1001;52;145;52;53;1001;1001;51;52;52;103;52;54;52;52;52;52;62;57;1001;52;53;52;61;52;1001;57;57;54;53;57;57;52;53;53;52;90;49;1001;57;52;1001;52;53;55;88;105;52;53;53;88;53;56;58;54;59;55;53;52;54;56;53;56;52;52;56;93;54;53;57;1001;1001;58;91;88;88;53;90;57;59;57;107;82;56;53;55;1001;53;52;52;51;112;86;53;52;56;51;85;53;253;53;86;53;52;52;52;56;52;58;53;1001;88;52;53;53;90;52;52;92;63;1001;54;53;109;1001;59;58;52;1001;1001;52;57;55;86;53;52;62;118;52;93;53;57)
seed_13_level_1-4,1298,18760.025528907776,405396899,2996,(52;52;53;1001;219;52;52;52;90;52;52;52;56;54;57;89;57;55;52;52;124;52;1001;1001;94;53;1001;52;90;1001;52;90;104;52;90;1001;52;56;1001;107;52;52;54;90;103;52;52;52;1001;52;52;86;52;54;1001;52;1001;53;145;55;1001;58;56;55;1001;55;52;52;1001;90;52;53;105;1001;54;55;55;53;54;54;58;90;55;1001;54;90;1001;1001;107;80;89;56;56;89;86;57;1001;113;132;56;56;1001;59;1001;53;88;53;56;52;88;53;53;57;56;63;57;1001;58;57;112;228;88;240;56;91;129;88;253;57;52;57;56;52;76;57;256;57;52;102;52;84;57;53;52;54;53;52;52;58)
seed_13_level_1-4,1328,19416.918830156326,412848333,3145,(88;52;53;52;52;52;1001;88;1001;86;62;64;105;124;56;83;109;53;57;53;107;106;1001;53;116;57;57;112;52;88;75;52;53;87;1001;56;52;53;1001;56;90;52;57;52;89;52;106;52;53;89;148;56;122;53;88;56;55;61;88;54;53;56;53;56;53;107;52;57;59;52;57;59;53;1001;78;105;52;51;58;52;107;54;1001;1001;1001;53;53;56;1001;51;1001;56;52;53;1001;1001;57;54;255;53;52;53;59;52;52;52;58;100;52;52;52;52;100;84;82;55;52;49;219;1001;54;52;52;52;54;53;52;52;56;111;228;54;88;110;53;112;57;56;235;88;88;93;53;90;53;115;93;132;53)
seed_13_level_1-4,1328,20170.965969085693,423857845,3297,(107;57;54;53;56;53;55;56;1001;106;53;53;1001;107;59;51;57;1001;57;52;68;52;87;107;93;51;52;145;51;1001;86;1001;1001;52;88;53;56;107;53;52;56;105;1001;56;54;1001;135;1001;110;55;145;59;56;1001;57;148;121;1001;52;85;53;1001;54;1001;105;1001;77;1001;54;1001;55;219;209;54;52;58;49;53;102;52;101;86;82;52;53;256;55;53;56;52;54;55;52;52;51;52;57;53;1001;52;53;69;52;218;57;1001;104;1001;56;89;60;90;56;55;57;57;124;57;57;57;53;53;53;55;57;62;107;77;58;121;57;235;1001;52;53;55;57;110;179;53;58;93;111;61;1001;240;56;58;57;57;107;52)
seed_13_level_1-4,1328,20885.815623760223,433440020,3447,(107;86;52;56;57;1001;52;56;63;57;52;1001;148;77;55;52;56;53;1001;57;1001;51;62;1001;57;54;255;52;60;57;52;54;52;54;52;53;89;52;53;53;52;52;145;88;57;57;1001;1001;52;1001;57;84;1001;64;55;107;125;58;56;52;56;57;1001;92;54;1001;52;136;124;57;57;57;1001;58;67;104;127;52;53;53;53;57;145;52;52;85;1001;86;50;84;57;1001;54;86;104;77;56;106;57;57;55;51;51;91;109;55;53;1001;51;57;57;87;235;107;211;88;56;115;56;1001;239;111;1001;120;58;239;56;104;121;117;1001;107;209;88;76;51;52;54;52;86;52;239;102;52;54;118;147;105;90;212)
seed_13_level_1-4,1328,21486.94979906082,438061893,3598,(145;1001;57;56;54;57;57;88;56;1001;112;106;107;53;52;53;55;86;52;111;86;62;54;105;53;211;56;56;56;1001;109;90;55;102;57;56;104;59;1001;54;57;53;57;57;54;88;52;52;57;136;57;57;53;57;202;1001;58;57;62;124;119;62;129;109;55;106;100;93;52;55;51;56;57;53;57;57;106;255;58;58;54;58;89;59;54;59;57;54;53;53;55;58;145;52;61;52;54;239;58;57;84;52;53;85;90;97;52;1001;212;53;52;52;177;102;53;53;53;52;57;52;128;89;53;58;86;52;54;1001;89;235;57;57;1001;57;52;121;109;107;59;84;259;53;212;57;240;102;57;95;56;113;53)
seed_13_level_1-4,1328,22105.496345043182,443715073,3746,(104;57;116;57;57;56;1001;89;88;53;52;56;145;57;1001;1001;88;57;57;1001;60;90;105;57;59;256;116;58;58;102;58;54;52;101;59;1001;51;58;57;107;139;99;57;51;57;52;56;1001;52;57;57;106;52;90;103;52;1001;52;55;59;57;92;57;57;239;88;76;52;52;52;88;56;92;1001;90;52;86;53;52;53;58;56;53;52;246;57;109;118;183;57;52;52;52;52;211;56;177;52;51;57;54;53;86;108;88;210;102;76;53;207;52;87;89;91;93;53;1001;107;55;62;52;52;107;57;83;57;57;235;55;53;57;57;55;111;107;255;57;211;53;117;229;103;186;1001;54;57;53;57)
seed_13_level_1-4,1328,22776.61798763275,451331474,3897,(145;1001;57;1001;1001;97;53;1001;1001;53;1001;53;106;53;52;50;102;58;58;88;58;49;104;109;104;107;245;56;53;55;54;110;53;57;57;57;53;112;56;1001;192;1001;109;65;53;53;57;89;93;1001;1001;139;57;57;58;92;88;52;56;55;57;56;57;62;255;55;56;56;57;61;57;86;76;59;52;93;111;112;53;52;52;57;88;87;96;57;76;86;90;57;58;1001;52;246;53;53;52;94;58;52;53;60;76;52;52;53;154;57;55;235;55;93;107;212;79;53;110;53;55;59;89;211;64;57;1001;55;240;88;53;52;109;210;130;54;58;89;58;238;87;59;52;90;53;53;1001;104;86;58;60;58;1001)
seed_13_level_1-4,1458,23442.00517821312,458136312,4047,(145;54;60;109;53;1001;53;88;59;1001;1001;139;92;52;1001;93;211;109;240;52;53;86;62;56;52;256;1001;55;75;93;55;104;88;86;206;53;57;57;53;52;93;95;59;122;57;54;122;52;59;93;56;57;52;239;90;59;53;56;77;90;56;117;57;53;52;53;58;53;106;53;53;1001;57;58;106;57;103;93;52;122;89;57;256;52;52;52;52;54;1001;87;56;56;56;52;1001;86;53;88;53;54;107;53;114;121;88;112;53;57;57;88;57;210;61;103;52;52;54;86;87;58;58;52;83;52;209;1001;217;238;133;235;239;1001;53;216;54;106;240;239;90;56;57;57;238;209;51;106;1001;1001;114;112)
seed_13_level_1-4,1458,24122.156189918518,465861206,4198,(122;52;52;57;57;57;53;56;129;57;53;94;53;145;59;57;1001;57;90;92;57;57;1001;1001;57;106;58;52;53;52;1001;57;53;57;57;53;52;88;255;1001;1001;101;54;55;52;53;97;1001;58;56;99;112;242;92;56;53;52;58;77;106;90;52;53;52;52;114;57;56;107;60;53;53;109;78;53;111;107;57;57;239;112;190;86;55;90;52;57;52;52;1001;222;121;52;52;206;52;53;86;53;129;52;82;52;1001;53;52;83;84;55;210;53;64;52;259;95;108;184;51;102;210;210;53;210;227;57;105;222;90;1001;114;1001;240;51;55;57;109;61;56;1001;57;86;180;53;1001;55;57;62;1001;107;57;102)
seed_13_level_1-4,1458,24797.32317328453,473520984,4349,(145;65;1001;53;57;88;58;128;1001;95;52;106;57;53;93;88;52;61;58;57;51;53;129;52;53;84;53;57;52;52;58;65;57;84;256;105;77;53;57;53;97;54;53;57;1001;63;59;1001;117;57;58;53;53;93;93;57;58;119;57;59;89;58;107;206;52;236;55;76;61;52;52;53;52;56;53;52;102;242;88;243;111;62;82;52;51;106;88;56;251;56;53;52;54;1001;53;1001;1001;57;57;54;109;52;121;51;1001;1001;1001;1001;84;251;1001;222;109;55;86;226;116;107;86;111;54;57;57;57;125;86;57;88;210;103;52;210;105;53;89;52;1001;56;87;55;103;52;102;52;52;87;1001;54;97;107;59)
seed_13_level_1-4,1878,25448.26896929741,480221542,4500,(251;256;55;93;63;54;87;107;112;53;220;57;53;55;108;129;1001;54;107;56;51;56;53;117;52;53;57;52;106;57;119;53;53;53;52;106;52;57;53;57;255;1001;57;52;58;54;94;54;59;55;52;57;129;145;57;1001;1001;118;103;54;1001;1001;91;59;107;114;57;107;63;57;107;56;53;58;54;62;107;110;57;210;83;55;54;53;90;54;53;102;54;53;90;59;52;86;104;102;52;104;88;118;1001;217;53;86;106;52;59;57;59;52;131;78;78;51;222;57;57;1001;97;54;53;124;1001;1001;104;52;57;107;53;57;90;1001;88;243;53;58;395;56;53;54;57;52;52;56;57;242;53;57;1001;62;57)
seed_13_level_1-4,1878,26091.028756141663,485947393,4650,(145;57;153;56;54;59;1001;1001;1001;107;55;107;51;94;57;52;57;59;100;56;57;62;56;106;52;53;51;52;58;53;55;52;53;57;103;58;222;53;55;88;1001;53;53;52;107;57;57;88;88;108;1001;88;255;52;59;56;56;151;66;54;55;53;111;56;54;53;114;57;53;56;155;59;242;106;110;59;57;52;55;57;57;210;88;52;90;52;53;113;95;106;105;54;220;60;88;52;86;86;89;217;54;59;57;90;52;53;53;53;97;52;1001;52;57;54;52;291;94;57;57;56;257;53;56;184;57;57;56;93;56;57;87;90;220;55;1001;55;53;57;235;52;107;253;185;253;1001;93;1001;85;52;1001)
seed_13_level_1-4,1878,26738.217181444168,491808914,4802,(106;86;53;102;57;88;53;1001;93;51;109;61;107;53;57;57;57;57;53;57;57;53;57;153;53;1001;1001;57;102;1001;59;62;56;53;57;217;255;54;77;54;86;57;53;78;75;53;78;95;53;54;256;53;1001;53;92;55;58;109;54;53;1001;56;52;87;52;222;53;52;56;57;57;57;1001;90;107;54;126;57;1001;106;242;1001;51;240;113;78;60;53;52;86;52;239;52;57;53;57;291;56;61;56;91;51;55;59;62;119;53;56;55;57;57;93;56;238;220;53;76;88;55;102;211;50;210;52;303;52;86;55;59;90;102;102;90;235;101;57;245;54;57;119;53;304;107;53;196;91;1001;52;250;91;52;53)
seed_13_level_1-4,2030,27380.68645477295,496435311,4954,(153;57;53;1001;57;57;88;52;63;57;84;107;52;57;110;57;58;53;57;58;53;256;57;53;54;108;53;110;112;58;53;57;57;264;1001;222;88;104;108;1001;93;102;89;52;52;1001;1001;118;57;106;107;88;53;104;53;53;108;53;86;56;52;90;458;57;251;58;57;77;90;52;54;104;57;238;58;52;57;122;135;217;57;58;78;51;52;52;131;53;78;55;1001;102;84;55;55;242;58;240;245;56;58;121;86;240;57;93;57;56;88;109;105;55;304;105;53;235;53;184;134;105;235;210;251;106;57;251;57;57;53;107;222;88;303;84;113;114;102;84;102;151;238;210;116;84;1001;58;76;52;107;115;51;86)
seed_13_level_1-4,2030,27981.284190177917,500342521,5104,(107;58;57;81;57;59;57;117;58;153;87;97;53;58;53;58;89;97;57;106;54;52;106;1001;53;56;54;57;56;58;52;222;88;144;53;52;86;52;57;88;90;53;53;93;217;81;223;50;83;78;78;1001;55;76;53;89;109;53;256;53;54;58;54;57;59;54;57;53;134;94;91;395;56;113;56;109;57;127;52;53;84;97;55;56;57;57;57;56;55;242;91;103;71;57;62;57;53;59;62;1001;93;1001;62;107;57;57;1001;1001;88;185;118;53;114;84;84;53;88;88;115;57;54;84;52;56;55;106;268;84;304;57;51;104;308;104;235;53;57;109;253;53;258;90;109;88;90;224;104;221;90;212)
seed_13_level_1-4,2211,28580.36860179901,503635552,5255,(106;59;76;90;62;52;59;103;54;104;1001;242;57;58;53;52;58;240;57;52;53;84;53;58;58;107;57;53;53;124;51;53;53;89;57;153;57;53;109;98;131;128;91;139;53;244;53;256;60;93;102;53;57;120;100;59;61;59;52;90;59;512;56;56;253;55;57;57;57;57;57;57;55;56;56;53;52;222;57;88;57;223;52;1001;83;57;52;58;107;106;110;224;79;58;55;53;93;54;116;78;1001;56;53;79;57;52;52;1001;77;56;53;54;56;53;59;712;106;107;55;85;52;56;53;107;125;56;115;304;267;90;109;235;94;304;256;53;210;104;88;109;57;304;88;88;57;240;107;57;55;103;217)
seed_13_level_1-4,2211,29207.63409805298,508567624,5406,(107;52;59;53;226;56;52;58;55;60;57;106;90;49;52;104;57;56;59;57;56;56;94;224;54;56;89;1001;52;306;52;126;54;59;53;88;55;242;52;240;57;57;107;88;88;56;88;107;96;58;256;60;54;98;52;58;53;52;53;57;53;56;53;291;56;57;52;56;53;1001;54;84;53;114;106;56;129;53;223;52;1001;98;1001;93;1001;101;1001;96;62;1001;57;107;84;1001;52;52;251;55;58;52;115;55;83;53;112;118;239;52;236;238;59;245;119;53;91;53;111;93;217;56;88;57;53;57;84;86;304;53;53;53;54;53;93;132;88;110;256;136;93;88;53;179;53;53;304;57;53;90;53;210;55)
seed_13_level_1-4,2242,29772.187071323395,510661142,5556,(104;54;59;106;59;57;52;1001;55;57;53;255;90;53;61;53;52;52;57;52;54;1001;94;223;57;89;57;61;52;88;115;53;57;61;95;93;226;59;56;58;58;59;52;94;60;53;59;53;291;53;54;52;97;58;97;56;57;57;57;90;58;57;306;52;282;54;53;150;57;62;227;107;86;54;54;53;53;218;57;93;87;88;57;52;224;88;89;257;92;58;57;239;52;242;242;117;57;53;102;58;56;57;57;56;88;240;62;57;304;56;57;88;93;235;121;53;55;224;57;94;57;53;57;51;90;90;210;88;212;52;478;115;52;109;54;147;53;76;55;222;113;53;129;52;303;56;82;52;86;86)
seed_13_level_1-4,2242,30349.272216320038,513338048,5707,(104;300;57;57;53;1001;53;108;52;55;226;1001;58;58;55;58;57;52;92;97;1001;256;91;53;89;90;53;55;57;56;53;58;504;57;49;57;53;53;88;56;58;56;52;57;51;93;57;88;95;208;216;88;88;88;81;57;57;118;88;242;88;52;108;52;181;53;88;57;110;84;62;135;53;242;90;282;54;58;55;53;53;54;56;55;93;54;200;55;56;55;59;112;304;210;52;57;53;57;93;240;210;54;53;51;53;53;52;109;88;57;57;57;251;255;52;117;53;53;90;161;90;84;57;230;52;223;91;253;52;53;290;250;52;107;119;274;52;144;82;251;52;76;82;111;53;239;55;86;53;52;86)
seed_13_level_1-4,2242,30953.1941075325,517028263,5857,(104;59;52;56;56;51;58;86;51;226;57;58;56;57;53;54;97;57;53;57;85;255;106;125;55;54;52;59;53;91;52;1001;52;281;79;55;54;124;103;1001;1001;1001;96;80;225;1001;54;79;291;57;52;53;85;52;52;52;55;85;57;126;304;57;57;118;90;88;53;88;57;54;93;86;88;264;57;212;264;117;211;57;119;53;106;53;53;58;53;52;210;87;95;88;57;184;242;107;57;58;56;59;58;57;58;108;57;58;57;93;57;58;52;53;88;53;254;248;53;60;240;110;120;150;52;114;52;255;219;198;52;53;290;274;53;238;76;52;254;238;52;254;76;57;210;52;273;87;222;86;253;52)
seed_13_level_1-4,2242,31527.53643798828,519212797,6007,(106;51;51;52;86;52;49;56;242;53;57;107;53;57;56;88;62;107;57;57;57;110;226;59;57;59;57;94;57;91;1001;58;53;256;53;52;89;52;52;53;82;52;52;53;395;57;115;57;124;56;57;252;56;57;56;56;53;281;108;259;58;55;54;211;1001;54;56;80;92;53;195;64;53;216;76;61;96;81;88;53;107;57;87;88;107;90;223;57;304;309;57;210;53;93;57;57;284;55;212;256;53;57;53;55;238;109;57;219;52;52;144;52;86;86;89;104;57;52;52;90;89;120;217;84;91;215;247;409;58;52;238;55;55;53;86;151;240;53;106;53;53;93;52;86;138;114;79;118;111;52)
seed_13_level_1-4,2242,32181.908868789673,524722637,6158,(104;54;1001;52;53;88;255;52;58;57;68;55;52;53;52;54;242;57;112;57;57;53;88;57;57;244;127;240;291;57;57;315;97;57;56;53;57;54;90;66;123;56;57;53;234;57;118;77;57;53;97;55;57;57;114;1001;52;1001;239;212;107;102;814;109;102;53;52;52;52;52;221;239;52;102;55;65;52;52;54;1001;106;93;84;1001;282;96;52;1001;89;54;58;109;53;1001;53;90;85;78;55;79;57;109;106;89;217;52;87;87;247;106;52;151;1001;93;53;86;89;89;254;117;234;120;269;53;117;108;284;107;260;88;285;54;304;212;86;66;56;87;53;264;53;236;222;140;57;88;52;60;112;53;211)
seed_13_level_1-4,2242,32777.335971832275,528293520,6306,(104;1001;52;59;59;106;52;117;256;57;53;54;110;52;91;55;53;53;53;291;57;56;103;57;57;57;53;57;313;57;97;86;57;255;282;141;54;54;110;54;212;1001;53;52;53;54;56;52;58;59;133;223;53;77;107;57;107;53;53;55;93;93;57;117;53;57;210;115;290;54;77;52;52;251;96;52;240;86;52;52;52;268;55;52;52;120;116;254;242;88;52;56;99;56;56;93;107;57;58;59;56;52;115;234;55;52;93;52;90;117;52;52;57;58;93;104;57;142;114;104;103;89;54;1001;407;65;65;86;256;58;221;211;56;53;53;112;54;214;113;88;112;57;255;79;133;1001;56;1001)
seed_13_level_1-4,2242,33443.550778865814,534913434,6455,(106;83;59;57;53;57;57;51;53;57;255;93;1001;68;62;56;79;1001;53;1001;1001;52;242;107;240;107;52;53;92;107;57;52;132;57;57;93;234;143;119;52;53;1001;57;255;52;1001;208;139;88;52;120;53;119;142;282;53;54;53;55;79;106;55;58;52;109;69;95;55;59;109;223;57;107;62;57;88;238;106;57;88;107;106;57;219;1001;107;107;54;395;57;53;127;282;57;99;53;57;57;57;57;57;116;116;57;56;290;52;239;112;115;101;217;123;54;88;55;107;52;57;119;111;119;88;52;52;86;452;104;108;1001;92;54;230;1001;131;221;57;112;52;245;250;52;109;53;90;1001;57;78;1001)
seed_13_level_1-4,2242,34093.04243159294,540468557,6605,(256;56;105;56;59;1001;53;52;55;58;60;104;51;106;53;95;83;97;57;52;61;56;281;54;58;56;57;1001;79;57;52;81;89;54;52;79;52;291;57;52;56;230;1001;1001;1001;57;56;56;53;51;57;57;56;242;59;93;55;88;57;57;107;88;62;1001;107;107;57;93;57;234;86;53;115;103;57;57;109;107;90;53;57;107;57;53;107;57;107;53;290;52;53;271;53;239;114;53;224;211;252;88;53;52;115;54;52;242;107;83;234;88;53;53;238;107;102;53;113;129;109;109;52;104;52;88;75;53;52;1001;284;106;108;1001;133;53;239;56;56;161;280;55;69;52;89;54;104;1001;481;52;54;104)
seed_13_level_1-4,2242,34710.879111766815,545015022,6753,(256;95;52;57;87;59;89;59;59;55;60;52;106;53;102;57;52;53;102;78;75;84;54;94;291;57;57;53;52;101;57;199;57;99;56;57;57;96;57;281;225;104;51;53;88;53;62;139;55;105;1001;58;54;242;88;53;53;57;60;106;52;56;57;58;57;58;56;53;234;53;57;57;107;53;54;77;108;88;209;57;179;210;52;103;77;106;234;62;53;53;225;87;95;1001;240;52;123;61;104;57;52;52;53;57;91;287;52;1001;53;235;57;1001;112;77;169;77;88;1001;53;53;56;51;303;1001;127;213;290;1001;57;102;57;106;53;118;52;57;233;76;260;239;53;52;52;52;251;114;253;252)
seed_13_level_1-4,2242,35318.301285505295,549426093,6905,(242;57;58;52;110;56;88;56;54;119;52;88;57;52;255;59;53;87;53;59;54;54;58;60;60;77;89;104;54;57;53;51;52;1001;56;113;103;107;52;51;435;53;57;57;57;57;57;57;57;56;52;57;56;56;57;51;225;84;109;61;97;52;152;52;59;53;219;225;1001;52;57;99;121;57;282;63;62;79;53;54;56;54;54;57;54;53;52;61;243;104;286;54;1001;97;76;77;104;57;53;1001;88;77;52;111;106;1001;1001;55;1001;87;223;107;57;88;89;53;107;57;111;106;57;52;77;57;103;52;57;112;57;290;57;52;52;57;222;249;107;232;52;238;52;84;194;223;141;113;52;86;86;86;79;57)
seed_13_level_1-4,2242,35951.76521849632,554134591,7057,(104;53;55;62;54;56;53;53;103;104;52;78;291;52;57;53;56;57;88;86;52;60;52;57;53;57;255;56;55;62;54;59;57;1001;60;1001;63;54;113;76;242;53;57;57;93;222;57;88;57;53;243;53;55;56;57;376;1001;106;57;54;136;57;1001;1001;301;212;76;254;53;103;169;94;210;281;58;1001;54;50;58;52;211;52;54;53;213;53;1001;59;55;78;234;99;95;52;57;208;87;53;90;55;57;109;52;57;57;106;94;210;225;64;53;104;52;90;88;53;57;62;53;56;52;86;136;153;53;53;112;290;53;107;56;252;303;115;102;52;105;88;251;249;52;148;227;180;229;86;139;107;117;224;222;261)
seed_13_level_1-4,2242,36585.982082128525,559293735,7207,(256;94;54;57;94;59;58;58;59;57;58;53;106;51;1001;57;55;51;52;51;1001;57;55;291;52;77;52;52;53;239;52;57;52;53;53;52;225;104;53;1001;77;1001;1001;57;52;67;119;223;53;114;59;241;126;282;112;58;52;55;54;1001;53;79;57;58;108;61;184;93;1001;222;52;107;52;56;110;57;53;54;245;57;52;57;107;57;88;234;90;222;93;107;88;57;57;57;98;210;88;107;77;88;88;57;379;1001;104;91;109;215;52;105;52;61;53;106;122;54;222;52;54;237;295;117;147;409;201;397;87;142;86;117;53;52;52;52;106;239;211;102;52;52;223;52;55;52;86;58;107;52;86;86)
seed_13_level_1-4,2242,37251.98600316048,565527054,7358,(281;52;89;92;61;57;58;54;54;91;78;95;55;115;79;63;111;95;54;1001;109;1001;1001;241;52;104;88;53;52;87;57;240;52;88;1001;109;53;102;79;57;77;57;121;77;53;104;88;61;1001;109;223;210;57;88;53;107;57;215;57;57;112;107;57;57;190;1001;1001;211;92;61;223;57;210;57;61;53;88;53;62;394;54;55;55;52;52;303;209;52;121;248;53;52;90;86;251;119;145;57;209;83;52;86;222;113;88;227;57;86;223;55;120;108;55;178;128;224;52;287;86;212;1001;302;54;57;91;94;52;212;214;107;114;88;88;78;57;52;235;1001;223;76;103;1001;56;238;54;54;240;55;88;229;57)
seed_13_level_1-4,2242,37963.98536777496,573627057,7509,(282;1001;226;1001;54;89;80;1001;115;55;60;1001;53;94;1001;55;55;1001;55;127;55;110;241;109;57;57;57;249;221;53;93;57;124;116;93;53;53;109;116;88;53;57;88;104;104;239;132;53;1001;244;88;89;53;57;117;52;52;220;53;57;52;53;52;91;61;120;221;221;87;88;89;57;91;88;57;53;120;55;121;286;228;1001;52;107;54;53;1001;53;229;58;55;52;222;145;115;1001;1001;216;56;53;99;296;133;117;1001;88;1001;66;71;274;245;77;53;1001;311;82;52;102;52;52;52;86;107;106;86;52;107;223;107;52;52;232;86;118;52;54;76;52;238;240;52;88;87;53;52;54;53;52;302;52;52)
seed_13_level_1-4,2242,38575.28844976425,576929295,7659,(282;59;77;57;53;109;54;54;55;90;57;55;90;53;88;54;1001;63;64;57;196;96;59;311;52;249;52;219;239;52;129;271;55;56;104;222;52;1001;182;303;218;55;52;54;218;223;233;84;220;52;52;52;86;210;92;52;88;102;103;222;57;107;86;117;244;95;114;140;240;57;86;210;115;90;52;53;118;58;52;81;88;52;92;52;180;102;114;61;53;88;58;223;52;144;240;57;104;53;57;88;53;119;84;116;56;115;93;205;77;57;57;53;107;59;57;57;296;234;106;52;103;90;117;55;238;53;76;56;105;53;54;239;54;117;265;1001;102;77;52;53;207;252;83;90;240;54;105;106;1001;301)
seed_13_level_1-4,2242,39281.98093986511,584384527,7811,(281;52;58;93;89;90;58;93;55;81;112;80;52;89;55;90;59;57;1001;54;56;58;223;88;268;119;57;87;179;1001;64;53;57;53;56;115;53;96;251;53;57;54;220;62;250;86;53;1001;93;222;57;52;57;52;106;81;88;52;86;210;57;55;1001;52;209;52;239;210;92;114;57;90;86;53;224;57;57;53;57;114;296;114;215;112;1001;310;53;107;54;107;200;54;226;103;56;1001;55;56;111;234;117;220;102;106;1001;234;240;57;1001;1001;107;60;237;1001;97;394;119;52;52;1001;159;53;57;264;52;302;52;116;107;231;1001;107;226;221;52;238;232;58;52;52;106;120;104;210;249;231;52;103;52;107;402;252)
seed_13_level_1-4,2242,40000.996341466904,592758531,7961,(282;58;150;58;89;59;95;93;106;55;55;55;55;97;54;54;90;248;55;106;82;226;53;253;220;53;57;210;88;88;117;53;208;135;251;53;53;114;90;53;125;104;109;81;93;113;51;1001;210;1001;106;209;52;57;57;1001;106;216;91;1001;225;106;57;53;51;52;53;88;108;58;226;208;1001;52;53;99;117;296;210;1001;52;119;240;1001;220;53;1001;301;1001;220;56;121;53;52;67;102;57;88;1001;54;1001;52;53;1001;53;57;226;56;55;1001;88;392;238;257;57;238;302;52;107;252;114;140;114;52;130;52;222;258;57;52;53;54;1001;108;301;228;277;210;86;86;52;240;55;107;52;52;52;52;107;52)
seed_13_level_1-4,2415,40753.666399002075,602583028,8111,(283;236;241;1001;55;1001;1001;125;76;1001;57;54;110;80;55;54;54;1001;52;60;90;97;54;56;95;52;60;55;54;1001;116;224;52;52;59;52;1001;52;52;52;93;52;225;101;57;52;1001;54;53;1001;52;1001;1001;52;116;1001;1001;55;1001;239;53;238;55;52;52;210;220;104;84;236;1001;224;107;57;57;251;117;53;87;208;93;53;53;59;248;53;117;77;87;211;88;240;251;53;53;57;210;53;86;53;57;216;59;531;118;57;1001;185;57;238;109;106;52;202;222;300;121;106;303;140;254;221;253;107;52;115;262;102;106;102;86;52;1001;58;57;52;112;57;252;53;228;86;115;78;55;82;93;55;88;114)
seed_13_level_1-4,2415,41487.29316020012,611896722,8262,(1001;77;117;52;230;220;53;53;1001;52;57;55;56;52;1001;53;1001;91;257;88;52;1001;210;52;224;52;240;220;185;238;62;52;281;54;58;91;58;55;77;61;251;89;78;90;55;53;88;89;1001;88;1001;55;54;78;57;109;55;84;127;52;56;93;236;232;218;59;55;57;110;90;88;240;195;202;179;57;51;87;77;219;56;88;57;93;104;52;56;109;57;129;55;51;111;240;53;121;132;105;87;53;88;1001;397;122;1001;87;456;158;91;76;107;57;88;1001;52;52;106;97;221;203;88;52;281;1001;107;86;238;86;88;56;1001;220;52;93;304;52;1001;1001;239;107;1001;53;107;117;52;53;304;104;1001;197;107)
seed_13_level_1-4,2415,42141.65653753281,617843497,8412,(1001;86;53;52;53;52;141;52;1001;113;250;55;53;233;52;52;52;238;57;97;52;57;114;221;52;1001;52;221;56;52;220;86;185;52;106;93;52;210;88;52;114;62;53;236;232;57;53;57;53;211;116;125;240;211;78;53;62;251;84;106;57;112;215;53;89;57;218;1001;57;53;55;56;252;211;240;104;209;57;53;91;1001;53;57;88;53;148;222;53;107;91;53;239;397;52;225;116;116;56;52;1001;56;56;222;53;527;56;102;219;100;102;223;57;107;125;232;52;364;52;89;304;90;57;52;83;52;52;52;1001;1001;80;303;88;91;81;58;53;1001;52;288;62;91;52;107;118;56;55;92;91;104;220)
seed_13_level_1-4,2415,42810.47004723549,624674143,8563,(1001;57;106;62;152;49;92;57;102;221;59;53;52;87;55;1001;52;57;54;114;1001;1001;54;52;52;57;99;249;52;52;1001;105;222;52;52;117;238;51;221;1001;53;52;222;102;657;238;81;52;52;115;54;224;254;55;52;224;52;106;1001;1001;107;231;1001;58;102;142;222;52;248;52;52;301;1001;52;104;102;53;52;238;52;115;115;312;89;52;88;92;52;101;208;86;223;117;107;55;107;104;238;222;1001;53;106;88;58;52;112;53;59;53;182;182;88;256;56;57;51;86;133;108;57;212;57;117;77;110;66;103;53;53;90;104;249;52;115;53;102;253;62;87;107;88;107;52;53;57;53;57;88;258;53;57)
seed_13_level_1-4,2416,43481.071984529495,630690300,8713,(1001;53;112;52;52;149;53;55;52;240;178;52;57;84;53;133;1001;252;53;52;190;52;1001;1001;52;52;53;53;144;52;209;115;210;52;52;299;52;52;1001;52;196;56;52;1001;82;53;53;237;57;57;88;53;57;104;53;240;238;86;802;57;58;90;259;52;82;113;57;91;1001;57;252;268;222;224;97;91;57;57;93;57;225;53;82;52;119;217;57;104;56;57;218;239;219;647;52;52;92;53;128;261;115;55;57;225;52;116;208;102;89;229;248;56;107;52;52;248;52;108;220;57;1001;90;52;218;217;240;53;252;111;217;222;52;104;106;106;589;102;177;104;222;52;76;241;115;64;117;52;216;132;86)
seed_13_level_1-4,2416,44185.41528773308,638420571,8863,(1001;209;126;229;1001;52;167;53;49;106;51;52;1001;86;221;84;106;266;220;106;52;52;107;1001;89;108;1001;53;1001;53;248;54;211;53;255;1001;107;51;63;54;1001;298;254;170;54;1001;129;84;111;249;58;89;53;53;57;95;390;256;57;53;221;53;57;56;56;306;226;53;135;104;57;121;53;53;109;93;56;220;56;112;109;107;57;319;56;220;129;56;53;250;97;56;448;92;55;142;1001;92;52;209;117;102;52;118;265;56;52;1001;104;737;78;89;86;177;57;115;52;110;248;224;115;116;86;52;218;239;86;223;89;92;102;52;239;52;53;117;208;55;197;52;52;117;222;1001;52;52;115;209;87;114)
seed_13_level_1-4,2416,44847.170881032944,644981994,9013,(1001;1001;53;89;226;238;53;51;57;52;54;58;52;105;52;52;52;106;209;93;1001;1001;55;220;222;107;248;1001;57;52;57;56;52;52;52;53;1001;56;52;58;218;93;290;111;61;55;212;304;114;240;53;52;55;138;52;53;92;242;52;97;51;131;88;217;222;53;93;109;53;52;261;53;210;79;53;1001;60;110;90;55;52;59;52;53;222;56;211;134;57;305;222;242;239;53;737;49;240;1001;114;86;89;222;259;92;52;52;52;117;52;86;52;52;114;119;130;164;76;106;106;52;115;182;52;302;52;105;1001;118;1001;76;52;52;52;52;209;258;118;52;52;92;98;310;235;238;86;52;117;52;251;52)
seed_13_level_1-4,2416,45497.84895300865,650284017,9163,(1001;87;209;91;56;52;90;53;52;57;57;52;87;223;258;220;302;52;57;52;52;52;106;52;53;117;52;52;88;120;112;118;52;57;238;52;52;118;118;57;53;282;53;299;1001;104;52;52;86;55;153;57;110;239;52;52;109;1001;128;53;52;1001;273;52;52;272;104;57;104;52;1001;409;90;228;140;135;52;52;229;102;107;86;239;253;91;52;53;57;252;231;193;52;109;57;52;290;53;54;88;88;215;57;104;56;223;88;244;265;1001;116;53;93;57;57;132;88;58;58;57;57;113;57;237;130;88;117;106;56;90;55;113;88;208;211;67;1001;57;58;96;52;286;53;212;107;113;1001;53;85;109;105)
seed_13_level_1-4,2416,46117.11389017105,653497882,9312,(1001;57;224;58;52;52;52;52;52;220;87;94;52;219;240;106;250;91;52;238;52;119;53;53;61;210;56;240;219;52;222;53;248;210;52;56;224;52;57;52;52;52;282;52;52;629;877;258;92;52;226;61;52;102;53;251;114;52;231;52;220;251;52;106;52;259;223;86;126;54;53;253;86;120;52;92;52;86;52;252;450;298;53;116;231;52;238;86;52;220;52;56;222;52;220;287;61;88;237;53;267;147;54;55;88;57;218;52;227;111;55;243;240;57;63;53;134;53;53;109;57;87;209;332;51;141;55;222;52;53;106;116;211;1001;121;57;108;63;110;239;53;57;57;106;57;58;231;57;208)
seed_13_level_1-4,2416,46767.52586054802,658945991,9461,(1001;221;209;253;86;248;209;55;221;106;57;57;55;52;89;53;52;53;52;85;303;52;52;232;104;52;220;218;52;1001;1001;1001;58;53;1001;86;218;115;53;251;88;57;57;287;84;239;57;55;131;52;117;52;54;118;59;58;221;53;52;53;217;102;86;238;104;55;57;252;88;222;55;53;104;239;249;212;54;113;109;52;222;209;1001;59;52;94;106;213;268;57;52;138;1001;187;121;86;142;99;86;76;55;144;238;241;52;86;52;53;52;52;52;228;268;120;52;52;253;52;53;1001;52;52;142;52;114;52;142;258;217;86;55;52;88;281;142;52;219;233;239;52;52;52;52;53;251;52;221;222;52)
seed_13_level_1-4,2416,47431.71211695671,664902868,9610,(1001;93;53;57;57;53;61;53;303;57;231;53;115;57;123;91;53;91;57;57;208;106;107;210;88;53;56;52;52;88;1001;59;92;107;103;55;54;1001;238;212;90;88;210;53;59;798;117;52;129;52;52;114;52;52;86;97;107;104;94;93;52;239;255;225;723;53;407;52;52;52;58;192;90;52;117;217;120;301;52;301;211;52;86;391;93;1001;101;153;1001;117;282;86;132;222;51;104;117;86;52;1001;57;88;226;220;55;52;104;241;222;57;54;56;53;104;90;213;91;56;53;239;53;52;57;52;250;53;91;224;89;1001;240;53;90;57;57;224;52;211;1001;57;222;239;88;89;221;268;56;58;57)
seed_13_level_1-4,2416,48073.00061964989,670127529,9759,(1001;104;57;1001;251;53;239;53;229;91;250;57;53;117;92;88;252;53;55;52;52;1001;222;53;52;53;107;54;53;53;63;53;239;57;57;227;1001;74;52;60;53;57;287;52;56;53;1001;54;238;54;91;53;77;130;57;109;212;52;53;140;53;52;53;222;227;85;52;104;57;134;88;222;132;224;238;102;1001;55;52;53;57;106;222;54;93;211;52;53;221;302;52;53;52;825;223;117;104;52;243;86;119;52;1001;52;53;239;52;52;272;86;52;239;208;222;91;57;52;102;52;52;55;86;52;303;168;129;52;220;112;117;112;206;52;53;52;222;52;52;53;222;117;541;52;52;86;52;52;260;92)
seed_13_level_1-4,2416,48786.06292009354,678149230,9909,(1001;251;53;221;52;52;217;52;238;57;57;1001;1001;1001;218;57;105;61;1001;57;88;52;106;251;57;236;1001;52;120;52;303;234;302;209;208;56;57;220;1001;53;55;1001;239;52;222;52;1001;54;59;92;90;52;53;96;238;222;52;130;88;87;77;117;313;52;57;55;226;208;51;53;57;52;86;106;84;54;129;54;54;52;90;52;240;88;104;52;62;69;221;53;240;52;52;1001;114;104;108;107;114;101;473;52;252;240;261;117;52;228;238;58;53;107;224;52;57;1001;170;92;146;53;170;216;104;238;217;52;52;214;52;240;52;221;52;1001;88;86;52;142;117;1001;52;52;255;52;52;190;214;52;58;300)
seed_13_level_1-4,2416,49470.08090162277,685482059,10059,(1001;52;124;52;104;57;52;53;52;51;52;86;146;77;52;53;52;53;52;104;52;52;53;60;52;78;57;257;290;110;58;92;84;51;57;53;219;102;221;52;103;53;1001;53;57;86;53;1001;221;246;55;52;53;96;143;208;58;209;114;1001;90;1001;1001;57;52;209;52;52;1001;235;79;76;53;57;78;57;1001;221;231;106;240;240;133;253;1001;1001;52;211;61;224;52;436;55;52;53;52;52;52;249;52;54;86;52;129;52;53;114;52;184;303;221;253;222;101;302;55;52;228;106;52;120;52;52;52;52;52;209;180;102;52;52;52;52;102;227;52;52;92;55;115;427;1001;129;52;279;57;227;223;1001;114)
seed_13_level_1-4,2416,50205.97105693817,694539902,10209,(1001;186;210;146;1001;52;51;51;252;59;101;58;60;55;249;57;226;56;252;91;52;1001;51;57;90;86;1001;221;88;103;106;208;52;51;238;52;191;53;101;52;105;1001;51;131;1001;53;53;106;103;210;52;225;551;1001;57;61;210;208;52;211;57;57;303;115;109;1001;302;52;114;53;88;62;1001;57;93;1001;52;52;1001;93;67;53;53;221;238;132;240;52;1001;52;63;107;121;432;86;115;86;274;53;303;86;107;53;222;53;302;104;222;52;222;302;86;115;94;101;1001;57;1001;52;54;289;86;115;106;1001;113;86;114;76;89;238;106;102;191;95;52;208;121;52;53;89;114;251;303;52;115;54;90;87;86)
seed_13_level_1-4,2416,50932.72075176239,702475689,10360,(414;52;53;54;1001;237;53;1001;57;52;52;1001;255;266;1001;150;53;1001;52;52;52;57;88;238;90;112;77;99;88;221;235;1001;52;57;53;53;56;53;56;51;1001;52;88;55;138;227;1001;54;1001;221;52;52;106;248;240;52;178;57;58;102;222;118;209;61;52;57;51;238;53;101;222;59;1001;62;87;51;90;51;85;102;257;222;52;52;52;57;209;86;146;51;266;257;52;86;107;432;107;302;148;253;117;223;52;88;52;52;52;108;115;117;108;117;52;251;229;223;303;263;52;306;52;1001;108;385;116;52;237;239;52;239;141;301;115;102;1001;239;52;52;142;117;297;52;251;298;302;306;302;302;302;153;52)
seed_13_level_1-4,2416,51678.83817458153,711876786,10510,(479;102;53;52;1001;104;78;1001;222;61;222;58;1001;53;228;1001;54;1001;239;210;88;87;51;53;53;112;1001;52;301;56;52;111;254;55;52;220;52;52;51;52;1001;53;102;1001;256;129;211;51;88;51;84;53;1001;277;52;106;107;58;91;52;52;88;222;52;102;53;53;76;51;84;219;147;52;221;104;252;52;238;52;51;121;238;104;211;51;56;52;211;385;239;53;239;52;106;52;144;101;52;52;115;53;106;1001;52;52;180;52;239;302;250;53;1001;209;52;225;576;52;117;303;52;209;290;238;238;1001;1001;101;240;238;52;1001;117;200;1001;238;239;302;103;221;86;52;101;238;276;52;114;114;52;301;297)
seed_13_level_1-4,2416,52323.61763691902,717181693,10659,(414;109;52;98;102;107;53;53;228;52;89;54;223;52;104;58;225;52;95;55;55;57;125;57;52;119;56;52;52;57;53;104;210;57;52;107;211;107;1001;1001;53;51;53;208;52;1001;230;111;52;104;217;53;88;92;52;212;88;208;53;53;55;52;1001;51;51;84;106;113;52;1001;1001;53;53;52;56;57;225;51;218;52;86;53;52;51;54;57;290;263;52;117;52;52;52;86;52;115;108;285;104;129;53;52;140;251;86;52;52;52;302;104;87;114;106;100;222;113;238;52;56;389;265;302;52;115;1001;52;107;52;52;52;52;302;52;52;90;52;239;223;52;103;87;222;107;287;56;1001;91;97;279)
seed_13_level_1-4,2416,52958.095287323,721717473,10810,(287;106;89;90;459;52;221;52;104;53;88;217;238;129;52;53;92;209;84;52;54;104;208;239;182;54;233;56;75;57;59;211;217;86;53;53;84;52;105;52;51;238;52;53;77;414;55;1001;51;117;57;53;57;54;78;56;1001;53;95;219;51;224;53;107;57;108;87;52;114;53;55;55;57;59;52;52;1001;146;53;1001;104;133;225;52;53;57;1001;56;454;238;107;52;52;102;86;127;132;102;52;60;53;52;399;251;290;106;107;239;86;220;76;86;102;52;52;52;52;400;1001;218;95;87;107;103;82;102;104;262;102;107;102;52;86;226;209;52;304;115;52;52;86;87;273;55;86;52;102;52;86;86;114)
seed_13_level_1-4,2416,53633.220713377,727669234,10960,(537;52;110;52;55;77;86;55;52;240;57;55;56;1001;59;1001;97;107;52;53;52;210;52;1001;53;54;57;52;52;109;52;1001;218;240;53;53;106;57;54;56;284;241;55;52;86;57;210;53;55;211;86;211;86;53;53;52;104;52;145;128;89;53;51;57;211;89;53;116;55;51;110;226;248;221;102;104;50;1001;248;101;53;250;57;129;221;210;128;86;238;248;286;86;52;52;88;219;90;107;131;52;220;104;52;239;239;238;238;76;301;419;265;52;52;1001;52;305;302;106;86;90;104;107;57;1001;302;57;1001;52;52;252;86;52;52;426;52;116;227;240;238;229;302;239;302;52;240;302;231;302;189;52)
seed_13_level_1-4,2416,54285.89601492882,732583950,11109,(472;107;109;52;57;101;54;107;209;55;52;54;102;51;115;222;52;53;52;52;1001;55;53;52;53;102;53;209;113;52;52;86;52;211;57;219;744;52;224;211;55;225;101;104;122;211;52;56;117;222;57;176;221;210;208;52;89;52;52;211;51;52;52;248;52;222;116;86;57;52;53;118;114;394;117;225;52;227;211;214;1001;52;51;235;51;195;221;288;86;107;220;52;107;117;53;305;52;220;52;1001;302;228;52;115;52;117;1001;53;52;239;1001;102;302;117;235;82;57;1001;240;221;92;239;302;52;52;86;227;52;90;52;52;52;239;222;52;53;52;76;299;238;52;52;251;86;106;52;53;52;53)
seed_13_level_1-4,2416,54909.505945682526,737043744,11258,(414;53;66;52;89;52;94;52;68;239;115;53;52;101;55;53;53;52;53;108;53;208;52;53;52;87;106;54;55;113;239;51;52;53;52;55;1001;1001;1001;52;52;52;238;238;52;225;302;238;52;222;102;53;429;53;57;52;217;209;232;86;89;76;291;52;196;216;238;52;52;450;52;107;238;114;55;52;228;250;235;52;76;231;52;52;102;117;86;107;52;219;52;102;303;88;284;217;221;221;57;52;51;109;225;52;57;57;51;114;52;57;57;1001;51;55;52;130;51;211;53;53;1001;102;238;52;52;221;53;51;114;57;61;53;55;60;238;52;53;1001;51;92;52;221;53;53;111;55;57;97;90)
seed_13_level_1-4,2416,55574.79251432419,742316156,11408,(414;52;139;106;54;86;301;52;256;119;238;104;116;208;57;212;222;57;53;52;52;121;1001;54;57;57;160;1001;52;52;208;227;54;52;57;115;104;292;52;52;108;236;111;273;211;243;238;52;52;51;52;61;106;128;223;102;54;221;52;210;53;52;224;56;186;107;1001;93;88;314;230;1001;52;1001;52;234;52;51;52;55;90;113;90;211;187;1001;145;159;447;303;53;52;239;52;52;52;52;238;242;52;52;53;52;52;76;52;91;52;52;52;52;1001;93;106;286;109;52;247;116;52;411;52;57;219;52;52;104;118;52;178;86;132;111;52;52;107;52;252;238;303;224;52;221;52;102;106;231;249;240;279)
seed_13_level_1-4,2416,56222.20322585106,747814324,11558,(470;272;52;51;121;213;208;52;106;52;59;220;109;230;102;52;223;114;52;52;53;1001;119;52;243;114;52;55;55;52;53;52;54;53;120;58;1001;1001;52;221;106;397;107;55;1001;56;88;81;126;238;53;105;249;52;238;238;101;1001;252;52;52;253;77;106;117;52;52;52;1001;102;238;88;102;121;52;56;102;102;117;102;238;143;221;52;114;52;1001;52;57;92;52;52;117;90;57;79;117;1001;52;51;123;57;53;89;84;52;76;221;53;225;52;52;110;300;221;240;52;106;84;52;54;52;181;88;53;88;51;310;52;86;387;106;56;52;118;237;52;52;51;57;51;52;222;86;257;378;234;114;227;51)
seed_13_level_1-4,2416,56830.57665348053,750706447,11708,(450;238;53;238;302;52;88;133;111;88;202;53;76;86;230;121;186;52;239;87;93;117;117;90;239;52;114;114;115;86;239;238;263;91;133;128;208;52;238;52;88;64;189;57;52;91;445;301;239;238;117;52;53;88;121;88;240;102;52;103;52;90;182;106;82;106;301;104;52;222;52;239;90;378;58;248;52;373;56;278;226;56;52;55;57;143;52;221;52;217;114;107;1001;257;86;52;149;56;52;216;250;57;52;114;236;232;77;52;102;52;52;106;55;238;52;248;55;52;102;302;216;144;107;53;86;52;114;104;52;238;89;84;303;52;52;76;225;52;117;52;52;86;107;1001;297;53;87;104;52;52)
seed_13_level_1-4,2416,57449.82246685028,754633785,11858,(373;52;61;236;57;107;52;86;52;52;56;128;52;52;102;84;52;166;86;55;52;92;117;76;84;113;227;90;222;51;90;104;113;102;57;86;311;140;209;248;278;313;294;301;117;52;238;84;52;66;52;193;230;115;88;84;114;217;86;76;52;52;103;57;117;117;52;51;113;81;52;1001;111;84;450;102;52;86;829;115;53;118;188;52;57;52;52;55;302;258;114;302;114;127;70;52;262;88;52;258;66;1001;239;209;55;252;52;223;52;55;117;301;53;85;55;238;86;52;58;56;76;52;113;54;1001;53;57;283;236;57;244;53;105;86;180;52;52;52;86;1001;262;282;86;108;110;181;86;76;52;104)
seed_13_level_1-4,2416,58080.5561208725,758464311,12008,(287;86;102;52;51;221;248;52;57;58;57;102;84;88;113;52;52;114;296;58;52;55;52;89;221;111;56;53;301;70;83;177;52;240;248;248;52;131;238;86;114;52;298;84;62;220;52;104;118;102;86;304;248;55;218;182;90;84;128;259;89;126;55;114;102;102;52;57;124;53;55;257;52;88;84;1001;251;60;277;113;303;52;88;125;52;105;221;52;238;122;1001;77;303;238;52;221;52;302;238;241;59;86;123;240;238;132;52;53;238;104;117;55;52;118;115;228;223;93;53;107;239;82;1001;304;260;88;117;58;117;57;143;117;88;116;90;1001;239;76;307;52;114;500;87;52;113;56;52;52;238;180)
seed_13_level_1-4,2416,58711.428042173386,762447475,12158,(287;112;52;57;84;220;1001;190;86;220;104;50;299;84;52;53;86;88;90;84;249;52;53;102;84;233;114;52;117;52;52;240;52;113;52;52;52;120;301;55;56;111;55;218;113;52;52;90;89;52;301;52;102;102;52;52;1001;288;260;114;261;301;236;52;52;226;53;53;210;52;176;52;641;53;88;52;53;302;239;57;58;222;56;57;52;221;107;55;52;312;52;121;52;240;117;106;117;57;304;92;52;104;86;106;57;102;122;52;110;52;93;217;195;56;264;55;53;53;93;121;53;90;212;104;224;102;1001;147;313;106;221;221;190;251;255;115;88;300;117;238;622;109;55;1001;56;88;231;53;57;86)
seed_13_level_1-4,2416,59364.22583436966,766177856,12308,(373;104;52;53;249;210;52;53;202;106;244;307;86;58;53;219;54;52;52;86;301;86;106;428;301;263;84;56;52;251;274;437;261;84;57;76;88;302;128;104;53;247;210;92;143;86;102;138;52;52;54;1001;179;93;218;272;105;52;111;84;218;218;55;82;91;89;263;114;238;52;52;292;238;55;302;106;53;322;106;52;200;251;122;104;52;303;107;52;240;290;86;1001;55;53;53;310;52;57;224;56;57;241;52;88;86;52;117;251;52;117;219;302;252;107;230;427;52;119;302;52;55;238;115;53;287;104;253;52;52;109;52;57;114;1001;109;122;157;53;86;303;128;117;90;302;57;52;52;55;57;248)
seed_13_level_1-4,2416,60078.38596224785,774977722,12458,(305;52;52;301;57;52;1001;88;115;53;88;254;53;303;104;52;181;121;1001;305;240;248;108;52;209;52;90;53;130;105;90;120;52;53;52;240;88;112;53;60;1001;104;482;1001;57;66;1001;1001;88;54;1001;117;87;53;1001;57;223;1001;52;104;915;86;117;57;57;240;53;264;107;117;52;106;112;88;106;1001;373;133;92;59;56;115;52;303;233;250;1001;299;84;56;86;90;75;52;90;248;87;52;249;114;92;84;53;111;53;248;83;240;238;53;106;52;1001;1001;77;54;90;250;59;423;53;106;269;90;212;53;61;86;808;257;86;53;92;55;56;102;52;84;114;114;52;52;245;277;56;52;61;210;55;52)
seed_13_level_1-4,2416,60733.45170021057,779321616,12608,(416;1001;102;52;120;114;122;117;56;222;195;87;52;125;525;52;217;303;1001;59;56;86;58;303;109;102;75;1001;81;52;57;57;279;52;279;52;53;52;59;53;470;111;304;209;117;300;52;255;309;251;222;303;304;91;52;88;304;238;223;52;301;302;107;52;86;236;78;53;229;121;497;76;303;464;53;58;242;231;102;76;211;110;273;53;208;57;52;240;257;89;57;268;139;238;249;1001;52;102;217;52;52;52;155;299;56;58;116;55;52;60;102;93;104;217;52;53;58;53;104;53;296;265;52;59;106;57;52;52;57;52;55;93;104;223;52;54;110;139;177;146;54;58;202;259;52;53;109;302;52;53)
seed_13_level_1-4,2416,61516.69214653969,790616177,12758,(516;57;104;230;56;61;57;53;233;87;86;104;239;104;191;102;281;53;182;278;102;88;52;58;128;245;132;112;240;405;52;249;223;1001;60;1001;150;88;88;302;114;57;53;132;115;52;57;55;116;58;58;54;238;77;245;247;52;94;88;58;221;193;58;216;57;56;93;86;238;115;223;467;52;1001;275;1001;251;87;253;52;208;99;52;252;302;218;307;257;55;1001;1001;269;53;1001;224;239;299;104;1001;52;52;1001;53;76;53;57;57;104;57;54;291;52;83;111;107;221;82;106;1001;1001;1001;93;52;57;1001;52;52;222;239;1001;52;1001;241;112;57;192;106;52;52;52;113;182;57;88;52;1001;86;1001;1001;1001)
seed_13_level_1-4,2416,62206.26898479462,796600330,12908,(494;52;253;157;89;293;209;107;114;114;53;302;114;122;104;56;57;53;57;96;117;117;118;118;252;1001;1001;90;88;238;251;55;302;52;52;250;301;112;111;232;303;86;86;1001;88;125;119;55;232;88;86;1001;445;111;176;472;57;1001;1001;300;52;208;267;55;303;226;76;57;57;57;90;294;76;117;1001;52;84;57;91;57;84;53;229;211;53;255;246;192;248;241;84;250;104;109;108;244;93;302;89;53;52;88;237;52;253;115;117;119;52;94;52;239;116;223;53;53;83;53;265;88;57;52;53;166;249;56;222;57;57;58;53;116;106;88;227;272;154;127;87;57;108;53;60;225;112;53;1001;57;92;57)
seed_13_level_1-4,2416,62999.03193235397,808591369,13058,(516;239;419;57;222;57;52;222;57;125;106;52;115;246;232;53;160;53;53;219;261;52;53;228;137;112;53;57;60;1001;224;53;57;222;149;53;235;271;118;195;90;55;53;249;222;108;57;93;57;88;58;52;52;57;242;240;136;129;104;133;245;98;52;101;53;57;210;93;104;1001;53;53;487;1001;55;280;95;245;528;108;219;106;113;104;117;55;208;1001;56;55;52;55;252;94;1001;55;1001;280;239;53;1001;57;106;106;221;103;1001;57;212;1001;55;222;55;310;59;1001;1001;299;93;53;1001;1001;1001;1001;52;106;106;102;92;55;55;52;128;244;55;238;304;1001;1001;53;1001;577;52;119;1001;61;1001;66;253;53)
seed_13_level_1-4,2416,63802.38743329048,821414314,13208,(406;52;238;287;301;1001;90;1001;1001;116;115;251;1001;1001;86;1001;111;1001;113;1001;57;53;52;52;52;54;1001;220;1001;88;54;1001;244;1001;96;55;93;110;57;144;1001;303;53;1001;222;110;52;1001;118;252;188;53;1001;1001;107;1001;117;57;52;251;224;261;209;86;301;1001;52;86;52;106;1001;222;1001;57;121;57;464;53;137;102;53;52;53;88;177;123;225;1001;84;226;53;52;53;57;90;53;57;207;57;52;237;218;52;57;74;59;240;115;54;52;52;1001;53;67;52;112;101;55;115;53;53;254;262;108;52;63;114;57;52;52;116;208;57;53;112;88;53;54;57;89;118;181;53;52;57;251;52;220;57;59)
seed_13_level_1-4,2416,64478.02743053436,827047376,13358,(516;258;53;234;227;196;121;286;240;57;57;52;52;225;119;233;53;270;53;52;188;1001;248;56;53;203;52;59;222;225;228;223;234;93;88;196;52;104;53;52;190;1001;53;220;113;104;53;52;195;151;106;223;115;251;104;117;57;52;194;52;1001;107;239;84;52;52;57;53;53;238;93;56;318;107;1001;91;267;251;111;52;477;55;117;76;78;252;52;106;57;249;86;52;223;190;52;52;57;52;251;238;52;106;248;52;301;76;52;209;248;57;86;86;90;52;221;52;52;107;52;52;117;77;306;52;209;302;52;52;90;238;237;115;88;1001;86;52;239;55;53;637;1001;222;179;76;52;238;114;52;302;1001)
seed_13_level_1-4,2416,65158.666759967804,833833556,13508,(464;239;53;137;57;53;133;245;57;89;52;53;53;135;52;53;53;55;57;57;134;57;53;259;53;57;57;53;112;57;57;57;114;106;1001;53;257;1001;115;57;88;54;110;398;57;53;59;250;54;188;95;57;53;106;57;1001;57;52;57;283;241;93;53;97;58;53;81;91;106;53;119;245;223;632;114;104;52;90;86;302;52;1001;133;132;251;57;1001;52;102;58;102;301;102;1001;113;251;191;302;52;90;301;301;52;106;239;1001;53;86;109;104;282;252;52;238;86;179;1001;52;52;52;128;90;52;58;87;53;301;294;221;52;86;86;251;52;107;210;253;219;52;86;90;53;305;104;1001;52;302;102;1001;52)
seed_13_level_1-4,2416,65788.24832224846,837446777,13658,(461;218;53;1001;53;58;259;52;56;121;116;57;218;238;107;52;223;57;119;88;82;257;57;54;53;235;57;52;53;98;57;88;54;57;52;86;202;274;53;114;90;218;90;172;53;223;55;137;59;273;268;53;143;57;88;208;120;52;58;91;210;53;53;97;53;240;138;448;251;251;302;52;55;52;52;86;221;52;78;252;301;109;107;262;52;52;118;55;89;145;102;52;232;115;221;86;55;104;304;231;52;253;90;86;52;102;232;209;52;721;229;119;238;229;1001;107;102;52;223;52;103;52;228;52;55;1001;282;52;221;52;253;53;55;90;95;56;52;76;238;208;302;219;52;52;300;55;86;55;301;53)
seed_13_level_1-4,2416,66414.52397966385,841295121,13808,(422;240;90;242;109;55;110;57;92;136;311;53;54;1001;245;60;59;247;104;264;257;223;224;223;124;87;53;261;115;59;113;57;105;55;57;217;112;228;366;57;184;57;212;78;53;52;196;54;120;57;93;117;57;58;52;113;1001;91;111;233;104;57;104;93;237;53;295;106;302;192;52;52;55;227;107;141;361;52;88;52;52;87;52;55;62;86;54;240;190;106;233;52;52;56;120;55;222;93;307;107;211;268;57;252;133;90;107;55;52;52;107;301;52;1001;222;52;53;269;56;52;57;57;238;280;88;52;1001;57;110;462;53;86;52;53;268;58;117;210;86;57;250;52;106;52;55;86;223;86;251;109)
seed_13_level_1-4,2416,67058.91241765022,846207593,13958,(249;1001;60;115;302;256;106;52;102;57;53;117;88;115;255;84;88;264;52;52;57;107;108;81;302;106;107;52;53;53;225;1001;117;218;88;56;106;115;53;56;239;120;107;54;52;56;52;262;53;223;1001;223;52;238;240;113;56;293;55;111;107;52;238;55;55;52;238;86;252;57;248;52;374;55;223;55;84;78;52;363;311;57;57;112;216;53;102;53;64;231;312;91;59;613;222;116;84;54;229;240;52;94;234;88;157;476;113;53;57;89;53;247;1001;227;312;53;53;238;53;54;59;53;103;57;53;86;53;57;57;93;53;89;57;118;57;116;1001;104;268;53;53;310;106;59;1001;86;227;57;252;52)
seed_13_level_1-4,2416,67719.42703938484,851269217,14108,(112;53;1001;312;224;251;118;52;122;115;53;57;224;57;205;239;240;252;239;57;93;231;162;88;53;126;59;248;231;57;112;57;116;57;62;57;464;53;57;53;119;221;104;57;260;239;88;118;53;224;57;236;53;57;90;62;218;54;53;116;294;222;414;57;93;271;114;62;53;238;221;304;53;535;55;1001;114;52;56;56;90;57;260;53;116;239;55;69;78;112;89;238;218;52;176;61;491;106;106;53;1001;1001;295;55;87;52;104;52;115;118;52;88;236;110;90;252;86;297;106;86;111;52;114;87;52;56;214;91;222;148;1001;57;1001;249;136;86;264;76;55;76;106;53;243;238;301;302;114;53;52;102)
seed_13_level_1-4,2416,68455.65827059746,860236812,14258,(306;55;221;106;449;52;55;52;1001;55;52;976;262;240;124;52;52;302;115;1001;52;102;88;55;52;302;93;53;302;117;238;248;81;1001;52;302;62;222;106;106;102;231;1001;231;56;55;248;85;262;304;103;1001;1001;210;52;55;107;84;221;92;86;102;52;223;102;221;106;209;52;52;106;222;87;102;301;559;1001;53;57;52;240;52;477;103;237;104;114;1001;112;104;254;273;53;238;53;240;57;92;61;54;57;1001;93;267;52;54;52;57;88;199;229;88;236;218;223;1001;223;57;93;106;54;154;223;218;88;57;53;233;54;272;117;57;1001;55;53;57;1001;146;53;57;269;64;58;311;52;57;53;57;1001;223)
seed_13_level_1-4,2416,69166.00798892975,867476510,14408,(392;57;60;59;106;52;1001;52;52;57;93;241;263;104;52;302;94;1001;90;118;53;250;57;421;53;107;1001;121;134;102;86;257;53;118;56;264;52;266;55;53;63;53;210;1001;192;1001;87;115;301;1001;53;111;238;115;93;114;57;218;52;52;251;1001;92;52;244;200;261;59;53;56;57;1001;53;468;53;302;209;380;261;140;301;76;209;121;53;442;104;52;102;113;252;102;221;1001;106;88;226;188;254;209;222;52;102;238;106;238;55;52;300;52;239;106;106;110;102;117;55;252;106;52;55;52;240;1001;106;88;106;55;52;302;302;108;85;248;52;220;52;305;106;239;248;252;222;302;248;223;223;57;248;52)
seed_13_level_1-4,2416,69894.51533555984,875569899,14558,(239;117;250;257;90;225;84;88;450;57;1001;53;249;1001;54;116;259;57;53;167;52;57;52;97;93;55;53;113;57;57;1001;367;89;106;113;57;52;52;57;268;86;93;90;87;52;57;90;132;97;88;108;257;86;53;260;88;88;53;250;1001;53;56;84;52;1001;303;240;53;150;574;219;239;52;272;86;52;52;570;1001;301;756;222;248;102;142;1001;52;302;177;56;302;86;55;53;106;55;1001;76;222;119;76;302;181;114;106;255;229;114;53;237;53;254;82;55;997;52;619;210;263;222;53;84;107;259;253;253;1001;209;124;117;224;132;92;102;221;87;87;55;268;971;52;230;302;251;86;53;225;148;52;216)
seed_13_level_1-4,2416,70636.22445654869,884448268,14708,(1001;55;89;59;549;57;240;93;249;78;115;57;106;104;57;1001;57;240;88;240;104;88;240;86;53;121;52;1001;57;104;52;1001;53;54;96;102;109;101;250;121;191;1001;54;88;119;58;53;86;152;283;53;242;1001;407;52;57;1001;57;113;218;225;84;56;426;117;292;52;61;302;1001;106;238;371;1001;54;301;254;248;253;52;88;303;53;54;53;55;52;240;88;116;254;52;110;95;76;54;237;1001;52;52;390;56;57;444;291;53;255;222;457;423;106;106;52;1001;52;224;57;55;252;82;306;240;302;55;106;52;108;52;86;52;107;1001;85;76;309;406;77;52;114;280;214;55;55;1001;52;94;253;238;53;431)
seed_13_level_1-4,2416,71347.0423438549,891550781,14858,(290;53;107;53;104;263;56;108;104;59;89;91;59;57;312;57;1001;87;53;88;54;53;57;57;52;104;106;1001;87;84;106;142;212;53;163;269;93;78;104;104;195;109;53;1001;58;211;297;202;57;110;89;53;52;226;109;54;90;53;103;52;89;57;239;263;191;53;406;227;224;116;1001;107;209;222;190;88;118;76;59;54;302;76;1001;112;189;1001;288;295;302;1001;210;209;50;107;53;253;201;304;301;227;252;253;180;54;301;52;55;1001;111;301;222;736;54;53;53;54;388;77;1001;56;56;55;53;87;233;52;53;221;53;302;1001;89;55;106;252;116;214;107;112;55;107;270;53;210;211;225;87;110;52;56)
seed_13_level_1-4,2416,72061.1116001606,898788581,15008,(712;57;263;240;57;148;84;57;94;240;53;58;53;56;84;104;62;57;239;109;240;212;53;105;84;112;88;238;143;211;238;225;240;137;93;85;241;57;53;292;211;57;191;88;147;53;260;53;53;59;53;53;261;1001;228;212;259;97;103;87;104;53;250;57;282;54;52;53;106;109;52;254;89;222;119;88;54;220;87;111;56;1001;51;113;221;52;214;112;76;57;209;1001;238;54;107;1001;52;84;107;109;494;53;136;55;52;267;56;53;55;256;56;84;55;56;253;307;104;86;107;219;1001;1001;227;76;307;53;282;52;79;390;55;1001;53;1001;52;1001;301;251;286;217;53;52;549;301;129;149;259;53;116;1001)
