seed_6_level_6-4,523,504.9759428501129,449103,150,(61;79;52;66;52;100;53;55;52;100;100;100;100;55;100;52;59;52;53;52;59;100;100;53;100;93;87;100;58;69;52;100;53;100;52;53;62;52;100;100;100;100;100;53;100;52;100;57;53;100;51;52;100;54;53;100;100;100;52;57;100;91;100;100;100;64;58;100;52;100;57;68;100;58;52;55;100;52;52;57;100;52;100;52;100;100;53;100;56;52;100;52;100;96;53;61;55;57;100;100;53;100;55;100;51;53;100;57;71;52;53;52;100;100;57;51;53;100;58;100;100;100;53;100;100;100;53;100;100;59;100;55;54;57;64;100;100;100;55;100;53;57;76;53;53;57;52;52;100;53)
seed_6_level_6-4,523,1010.1889455318451,904923,300,(100;100;100;100;100;100;100;100;100;100;100;100;100;100;100;100;100;100;100;100;100;100;100;100;100;100;100;100;100;100;100;100;100;100;100;100;100;100;100;100;100;100;100;100;100;100;100;100;100;100;100;100;100;100;100;100;100;100;100;100;100;58;66;55;58;69;57;53;57;59;58;54;57;57;58;57;57;57;53;53;55;55;58;55;53;59;55;53;55;53;58;112;53;52;53;51;51;53;53;53;79;53;56;52;52;52;52;52;53;52;52;54;52;52;52;55;52;54;52;52;52;52;52;52;52;52;53;52;52;54;53;52;52;53;53;57;64;55;57;71;68;58;59;61;64;89;96;93;87;100)
seed_6_level_6-4,523,1516.5024721622467,1349032,450,(100;100;100;100;100;100;100;100;100;100;100;100;100;100;100;100;100;100;100;100;100;100;100;100;100;100;100;100;100;100;100;100;100;100;100;100;100;100;100;100;100;100;100;100;100;100;100;100;100;100;100;100;100;100;100;100;100;100;100;100;57;58;66;56;58;69;57;53;58;57;53;57;57;59;57;57;57;53;57;53;53;55;59;52;58;53;55;53;55;53;53;53;52;53;51;51;53;53;53;55;53;61;79;56;52;52;52;52;52;53;52;52;53;52;52;52;52;54;52;52;52;52;52;52;52;52;53;52;52;53;54;52;52;57;53;57;64;55;71;68;58;59;60;64;62;60;90;96;96;75)
seed_6_level_6-4,523,2015.4429216384888,1794916,600,(100;100;100;100;100;100;100;100;100;100;100;100;100;100;100;100;100;100;100;100;100;100;100;100;100;100;100;100;100;100;100;100;100;100;100;100;100;100;100;100;100;100;100;100;100;100;100;100;100;100;100;100;100;100;100;100;100;100;100;100;58;65;56;59;69;57;58;57;54;57;57;59;57;57;57;53;57;53;56;53;55;59;58;53;55;53;54;53;53;55;57;52;53;52;56;51;51;53;53;53;55;61;62;79;56;52;52;52;52;52;53;52;52;53;52;52;52;52;54;52;52;52;52;52;52;52;52;54;52;52;54;53;52;52;53;57;57;64;55;71;68;58;59;61;87;64;75;88;96;90)
seed_6_level_6-4,557,2515.236510038376,2248739,750,(100;100;100;100;100;100;100;100;100;100;100;100;100;100;100;100;100;100;100;100;100;100;100;100;100;100;100;100;100;100;100;100;100;100;100;100;100;100;100;100;100;100;100;100;100;100;100;100;100;100;100;100;100;100;100;100;100;100;100;100;58;65;55;58;100;57;58;57;53;57;57;59;57;57;57;57;56;53;57;53;55;57;53;53;55;53;55;53;55;100;52;67;52;51;51;53;53;56;55;61;62;55;53;79;56;52;52;52;52;52;54;52;52;53;52;52;52;52;54;52;52;52;52;52;52;52;52;53;52;52;53;53;52;52;53;57;57;64;54;71;68;58;59;61;64;104;96;60;96;91)
seed_6_level_6-4,557,3013.4619901180267,2699421,900,(100;100;100;100;100;100;100;100;100;100;100;100;100;100;100;100;100;100;100;100;100;100;100;100;100;100;100;100;100;100;100;100;100;100;100;100;100;100;100;100;100;100;100;100;100;100;100;100;100;100;69;100;100;100;100;100;100;100;100;100;100;100;58;66;56;59;57;58;57;54;57;57;59;57;57;57;53;53;53;57;53;53;55;57;58;53;55;53;54;53;52;52;51;51;53;53;51;61;62;53;53;53;53;79;56;52;52;52;52;52;53;52;52;54;52;52;52;52;53;52;52;52;52;52;52;52;52;54;52;52;54;53;52;52;57;53;64;55;71;68;53;58;59;61;87;84;96;96;90;77)
seed_6_level_6-4,608,3510.526027202606,3152625,1050,(100;100;100;100;100;100;100;100;100;100;100;100;100;100;100;100;100;100;100;100;100;100;100;100;100;100;100;100;100;100;100;100;100;100;100;100;100;100;100;100;100;100;100;100;100;100;100;100;100;100;100;100;100;100;100;100;100;100;100;100;100;58;69;66;56;59;57;58;58;53;57;57;59;57;57;57;53;53;53;53;55;59;53;53;53;53;54;53;53;55;55;52;51;51;53;53;61;62;56;53;53;79;56;55;52;52;52;52;52;53;52;52;54;52;52;52;52;54;52;52;52;52;52;52;52;52;54;52;52;53;54;52;52;57;53;53;57;64;54;71;68;58;59;61;64;131;60;96;96;90)
seed_6_level_6-4,608,4015.3733615875244,3603787,1200,(100;100;100;100;100;100;100;100;100;100;100;100;100;100;100;100;100;100;100;100;100;100;100;100;100;100;100;100;100;100;100;100;100;100;100;100;100;100;100;100;100;100;100;100;100;100;100;100;100;100;100;100;100;100;100;100;100;100;100;100;100;58;69;66;56;58;57;58;58;53;57;57;58;57;57;57;57;53;53;53;55;59;53;53;55;53;54;53;53;52;52;51;51;53;53;61;62;56;53;51;55;56;79;56;52;52;52;52;52;53;52;52;54;52;52;52;52;53;52;52;52;52;52;52;52;52;54;52;52;54;53;52;52;53;57;53;57;64;55;71;68;57;59;61;105;64;96;96;89;77)
seed_6_level_6-4,608,4522.282068729401,4064461,1350,(100;100;100;100;100;100;100;100;100;100;100;100;100;100;100;100;100;100;100;100;100;100;100;100;100;100;100;100;100;100;100;100;100;100;100;100;100;100;100;100;100;100;100;100;100;100;100;100;100;100;100;100;100;100;100;100;100;100;100;100;100;58;100;66;55;59;57;58;57;54;57;57;58;57;57;57;57;53;57;56;53;55;57;53;53;53;53;55;53;55;55;52;51;51;56;53;61;110;67;56;53;56;79;56;55;52;52;52;52;52;53;52;52;54;52;52;52;52;54;52;52;52;52;52;52;52;52;54;52;52;54;54;52;52;57;53;57;64;55;71;68;58;59;61;64;91;93;96;91;105)
seed_6_level_6-4,608,5023.48383808136,4518822,1500,(100;100;100;100;100;100;100;100;100;100;100;100;100;100;100;100;100;100;100;100;100;100;100;100;100;100;100;100;100;100;100;100;100;100;100;100;100;100;100;100;100;100;100;100;100;100;100;100;100;100;100;100;100;100;100;100;100;100;100;100;100;100;58;65;56;59;57;59;57;53;57;57;58;57;57;57;57;53;53;53;57;53;55;57;53;53;55;53;55;53;55;55;52;51;51;53;61;55;53;53;53;56;79;56;52;52;52;52;52;53;52;52;53;52;52;52;52;54;52;52;52;52;52;52;52;52;53;52;52;53;53;52;52;57;57;64;55;71;68;67;58;59;61;64;96;96;92;62;88;87)
seed_6_level_6-4,608,5520.205759525299,4970357,1650,(100;100;100;100;100;100;100;100;100;100;100;100;100;100;100;100;100;100;100;100;100;100;100;100;100;100;100;100;100;100;100;100;100;100;100;100;100;100;100;100;100;100;100;100;100;100;100;100;100;100;69;100;100;100;100;100;100;100;100;100;100;100;58;65;56;59;57;59;57;54;57;57;58;57;57;57;57;53;53;57;56;53;55;57;53;53;55;53;54;53;52;55;52;51;51;53;58;51;53;53;62;53;56;79;56;52;52;52;52;52;53;52;52;53;52;52;52;52;53;52;52;52;52;52;52;52;52;54;52;52;54;54;52;52;53;53;64;54;71;68;53;58;59;61;64;93;87;96;90;107)
seed_6_level_6-4,608,6028.531315088272,5421315,1800,(100;100;100;100;100;100;100;100;100;100;100;100;100;100;100;100;100;100;100;100;100;100;100;100;100;100;100;100;100;100;100;100;100;100;100;100;100;100;100;100;100;100;100;100;100;100;100;100;100;100;100;100;100;100;100;100;100;100;100;100;57;58;100;66;56;59;57;59;57;54;57;57;59;57;57;57;57;57;53;53;55;57;53;53;53;53;54;53;53;55;52;51;51;53;56;56;62;53;53;58;53;79;56;51;52;52;52;52;52;53;52;52;54;52;52;52;52;54;52;52;52;52;52;52;52;52;53;52;52;54;54;52;52;57;57;53;53;64;54;71;68;58;59;61;82;60;96;90;96;107)
seed_6_level_6-4,608,6535.457679271698,5867907,1950,(100;100;100;100;100;100;100;100;100;100;100;100;100;100;100;100;100;100;100;100;100;100;100;100;100;100;100;100;100;100;100;100;100;100;100;100;100;100;100;100;100;100;100;100;100;100;100;100;100;100;100;100;100;100;100;100;100;100;100;100;100;58;65;55;59;57;59;58;53;57;57;58;57;57;57;57;53;53;53;53;53;55;59;53;53;55;53;55;53;55;52;55;57;52;51;51;53;62;53;56;53;53;58;79;56;51;52;52;52;52;52;53;52;52;53;52;52;52;52;54;52;52;52;52;52;52;52;52;53;52;52;54;53;52;52;57;53;64;54;71;68;57;59;61;87;64;93;69;89;88)
seed_6_level_6-4,608,7043.542362689972,6325755,2100,(100;100;100;100;100;100;100;100;100;100;100;100;100;100;100;100;100;100;100;100;100;100;100;100;100;100;100;100;100;100;100;100;100;100;100;100;100;100;100;100;100;100;100;100;100;100;100;100;100;100;100;100;100;100;100;100;100;100;100;100;100;58;65;56;58;57;59;57;54;57;57;58;57;57;57;57;57;53;53;55;59;58;53;53;53;55;53;52;57;52;51;51;53;110;67;53;53;55;55;53;61;79;56;51;52;52;52;52;52;53;52;52;54;52;52;52;52;53;52;52;52;52;52;52;52;52;53;52;52;54;53;52;52;53;53;57;57;64;55;71;68;57;59;60;64;109;107;79;88;104)
seed_6_level_6-4,608,7545.256678819656,6776357,2250,(100;100;100;100;100;100;100;100;100;100;100;100;100;100;100;100;100;100;100;100;100;100;100;100;100;100;100;100;100;100;100;100;100;100;100;100;100;100;100;100;100;100;100;100;100;100;100;100;100;100;100;100;100;100;100;100;100;100;100;100;100;58;65;56;58;57;58;58;53;57;57;58;57;57;57;57;57;57;53;56;53;55;57;58;53;53;53;54;53;52;100;52;51;51;53;53;53;56;58;53;53;79;56;55;52;52;52;52;52;54;52;52;54;52;52;52;52;53;52;52;52;52;52;52;52;52;54;52;52;53;54;52;52;53;57;64;55;71;68;57;67;59;61;64;91;80;62;60;86;96)
seed_6_level_6-4,608,8050.261522531509,7220926,2400,(100;100;100;100;100;100;100;100;100;100;100;100;100;100;100;100;100;100;100;100;100;100;100;100;100;100;100;100;100;100;100;100;100;100;100;100;100;100;100;100;100;100;100;100;100;100;100;100;100;100;69;100;100;100;100;100;100;100;100;100;100;57;58;66;56;59;57;58;58;53;57;57;59;57;57;57;53;57;53;56;57;53;55;57;58;53;53;53;54;53;53;55;55;52;51;51;53;53;53;51;62;53;58;79;56;52;52;52;52;52;54;52;52;54;52;52;52;52;54;52;52;52;52;52;52;52;52;53;52;52;53;54;52;52;53;57;64;54;71;68;58;53;59;60;87;64;93;69;90;88)
seed_6_level_6-4,608,8544.018418073654,7649760,2548,(100;100;100;100;100;54;52;100;100;100;100;58;52;100;100;100;100;56;100;100;100;100;57;54;52;52;59;52;55;57;53;57;100;62;55;90;53;74;53;53;57;70;100;150;57;100;53;56;56;53;53;90;56;53;52;53;53;87;111;54;100;64;100;52;53;57;52;52;111;52;67;53;69;53;56;53;61;52;53;61;54;53;53;63;57;59;150;64;64;100;100;59;61;59;100;100;80;77;100;100;62;96;51;100;74;65;86;52;88;150;100;52;60;53;72;89;57;53;100;77;52;100;56;52;56;52;77;52;120;100;100;57;57;88;57;53;100;88;52;100;50;88;52;75;72;56;57;52)
seed_6_level_6-4,1189,9046.807043552399,8076287,2699,(100;100;100;100;100;53;56;100;100;60;64;56;100;56;57;100;100;100;58;52;100;100;66;52;57;52;100;54;93;100;57;100;64;57;56;100;62;91;52;57;53;67;53;54;92;104;54;52;57;100;100;100;100;100;57;62;52;52;52;52;61;100;54;63;53;52;66;57;57;77;53;64;59;57;150;100;58;118;55;100;100;100;60;93;64;93;53;55;57;57;57;57;57;68;56;52;55;53;56;52;53;100;87;100;100;56;53;53;52;56;59;90;92;53;53;56;53;57;53;52;68;59;52;105;84;57;52;80;57;108;53;57;59;52;53;57;53;74;86;94;86;52;93;60;100;109;201;52;52;59;53)
seed_6_level_6-4,1189,9526.875905036926,8469764,2844,(100;100;57;53;100;93;100;213;52;100;55;100;52;52;60;52;100;58;100;150;73;59;89;66;150;56;100;76;52;52;54;51;52;54;61;56;52;52;52;52;52;52;64;100;54;53;71;52;53;88;59;87;57;61;53;54;150;56;70;53;57;56;55;58;52;52;52;52;75;89;52;62;74;59;100;100;91;100;119;98;57;61;59;53;53;53;54;58;93;100;53;57;57;59;75;56;58;59;53;93;52;57;57;53;63;57;52;63;74;92;56;65;100;59;56;63;68;82;101;102;57;100;57;68;68;52;63;59;57;73;59;52;89;73;61;57;59;52;52;86;75;100;100;53;52)
seed_6_level_6-4,1189,10013.94891667366,8817129,2994,(100;100;57;57;56;52;54;52;52;100;64;52;60;100;106;56;52;60;87;58;58;53;57;108;93;54;52;52;52;52;54;52;54;64;100;64;82;57;53;100;56;93;52;80;57;57;57;57;57;53;57;53;55;52;52;52;53;53;52;54;89;58;52;52;56;98;59;53;89;100;59;63;58;88;59;100;62;80;72;52;51;52;54;89;55;55;53;86;52;63;61;54;100;75;60;59;58;59;77;92;53;53;100;52;57;56;62;79;87;75;100;100;90;53;53;53;53;53;54;76;59;54;54;90;58;58;57;57;54;99;90;75;52;53;76;56;86;53;76;53;100;53;57;100;53;53;57;100;100;56)
seed_6_level_6-4,1200,10503.764129638672,9206820,3142,(100;54;62;62;95;100;59;52;56;52;52;100;52;52;62;52;52;53;68;53;56;57;56;52;52;52;52;52;52;53;52;97;100;57;53;100;100;75;100;53;63;88;62;57;100;100;91;57;92;57;57;100;100;88;63;62;54;54;73;100;100;100;52;100;55;100;59;51;56;57;52;53;86;55;87;64;93;99;57;92;57;57;53;56;57;99;62;59;60;64;53;55;89;57;55;88;100;53;57;58;53;100;57;89;100;52;75;52;90;61;52;52;53;62;53;102;112;59;52;74;53;92;213;52;73;57;74;88;86;53;52;86;86;52;52;86;52;52;75;88;56;56;58;92;73;58;57;53)
seed_6_level_6-4,1200,10994.02732515335,9584573,3292,(100;100;106;52;52;55;76;100;52;52;52;52;56;52;52;88;56;57;84;74;56;74;52;100;88;64;55;53;53;57;56;51;53;100;52;53;52;55;51;52;57;95;54;53;58;55;53;77;53;77;61;61;90;100;100;57;150;57;58;90;88;100;90;68;54;52;52;106;54;88;61;57;53;59;54;73;53;100;100;94;73;53;90;100;89;52;59;100;100;61;53;65;69;59;56;53;57;90;59;65;58;58;107;57;63;57;150;75;57;53;89;58;76;100;78;58;75;57;60;71;100;60;100;59;58;52;58;52;52;53;92;52;51;75;53;52;74;52;89;98;52;53;52;74;75;58;52;61;58;59)
seed_6_level_6-4,1200,11495.401758670807,9936696,3446,(53;52;52;52;100;57;52;57;52;64;56;53;53;56;57;100;53;100;52;52;52;53;58;52;54;61;52;90;77;58;61;64;95;100;56;59;59;53;89;93;56;100;82;54;52;53;53;90;52;88;60;57;54;58;54;100;60;88;75;100;75;100;52;52;52;53;52;52;100;88;60;57;88;58;57;64;94;65;59;71;92;53;63;52;55;56;75;61;52;73;100;76;61;94;63;63;57;54;100;52;57;53;57;52;90;58;52;59;53;88;98;56;53;55;58;52;56;59;52;52;56;53;55;75;52;78;56;100;91;75;53;51;90;86;82;53;57;57;57;57;86;58;89;59;64;53;52;99;60;118;59;70;52;52)
seed_6_level_6-4,1200,11975.219017028809,10316234,3593,(68;53;56;73;56;74;57;87;75;100;57;57;74;53;100;100;57;52;52;53;53;52;53;52;52;53;53;52;52;52;57;54;52;53;94;63;56;53;52;55;56;88;63;96;53;88;64;60;74;54;65;75;57;57;57;57;88;95;57;57;100;53;54;57;53;58;100;53;53;95;74;100;58;67;57;100;59;100;60;62;100;73;89;53;136;100;74;59;56;90;55;52;70;90;73;88;63;88;58;57;105;88;52;57;53;78;65;75;52;52;57;56;86;52;56;56;55;53;68;91;91;57;61;57;53;91;93;141;91;201;93;61;79;53;110;60;59;74;52;54;87;55;58;86;57;52;57)
seed_6_level_6-4,1200,12482.028311252594,10710164,3746,(81;100;57;57;125;57;72;57;90;57;51;106;100;52;52;60;53;56;62;100;56;53;100;52;100;52;53;54;53;52;56;53;100;52;52;52;59;52;63;53;52;100;52;95;59;52;57;57;53;61;67;89;64;58;53;163;52;56;100;53;56;53;92;74;53;52;86;52;56;53;52;51;51;52;56;55;55;52;52;52;89;88;91;60;85;101;100;75;83;89;57;87;52;53;78;53;55;77;52;51;100;100;59;65;53;100;56;78;100;81;150;100;56;54;56;100;57;90;58;52;107;88;88;93;57;65;57;90;87;55;57;53;57;57;100;67;94;86;53;53;53;56;87;93;91;57;53;56;56;57;53;88;53)
seed_6_level_6-4,1200,12984.961881637573,11142695,3898,(57;53;53;57;57;52;52;53;53;53;100;100;59;54;61;57;52;53;100;100;77;51;51;58;72;78;52;79;94;59;59;57;58;56;53;60;53;90;53;53;100;53;201;86;57;53;56;55;51;52;53;52;53;86;53;57;74;56;100;100;80;65;53;104;92;57;93;62;100;81;100;57;58;57;100;150;56;100;100;57;59;95;70;59;56;60;61;60;60;53;57;52;58;55;63;53;59;60;61;86;54;113;58;59;55;57;100;57;102;53;79;91;88;55;90;201;115;74;109;78;57;86;57;56;162;58;56;92;57;88;95;52;100;53;54;53;50;88;57;87;58;67;89;57;54;100;57;54;100;80;54;100)
seed_6_level_6-4,1236,13496.593792676926,11613648,4050,(111;100;100;100;70;100;77;56;75;100;53;52;55;52;64;52;52;100;100;57;57;57;53;53;53;52;57;67;100;53;95;61;62;90;53;95;57;88;58;57;58;60;89;100;100;100;104;52;104;100;100;90;95;100;102;86;57;57;52;52;55;52;52;53;52;52;56;88;92;86;74;51;102;53;57;102;54;55;57;86;65;59;59;62;100;89;150;61;91;75;52;102;53;68;208;51;57;59;88;52;100;57;57;53;160;60;93;63;53;53;53;53;100;59;49;56;107;55;56;55;88;56;57;103;53;75;56;53;250;97;56;52;56;56;102;104;57;57;95;59;60;83;53;58;76;88;73;75;57;81;57;88)
seed_6_level_6-4,1236,13984.0048558712,12000099,4199,(78;100;100;89;58;57;104;57;60;53;52;52;57;53;52;52;100;52;57;57;75;57;57;53;100;100;100;86;55;53;52;52;52;52;57;53;52;52;77;59;58;91;60;80;88;150;77;54;55;57;75;57;100;65;53;77;54;73;100;77;57;75;78;58;75;93;74;100;63;89;100;100;59;56;53;95;56;63;59;59;57;60;75;55;57;53;60;55;73;56;52;79;62;57;57;93;77;53;53;88;63;53;87;73;75;57;74;96;56;119;107;150;94;88;87;51;57;57;62;91;76;59;77;56;74;57;52;71;53;55;56;77;61;90;94;57;57;63;53;57;63;100;56;57;57;102;53;100;58)
seed_6_level_6-4,1236,14491.797455787659,12417868,4350,(75;62;57;53;53;57;57;56;53;100;56;53;56;52;52;56;52;52;88;52;53;57;57;51;88;53;55;93;55;53;63;87;52;52;52;57;52;52;57;52;52;57;54;88;100;57;91;57;67;57;79;90;110;94;80;56;55;53;55;54;58;56;53;57;94;89;88;53;82;61;83;53;54;100;100;100;53;66;202;57;68;95;120;88;75;53;74;57;54;57;91;88;94;91;57;64;57;57;77;88;100;58;90;90;57;92;77;63;53;69;82;90;93;100;57;62;107;88;69;88;55;53;57;60;52;52;53;100;64;100;86;77;106;91;51;159;57;57;58;53;90;58;78;75;63;59;106;93;82;112;95)
seed_6_level_6-4,1236,14970.73624253273,12811103,4497,(53;52;56;53;100;52;52;52;100;56;58;86;74;59;73;52;58;52;52;57;52;52;63;53;55;64;53;75;63;53;57;53;104;60;57;57;57;60;110;69;57;61;59;102;94;58;54;52;70;57;88;49;57;57;59;59;52;93;53;52;77;57;100;56;57;53;53;88;57;52;78;57;77;100;100;100;100;57;74;57;57;75;88;100;53;53;53;122;58;57;88;90;100;57;90;52;88;79;100;56;87;53;57;102;58;66;76;53;58;89;58;78;86;52;96;73;89;107;57;52;53;57;73;61;53;52;52;75;53;166;57;202;88;95;91;88;108;53;57;58;55;88;90;56;67;57;90)
seed_6_level_6-4,1236,15454.858371257782,13250704,4644,(53;53;52;52;53;56;100;53;52;52;61;64;57;129;94;54;100;60;73;100;100;91;57;53;77;56;75;80;52;56;53;57;56;63;83;57;57;59;58;58;64;57;57;53;94;63;57;52;86;55;58;53;53;56;58;100;86;86;52;73;73;75;52;53;52;91;52;59;76;57;88;51;53;87;57;88;53;94;114;88;100;107;57;78;57;57;56;88;94;106;88;91;64;91;75;104;53;89;53;57;53;57;57;88;56;64;93;100;57;166;75;201;98;53;89;107;57;85;68;85;53;73;112;52;53;97;52;89;202;100;57;57;100;104;75;77;59;58;58;94;89;53;100;53;75;100;54)
seed_6_level_6-4,1236,15948.015528202057,13698754,4793,(53;54;52;52;53;73;100;100;56;86;52;57;86;53;76;57;86;57;57;94;100;71;59;54;100;79;65;100;57;77;100;69;57;75;88;90;63;53;57;59;52;56;94;59;77;52;55;57;53;75;77;57;56;53;52;57;56;93;53;59;56;57;53;58;53;57;53;57;57;64;202;56;63;100;57;56;56;57;62;88;97;95;100;66;57;100;100;113;64;91;54;53;53;100;109;53;57;93;75;53;59;59;52;89;52;90;52;52;53;52;58;52;55;52;107;52;57;76;84;90;57;56;53;55;56;76;91;61;57;160;106;52;52;52;90;78;73;250;90;119;57;52;57;207;73;107;86;73;94)
seed_6_level_6-4,1377,16457.985213518143,14233003,4943,(73;100;100;58;59;74;65;53;56;52;93;82;100;100;53;100;58;56;62;57;57;53;88;60;88;51;88;56;57;100;56;57;57;88;82;58;54;52;57;53;93;57;51;88;77;90;55;73;100;52;53;56;52;52;52;56;52;53;53;202;93;90;201;59;53;86;202;202;53;75;86;91;88;94;88;92;59;94;57;57;53;57;53;62;93;53;52;53;86;58;55;52;86;53;53;52;74;74;52;86;79;58;79;104;87;60;61;65;53;76;58;77;54;90;57;75;52;59;201;92;88;75;79;58;57;53;57;100;57;96;93;81;88;88;89;88;66;291;89;92;53;79;57;239;56;66;75;88;53;61)
seed_6_level_6-4,1377,16949.455741882324,14772267,5090,(93;54;59;52;59;62;56;57;62;107;59;52;52;52;52;52;57;52;58;52;74;53;74;52;52;58;53;52;58;113;54;57;53;82;57;57;53;100;57;53;90;91;74;53;59;52;54;75;52;86;100;57;63;93;74;53;52;53;51;80;53;52;62;81;55;86;74;57;52;59;56;86;53;52;86;53;57;75;200;52;52;57;57;88;59;109;59;57;92;57;52;57;75;87;117;54;75;75;87;55;54;77;211;60;54;87;202;207;57;93;53;63;57;61;75;88;80;239;92;63;78;60;74;96;95;67;100;202;87;86;159;80;77;83;203;59;86;91;61;57;91;75;77;202;94;107;202)
seed_6_level_6-4,1377,17455.770486354828,15280881,5240,(201;54;100;73;94;52;96;73;52;57;52;52;119;57;81;52;53;88;57;75;57;57;88;57;88;57;88;56;59;56;53;74;57;53;56;56;56;52;67;57;93;100;53;62;59;200;62;53;59;77;104;68;57;57;100;54;83;54;53;94;57;53;63;52;90;54;54;86;52;58;52;52;57;52;53;55;56;52;74;52;52;58;76;90;100;57;53;53;95;91;57;56;59;53;56;57;57;109;53;94;75;166;89;100;77;100;75;75;74;108;79;54;75;75;54;168;216;95;88;59;74;54;202;93;91;53;91;58;54;108;83;78;88;54;202;78;94;59;100;78;59;54;77;75;88;63;61;204;74;58)
seed_6_level_6-4,1377,17951.439314603806,15687314,5391,(88;105;60;57;57;56;52;53;52;56;106;53;57;86;52;52;58;58;52;50;57;52;89;53;56;88;57;53;95;55;58;56;68;59;53;53;58;59;65;52;77;77;86;62;57;86;90;56;52;53;57;100;75;93;52;53;85;93;53;54;111;85;103;100;87;57;77;58;82;80;95;99;54;100;109;57;53;109;57;53;88;57;57;63;57;57;57;57;57;102;86;53;73;73;52;75;74;51;56;52;58;52;52;106;75;53;77;75;90;77;94;53;100;55;57;58;57;75;75;53;54;57;54;100;75;100;92;95;53;57;200;76;91;63;56;78;58;80;53;58;55;91;104;56;100;90;60;90;88;99;88)
seed_6_level_6-4,1377,18449.911649942398,16145206,5542,(76;56;100;52;52;52;88;53;52;100;56;93;53;87;88;63;88;57;57;53;61;88;56;63;57;63;57;57;53;57;93;67;55;52;95;77;57;58;55;81;53;59;59;82;88;53;53;107;54;53;53;53;53;67;53;59;52;52;75;52;57;56;52;54;52;100;100;73;53;88;53;57;56;100;100;75;94;94;61;55;89;88;89;52;54;54;60;109;55;59;63;53;53;54;107;61;88;74;111;98;60;73;100;130;110;59;59;100;77;74;77;100;73;57;57;52;73;53;65;52;58;74;53;52;103;56;52;57;58;96;53;75;100;100;76;202;55;54;61;100;57;86;53;204;202;202;77;100;61;89;56)
seed_6_level_6-4,1377,18947.603407859802,16555544,5693,(90;54;90;57;100;52;100;53;56;56;57;57;53;62;90;59;56;55;55;55;50;78;77;74;53;54;53;51;53;74;57;53;53;57;57;56;58;53;57;69;53;55;53;57;100;53;63;107;53;60;75;57;57;93;76;53;53;88;88;76;52;52;56;58;52;52;52;58;86;92;52;58;52;100;52;94;52;60;58;89;58;61;52;74;64;56;95;95;55;59;56;74;53;74;63;75;53;54;74;76;53;74;55;53;52;59;88;74;94;76;58;88;58;57;90;87;79;55;53;80;100;94;53;58;54;75;59;82;88;87;62;59;59;59;56;88;101;93;88;61;88;73;203;90;202;88;93;75;59;202;80)
seed_6_level_6-4,1377,19450.56208229065,17093226,5842,(88;75;53;59;53;100;57;77;52;57;52;53;54;90;57;55;56;52;52;57;57;57;59;74;52;56;57;73;52;56;58;56;52;73;86;57;57;49;56;52;57;52;90;52;54;57;53;54;53;56;100;90;61;79;53;53;91;55;68;100;66;60;52;60;60;107;107;55;100;55;54;53;55;78;81;76;56;53;74;200;59;107;78;74;74;55;92;100;55;53;63;95;56;55;75;52;53;92;91;75;58;57;52;90;59;209;76;281;107;76;53;55;57;57;92;57;75;84;57;57;110;57;57;53;75;53;88;57;75;93;58;57;89;150;61;93;202;53;86;117;202;160;58;88;203;63;201;202;88)
seed_6_level_6-4,1377,19937.673061847687,17488565,5990,(88;53;52;62;62;52;57;100;88;86;53;52;74;57;88;54;53;52;90;53;57;76;60;57;59;88;55;50;53;52;59;100;55;52;55;90;49;90;91;79;52;53;52;53;54;88;65;54;54;59;54;54;64;73;57;53;75;52;77;52;56;52;52;52;53;73;52;109;80;57;77;57;59;87;57;53;66;53;57;59;53;53;52;56;56;58;100;58;58;58;56;53;57;57;54;59;55;77;55;59;59;74;74;88;78;53;52;53;54;58;74;52;55;54;52;73;57;52;52;87;107;201;56;55;107;53;61;52;87;85;90;75;80;57;57;59;202;61;204;52;62;111;202;75;57;71;91;107)
seed_6_level_6-4,1377,20430.8635263443,17891041,6138,(74;74;74;62;92;74;79;77;100;59;87;106;54;57;58;126;90;50;90;50;86;86;56;57;59;53;58;51;52;53;62;52;52;52;53;90;51;86;52;52;76;93;57;88;64;64;159;97;57;76;55;52;91;59;70;59;58;76;52;53;52;52;52;108;68;52;51;57;53;89;52;52;93;53;52;53;107;64;53;57;56;56;57;88;53;53;57;53;74;56;88;52;74;56;56;57;56;93;57;53;55;99;74;89;91;106;79;53;87;58;73;74;53;54;77;64;93;63;57;57;53;77;202;58;88;59;63;65;90;54;95;57;56;53;52;77;63;63;88;90;88;61;57;89;56;59;200;109)
seed_6_level_6-4,1377,20912.203379392624,18323688,6285,(88;59;52;53;57;57;53;52;57;57;57;53;57;53;56;95;57;56;52;86;52;59;52;53;59;59;58;52;62;88;88;52;77;93;58;82;56;88;100;50;55;53;55;54;86;100;74;52;52;57;77;52;100;76;73;81;52;100;107;53;100;74;90;60;77;88;57;56;57;53;56;56;53;91;76;58;94;57;53;53;52;95;100;70;63;90;54;74;68;64;150;77;54;52;53;52;53;53;53;52;104;77;58;100;58;78;106;79;53;77;57;53;95;56;59;54;73;53;54;74;57;60;53;76;202;55;204;203;60;201;61;60;52;62;52;53;57;56;55;60;88;57;57;88;202;53;58)
seed_6_level_6-4,1377,21407.538096904755,18782785,6435,(86;68;52;95;60;52;86;62;67;92;80;60;52;93;93;52;75;75;150;75;57;57;58;57;53;76;78;100;58;76;57;58;90;97;54;55;62;53;100;58;62;59;78;90;62;59;92;55;108;80;87;111;53;63;52;57;52;53;57;57;56;53;56;57;52;61;53;88;52;51;53;52;51;59;52;86;52;52;57;52;49;56;64;55;90;93;57;201;52;88;57;54;56;107;53;58;64;57;107;56;56;88;58;106;79;107;53;73;59;58;104;56;74;52;52;74;53;80;53;57;57;53;74;202;53;90;162;60;109;56;202;59;58;78;58;202;90;54;58;61;58;162;56;65;95;53;109;53;76;75)
seed_6_level_6-4,1377,21894.044234752655,19223972,6583,(88;53;52;53;52;53;54;100;63;52;50;86;52;52;51;108;57;57;57;57;100;90;52;52;112;53;53;73;57;53;79;75;89;61;79;57;56;78;100;60;61;57;100;79;59;53;79;54;60;99;110;79;100;83;100;59;58;79;87;53;57;54;104;52;59;60;60;79;53;53;101;52;52;217;54;80;73;52;86;58;52;94;53;100;90;86;62;57;53;53;57;56;54;62;57;90;52;75;56;75;58;57;56;53;53;88;56;74;88;58;58;54;53;55;74;57;63;53;53;202;57;79;59;88;203;93;55;53;53;53;56;53;202;91;58;58;76;93;107;201;93;53;53;53;53;53;53;53)
seed_6_level_6-4,1377,22382.51772737503,19676829,6731,(88;53;52;52;52;53;55;52;52;52;58;52;55;55;81;62;58;72;90;62;57;52;100;62;88;62;62;88;56;63;56;96;57;95;96;57;57;86;107;52;52;77;57;52;52;52;52;77;92;88;90;57;52;100;100;54;100;57;100;90;52;58;100;100;88;59;63;58;53;64;60;58;53;98;57;57;55;91;55;53;58;60;88;89;59;61;57;107;57;100;53;59;83;58;58;64;100;79;57;57;100;217;52;57;57;59;278;55;55;60;52;100;53;103;59;54;57;52;52;61;54;53;60;61;201;55;59;93;57;58;202;57;54;91;56;160;59;52;88;100;57;56;59;91;53;63;63;54)
seed_6_level_6-4,1377,22878.367485761642,20122302,6881,(76;62;100;59;100;82;59;59;59;57;58;63;200;76;56;88;90;53;57;86;52;58;49;52;53;86;86;58;53;53;59;93;75;100;57;57;64;62;185;52;59;57;62;62;62;75;88;57;64;60;53;52;55;90;52;52;52;52;60;53;54;56;53;53;52;56;75;100;88;57;88;76;88;53;76;53;93;53;88;58;56;57;57;57;56;56;63;57;52;57;54;53;57;57;57;53;53;80;53;53;57;57;57;53;104;52;53;78;57;74;52;53;89;53;55;58;285;74;57;79;52;53;57;79;53;202;56;77;90;200;59;76;60;57;54;56;54;56;57;53;53;87;53;56;202;96;56;91;88;79)
seed_6_level_6-4,1377,23371.66175174713,20621823,7030,(80;52;53;52;52;90;52;57;52;53;52;52;57;52;53;95;57;52;58;59;60;59;56;58;53;88;53;57;61;57;52;65;53;106;52;57;88;58;58;88;100;100;58;59;90;54;57;58;56;87;88;57;59;100;55;86;51;56;52;52;90;86;53;100;59;51;53;49;53;58;52;55;52;86;88;88;63;59;58;88;88;88;57;53;57;52;53;106;100;89;59;57;57;57;88;57;73;52;52;100;53;104;52;52;52;57;73;53;52;77;100;105;57;112;52;52;52;53;85;75;202;202;100;80;53;108;56;201;57;159;204;61;160;58;56;100;57;88;53;93;88;93;200;90;61;64;186;201;75)
seed_6_level_6-4,1377,23851.902483940125,21009163,7178,(82;57;100;62;58;59;100;56;58;56;76;52;57;66;90;150;92;59;90;52;53;53;53;52;55;53;53;52;57;53;52;102;57;55;53;86;59;50;58;59;100;57;52;52;50;55;52;58;88;54;52;52;58;93;56;64;73;58;88;52;53;54;86;65;53;63;57;58;52;53;53;55;103;60;52;54;53;90;52;54;59;205;74;52;81;54;63;59;59;86;64;59;90;90;107;90;59;58;122;57;52;88;58;88;90;62;59;88;88;57;56;74;75;60;57;74;100;57;90;75;57;91;76;60;100;57;53;58;90;92;100;58;54;90;53;55;53;57;74;100;202;57;57;61;57;56;54;55)
seed_6_level_6-4,1377,24341.116951227188,21342779,7329,(86;52;62;100;67;59;87;53;56;53;52;52;52;100;59;90;55;52;52;53;53;53;73;53;52;57;57;53;52;57;52;95;62;57;62;57;52;53;53;53;57;56;52;53;84;52;62;105;58;58;95;59;58;58;58;54;90;56;57;59;59;78;59;59;52;59;55;95;57;58;150;61;62;52;52;58;104;52;63;56;53;93;56;53;78;52;59;52;62;54;89;52;88;53;58;58;64;57;57;61;59;58;53;88;89;64;57;58;107;59;64;88;65;59;54;65;56;88;88;91;88;75;53;52;65;57;64;110;54;80;53;89;58;54;53;100;54;59;76;75;53;100;53;75;57;74;53;57;59;56;59)
seed_6_level_6-4,1377,24833.200299739838,21695697,7480,(53;52;52;55;92;100;52;56;53;53;53;52;57;52;52;57;52;89;52;57;52;57;57;92;53;91;65;52;57;52;53;95;52;88;57;53;61;52;91;53;90;79;64;87;53;56;53;52;64;63;58;59;52;62;67;59;93;94;58;59;90;77;59;56;100;104;57;80;55;63;56;100;59;93;59;77;55;100;89;100;60;61;58;108;100;71;59;53;62;100;57;57;58;107;53;88;55;88;76;59;57;58;88;53;60;57;63;88;97;66;53;87;57;67;88;57;53;61;59;58;57;57;57;58;88;88;75;88;57;58;75;59;58;88;88;57;55;57;57;57;57;55;63;59;57;63;54;61;56;88;77)
seed_6_level_6-4,1377,25320.336975336075,22078887,7630,(88;76;57;58;57;100;64;90;58;66;95;59;75;59;82;94;150;58;62;59;56;57;60;58;92;63;78;54;59;88;51;53;69;61;89;81;57;77;76;100;53;91;76;57;58;62;95;79;52;58;62;50;57;56;53;119;59;61;76;53;62;53;52;93;73;86;99;53;58;90;88;52;73;63;53;61;52;59;53;58;52;52;53;90;74;53;96;73;54;53;88;57;83;52;88;53;75;86;88;57;53;57;100;56;56;88;106;88;61;69;89;62;88;57;57;57;88;86;88;63;53;57;57;88;88;61;88;53;62;88;57;57;57;57;59;58;88;88;91;52;57;88;59;88;56;88;88;75;77;57)
seed_6_level_6-4,1377,25803.149212121964,22480457,7779,(99;52;90;88;56;74;73;56;79;55;53;88;55;71;52;76;54;79;87;62;52;54;75;77;88;90;56;90;93;57;52;90;78;93;52;53;52;88;58;55;86;74;53;58;77;93;52;60;75;75;100;89;88;65;78;64;78;102;66;57;58;100;59;53;57;150;53;97;57;67;57;57;81;54;62;52;57;63;74;100;116;88;64;57;57;59;57;77;107;58;88;53;51;88;88;88;57;88;57;57;57;90;88;57;57;100;57;53;58;103;88;53;59;63;90;75;57;75;57;88;103;58;88;57;88;88;57;54;88;88;57;88;57;59;57;88;88;57;88;57;76;100;63;57;88;57;88;58;57)
seed_6_level_6-4,1377,26296.60174202919,22918466,7928,(116;56;63;57;57;57;95;58;116;57;57;86;89;59;58;57;75;131;58;100;52;77;77;77;59;57;88;57;57;57;88;107;55;57;62;60;112;88;57;56;76;77;59;57;90;75;91;75;88;88;104;202;57;88;88;60;57;58;58;88;88;88;88;53;73;88;88;88;57;59;58;59;88;54;59;57;57;57;88;63;53;52;53;88;104;61;88;57;75;88;242;88;88;57;57;52;60;57;62;74;76;62;53;53;52;62;56;53;75;52;87;90;78;54;80;51;77;100;77;82;52;74;55;100;56;56;52;88;52;52;53;53;103;61;88;86;52;53;90;78;88;65;74;53;87;91;52;91;59)
seed_6_level_6-4,1377,26777.30356693268,23285316,8077,(87;96;86;52;55;53;86;52;52;54;57;52;61;53;58;86;52;136;52;61;75;100;55;53;95;52;86;89;52;52;53;52;86;93;86;52;52;100;86;52;63;100;74;55;53;52;86;86;112;54;61;58;107;53;53;100;73;57;65;52;51;57;58;61;107;96;116;77;51;56;58;100;57;55;64;66;59;57;59;56;57;57;58;59;55;55;94;58;57;57;58;57;53;57;63;90;53;57;57;91;91;116;57;79;63;88;56;53;91;57;53;59;56;64;88;88;58;58;53;88;57;91;53;67;58;52;57;57;52;88;57;59;91;58;59;88;100;63;52;57;52;88;88;104;57;57;57;88;56)
seed_6_level_6-4,1377,27271.88159942627,23685811,8227,(93;93;57;53;59;62;57;99;80;53;57;58;55;53;91;67;57;115;53;88;57;58;53;93;95;88;74;58;92;103;76;77;52;65;100;56;52;55;91;53;120;57;58;67;65;57;57;86;52;53;52;52;54;56;52;57;52;56;95;52;53;54;52;86;88;52;90;100;57;54;88;52;61;52;88;100;52;52;66;55;90;53;86;52;52;89;52;58;52;52;100;86;86;56;87;58;75;57;93;89;57;59;75;66;57;90;59;107;88;80;119;57;57;88;79;63;96;59;57;57;100;57;59;57;91;88;88;75;100;59;88;52;57;59;88;75;88;57;88;91;57;58;107;88;57;120;88;93;88;52)
seed_6_level_6-4,1377,27764.54777789116,24098767,8377,(90;54;79;52;57;56;52;90;61;59;53;58;54;89;52;53;52;90;53;61;52;100;52;53;57;57;52;100;88;54;88;57;75;52;92;52;73;52;53;53;100;100;52;95;82;82;74;58;68;55;77;58;88;65;57;53;59;57;54;59;92;58;94;87;55;54;59;55;58;91;63;90;56;59;57;53;90;59;54;86;88;88;58;52;93;53;58;60;57;57;58;59;57;57;108;119;72;100;59;75;88;56;115;57;107;91;107;91;89;75;57;100;100;53;57;100;61;77;96;75;56;100;107;107;59;59;100;113;101;57;90;59;100;58;59;75;74;58;91;57;57;59;102;107;88;85;57;100;107;57)
seed_6_level_6-4,1377,28270.39948940277,24562830,8528,(88;53;57;52;59;100;53;100;90;53;52;52;100;53;57;54;100;52;52;89;77;61;100;92;100;52;74;100;52;100;59;100;88;54;100;100;52;100;52;57;101;52;73;57;54;93;53;56;51;61;57;59;58;52;56;58;100;100;53;57;54;54;56;58;53;57;59;58;58;56;59;54;52;89;93;100;53;53;75;52;56;57;53;53;53;57;100;59;75;115;58;59;104;64;57;88;56;58;102;100;56;100;88;88;75;63;88;87;75;52;59;90;100;57;52;153;76;57;203;107;91;113;52;100;117;93;90;57;57;52;52;202;75;91;74;86;67;100;92;107;57;91;57;71;88;113;60;90;59;91;88)
seed_6_level_6-4,1377,28758.56216263771,24958271,8679,(88;57;53;86;88;87;53;52;73;52;86;53;52;90;90;91;52;86;57;57;52;86;52;58;53;57;90;100;57;57;53;60;52;88;100;54;52;53;52;75;57;52;90;59;106;59;88;57;75;52;58;59;100;63;53;100;57;75;53;60;56;53;58;57;107;95;58;57;54;58;100;63;66;100;65;113;57;54;57;74;100;57;53;53;79;77;57;57;67;52;87;75;56;88;88;80;57;52;75;57;53;63;53;100;61;58;93;58;100;57;88;100;75;91;100;57;57;100;91;96;95;88;100;88;56;59;57;52;86;53;57;57;104;77;57;60;57;88;75;57;59;76;91;66;75;88;92;59;74;61;107)
seed_6_level_6-4,1377,29264.94970703125,25476346,8829,(75;88;86;86;57;90;59;93;90;57;86;100;53;88;53;51;88;93;88;150;54;83;53;100;77;73;100;100;90;53;57;53;100;59;52;91;88;76;86;75;88;55;87;57;58;52;215;88;52;57;100;53;74;52;77;56;86;56;93;52;87;91;74;53;60;52;88;107;57;57;107;58;100;88;92;100;57;91;88;276;77;91;88;53;74;57;57;59;58;62;63;121;75;57;59;89;56;64;60;51;53;107;96;100;59;79;57;100;91;59;90;55;75;92;57;86;116;53;63;55;77;91;102;85;75;90;93;88;75;57;57;107;77;113;92;100;92;88;120;57;57;75;57;74;54;100;59;53;91;111)
seed_6_level_6-4,1377,29762.82505273819,25967019,8979,(64;81;77;53;60;75;52;75;54;57;121;57;100;75;58;86;53;88;81;100;69;55;88;93;100;100;53;57;53;63;53;63;59;93;57;57;86;57;57;58;52;100;75;94;59;100;53;55;52;51;54;89;88;75;90;57;86;57;88;57;53;53;63;100;52;61;53;52;62;98;104;90;57;95;69;116;100;83;57;88;104;86;239;202;51;53;63;88;57;59;56;57;105;57;88;88;64;75;55;75;97;91;55;202;90;57;88;120;62;75;75;100;107;102;52;62;57;72;75;57;57;88;91;92;118;75;76;57;58;57;91;93;59;52;92;74;75;63;100;57;100;62;115;51;58;53;75;57;90;107)
seed_6_level_6-4,1377,30247.091642856598,26404569,9129,(73;63;55;88;100;75;75;90;58;86;52;88;76;52;88;55;52;50;53;63;52;87;107;52;53;100;100;53;61;74;88;58;56;56;57;64;57;57;73;100;76;55;66;90;53;53;63;53;61;86;57;90;90;90;52;53;53;77;57;100;73;52;69;90;57;58;53;68;58;53;53;59;113;91;57;100;57;88;59;91;91;81;53;52;54;58;95;58;51;75;107;100;57;89;53;213;88;55;100;88;88;52;109;87;55;57;53;88;91;61;56;57;76;80;57;57;55;100;57;66;90;52;52;89;57;100;90;57;64;204;118;66;53;119;64;57;63;57;80;52;93;88;64;58;74;93;57;57;58;121)
seed_6_level_6-4,1377,30728.592986106873,26862199,9279,(86;77;88;53;52;88;86;86;65;53;57;59;52;57;53;63;57;68;100;58;60;62;57;88;87;53;93;60;89;86;60;57;53;50;59;78;91;88;64;53;61;88;80;93;100;81;90;60;88;80;63;78;57;89;53;90;88;52;61;59;52;93;78;50;56;93;52;57;88;93;57;53;274;100;92;61;57;74;96;52;100;52;57;90;57;53;56;100;52;61;51;57;52;74;93;53;88;53;54;57;202;64;73;52;57;53;57;57;54;57;204;88;100;53;57;74;60;74;69;100;91;53;88;90;55;100;59;89;73;104;66;54;113;60;59;59;53;100;54;109;52;88;49;68;57;100;52;91;52;57)
seed_6_level_6-4,1377,31221.02460336685,27340964,9429,(274;54;53;112;95;53;52;77;105;58;53;87;88;57;100;88;93;58;90;100;76;53;56;59;113;55;102;91;100;62;88;69;107;93;52;93;74;93;54;90;62;53;100;55;106;104;100;88;57;93;103;90;59;105;92;76;91;58;61;100;77;76;68;104;110;52;53;100;91;64;74;58;93;53;75;90;53;89;73;74;75;78;90;90;75;53;78;57;63;88;51;92;100;51;62;63;100;57;57;77;62;95;93;53;77;76;86;52;88;104;53;88;59;59;61;88;58;76;75;85;86;66;55;58;52;57;93;57;52;75;52;53;53;53;75;54;63;52;90;51;57;58;106;51;98;90;78;91;59;88)
seed_6_level_6-4,1377,31714.142029047012,27797614,9579,(82;100;100;52;77;91;66;80;57;52;93;76;93;53;52;52;100;90;51;52;74;63;61;52;52;52;57;75;88;61;61;57;53;112;79;57;59;58;66;63;54;91;63;73;75;93;53;53;57;53;52;53;93;53;86;160;90;93;57;90;53;59;53;88;96;55;57;86;88;94;88;164;178;102;107;65;54;116;92;75;57;122;104;63;73;84;93;59;90;104;57;52;54;53;53;55;53;84;90;81;92;80;93;93;88;53;119;88;93;97;53;55;61;100;54;52;100;103;57;77;52;91;53;57;57;87;54;57;79;63;93;58;52;76;93;58;55;57;52;88;92;52;105;55;79;59;74;106;78;100)
seed_6_level_6-4,1390,32212.97721171379,28359716,9729,(75;61;57;57;160;57;88;57;95;207;53;117;57;57;65;53;56;92;52;236;159;63;68;88;104;57;79;52;90;74;57;90;52;60;91;202;90;56;82;51;53;57;52;77;74;53;61;57;93;82;57;53;52;53;91;57;205;52;88;67;51;61;93;57;63;57;75;93;94;73;53;53;87;54;203;55;112;52;100;100;109;100;104;63;55;114;100;52;76;109;100;58;57;103;53;52;53;95;100;90;59;104;59;100;104;59;100;102;87;100;91;79;54;90;75;80;60;102;61;85;51;78;100;75;100;54;87;100;72;52;91;76;57;54;60;55;78;87;104;61;61;54;52;207;100;53;52;91;59;53)
seed_6_level_6-4,1390,32722.530635356903,29026447,9879,(92;214;69;109;100;57;91;75;59;109;63;73;89;121;107;306;203;59;104;116;166;93;90;59;53;75;100;89;110;52;63;100;52;106;105;117;90;93;92;201;109;100;94;74;70;100;52;92;92;61;59;59;91;100;100;88;59;96;54;61;74;88;53;89;114;272;150;63;87;63;100;57;58;86;79;74;52;62;88;106;204;65;53;112;59;79;86;52;53;57;59;53;98;78;88;90;94;77;103;56;201;111;78;80;57;74;57;61;78;92;75;54;52;95;100;91;61;86;92;88;75;61;57;52;75;88;54;57;55;81;53;53;65;52;77;61;109;76;79;86;74;90;102;53;66;53;111;61;60;82)
seed_6_level_6-4,1390,33237.44799232483,29724355,10029,(79;53;108;63;103;88;94;52;93;53;57;53;77;57;106;88;91;53;53;77;52;74;75;53;53;59;57;57;66;52;53;57;160;83;91;78;81;100;52;53;53;75;110;77;61;109;98;74;61;73;57;97;57;88;52;75;57;53;66;80;75;52;57;61;95;90;82;83;52;90;77;98;57;59;272;92;101;58;100;58;57;100;56;100;58;163;100;98;59;93;58;75;57;88;100;63;60;100;73;100;100;271;57;52;60;58;79;54;270;91;100;103;100;100;64;114;100;61;57;88;57;205;201;108;100;63;92;61;63;271;62;278;100;100;95;73;88;58;100;131;77;100;195;86;58;59;59;100;86;100)
seed_6_level_6-4,1390,33749.38809680939,30398585,10179,(91;61;71;59;52;57;93;81;59;106;89;52;58;88;60;97;57;52;212;103;75;89;88;61;97;88;57;63;57;94;64;77;74;88;77;61;90;167;57;102;68;59;57;74;104;57;53;53;91;62;57;53;60;57;53;62;93;57;53;88;53;207;60;60;75;57;53;59;66;76;56;53;104;57;277;206;92;76;52;57;52;204;60;201;98;57;53;66;64;58;104;89;54;57;100;63;88;61;236;93;63;75;103;58;100;88;208;103;57;101;99;57;110;52;74;61;59;73;53;57;104;53;100;52;54;243;57;75;57;93;87;58;229;95;65;57;64;53;112;66;204;64;107;158;55;159;79;100;54;54)
seed_6_level_6-4,1390,34276.03906965256,31189856,10329,(75;202;90;104;52;53;76;202;80;104;80;61;52;52;52;88;52;89;53;57;56;52;57;77;95;92;104;73;53;93;53;53;81;92;77;109;104;90;100;109;100;57;92;57;100;100;61;53;52;53;78;200;55;88;64;50;96;89;107;83;53;56;52;104;74;53;58;98;52;59;73;109;58;115;80;68;54;75;277;102;116;108;56;52;203;59;57;208;106;135;58;202;80;93;53;111;202;73;100;54;102;52;86;202;75;77;206;57;166;105;89;57;166;100;201;62;63;57;79;77;81;64;203;106;74;162;57;94;52;77;80;62;58;204;63;70;93;73;92;57;92;260;56;53;53;89;111;52;245;93)
seed_6_level_6-4,1390,34788.99226689339,31808327,10479,(88;56;60;90;88;88;90;110;74;98;77;53;201;86;75;55;66;59;100;53;57;74;88;61;89;75;87;58;52;57;52;52;57;75;97;98;52;99;91;88;100;105;88;53;52;55;150;88;66;52;82;57;53;90;53;108;100;57;51;203;58;93;106;57;100;88;62;141;57;82;107;93;67;57;52;62;91;53;90;113;287;57;77;59;57;100;56;77;88;75;56;100;78;93;58;61;202;53;107;76;63;225;63;115;100;55;57;117;75;52;57;90;53;118;55;69;271;52;63;59;59;63;53;52;105;56;54;87;53;162;90;87;59;69;100;74;85;100;59;53;57;57;100;90;98;53;76;92;142;97)
seed_6_level_6-4,1390,35298.404769420624,32487053,10629,(74;90;60;57;56;61;165;56;82;104;74;57;88;54;57;201;88;88;52;104;88;61;90;73;61;53;74;52;86;52;52;90;100;51;65;86;91;57;79;60;54;52;76;95;53;201;75;75;91;91;89;63;90;74;97;90;57;75;73;91;54;59;53;53;51;57;54;52;104;52;98;59;211;88;52;64;52;53;52;64;205;63;201;123;57;81;54;52;66;112;66;66;213;65;59;54;284;93;63;68;58;57;68;53;166;69;57;63;57;100;52;64;63;53;58;93;207;168;105;88;63;57;53;56;53;52;59;63;52;93;88;207;101;93;82;76;58;88;67;60;84;57;64;164;57;210;212;52;100;234)
seed_6_level_6-4,1390,35806.00165438652,33151599,10779,(89;89;93;89;201;100;61;52;51;91;57;61;52;52;52;61;52;91;51;100;74;96;160;75;100;57;232;75;57;104;100;93;91;52;59;53;73;73;51;92;54;53;200;52;57;86;74;57;118;56;54;73;54;55;56;74;52;93;59;88;104;76;97;73;59;100;59;201;73;77;138;67;52;172;115;174;88;101;66;59;58;100;58;57;88;92;52;57;103;64;90;90;57;52;53;65;53;77;88;53;100;62;88;59;57;111;87;272;108;52;158;57;56;88;69;58;66;57;64;88;52;53;121;57;100;57;100;100;61;274;92;112;61;96;91;107;208;116;57;100;57;128;93;52;57;101;96;58;93;143)
seed_6_level_6-4,1390,36328.15733623505,34001848,10929,(201;57;202;62;202;53;94;56;79;73;102;57;89;57;61;53;52;52;76;55;61;75;100;100;88;61;66;92;76;199;53;77;57;52;80;61;57;104;202;53;52;52;60;161;73;57;73;51;53;88;57;66;86;91;51;52;238;57;52;52;88;61;57;100;56;86;86;61;100;58;60;272;58;271;53;95;221;90;57;57;234;53;64;53;59;112;201;236;54;122;93;93;168;88;250;57;104;108;57;118;57;201;57;128;64;100;95;93;93;57;59;243;139;61;56;93;78;52;78;56;95;74;109;116;93;93;70;90;100;160;53;53;57;57;57;150;58;93;99;66;60;93;291;52;115;93;88;79;55;54)
seed_6_level_6-4,1390,36846.76822304726,34781848,11079,(103;88;90;73;52;53;52;52;88;53;75;58;107;201;95;52;81;89;57;57;57;52;54;52;56;61;81;53;57;95;200;60;57;57;52;96;93;57;57;93;105;61;52;80;86;75;53;52;63;119;58;52;89;55;56;52;78;82;73;57;88;89;73;88;52;201;51;103;103;234;53;63;234;66;60;93;57;92;63;81;58;93;76;93;73;70;91;57;88;123;88;226;60;201;75;100;95;80;286;83;232;204;59;63;52;240;93;286;88;90;68;54;163;61;61;66;53;88;92;64;64;91;75;53;107;201;57;57;94;64;81;94;68;68;65;56;52;61;95;57;77;53;216;100;54;101;59;63;54;285)
seed_6_level_6-4,1390,37369.5694565773,35629055,11229,(73;52;84;100;57;96;95;52;216;73;74;52;104;57;73;89;103;53;202;58;61;90;58;95;59;109;101;52;73;52;91;52;102;52;89;65;80;104;52;57;89;81;57;52;52;75;74;74;115;52;92;211;52;115;91;59;100;52;89;164;57;79;124;107;73;177;52;248;52;57;100;68;94;80;54;58;52;52;85;57;82;53;61;57;56;175;59;92;56;95;58;54;61;162;94;59;57;239;89;52;241;53;63;78;60;98;81;78;211;100;300;57;90;52;61;78;67;130;63;53;53;91;277;64;272;204;92;216;56;58;64;300;69;63;100;57;66;201;57;61;55;119;52;57;52;96;61;64;211;57)
seed_6_level_6-4,1390,37903.61680674553,36472671,11379,(103;57;52;104;104;82;57;164;104;207;88;206;51;62;52;75;80;104;201;100;90;73;89;58;202;80;96;91;61;88;52;207;57;53;53;110;57;61;76;100;66;65;93;199;89;100;115;53;51;80;100;104;57;57;57;88;60;96;90;100;52;97;53;57;73;61;53;93;63;204;64;116;52;208;80;226;206;53;74;52;272;87;53;78;57;69;62;104;160;80;58;57;90;59;53;55;223;98;222;54;88;53;56;63;54;100;72;63;63;201;80;69;57;53;95;74;57;57;52;59;54;62;57;200;221;276;78;53;58;68;101;96;61;202;87;211;53;53;56;91;78;53;59;209;53;79;64;114;53;53)
seed_6_level_6-4,1390,38458.91505789757,37636342,11529,(73;59;207;200;52;56;57;100;270;158;207;51;92;201;59;57;202;88;71;65;207;53;201;162;209;86;61;201;65;91;96;65;57;57;96;52;57;201;62;60;73;55;92;104;202;202;98;60;164;57;201;81;57;59;113;52;113;53;94;103;53;56;61;61;112;89;207;88;272;53;52;204;58;76;104;98;127;90;53;272;94;58;271;90;57;53;66;247;136;93;53;57;233;93;63;272;63;95;57;59;85;63;88;274;91;234;62;57;100;107;166;53;107;236;58;95;226;53;74;118;53;75;82;232;53;98;63;53;75;57;88;53;55;63;52;91;53;90;118;57;58;57;287;53;57;204;56;90;204;95)
seed_6_level_6-4,1444,39010.34004044533,38813705,11679,(90;202;53;53;91;123;57;232;63;118;208;58;52;201;204;66;92;57;88;54;119;53;91;76;236;61;53;58;59;53;88;53;54;53;90;100;82;88;64;233;231;61;57;57;93;93;272;93;62;90;236;57;53;68;52;53;208;103;100;245;79;61;77;54;93;91;57;86;244;74;57;77;57;57;53;116;87;244;270;73;73;202;52;52;87;52;79;74;202;202;109;62;59;199;57;242;57;202;58;103;86;52;97;232;72;81;53;57;109;207;66;207;51;159;201;73;59;86;57;111;52;62;202;61;201;52;53;57;51;100;52;199;207;103;73;202;61;201;201;161;60;201;207;218;59;106;104;89;160;66)
seed_6_level_6-4,1444,39559.769163131714,39900210,11829,(101;78;52;93;95;244;77;100;58;118;219;52;95;77;249;91;273;61;54;58;53;202;57;233;58;53;59;53;58;52;59;53;52;62;100;82;58;241;110;119;54;52;57;241;107;57;63;52;244;163;232;214;53;202;58;79;57;64;74;75;63;78;232;81;57;59;244;61;107;103;78;245;125;109;53;100;73;76;108;81;53;201;51;56;63;56;201;207;202;59;109;99;98;61;97;158;72;86;201;82;82;73;61;207;201;109;57;52;52;56;53;52;201;68;86;90;112;77;52;57;61;160;61;159;58;73;52;61;59;53;52;52;207;86;73;199;59;202;166;104;81;59;201;91;91;89;200;207;93;51)
seed_6_level_6-4,1444,40104.39288878441,40967824,11979,(86;108;103;230;88;95;57;89;88;89;53;52;52;103;89;201;207;86;112;204;89;74;92;64;93;52;59;57;56;118;95;107;52;57;202;53;103;52;90;73;202;52;57;52;52;52;58;212;74;91;207;109;52;59;203;202;52;74;52;161;72;199;52;74;201;88;53;79;75;74;55;232;53;65;52;232;104;90;57;87;101;271;109;57;96;245;231;203;53;53;100;76;77;88;57;75;54;58;73;57;158;221;74;56;76;52;58;53;159;89;57;75;53;91;57;57;104;243;53;139;53;103;53;203;59;75;203;231;58;58;58;75;241;200;63;160;234;113;90;272;101;79;78;57;78;88;54;202;91;106)
seed_6_level_6-4,1444,40644.952998399734,42018248,12129,(97;104;201;52;57;53;77;52;52;230;55;52;234;52;53;52;201;52;109;52;86;100;213;86;52;101;52;109;57;54;74;52;100;52;124;52;52;53;95;58;52;52;93;57;57;73;75;53;57;58;52;52;95;57;249;52;90;212;53;200;102;94;59;53;88;100;56;53;52;57;52;60;161;241;74;115;123;239;243;271;58;52;202;57;57;61;54;271;92;221;54;75;88;57;60;100;200;52;109;74;75;61;158;117;58;53;242;57;57;93;167;53;78;60;234;102;52;54;53;244;271;92;87;245;54;235;57;53;57;53;58;61;57;62;285;63;202;76;244;52;111;75;51;61;89;202;57;82;86;57)
seed_6_level_6-4,1444,41180.66489958763,43086907,12279,(96;242;53;61;58;59;59;89;70;55;88;94;57;98;88;94;85;87;74;224;57;93;53;52;237;52;204;241;53;88;201;58;59;100;91;90;201;57;150;80;58;53;60;53;57;107;61;52;52;58;162;94;201;86;159;201;54;59;101;75;53;73;74;52;86;86;234;53;241;52;74;107;73;107;52;93;90;53;74;58;203;210;52;52;77;53;52;52;61;200;88;96;54;54;91;100;59;202;86;282;88;53;52;52;208;246;100;92;78;235;270;53;53;91;117;159;75;58;73;73;233;107;202;92;231;53;75;53;53;58;60;77;52;73;87;202;243;86;54;272;52;93;106;233;107;106;54;75;61;74)
seed_6_level_6-4,1444,41742.97188973427,44303427,12429,(161;98;88;57;106;86;239;81;97;52;94;56;201;201;100;59;202;60;53;61;52;207;255;52;100;234;201;86;92;52;54;80;73;77;100;51;202;271;99;201;59;158;100;92;52;94;87;52;202;65;106;90;92;52;60;52;60;209;76;79;232;91;159;201;52;82;100;52;62;164;88;52;270;52;53;57;64;159;88;115;75;240;52;88;89;91;203;202;202;53;272;55;233;58;270;73;58;60;107;52;203;77;160;95;89;100;242;58;93;52;52;88;70;52;62;94;53;52;201;211;53;73;73;202;96;91;77;58;52;233;58;85;53;73;232;139;53;202;62;53;160;237;201;87;100;58;86;55;61;52)
seed_6_level_6-4,1444,42313.83689546585,45651327,12579,(234;54;53;59;52;52;83;202;201;160;74;52;52;200;243;158;93;211;211;232;61;51;78;207;234;65;99;53;207;86;201;57;92;106;52;111;74;61;201;166;100;79;240;53;86;201;159;93;232;158;52;93;57;89;75;201;199;57;93;52;78;100;88;57;58;52;92;56;202;246;52;76;58;74;52;63;57;57;58;272;53;77;52;270;53;101;52;107;52;52;88;53;58;173;50;53;234;221;52;92;54;92;58;91;74;89;55;159;88;231;101;78;64;53;159;245;58;198;53;56;270;58;162;201;52;255;52;55;90;93;300;90;58;300;238;76;202;247;56;202;64;52;64;100;52;107;231;59;77;52)
seed_6_level_6-4,1444,42879.12267589569,46960463,12729,(234;272;58;89;61;53;85;60;52;52;107;57;76;58;53;58;57;58;102;53;235;52;52;110;203;53;90;58;271;106;245;57;52;85;53;228;202;52;206;58;53;233;280;245;100;161;110;57;243;246;91;55;100;102;53;77;233;63;96;63;59;202;75;54;100;147;77;52;84;53;272;96;102;245;220;161;66;207;201;201;76;107;52;99;59;61;79;52;93;88;206;73;231;86;78;223;90;201;52;57;102;61;76;52;90;53;59;61;92;73;203;202;52;159;74;87;204;201;201;59;73;57;57;104;201;53;90;60;52;206;62;73;60;74;199;88;201;111;86;74;201;216;73;52;52;74;202;73;117;232)
seed_6_level_6-4,1446,43430.947858810425,48100904,12879,(234;74;96;62;53;52;58;236;96;272;63;100;90;245;64;100;52;57;86;88;233;93;55;93;239;54;54;54;53;58;169;92;234;53;184;88;52;55;233;51;100;51;91;115;80;95;106;107;118;90;59;62;74;209;78;249;57;57;233;202;74;57;157;52;54;53;91;56;202;58;102;96;58;159;87;100;60;78;73;88;270;78;201;52;57;206;166;52;116;68;201;86;73;93;85;247;100;73;61;53;60;202;88;87;206;52;202;165;53;88;201;89;211;60;86;94;57;89;86;207;86;56;92;52;99;73;53;57;107;107;111;89;88;243;52;52;73;100;202;94;90;117;92;58;201;57;167;52;158;159)
seed_6_level_6-4,1446,43977.177023887634,49281822,13029,(234;57;54;245;92;54;53;58;53;231;244;51;160;57;57;51;99;51;52;112;221;91;57;90;53;79;204;88;62;272;271;201;58;58;191;162;104;53;63;67;116;164;162;57;79;88;57;165;58;57;76;101;53;58;234;57;52;90;64;55;58;53;53;271;202;96;220;57;54;57;234;239;53;246;76;75;78;52;206;52;52;74;229;273;52;201;52;58;202;52;73;202;161;88;201;58;52;56;116;201;73;52;206;59;59;74;159;97;73;109;52;90;74;93;207;90;90;57;85;52;158;109;96;201;89;202;234;73;75;55;54;73;61;53;52;88;58;62;75;100;52;53;242;52;78;158;52;100;73;89)
seed_6_level_6-4,1446,44506.54816365242,50176550,13179,(165;73;81;73;73;54;201;73;61;76;54;52;201;100;106;52;73;100;54;100;201;52;85;88;201;54;100;52;100;52;201;56;85;89;58;86;52;52;51;230;88;78;158;234;57;210;58;53;57;51;90;52;107;87;57;57;58;177;53;158;57;204;100;244;58;96;107;57;91;166;62;57;162;103;144;57;93;202;131;53;86;202;102;53;245;61;58;57;102;272;52;74;87;57;53;55;57;53;53;202;74;120;58;90;59;91;53;86;249;52;93;212;51;97;57;56;92;88;238;100;59;158;59;52;53;52;58;52;52;50;75;54;52;86;53;73;74;86;56;52;53;74;53;100;86;76;239;86;109;52)
seed_6_level_6-4,1446,45038.78593492508,51130500,13328,(239;54;53;52;56;57;207;53;106;75;53;93;90;57;52;70;53;53;93;109;57;52;100;53;57;62;109;57;93;93;58;88;88;86;60;54;77;53;105;93;83;117;230;90;52;86;91;270;73;201;100;91;230;67;237;90;52;99;52;52;88;89;203;52;73;100;73;91;52;54;201;52;52;232;81;78;52;201;76;159;52;73;52;201;73;52;52;73;201;56;52;244;170;161;161;203;58;57;73;57;94;244;89;88;90;226;59;55;53;74;56;204;58;57;53;211;73;53;54;75;233;229;63;53;57;300;57;58;90;58;68;57;74;203;57;57;90;56;58;54;58;104;123;53;93;101;58;90;74)
seed_6_level_6-4,1446,45578.15474700928,52259673,13478,(239;57;58;93;92;202;90;244;66;236;53;88;100;92;93;57;52;52;57;92;73;58;93;88;108;52;90;57;53;202;201;52;93;92;55;53;93;52;74;53;53;244;57;52;204;75;90;110;57;67;52;75;88;88;75;168;58;202;58;125;75;91;162;271;201;58;57;75;75;234;57;93;235;91;57;53;52;52;59;79;58;57;57;52;53;58;90;58;59;77;202;53;58;102;150;234;88;232;52;234;56;164;246;52;52;206;52;52;201;58;52;87;158;73;52;73;201;211;81;52;232;86;285;108;52;52;81;232;57;207;239;52;73;230;57;59;63;119;92;60;66;201;61;201;52;202;73;93;73;52)
seed_6_level_6-4,1446,46146.91927266121,53553510,13629,(235;52;52;52;57;202;74;59;52;207;201;93;109;88;86;201;86;111;207;88;73;89;89;201;75;229;75;200;57;201;57;88;52;73;86;202;52;96;55;57;90;93;244;215;61;61;221;57;75;100;87;88;88;53;217;203;74;63;52;74;63;260;100;58;53;101;63;53;53;57;118;132;234;91;54;53;202;271;87;57;101;90;202;57;233;54;230;67;52;57;107;53;76;75;73;52;206;100;52;201;52;52;52;52;89;235;94;52;232;52;206;201;52;52;73;51;218;201;158;52;230;75;201;52;92;206;57;246;206;94;201;201;158;52;78;52;63;90;52;73;164;201;52;201;89;201;52;86;86;94;201)
seed_6_level_6-4,1842,46729.09216427803,55139579,13780,(245;400;102;234;52;101;58;62;53;203;53;52;234;53;87;88;203;75;58;107;90;223;300;57;52;61;100;52;203;88;272;53;53;214;57;52;74;57;54;203;237;204;89;124;249;233;144;57;202;235;93;76;204;57;60;53;202;52;56;57;52;76;165;201;201;52;165;202;52;80;104;212;52;104;210;164;202;59;170;73;83;98;57;52;55;77;76;202;92;67;241;57;240;52;55;232;52;160;94;100;106;231;59;52;83;73;52;201;201;206;201;201;232;158;158;94;201;168;231;201;52;78;213;209;73;52;201;52;85;211;234;160;89;59;201;75;52;52;59;86;104;94;100;236;81;232;73;52;81;86;80)
seed_6_level_6-4,1842,47277.120565891266,56367287,13930,(82;88;241;57;57;52;202;78;57;56;57;87;92;88;73;52;85;53;75;58;58;59;97;57;240;58;97;255;212;202;90;74;75;55;202;53;211;57;57;93;53;57;52;93;53;269;52;52;57;96;230;53;53;53;235;220;202;61;221;136;234;52;85;279;62;113;63;53;57;57;123;167;53;88;93;272;91;58;233;233;57;235;59;221;52;205;52;88;53;98;53;52;56;88;92;158;57;232;52;206;52;75;78;52;52;211;52;52;56;57;52;52;52;52;201;159;201;52;109;106;73;52;52;106;52;94;52;232;81;231;52;106;201;52;52;206;232;52;53;52;52;268;206;232;52;52;86;206;89;52)
seed_6_level_6-4,1842,47836.57664871216,57846336,14079,(241;52;52;53;81;57;81;165;150;53;54;93;117;93;57;97;78;57;202;202;104;88;92;400;217;201;85;232;217;164;52;93;53;58;76;52;90;85;92;202;52;200;232;89;158;52;232;201;219;52;53;52;52;230;232;52;243;230;158;92;73;52;201;89;201;78;201;86;52;52;104;232;52;237;57;52;52;201;159;52;232;232;52;201;89;52;61;92;100;52;52;159;52;52;94;400;54;52;53;54;275;57;100;58;54;70;98;92;53;271;57;243;57;76;53;53;173;116;55;200;64;60;114;91;232;53;67;132;53;53;231;245;63;57;76;55;271;272;52;63;53;54;202;52;75;54;164;244;88)
seed_6_level_6-4,1842,48397.588492155075,59161895,14229,(159;240;52;53;52;52;52;231;158;74;233;98;57;55;55;89;172;57;92;57;58;52;126;53;57;122;57;100;106;86;53;54;52;245;53;270;270;283;161;95;52;234;52;232;160;272;53;52;53;159;232;239;53;58;57;161;59;96;92;207;94;53;217;56;110;53;277;207;93;78;57;100;57;81;202;52;109;201;270;53;104;225;91;62;57;86;93;166;62;58;53;207;100;109;52;57;243;86;86;52;201;89;86;52;88;52;100;81;54;94;52;211;75;52;243;232;94;106;75;206;96;52;89;53;52;104;87;90;52;106;163;52;237;201;81;52;232;52;52;90;237;78;232;51;52;52;82;52;52;237)
seed_6_level_6-4,1842,48965.027433395386,60588223,14380,(239;57;57;63;207;246;96;53;73;52;52;235;52;79;92;53;277;213;278;57;53;120;115;207;82;53;202;53;95;202;57;207;57;100;201;53;58;57;53;53;52;202;75;53;207;121;78;100;243;232;86;106;57;108;52;86;58;89;201;61;52;86;52;201;61;83;52;159;89;52;106;57;52;52;232;52;243;52;90;50;63;91;52;106;158;201;52;57;52;100;52;52;243;106;86;58;106;52;58;52;204;233;96;161;126;95;270;54;60;86;163;243;75;53;64;53;241;56;55;233;52;96;97;282;118;122;115;104;52;300;86;53;100;234;150;235;93;88;233;273;291;52;100;53;272;161;91;102;237;54;133)
seed_6_level_6-4,1842,49523.399176836014,61982526,14529,(243;90;232;53;232;106;90;115;205;232;89;89;201;232;89;52;232;73;232;232;90;212;232;52;52;89;100;232;243;89;63;100;201;89;86;243;106;52;52;53;90;85;86;62;52;232;89;74;53;89;56;53;160;82;53;56;107;56;56;56;91;75;52;57;164;59;91;74;90;57;272;160;57;74;57;79;57;207;59;207;237;53;282;53;57;57;55;217;79;53;82;90;85;56;104;233;234;52;350;285;88;163;119;89;86;88;207;57;57;100;52;53;77;52;272;87;73;231;218;57;52;91;58;53;240;59;52;100;233;54;232;202;52;55;144;233;52;202;90;55;150;57;90;94;88;86;57;136;56)
seed_6_level_6-4,1842,50105.387192964554,63556391,14679,(167;272;270;120;115;59;201;88;275;53;207;110;57;57;57;52;74;58;233;52;52;207;207;73;238;51;90;88;202;206;52;202;115;52;74;202;56;79;52;78;74;110;53;53;253;88;58;201;85;100;89;235;73;80;279;83;231;233;52;83;53;56;94;207;54;53;53;233;203;52;52;100;233;112;52;134;130;251;170;273;52;250;53;275;92;100;57;54;232;271;52;90;52;159;93;90;243;52;232;161;201;75;232;89;52;89;100;52;52;160;100;232;52;201;73;52;243;86;100;73;89;232;201;90;201;107;232;118;52;89;159;89;89;100;57;243;89;88;86;75;106;158;202;159;52;201;109;86;201;89)
seed_6_level_6-4,1842,50664.896048069,64791536,14829,(80;52;55;77;57;96;67;202;206;53;79;52;91;92;52;232;52;218;57;52;52;53;52;93;75;89;102;75;53;57;56;201;206;74;277;58;53;53;53;159;52;239;80;58;88;52;234;53;52;91;75;268;231;202;53;108;113;89;207;203;89;53;270;59;92;52;54;53;57;212;57;298;52;118;53;55;53;52;201;62;234;57;233;52;86;270;75;52;202;64;270;90;89;57;53;57;55;243;232;56;86;86;86;52;52;94;92;232;169;86;52;52;90;100;52;232;234;108;58;202;52;89;52;87;90;103;89;92;86;232;52;201;98;52;52;76;86;76;87;89;232;52;75;100;86;243;201;56;150;89)
seed_6_level_6-4,1842,51235.04741978645,66252577,14979,(158;201;56;52;201;106;52;202;232;89;56;202;53;100;90;232;80;158;89;52;52;73;232;85;202;243;232;162;93;58;52;86;52;52;73;201;201;52;52;61;56;90;85;235;243;73;85;201;52;92;53;232;201;52;100;243;90;158;59;57;52;89;100;243;243;240;89;243;52;73;53;73;74;86;234;56;57;90;95;93;88;90;53;270;106;235;90;120;53;54;52;270;55;90;75;282;114;54;95;232;54;53;115;64;54;53;53;234;54;53;54;233;52;90;234;53;63;90;88;113;202;230;233;230;234;232;98;89;53;52;53;63;96;58;63;231;212;62;52;54;117;54;118;241;91;112;244;237;104;90)
