seed_4_level_6-4,522,503.01518845558167,429952,150,(100;100;100;58;55;52;57;100;100;100;100;52;57;52;52;53;100;100;100;53;100;52;100;55;57;57;52;52;100;49;61;57;57;100;100;100;62;100;52;52;100;150;53;53;99;53;100;63;100;57;56;56;52;53;52;63;100;59;55;53;52;100;58;100;100;81;52;95;56;52;52;59;53;57;57;52;59;59;52;52;57;52;100;54;100;59;56;58;100;76;100;90;64;57;57;100;100;100;53;100;103;100;100;62;57;100;53;100;57;57;53;59;57;100;100;53;54;80;52;52;53;56;54;53;57;100;53;100;100;61;100;53;100;52;100;59;57;100;56;100;100;57;100;82;100;62;90;51;100;63)
seed_4_level_6-4,522,1004.5491261482239,862868,300,(100;100;100;100;100;100;100;100;100;100;100;100;100;100;100;100;100;100;100;100;100;100;100;100;100;100;100;100;100;100;100;100;100;100;100;100;100;100;100;100;100;100;100;100;100;100;100;100;100;100;57;53;62;57;56;62;62;56;57;57;53;53;58;59;57;57;58;57;100;59;57;57;57;57;57;57;59;57;57;62;54;62;53;62;55;53;56;59;55;65;54;57;49;57;56;53;52;52;53;52;53;52;56;54;56;53;51;58;52;52;52;52;52;52;52;53;52;53;52;52;52;52;54;52;52;52;54;53;52;52;54;52;53;53;57;57;150;64;59;62;65;80;80;75;90;77;99;94;103;88)
seed_4_level_6-4,522,1497.5874893665314,1297741,450,(100;100;100;100;100;100;100;100;100;100;100;100;100;100;100;100;100;100;100;100;100;100;100;100;100;100;100;100;100;100;100;100;100;100;100;100;100;100;100;100;100;100;100;100;100;100;100;100;100;100;100;55;53;62;57;56;62;63;61;56;57;57;58;59;57;57;58;57;59;57;57;57;57;53;57;58;57;57;57;55;62;53;62;55;53;56;53;53;53;57;49;57;56;53;56;59;56;52;52;52;52;53;56;54;51;58;52;52;52;52;52;52;52;53;52;54;52;52;52;52;54;52;52;52;54;54;52;52;54;52;53;57;53;53;57;150;59;64;62;93;54;90;81;79;81;90;98;103;95;74)
seed_4_level_6-4,557,2000.6269881725311,1731647,600,(100;100;100;100;100;100;100;100;100;100;100;100;100;100;100;100;100;100;100;100;100;100;100;100;100;100;100;100;100;100;100;100;100;100;100;100;100;100;100;100;100;100;100;100;100;100;100;100;100;59;100;55;53;62;57;56;63;62;56;57;62;57;59;59;57;57;58;57;59;57;57;57;57;57;59;57;57;53;53;54;61;53;62;55;53;56;53;54;54;57;49;57;56;53;54;56;53;59;56;52;52;52;52;56;54;51;58;52;52;52;52;52;52;52;53;52;54;52;52;52;52;53;52;52;52;54;54;52;52;54;52;53;57;57;57;57;150;64;59;62;79;87;81;104;90;98;103;95;64;101)
seed_4_level_6-4,557,2497.3720242977142,2167351,750,(100;100;100;100;100;100;100;100;100;100;100;100;100;100;100;100;100;100;100;100;100;100;100;100;100;100;100;100;100;100;100;100;100;100;100;100;100;100;100;100;100;100;100;100;100;100;100;100;100;100;55;53;62;57;57;63;62;62;56;57;59;57;59;59;57;57;59;57;59;57;57;57;57;61;59;57;57;57;57;57;54;62;53;68;55;53;56;55;54;92;53;57;49;57;53;56;53;56;59;53;52;52;52;52;56;53;51;58;52;52;52;52;52;52;52;53;52;53;52;52;52;52;54;52;52;52;54;53;52;52;54;52;53;57;57;57;150;59;64;62;63;80;81;90;99;103;94;91;74;104)
seed_4_level_6-4,557,2995.9412248134613,2600579,900,(100;100;100;100;100;100;100;100;100;100;100;100;100;100;100;100;100;100;100;100;100;100;100;100;100;100;100;100;100;100;100;100;100;100;100;100;100;100;100;100;100;100;100;100;100;100;100;100;100;100;57;53;62;57;56;63;63;62;56;57;100;57;58;59;57;57;58;57;58;53;57;57;57;57;58;57;57;53;53;53;68;53;53;54;62;53;53;55;56;53;53;59;57;49;57;53;56;56;53;53;53;52;52;52;52;56;53;51;58;52;52;52;52;52;52;52;53;52;53;52;52;52;52;54;52;52;52;54;54;52;52;54;52;57;57;150;59;64;61;65;88;79;80;88;54;99;103;95;90;79)
seed_4_level_6-4,557,3496.320431470871,3031438,1050,(100;100;100;100;100;100;100;100;100;100;100;100;100;100;100;100;100;100;100;100;100;100;100;100;100;100;100;100;100;100;100;100;100;100;100;100;100;100;100;100;100;100;100;100;100;100;100;100;100;59;100;55;53;62;57;56;63;61;56;57;63;57;58;59;57;57;58;57;59;57;57;57;57;58;57;57;68;53;55;62;53;53;55;56;55;54;65;57;49;57;56;56;53;59;53;56;54;52;52;52;52;56;54;55;58;52;52;52;52;52;52;52;54;52;53;52;52;52;52;54;52;52;52;54;54;52;52;53;52;53;53;57;57;53;53;57;150;59;64;61;63;80;82;95;77;90;98;103;94;76)
seed_4_level_6-4,557,3992.3335943222046,3467799,1200,(100;100;100;100;100;100;100;100;100;100;100;100;100;100;100;100;100;100;100;100;100;100;100;100;100;100;100;100;100;100;100;100;100;100;100;100;100;100;100;100;100;100;100;100;100;100;100;100;100;100;55;53;62;58;57;62;62;56;57;59;62;57;58;58;57;57;58;57;59;57;57;57;57;59;57;57;68;57;57;55;62;53;55;55;56;55;54;53;57;49;57;56;53;56;56;59;53;52;52;52;52;56;54;51;58;52;52;52;52;52;52;52;53;52;53;52;52;52;52;53;52;52;52;54;54;52;52;54;52;57;57;57;57;57;57;150;59;64;61;93;65;90;109;81;74;98;103;94;86;84)
seed_4_level_6-4,557,4484.952780008316,3903109,1350,(100;100;100;100;100;100;100;100;100;100;100;100;100;100;100;100;100;100;100;100;100;100;100;100;100;100;100;100;100;100;100;100;100;100;100;100;100;100;100;100;100;100;100;100;100;100;100;100;100;100;57;53;62;58;57;62;62;62;56;57;100;57;58;58;57;57;59;57;59;57;57;57;57;58;57;57;62;57;57;57;53;57;57;57;54;61;53;53;53;56;55;53;57;49;57;53;53;53;56;53;53;59;52;52;52;52;56;53;51;58;52;52;52;52;52;52;52;53;52;54;52;52;52;52;53;52;52;52;54;54;52;52;53;52;57;150;64;59;61;54;76;74;81;88;98;103;94;93;65;109)
seed_4_level_6-4,557,4983.53241109848,4336817,1500,(100;100;100;100;100;100;100;100;100;100;100;100;100;100;100;100;100;100;100;100;100;100;100;100;100;100;100;100;100;100;100;100;100;100;100;100;100;100;100;100;100;100;100;100;100;100;100;100;100;100;100;57;53;62;57;56;63;63;61;56;57;57;58;58;57;57;58;57;59;57;57;57;61;58;57;57;57;53;53;53;57;57;62;55;62;53;53;53;56;55;54;59;54;57;49;57;56;56;53;53;53;53;52;52;52;52;56;53;51;58;52;52;52;52;52;52;52;53;52;54;52;52;52;52;54;52;52;52;54;53;52;52;54;52;53;57;150;59;64;61;65;101;90;81;75;98;103;95;79;79)
seed_4_level_6-4,557,5474.28747677803,4770964,1650,(100;100;100;100;100;100;100;100;100;100;100;100;100;100;100;100;100;100;100;100;100;100;100;100;100;100;100;100;100;100;100;100;100;100;100;100;100;100;100;100;100;100;100;100;100;100;100;100;100;100;100;57;53;62;57;56;63;61;56;57;62;57;59;58;57;57;58;57;58;57;57;57;61;59;57;57;57;57;57;62;54;61;53;55;55;56;53;54;59;65;57;49;57;53;56;56;56;53;54;52;52;52;52;56;53;51;58;52;52;52;52;52;52;52;53;52;53;52;52;52;52;54;52;52;52;54;53;52;52;53;52;57;53;57;57;57;150;59;64;61;63;80;81;77;82;74;98;103;95;101)
seed_4_level_6-4,557,5976.55526304245,5206085,1800,(100;100;100;100;100;100;100;100;100;100;100;100;100;100;100;100;100;100;100;100;100;100;100;100;100;100;100;100;100;100;100;100;100;100;100;100;100;100;100;100;100;100;100;100;100;100;100;100;100;100;100;57;53;62;57;57;62;62;61;56;57;57;59;58;57;57;59;57;59;57;57;57;61;58;57;57;53;53;57;57;53;57;68;54;62;53;53;55;56;53;53;59;53;57;49;57;56;53;53;56;56;52;52;52;52;56;54;51;58;52;52;52;52;52;52;52;53;52;54;52;52;52;52;54;52;52;52;54;54;52;52;54;52;57;57;150;64;59;62;63;90;54;79;81;93;92;103;103;94;74)
seed_4_level_6-4,557,6473.940532684326,5636144,1950,(100;100;100;100;100;100;100;100;100;100;100;100;100;100;100;100;100;100;100;100;100;100;100;100;100;100;100;100;100;100;100;100;100;100;100;100;100;100;100;100;100;100;100;100;100;100;100;100;100;59;100;55;53;62;57;57;62;62;61;56;57;57;58;59;57;57;59;57;58;57;57;57;61;58;57;57;53;57;57;62;57;54;61;53;53;53;56;53;54;54;57;49;57;53;56;59;54;53;56;56;52;52;52;52;56;53;51;58;52;52;52;52;52;52;52;54;52;53;52;52;52;52;54;52;52;52;54;53;52;52;53;52;53;53;53;57;150;64;59;62;64;79;81;88;90;103;95;88;77;99)
seed_4_level_6-4,557,6972.454265117645,6065458,2100,(100;100;100;100;100;100;100;100;100;100;100;100;100;100;100;100;100;100;100;100;100;100;100;100;100;100;100;100;100;100;100;100;100;100;100;100;100;100;100;100;100;100;100;100;100;100;100;100;100;100;57;53;62;58;56;62;62;62;56;57;59;57;58;59;57;57;58;57;58;57;57;57;61;58;57;57;57;57;57;68;54;61;53;53;53;56;53;54;54;53;57;49;57;53;56;56;59;56;53;52;52;52;52;56;53;55;58;52;52;52;52;52;52;52;54;52;53;52;52;52;52;53;52;52;52;54;54;52;52;53;52;57;57;57;53;57;150;64;59;62;65;80;81;77;77;84;98;103;94;81)
seed_4_level_6-4,557,7469.495268583298,6495683,2250,(100;100;100;100;100;100;100;100;100;100;100;100;100;100;100;100;100;100;100;100;100;100;100;100;100;100;100;100;100;100;100;100;100;100;100;100;100;100;100;100;100;100;100;100;100;100;100;100;100;100;55;53;62;58;56;63;63;62;56;57;59;57;58;59;57;57;59;57;59;57;57;57;57;58;57;57;57;57;53;62;57;57;53;54;61;53;53;53;56;53;54;54;57;49;57;56;53;54;53;53;59;56;52;52;52;52;56;53;51;58;52;52;52;52;52;52;52;54;52;53;52;52;52;52;53;52;52;52;54;53;52;52;54;52;53;57;150;59;64;62;65;90;84;81;80;81;90;98;103;94)
seed_4_level_6-4,557,7966.102377653122,6927663,2400,(100;100;100;100;100;100;100;100;100;100;100;100;100;100;100;100;100;100;100;100;100;100;100;100;100;100;100;100;100;100;100;100;100;100;100;100;100;100;100;100;100;100;100;100;100;100;100;100;100;100;57;53;62;57;57;63;62;56;57;63;100;57;58;58;57;57;58;57;59;57;57;57;57;59;57;57;57;57;57;57;68;54;61;53;55;55;56;55;53;54;53;57;49;57;53;53;53;56;59;56;52;52;52;52;56;54;51;58;52;52;52;52;52;52;52;54;52;53;52;52;52;52;53;52;52;52;54;53;52;52;53;52;57;53;53;57;150;64;59;61;65;84;79;80;81;77;103;94;76;99)
seed_4_level_6-4,1188,8454.013797998428,7361557,2545,(100;100;100;100;100;52;100;77;61;53;100;73;59;56;57;53;57;57;56;54;100;77;53;58;53;100;61;53;53;59;100;55;53;100;53;53;52;53;100;53;100;53;61;53;57;65;53;54;54;64;100;100;100;53;100;76;63;100;100;57;57;100;57;106;100;201;52;86;56;52;52;78;59;52;56;80;53;55;53;61;100;61;83;100;52;82;76;100;57;58;95;100;100;52;76;74;54;56;100;54;100;100;53;100;54;81;52;75;100;63;52;53;93;52;57;99;72;100;100;95;100;100;76;58;100;103;53;71;57;78;64;59;61;100;103;95;88;88;68;60;52;95;78;95;87)
seed_4_level_6-4,1188,8936.250981330872,7765312,2692,(100;100;52;52;100;104;57;100;65;100;57;100;57;100;74;100;106;53;57;100;150;53;100;57;53;66;53;53;53;54;88;90;53;100;100;56;53;59;100;96;93;60;100;100;100;54;52;57;59;57;58;59;52;53;75;100;62;74;68;57;61;51;100;58;77;61;100;64;53;53;52;81;52;57;100;77;57;53;57;100;86;54;57;100;74;57;114;100;56;100;53;100;95;100;57;61;53;56;100;53;54;56;53;53;58;79;93;57;57;52;100;52;57;55;53;53;57;100;88;100;52;52;56;69;100;102;52;53;56;52;52;52;88;53;90;75;91;90;55;53;55;53;52;59;86;58;88)
seed_4_level_6-4,1188,9414.11734199524,8112518,2837,(100;52;52;100;52;52;52;73;52;56;100;56;63;57;51;52;76;53;64;91;93;57;57;100;53;81;52;69;100;100;57;100;52;52;82;91;64;90;62;62;57;69;57;52;77;53;79;54;58;55;52;53;56;53;57;53;88;63;74;53;63;85;53;53;73;53;57;67;99;57;75;99;66;54;59;100;54;53;100;86;52;90;62;52;86;100;52;58;53;52;52;60;57;70;50;53;100;53;53;51;100;57;101;100;100;73;55;52;83;59;101;52;55;62;53;74;57;100;100;52;56;74;75;76;50;91;58;72;52;63;53;88;52;86;52;88;52;86;57;88;53;52;56;56;58)
seed_4_level_6-4,1188,9902.441898345947,8549265,2986,(52;58;52;52;80;51;100;100;60;74;59;100;100;52;62;52;52;52;52;100;56;74;52;52;52;52;52;52;52;54;52;77;63;55;63;64;54;89;100;57;100;53;57;70;82;100;79;100;62;59;100;57;53;100;81;54;64;100;100;100;100;52;100;88;75;54;94;60;100;61;108;53;77;52;60;62;60;73;53;56;57;85;52;250;71;56;65;52;150;52;52;100;100;52;63;57;57;59;57;58;197;101;75;75;53;56;74;57;54;92;52;58;100;58;55;75;52;58;59;88;67;150;57;93;88;93;57;60;53;89;53;57;88;57;100;79;52;52;55;74;52;100;55;57;80;63;61;100;86)
seed_4_level_6-4,1188,10403.370819568634,8960872,3135,(95;56;57;100;49;100;100;72;100;59;54;62;52;59;100;100;52;68;52;92;100;52;100;52;57;52;100;100;100;62;94;59;59;87;63;57;56;100;60;53;62;57;100;80;60;53;78;100;79;80;55;57;72;100;54;58;53;55;89;77;53;57;56;54;57;104;52;77;57;100;100;78;54;66;57;55;73;76;55;76;100;52;74;86;92;53;59;57;53;57;57;55;53;54;52;52;55;100;54;90;100;100;53;59;53;100;100;59;100;53;57;100;58;100;57;88;56;85;54;88;57;60;57;53;57;52;100;57;58;92;59;88;52;211;57;52;58;75;100;53;57;117;86;56;53;106;51;66;57)
seed_4_level_6-4,1188,10904.044114351273,9405565,3285,(52;52;52;100;52;100;52;63;74;81;66;57;52;53;100;100;100;57;57;100;56;100;97;65;71;52;100;100;60;100;100;86;58;52;77;76;79;100;58;100;54;53;63;100;54;106;55;53;53;92;52;73;52;52;92;57;92;57;100;54;74;52;52;52;95;100;100;57;64;79;100;53;100;54;100;100;54;67;54;78;55;52;89;64;100;59;100;100;62;88;58;91;74;53;55;100;88;100;57;88;90;52;91;100;100;105;94;104;52;61;59;90;73;53;52;53;74;53;87;55;100;57;100;52;57;74;56;90;76;97;53;61;57;93;64;104;53;57;57;57;61;56;61;160;60;100;100;100;57;121)
seed_4_level_6-4,1189,11404.33877825737,9842743,3436,(96;74;70;58;82;53;100;59;53;62;56;100;58;49;81;53;100;100;100;100;100;100;100;62;86;59;100;89;52;52;52;52;52;52;65;100;52;100;52;74;53;100;100;100;53;57;52;56;59;52;59;52;52;88;55;52;57;52;92;52;53;52;57;57;53;52;73;55;55;59;52;64;77;56;53;100;89;52;53;53;56;100;100;70;100;86;100;100;56;100;59;75;75;80;55;65;62;57;73;100;62;73;100;61;75;100;75;55;53;86;60;58;80;74;93;57;202;114;202;57;66;67;52;93;100;53;53;100;58;100;57;106;64;57;53;53;88;57;100;100;53;100;53;77;88;74;52;53;57;53;59)
seed_4_level_6-4,1189,11903.67243885994,10281156,3588,(93;53;77;100;58;65;90;100;100;53;58;60;106;62;56;52;53;70;52;55;53;52;63;59;52;100;56;90;95;52;82;56;52;52;58;56;65;58;58;56;92;53;78;57;52;75;61;52;57;63;75;52;100;100;52;52;74;100;57;57;52;100;55;57;68;53;75;75;52;89;75;59;77;59;88;94;55;97;53;62;55;54;77;88;59;59;92;54;59;60;50;91;54;100;55;52;59;56;100;100;57;55;56;59;52;54;56;52;100;92;108;100;57;100;57;53;52;57;150;53;52;53;100;93;53;58;90;150;52;202;56;58;90;57;53;58;57;100;59;84;57;202;59;52;88;58;94;79;63;61;177;107)
seed_4_level_6-4,1189,12410.460169553757,10748576,3740,(92;78;65;150;61;100;52;52;52;100;63;53;51;90;57;100;74;57;52;100;86;100;75;100;52;53;100;102;57;57;53;57;87;60;97;100;53;53;75;74;57;77;63;73;76;88;50;100;59;63;90;55;52;57;93;61;93;63;100;56;56;53;61;100;100;57;76;78;53;92;53;53;60;52;53;62;52;88;58;52;52;56;100;100;52;55;61;73;75;75;150;59;60;56;57;55;58;53;62;56;64;53;100;90;74;73;54;90;60;58;100;55;100;53;52;52;58;52;52;92;58;59;54;94;58;52;162;57;57;63;86;94;53;207;66;76;57;56;78;91;76;57;59;57;75;100;81;207;98;94;57;202)
seed_4_level_6-4,1190,12906.712603330612,11156444,3890,(92;52;60;90;55;52;74;58;86;104;53;58;52;52;52;93;66;73;54;52;75;56;57;58;53;74;63;57;52;61;58;51;91;60;60;100;55;87;100;53;95;52;74;100;53;73;54;55;150;92;63;53;53;59;59;52;50;52;59;56;53;98;52;63;100;81;52;88;78;100;59;58;100;60;90;52;89;56;59;66;93;59;82;88;57;105;57;73;52;57;90;100;100;60;54;52;53;57;100;56;59;58;54;57;73;76;56;61;65;57;53;73;52;56;59;52;56;62;97;100;53;56;57;207;53;59;51;57;55;58;53;59;53;93;59;58;57;56;100;103;89;66;57;57;100;100;90;53;100;214)
seed_4_level_6-4,1197,13409.637994289398,11631047,4040,(55;89;56;57;57;87;52;54;56;55;52;78;90;86;52;54;58;104;86;52;57;58;100;67;69;56;60;53;80;53;55;73;53;61;100;82;57;57;150;150;95;100;57;63;56;56;100;58;100;100;100;100;71;67;57;55;100;73;52;100;90;52;75;52;74;55;52;52;55;100;53;225;52;52;61;52;58;76;75;52;57;97;77;79;73;52;58;74;93;90;93;61;90;57;95;52;56;57;100;58;93;62;70;62;100;93;51;90;55;62;62;52;100;52;52;59;52;53;52;55;52;100;53;57;59;59;100;100;54;67;59;100;100;92;65;202;53;100;56;89;55;60;201;100;56;90;57;59;57;200)
seed_4_level_6-4,1364,13908.351749897003,12129777,4189,(85;59;59;100;93;56;100;150;53;100;100;70;150;53;100;57;54;75;88;52;53;53;58;52;53;55;52;52;58;86;68;53;50;88;60;74;74;55;100;52;52;56;52;202;52;100;52;57;53;74;100;66;52;100;100;52;93;59;88;65;93;59;51;52;62;59;93;53;59;64;93;62;100;56;88;100;59;74;54;102;52;57;58;54;53;56;76;53;59;75;100;57;53;75;75;102;54;55;54;199;84;53;58;66;100;56;68;167;53;90;92;96;54;53;202;100;52;56;53;59;56;286;230;55;54;73;86;58;52;86;51;56;74;57;52;73;52;87;57;61;52;57;52;73;57;52;52;73;58)
seed_4_level_6-4,1364,14391.159676551819,12569709,4337,(108;59;100;150;55;100;55;56;94;99;100;78;70;57;54;58;90;90;53;55;100;60;53;56;100;61;52;67;100;52;52;52;52;100;52;88;61;87;51;94;88;90;150;53;53;57;94;57;57;59;100;86;66;100;95;74;100;52;57;52;55;52;59;75;54;54;52;77;53;55;106;73;58;76;54;55;74;79;56;76;57;52;58;53;74;52;57;88;52;55;88;86;63;53;68;150;73;57;52;52;52;52;52;64;106;52;74;53;63;55;73;73;51;51;52;85;74;86;51;230;56;88;56;60;56;52;55;58;53;87;56;100;86;75;72;90;216;100;56;100;53;88;57;92;91;90;56;54)
seed_4_level_6-4,1364,14869.975775003433,13006439,4485,(90;108;74;101;75;55;98;53;73;53;105;53;104;74;57;53;88;53;88;74;54;58;105;100;59;53;57;68;54;90;100;64;63;97;55;77;57;100;64;67;58;58;52;59;87;53;75;58;51;58;57;58;102;58;86;74;59;55;59;91;61;95;57;56;76;74;77;53;59;54;76;93;57;59;100;56;106;100;59;52;50;52;57;52;52;88;58;53;90;57;53;114;104;57;57;57;90;73;58;53;58;59;89;59;57;56;66;95;74;56;53;82;89;74;53;53;59;100;56;74;230;90;184;100;53;116;91;100;57;98;84;52;100;100;52;88;57;61;90;59;52;58;93;89;57;100;100;52)
seed_4_level_6-4,1364,15372.903185844421,13472041,4633,(102;60;53;51;52;58;73;52;57;59;52;59;102;59;52;87;100;63;53;75;100;57;69;100;100;107;100;57;57;62;56;89;100;67;57;77;76;110;58;57;56;77;51;87;74;63;57;74;57;56;65;77;93;76;74;77;79;68;88;56;61;52;53;61;150;89;58;58;97;100;61;88;62;56;93;60;64;58;63;77;54;52;90;57;75;57;89;104;57;73;74;61;90;89;100;53;52;52;88;230;52;93;62;100;77;54;116;58;52;56;102;53;54;100;59;92;100;86;87;100;100;101;61;90;65;59;90;74;163;101;81;107;97;52;70;105;75;105;88;100;52;52;61;55;88;63;100;100)
seed_4_level_6-4,1364,15861.76400923729,13933074,4781,(75;57;75;57;57;57;100;59;111;57;59;57;102;57;57;58;100;102;52;102;53;98;53;56;57;52;52;52;53;55;73;74;52;75;102;88;82;109;52;100;108;63;58;53;88;100;95;59;57;88;62;59;59;59;100;88;104;55;59;57;93;106;60;58;77;68;120;58;61;62;90;58;57;52;58;62;53;57;161;57;202;88;88;53;60;159;92;56;58;52;52;107;53;60;91;59;57;90;93;57;61;53;54;95;51;59;76;59;95;88;58;90;53;62;91;57;80;54;54;61;52;57;100;73;63;186;100;97;86;56;52;67;56;53;57;100;60;52;219;100;64;52;56;90;74;53;100;52)
seed_4_level_6-4,1364,16372.277109622955,14426086,4933,(150;56;58;100;93;98;100;100;100;53;57;57;60;63;100;64;100;100;106;58;111;78;118;58;68;100;60;103;66;52;53;62;100;59;103;100;77;77;100;91;57;57;96;57;63;57;75;54;109;57;54;53;57;88;53;53;104;57;75;57;57;75;100;73;91;67;57;79;100;75;150;73;105;98;73;53;53;88;53;90;57;57;52;102;57;73;73;52;58;58;60;52;73;76;52;100;73;53;150;104;150;73;57;93;56;62;86;79;88;75;73;53;62;125;57;100;57;86;62;73;60;62;57;56;56;55;201;162;107;58;88;91;100;58;52;95;88;58;52;65;57;60;52;98;86;57;52;86;93;53;55;57)
seed_4_level_6-4,1364,16861.19254541397,14833786,5082,(92;55;53;59;57;57;83;76;150;100;56;59;100;57;100;58;89;57;105;58;100;74;58;100;54;89;53;58;76;59;53;67;53;58;62;90;88;75;58;67;53;69;56;57;63;96;52;87;56;53;96;57;80;52;59;62;57;86;100;77;57;75;53;53;57;108;57;57;150;52;100;74;53;59;59;88;81;74;65;55;55;53;106;53;89;55;100;64;54;79;61;87;68;55;52;83;104;53;53;75;74;57;54;57;57;96;54;73;55;124;73;87;52;74;57;81;57;60;75;60;59;74;90;90;54;88;56;53;136;54;55;53;102;91;58;56;66;107;86;52;53;91;101;93;54;87;107;56;56)
seed_4_level_6-4,1364,17373.37651515007,15409504,5231,(88;61;100;77;56;86;91;55;76;100;100;100;91;91;100;53;100;95;100;55;95;102;58;88;57;61;57;58;57;132;100;52;57;57;52;57;98;100;53;77;202;88;193;100;53;88;77;65;57;56;59;96;64;82;53;56;80;75;58;57;58;57;77;63;59;57;63;100;61;93;62;86;100;86;88;104;62;56;100;100;63;53;63;53;76;74;115;100;113;88;62;85;57;272;52;52;77;53;53;106;52;75;100;88;100;76;52;87;101;73;103;53;67;150;150;100;74;57;73;202;55;52;56;57;52;166;56;91;88;77;159;75;55;53;74;95;57;52;57;56;53;90;58;57;52;202;53;161;53)
seed_4_level_6-4,1364,17868.528165340424,15836444,5382,(71;88;64;88;100;100;75;85;60;91;74;54;54;57;77;63;100;73;100;100;86;100;93;57;75;77;61;76;88;53;77;88;100;58;59;57;88;93;57;57;61;52;53;52;75;57;65;52;88;57;100;100;100;75;86;88;75;90;53;57;54;77;57;57;63;75;59;91;104;55;74;97;93;55;89;100;52;54;52;91;101;73;98;59;73;73;53;100;61;111;54;55;56;111;53;57;57;53;59;55;55;57;50;57;73;88;73;100;100;66;52;100;53;79;57;75;63;58;56;52;101;55;53;52;53;52;67;90;53;76;55;100;53;88;54;53;54;88;52;52;59;102;89;52;52;201;98;90;63;52;88)
seed_4_level_6-4,1364,18359.949954271317,16313813,5532,(88;86;89;91;52;59;52;54;100;100;100;100;87;100;61;57;100;89;74;53;60;109;53;57;55;100;61;57;53;52;53;57;108;55;58;96;53;100;53;55;59;74;75;100;57;88;57;57;63;53;52;88;54;75;75;57;88;80;57;87;57;88;77;81;57;59;56;53;53;75;92;63;89;100;86;57;58;64;78;63;57;88;90;57;83;52;57;57;86;78;100;56;57;57;201;90;56;53;56;58;56;53;52;52;52;60;101;59;58;109;53;82;59;86;53;53;53;57;56;102;136;201;107;104;58;58;104;101;52;88;89;54;100;61;278;54;104;59;76;53;88;75;85;52;53;72;53;66;90;100)
seed_4_level_6-4,1364,18861.561025857925,16809765,5681,(104;60;68;54;58;64;52;100;100;90;57;54;87;52;52;91;56;90;86;58;300;52;100;100;52;150;201;80;100;53;89;56;57;57;100;100;100;100;88;57;100;52;55;57;52;52;57;55;61;100;88;55;94;95;61;106;61;91;78;100;89;77;53;62;100;57;88;64;77;83;53;57;56;62;59;88;83;58;107;52;57;57;55;56;65;75;57;104;58;73;57;89;60;56;52;104;55;54;88;53;53;59;87;53;53;56;74;100;56;59;56;82;91;77;75;109;104;60;55;201;90;57;86;52;95;56;53;53;53;57;57;55;56;58;57;86;57;53;77;53;86;52;86;58;201;58;90;88;55)
seed_4_level_6-4,1364,19360.66246676445,17289532,5831,(124;57;79;57;57;57;100;52;75;88;57;88;52;100;57;65;57;75;52;58;100;90;53;90;52;60;53;53;66;53;53;60;86;55;76;54;57;57;57;53;86;56;104;57;88;57;57;90;100;100;56;56;53;59;61;57;72;57;57;52;73;87;88;75;88;106;77;86;58;100;88;75;91;76;83;57;57;58;53;57;59;58;57;59;76;88;57;57;57;88;59;58;115;52;55;76;88;53;58;88;54;91;53;76;52;88;73;55;53;114;52;75;104;53;74;120;75;54;55;104;86;52;55;212;56;53;160;230;58;53;56;58;56;54;52;56;57;55;100;63;56;52;271;59;63;56;55;101;200;88)
seed_4_level_6-4,1370,19859.76887369156,17857965,5981,(107;100;100;100;100;58;57;57;100;90;59;57;100;88;60;100;56;100;53;59;100;88;86;86;53;63;53;93;51;53;64;53;57;53;88;54;63;76;52;53;53;57;95;61;76;53;89;90;91;88;53;57;55;58;88;78;88;58;203;75;93;88;64;68;90;79;107;59;57;57;57;88;57;59;233;57;90;77;88;88;73;77;57;57;57;57;77;57;58;58;88;75;104;55;104;275;75;57;91;57;55;54;53;57;90;93;53;101;109;57;53;53;63;61;117;53;106;88;82;218;53;58;53;90;52;204;97;52;88;53;52;60;54;52;59;58;57;52;100;59;55;52;271;52;56;202;74;55;109;69)
seed_4_level_6-4,1378,20370.889761924744,18407331,6133,(75;61;104;100;55;55;53;63;57;63;56;59;53;62;63;97;91;55;88;63;86;93;75;61;61;52;77;92;73;51;89;58;52;56;75;88;53;53;52;53;56;233;59;59;57;59;57;59;57;57;76;216;57;57;59;59;57;104;88;59;104;52;57;57;86;53;57;88;97;55;53;77;56;57;57;53;58;100;74;113;96;93;93;118;54;88;104;104;108;55;58;57;106;75;56;69;159;93;57;91;56;55;204;57;57;53;56;77;246;92;53;53;57;57;57;164;95;88;100;204;53;53;202;52;60;58;64;102;88;57;93;100;93;58;93;88;89;56;58;55;88;58;88;59;59;88;83;97;54;108;98;53)
seed_4_level_6-4,1378,20859.989889383316,18891874,6284,(75;54;100;67;53;52;52;54;53;52;55;49;56;94;79;52;54;52;65;100;52;52;60;57;61;60;90;56;53;53;55;57;75;57;73;56;67;53;100;57;100;78;59;90;88;88;58;151;58;58;85;56;58;64;57;56;100;57;58;52;54;58;56;57;59;53;58;92;78;53;58;115;58;53;52;53;104;61;57;104;52;104;74;76;55;77;53;53;159;88;57;53;55;58;75;57;57;103;88;59;59;58;59;57;57;59;54;88;57;57;57;58;57;57;57;57;69;100;58;53;246;80;53;61;104;58;93;58;93;93;104;90;53;75;63;57;57;53;52;59;56;56;57;100;274;274;53;218;76;88;58)
seed_4_level_6-4,1378,21364.539778232574,19454554,6435,(78;52;52;94;86;100;100;53;100;55;62;55;57;62;60;100;52;100;100;100;55;88;57;88;53;59;57;57;74;104;61;59;52;57;52;76;61;53;88;67;52;88;52;146;350;57;57;56;59;56;57;56;84;58;90;57;89;57;74;90;77;57;56;58;60;88;61;56;57;57;57;74;57;57;77;61;57;57;57;88;60;83;57;58;57;56;83;59;57;57;93;57;55;57;89;52;61;88;80;117;211;91;55;53;93;73;86;75;52;89;104;93;105;59;100;52;90;246;107;91;74;98;247;52;100;53;100;53;105;54;88;53;57;57;53;62;108;245;100;55;100;91;52;57;62;88;58;52;57;61;74)
seed_4_level_6-4,1381,21863.613221406937,20017509,6585,(81;100;100;100;52;52;94;100;52;55;52;52;100;86;52;54;86;86;88;56;57;57;57;74;88;53;56;58;57;57;54;57;57;61;57;57;57;57;59;57;150;148;57;91;57;54;94;89;57;89;90;75;100;88;75;57;100;57;100;57;150;100;66;75;100;88;71;91;90;59;150;53;61;87;57;57;57;89;90;52;57;57;57;76;67;55;52;61;245;250;97;57;57;61;109;58;53;53;57;61;53;187;56;91;66;202;57;62;53;58;61;60;57;235;55;52;105;117;57;234;74;57;57;78;53;57;53;91;91;92;58;53;79;57;76;91;61;57;88;100;57;52;104;53;54;120;114;78;57;107)
seed_4_level_6-4,1842,22363.034337759018,20540394,6736,(93;52;87;87;52;54;74;63;52;86;52;52;54;52;52;100;52;74;52;88;63;60;57;52;56;56;57;57;106;54;56;82;54;57;53;52;61;57;100;55;54;91;52;57;88;92;76;58;89;90;80;58;90;54;55;55;53;59;100;54;56;57;59;63;104;59;75;58;57;67;52;53;81;62;57;59;59;57;52;60;53;85;61;73;67;57;57;107;104;64;90;53;57;126;58;57;54;53;53;104;53;53;61;104;77;57;61;58;57;57;60;65;150;96;57;53;88;91;52;89;84;53;86;210;91;400;100;112;64;57;96;57;58;58;53;138;91;100;57;58;57;55;90;91;56;55;100;100;91;212;202)
seed_4_level_6-4,1842,22861.86924982071,20997662,6887,(58;57;56;57;61;52;90;53;53;59;57;58;77;52;57;57;88;51;76;52;53;92;68;57;53;54;57;68;58;57;53;89;88;90;100;88;57;100;90;58;88;55;58;89;51;51;55;87;51;54;60;53;51;54;58;85;57;57;52;54;100;52;57;53;76;56;56;61;53;53;52;51;62;61;55;88;53;94;108;75;78;110;54;107;112;88;77;89;100;53;75;57;57;57;53;103;57;57;55;59;57;53;60;52;57;100;77;91;80;63;75;52;57;53;57;111;58;104;100;53;231;89;63;100;86;77;56;100;57;76;100;100;160;57;56;95;53;100;181;150;88;89;55;56;100;90;57;58;53;87;210)
seed_4_level_6-4,1842,23362.757954359055,21581106,7038,(74;53;57;106;53;75;57;53;57;53;77;57;54;57;53;106;53;59;61;53;57;73;88;57;88;53;119;49;57;57;69;71;57;61;88;52;57;53;57;57;52;55;52;52;57;57;100;59;57;57;103;57;80;57;90;58;57;57;53;52;57;53;57;100;54;74;88;57;53;93;90;93;92;58;52;53;78;88;89;53;93;108;100;64;106;127;53;53;53;112;95;75;52;58;53;54;115;61;202;57;93;82;88;89;160;74;95;79;60;100;89;90;56;91;81;53;56;87;90;59;53;52;233;52;103;100;55;52;100;202;56;230;100;58;63;100;100;57;254;100;91;96;100;53;60;90;81;88;274;204;54)
seed_4_level_6-4,1842,23870.4014647007,22185477,7188,(103;57;57;56;53;98;60;100;69;57;100;61;75;57;96;57;57;53;108;89;200;57;57;52;88;61;75;90;93;57;88;88;77;64;51;104;57;58;73;57;57;57;53;53;53;58;77;57;96;57;53;53;58;90;93;90;53;75;88;75;81;92;53;53;104;107;60;94;88;68;53;54;59;57;59;59;96;54;88;160;58;61;89;64;100;75;54;73;76;53;58;60;54;53;53;74;100;52;64;81;59;107;61;90;94;53;89;77;90;106;100;105;54;233;233;61;87;57;56;62;63;58;74;52;159;90;86;230;52;52;53;56;110;107;52;52;52;108;232;90;77;88;245;89;89;57;202;88;202;89)
seed_4_level_6-4,1842,24372.531940937042,22758438,7337,(75;201;88;53;54;54;89;76;53;53;90;75;53;88;72;57;55;88;52;53;54;56;88;93;57;57;88;60;53;88;53;53;53;88;57;54;57;52;63;52;57;89;53;52;60;57;53;57;88;57;89;202;202;57;91;78;60;93;57;91;104;52;75;118;66;202;53;93;65;53;52;100;55;95;61;61;53;75;160;53;58;52;114;59;55;53;54;88;63;56;54;95;59;104;58;58;87;100;100;56;50;57;57;88;53;58;61;54;57;233;274;107;107;102;62;74;88;63;104;100;96;56;62;70;53;59;57;53;90;52;79;201;63;107;54;245;62;106;90;90;74;63;57;88;90;74;107;88;55)
seed_4_level_6-4,1842,24874.32987499237,23401524,7486,(104;90;57;53;59;93;53;60;100;54;78;58;57;88;57;100;53;200;100;57;82;75;58;104;93;77;74;54;76;88;90;57;55;64;58;57;57;51;53;56;56;56;54;53;57;100;57;59;53;75;53;53;88;53;57;100;88;84;212;82;91;75;88;100;102;52;58;79;53;100;87;57;61;53;53;61;92;81;75;78;89;60;89;53;53;93;53;91;59;106;100;100;58;53;62;61;104;123;207;53;61;104;55;59;202;59;53;100;75;52;88;58;88;57;58;53;271;75;77;63;245;202;63;74;201;63;88;82;202;53;53;73;87;53;218;76;53;87;62;201;57;88;90;110;202;53;52;56;100)
seed_4_level_6-4,1842,25400.014533758163,24243408,7636,(104;52;90;57;52;52;57;74;98;93;57;55;53;88;95;88;103;57;57;59;57;53;73;53;57;52;59;100;55;94;61;106;57;100;77;60;57;80;52;93;53;55;57;58;88;93;55;88;107;61;57;58;88;57;79;67;77;96;53;93;79;55;106;58;96;56;57;56;58;58;77;57;57;115;77;60;57;100;53;61;61;53;57;54;90;104;74;51;51;88;90;91;61;53;58;90;62;59;60;57;90;53;245;201;230;89;88;273;53;88;52;53;159;202;53;90;63;68;52;93;234;63;90;202;55;271;201;60;90;202;234;83;271;202;90;63;272;90;202;91;219;201;99;89;53;201;88;52;201;74)
seed_4_level_6-4,1842,25918.625143051147,24938357,7787,(91;87;54;81;91;53;55;60;100;55;91;91;52;57;68;90;94;57;77;93;100;57;88;100;53;74;100;75;54;109;56;57;91;59;89;86;60;89;90;111;53;100;57;52;88;53;93;90;90;92;57;58;55;52;88;202;93;95;107;74;77;91;53;88;100;57;88;55;100;53;62;88;100;53;55;77;88;88;56;100;53;100;53;56;58;53;88;88;52;88;55;67;88;235;67;202;110;61;52;246;55;58;73;89;54;59;271;59;88;74;54;53;52;73;271;88;136;210;109;117;53;52;52;56;162;98;52;201;56;57;86;86;54;201;74;57;57;52;56;73;103;202;211;75;86;91;90;57;59;54;101)
seed_4_level_6-4,1842,26425.835668563843,25493540,7938,(88;100;96;57;100;62;88;63;61;75;100;77;51;63;88;61;61;88;57;58;100;57;53;62;57;57;65;74;53;62;76;57;91;64;57;59;57;57;100;57;91;150;57;100;57;100;57;52;60;88;93;55;53;96;90;83;57;57;93;57;89;100;100;100;116;76;75;116;53;100;100;80;58;77;53;100;56;56;100;92;75;86;59;75;57;67;52;57;102;100;53;57;93;91;58;57;246;52;52;52;272;53;59;55;104;52;52;53;90;55;55;52;105;55;90;64;54;52;63;52;221;52;53;52;52;52;70;104;76;203;55;54;67;88;55;88;53;52;100;86;55;53;248;63;54;201;55;101;52;89;52)
seed_4_level_6-4,1842,26944.280606985092,26166461,8088,(62;100;57;57;150;56;87;57;80;100;56;57;70;100;57;54;57;93;73;64;57;79;78;78;54;100;57;100;57;100;54;100;96;88;56;53;86;90;77;90;100;86;53;56;52;79;57;62;53;52;75;63;52;53;53;75;55;86;75;55;88;74;56;57;103;92;89;97;100;55;100;51;140;58;114;59;96;58;92;113;116;90;53;86;93;55;77;55;59;61;92;58;89;88;56;98;88;54;58;246;216;53;54;106;86;211;62;55;88;81;59;95;53;63;57;100;52;52;211;55;168;91;61;108;53;275;100;58;54;58;94;59;96;212;203;86;52;61;90;52;201;52;59;202;272;52;88;53;93;75)
seed_4_level_6-4,1842,27466.089313983917,26811798,8238,(91;91;57;57;75;100;57;54;57;86;54;54;100;57;100;54;89;120;57;100;100;150;76;100;60;100;57;66;88;74;61;56;93;79;86;63;88;88;75;216;55;58;90;56;75;52;52;77;59;84;77;90;73;52;93;90;75;59;51;55;88;114;89;113;117;92;114;100;112;92;57;52;90;100;53;58;90;99;112;100;52;114;52;93;93;91;53;112;52;52;86;61;75;53;52;55;95;73;245;202;53;57;74;53;100;88;204;54;203;77;64;55;88;54;91;230;75;202;53;94;55;63;54;107;57;63;53;90;53;66;54;73;91;90;53;112;75;53;101;54;276;65;52;53;57;53;57;210;59;52)
seed_4_level_6-4,1842,27978.645761489868,27505508,8388,(92;88;90;56;74;75;53;52;56;91;100;55;75;53;88;88;88;60;63;53;52;82;78;86;77;55;53;98;59;52;77;75;53;52;115;57;104;57;55;100;86;100;88;56;117;85;114;59;52;100;52;59;52;59;95;89;52;89;53;59;73;117;52;112;86;88;104;117;103;86;52;59;57;89;52;67;52;117;52;52;76;103;101;52;106;52;228;59;52;61;246;63;100;100;160;142;53;275;87;64;72;88;53;54;52;58;55;90;75;204;53;159;202;75;53;53;272;237;52;73;203;63;161;210;69;54;56;56;100;63;63;185;96;52;67;53;105;76;95;63;77;88;61;54;61;74;57;58;53;140)
seed_4_level_6-4,1842,28492.165224075317,28148028,8538,(75;104;53;90;63;61;58;56;93;63;77;88;59;76;88;56;86;53;92;75;55;88;75;53;88;75;58;53;53;53;100;59;61;55;90;57;73;55;73;62;63;59;118;55;56;115;56;52;101;58;57;114;114;93;93;93;114;52;73;105;60;52;113;52;61;59;75;112;102;89;85;117;92;52;118;118;103;57;52;52;86;110;93;115;86;115;63;57;86;245;52;104;202;88;57;88;54;88;58;57;210;88;53;59;53;90;57;88;68;52;281;52;58;63;100;52;272;60;73;100;91;53;101;62;57;209;88;53;53;202;100;136;52;202;52;75;90;54;57;52;77;53;52;53;65;53;88;88;166;54)
seed_4_level_6-4,1842,29010.27854204178,28794624,8689,(87;100;57;106;51;76;53;57;59;57;77;76;93;52;88;63;75;75;63;57;100;88;75;76;100;51;93;59;57;88;62;77;62;79;73;54;88;58;63;150;55;89;63;116;102;93;86;55;114;111;58;53;114;201;89;100;235;53;89;110;57;53;61;93;202;57;102;86;87;91;52;55;53;57;114;103;52;55;88;116;92;52;52;104;89;57;116;116;55;117;86;61;52;246;134;54;55;53;235;55;100;57;102;53;90;57;52;201;53;100;107;100;107;56;64;104;88;73;52;88;53;64;100;55;52;59;57;55;53;100;88;58;95;57;64;57;59;57;53;86;234;55;52;55;53;272;90;93;54;88;64)
seed_4_level_6-4,1842,29521.33267378807,29439786,8839,(76;59;77;53;58;57;53;93;59;52;57;77;57;59;77;57;88;75;64;88;65;88;61;88;53;51;89;59;53;108;81;60;57;61;93;75;102;57;51;57;55;53;246;53;100;95;52;59;55;202;59;68;53;53;52;107;54;90;88;58;77;202;53;56;53;53;91;53;83;214;52;53;53;95;59;57;94;53;52;90;57;204;100;91;94;97;96;53;85;57;200;56;234;58;57;100;121;89;52;52;100;66;98;52;75;159;58;210;112;59;53;60;52;103;61;100;73;100;93;201;52;92;66;117;100;100;53;201;117;93;76;86;91;100;110;58;100;53;150;59;115;100;52;52;114;53;91;61;112;115)
seed_4_level_6-4,1842,30047.283710479736,30279498,8990,(297;52;93;91;93;56;54;58;56;68;57;57;57;52;57;58;100;53;111;90;57;57;57;52;53;54;55;52;58;93;57;59;76;76;88;107;51;53;75;88;57;61;88;119;54;53;117;60;53;117;103;88;114;158;52;102;86;116;52;85;96;56;52;53;73;90;100;53;100;60;52;62;117;90;86;201;75;58;53;59;92;52;61;52;100;100;64;91;57;117;95;103;52;116;114;92;245;202;59;232;89;53;84;53;234;204;86;104;55;70;57;201;92;89;53;91;86;55;61;57;274;169;63;201;64;232;58;91;57;106;55;59;59;201;272;57;107;53;60;201;202;93;71;202;58;202;57;64;90;54;88)
seed_4_level_6-4,1842,30577.198201179504,31088238,9140,(77;58;111;59;82;100;57;59;75;82;107;56;88;96;91;58;88;91;54;74;99;65;88;88;95;53;53;57;53;57;88;57;88;88;58;116;75;57;57;63;201;89;103;61;52;91;76;59;52;59;79;55;75;60;89;92;114;104;57;58;102;57;100;52;53;74;59;52;55;60;108;54;59;93;97;55;100;97;58;53;60;53;89;57;201;64;76;88;95;171;88;100;61;57;160;99;53;202;65;53;79;113;56;88;53;90;99;202;202;63;239;88;74;232;63;203;100;231;77;59;105;56;86;58;55;90;95;220;92;63;53;272;72;52;100;52;205;205;222;53;75;86;87;236;271;88;100;75;71;53)
seed_4_level_6-4,1842,31090.522140026093,31742262,9290,(113;62;56;77;57;212;88;57;57;65;84;100;88;53;100;57;98;116;88;57;90;57;62;100;57;93;98;57;89;53;63;56;57;100;53;51;57;88;57;57;65;91;86;75;112;52;58;52;86;93;62;61;52;57;102;114;63;73;100;86;58;61;52;74;63;86;84;73;86;63;73;56;61;104;57;53;91;102;53;73;52;73;53;52;159;112;75;73;236;65;202;53;273;57;58;56;57;76;58;54;57;90;62;58;75;53;88;232;58;58;55;58;90;90;89;160;111;100;107;90;53;204;57;65;56;57;88;232;89;57;91;87;59;100;100;99;90;53;204;53;58;52;272;92;57;86;65;53;100;79)
seed_4_level_6-4,1842,31612.09529852867,32526234,9440,(212;57;90;56;75;63;93;58;57;94;63;56;59;65;57;54;54;107;107;56;88;57;63;57;58;56;88;88;91;93;88;96;59;57;65;100;56;57;109;53;57;73;201;52;86;93;97;52;59;104;52;53;117;130;77;59;62;73;58;98;91;123;104;52;52;53;108;59;58;52;58;104;57;102;52;95;57;49;102;83;61;73;54;202;56;73;59;86;55;52;236;76;93;85;100;58;233;88;59;202;233;232;202;53;105;57;203;56;57;100;67;57;74;150;61;91;202;89;58;103;54;65;65;90;80;53;202;57;159;274;58;60;202;57;91;202;95;91;160;81;108;107;55;64;64;57;57;58;58;235)
seed_4_level_6-4,1842,32121.466675519943,33199516,9589,(88;96;64;100;57;90;53;75;53;100;53;56;88;93;62;93;63;69;59;89;93;228;102;53;61;88;110;93;57;57;57;56;56;100;57;57;89;88;88;100;58;201;53;107;116;52;57;89;57;89;53;52;57;57;114;104;109;61;73;102;58;86;59;63;86;61;60;100;52;52;62;202;100;62;104;83;53;49;88;57;91;56;49;104;86;91;73;105;92;108;104;55;53;57;93;65;202;53;88;204;53;91;63;58;202;58;58;64;53;58;77;91;53;57;95;222;234;64;55;57;100;53;64;58;235;55;60;117;235;57;79;56;90;54;56;52;64;58;57;57;161;59;209;100;67;56;112;53;203)
seed_4_level_6-4,1842,32640.583327770233,33866185,9739,(229;65;63;101;88;86;93;62;57;164;100;69;93;62;52;64;57;53;100;56;106;107;59;107;91;77;53;63;54;58;56;53;88;98;68;86;93;90;207;57;57;75;201;118;100;90;201;51;56;106;104;86;63;61;52;60;50;90;104;75;81;115;104;53;118;58;73;85;58;123;59;86;56;53;57;88;52;100;88;53;89;85;59;56;56;63;115;104;52;75;62;234;65;55;136;203;90;54;93;106;76;65;77;59;54;79;55;54;65;91;53;90;100;107;58;58;205;100;100;92;58;89;77;66;66;60;236;79;55;55;133;100;56;55;58;236;54;58;201;90;67;63;92;105;55;71;55;56;54;77)
seed_4_level_6-4,1842,33168.823128700256,34742774,9889,(114;52;51;60;89;51;57;56;53;106;56;89;53;110;73;90;88;100;86;57;100;86;52;100;118;51;114;53;49;89;104;60;76;63;110;106;62;120;73;89;59;52;200;52;75;61;62;91;93;57;217;93;57;93;271;53;102;68;275;106;102;57;67;88;88;51;212;271;79;93;102;57;57;91;102;93;216;60;53;53;52;67;57;107;57;75;62;93;95;107;63;88;107;53;233;64;62;285;87;100;75;235;57;202;88;53;75;89;58;110;59;202;59;90;57;55;77;57;55;77;79;204;108;78;204;203;100;53;100;59;57;150;60;57;56;202;100;203;61;90;55;234;89;53;56;58;74;100;107;75)
seed_4_level_6-4,1842,33680.32383799553,35461375,10039,(89;53;204;101;100;62;64;67;100;61;115;53;52;53;109;52;87;64;74;100;59;58;61;65;52;104;77;63;60;56;90;57;55;60;63;105;73;104;114;53;53;59;57;58;52;87;104;64;77;234;64;55;52;88;53;65;56;100;203;63;53;93;52;67;53;55;100;57;100;53;202;162;58;52;89;150;74;92;63;53;54;58;271;100;53;65;65;106;211;53;201;100;55;58;55;90;100;89;100;234;107;102;159;109;96;88;93;93;100;58;61;57;106;91;57;106;58;57;88;57;96;107;221;63;56;224;53;93;63;162;95;53;68;56;59;93;144;57;57;59;53;277;96;57;79;56;56;68;57;57)
seed_4_level_6-4,1842,34201.751953125,36281362,10188,(93;104;73;104;61;75;58;58;100;57;77;74;92;64;56;169;202;57;52;90;56;53;63;63;86;63;57;75;58;57;57;60;97;62;114;102;52;57;58;104;53;75;86;57;234;88;86;59;107;56;234;58;234;100;201;57;56;107;76;57;56;58;74;93;56;57;58;56;202;107;100;58;75;53;107;52;53;63;53;160;52;57;90;56;58;88;57;202;53;58;55;59;203;400;56;56;273;96;96;53;58;57;58;90;105;52;276;88;170;88;216;106;62;60;93;62;224;74;207;58;88;100;58;88;64;202;115;62;57;53;95;100;89;63;96;75;96;58;62;53;59;57;63;58;90;75;57;53;58)
seed_4_level_6-4,1860,34744.183188676834,37227093,10339,(75;104;52;58;221;100;61;104;112;59;53;95;116;92;104;58;57;89;62;55;53;53;61;58;104;55;88;58;80;58;63;53;202;62;80;202;100;105;89;114;116;63;90;91;107;93;105;61;58;64;52;58;86;104;52;53;53;106;63;93;63;57;109;96;53;62;92;54;58;57;96;64;57;60;166;58;53;107;64;53;82;86;93;68;101;57;56;63;92;57;53;57;88;59;54;207;221;77;58;87;104;93;274;233;62;58;58;235;231;274;74;100;58;74;86;59;76;93;65;57;52;203;79;221;108;62;106;79;86;371;233;247;237;95;204;59;100;57;53;90;88;74;79;201;92;93;77;274;53;58;53)
seed_4_level_6-4,1860,35291.19628953934,38255914,10490,(95;56;57;95;57;216;53;61;58;207;245;58;89;53;57;105;63;95;88;58;91;88;59;164;104;59;57;53;96;112;54;208;57;111;101;96;73;57;57;66;90;54;92;57;57;53;233;93;104;61;90;89;104;88;52;59;159;58;51;150;109;80;57;57;58;86;202;57;61;53;63;59;88;53;62;89;52;58;59;86;100;104;112;114;58;87;61;57;98;99;57;269;271;59;109;235;61;100;63;236;65;59;58;75;273;272;59;94;100;65;63;62;56;100;57;202;58;160;236;400;161;92;57;100;79;236;59;58;65;56;203;273;79;100;100;60;108;79;59;90;234;78;85;159;76;93;93;58;58;59;100)
seed_4_level_6-4,1860,35830.98730826378,39175660,10640,(221;59;62;97;91;57;57;64;58;112;53;57;115;74;61;100;57;58;58;104;53;53;57;58;52;59;61;88;92;104;59;104;89;52;61;52;106;61;90;52;118;115;109;88;67;54;57;62;82;53;57;52;57;222;61;208;59;100;77;62;59;54;63;51;60;54;63;53;100;53;57;53;93;61;104;61;57;95;93;109;95;207;57;57;57;95;53;167;175;109;72;400;58;64;59;235;64;244;78;90;58;90;63;76;59;77;63;236;80;77;63;65;204;203;53;76;107;88;273;234;56;64;63;58;64;234;233;57;90;92;162;52;58;58;90;65;232;77;90;204;74;88;220;77;274;109;90;77;57;53)
seed_4_level_6-4,1860,36345.95914053917,39873781,10789,(96;101;63;63;92;61;57;52;96;86;52;57;53;100;68;161;112;107;52;95;91;100;57;100;88;95;282;95;95;53;92;57;90;202;63;57;62;58;159;201;52;61;77;69;90;53;61;52;113;52;119;88;97;127;57;57;58;63;57;85;60;75;89;62;58;64;59;107;52;53;63;104;58;57;89;58;58;109;132;58;52;161;273;61;58;70;77;221;234;59;56;58;58;57;76;53;60;52;100;75;82;57;78;58;64;76;77;93;53;59;58;75;58;84;52;64;55;63;57;56;60;58;57;52;77;59;64;235;63;57;53;235;201;59;61;77;90;56;241;109;91;59;57;57;58;57;236;62;74)
seed_4_level_6-4,1860,36880.29900717735,40779033,10938,(113;77;76;116;52;100;62;105;52;116;100;83;53;100;100;83;100;113;100;61;93;104;111;115;100;56;98;100;98;97;53;93;58;91;61;93;68;101;100;125;97;158;108;59;77;78;59;78;162;65;63;80;57;59;57;92;204;93;57;77;77;65;76;160;75;55;88;59;234;90;273;159;58;53;59;58;202;76;90;78;62;59;58;220;63;58;52;100;235;274;55;53;65;274;234;88;74;64;235;77;57;274;282;57;104;62;202;57;91;68;108;205;61;52;88;158;58;91;59;63;53;57;57;57;74;94;57;73;93;89;62;53;204;54;100;179;53;62;59;66;53;202;58;56;64;58;58;58;57)
seed_4_level_6-4,1860,37415.824939250946,41785569,11088,(282;90;58;164;90;57;64;57;90;59;91;106;218;57;65;100;55;51;206;52;53;53;74;90;207;62;57;53;52;52;58;94;55;62;61;58;99;131;59;270;63;90;56;51;52;57;107;54;57;201;100;67;86;215;201;203;206;101;63;73;51;90;88;57;86;100;63;234;232;100;57;57;77;62;52;100;63;58;68;204;63;63;58;65;61;53;235;88;234;100;274;56;56;83;86;64;60;76;53;59;55;59;58;57;52;59;88;63;63;96;61;56;234;234;56;61;235;58;57;204;62;57;54;109;52;59;65;65;56;75;202;87;235;203;76;58;65;87;64;107;89;236;57;272;271;58;87;59;57;72)
seed_4_level_6-4,1860,37973.314643383026,43034481,11238,(270;90;167;212;162;106;113;58;86;57;63;54;57;102;111;221;57;57;53;161;75;57;201;56;53;105;63;161;53;93;53;55;52;60;201;100;53;100;104;202;89;57;100;90;96;206;56;160;90;86;102;78;202;63;52;97;202;90;64;100;63;207;210;87;52;61;204;202;86;53;233;162;90;162;57;86;54;63;64;57;57;57;64;53;201;77;74;272;57;202;100;52;64;57;60;58;80;58;54;75;236;59;234;234;271;236;59;74;75;92;76;92;59;273;59;90;272;53;91;53;88;236;57;57;56;81;235;88;59;76;109;59;221;202;61;59;92;202;69;236;271;52;236;57;60;56;86;56;64;273)
seed_4_level_6-4,1860,38527.841918706894,44169792,11388,(160;91;116;53;201;203;222;52;86;90;57;62;87;56;53;90;164;62;63;62;56;57;102;210;92;94;79;86;58;52;85;89;57;202;51;90;106;202;73;87;101;61;74;90;216;234;52;90;58;90;95;53;88;86;206;91;86;248;74;201;106;63;113;210;108;86;52;55;103;202;75;88;234;108;90;234;90;76;57;87;234;203;236;60;58;159;55;204;65;221;161;53;274;52;273;63;56;77;65;58;57;59;57;83;91;58;54;59;54;64;68;59;109;166;236;53;271;78;56;64;57;55;233;88;58;55;78;56;53;107;234;92;86;83;62;53;60;53;57;59;236;64;58;52;58;57;203;59;204;236)
seed_4_level_6-4,1860,39089.457441568375,45490621,11538,(233;59;60;53;236;53;220;242;91;52;88;57;56;59;55;59;273;59;55;91;201;162;74;204;76;236;63;220;91;58;212;59;59;58;233;90;59;58;235;271;77;58;235;96;210;59;75;63;227;58;76;57;58;56;59;56;86;53;86;87;57;93;57;59;274;91;78;57;273;77;58;220;57;57;61;220;61;248;93;110;210;52;88;52;86;61;164;53;242;211;203;90;232;62;103;216;203;105;100;56;54;73;201;86;87;202;58;201;100;58;212;88;52;63;53;52;58;86;88;86;212;52;207;75;52;103;88;89;270;109;210;97;79;206;102;57;88;91;216;57;88;100;113;90;86;93;210;77;52;94)
seed_4_level_6-4,1860,39627.46289682388,46458685,11688,(161;74;234;75;54;53;162;273;54;57;74;64;85;53;274;58;74;52;53;65;58;204;64;204;56;159;64;78;203;63;54;58;69;75;64;224;104;66;100;54;58;102;78;97;58;58;78;59;161;220;161;59;57;59;58;53;52;62;235;57;64;234;61;59;58;59;64;203;71;60;59;62;52;58;90;62;56;86;210;210;57;56;57;88;93;57;92;58;73;210;56;100;62;86;55;166;89;89;106;89;201;101;56;61;108;57;270;231;86;73;90;75;54;89;86;96;86;105;75;95;53;106;89;211;270;202;202;73;62;104;52;100;73;52;86;55;216;87;58;61;73;53;162;103;86;88;86;52;63;88)
seed_4_level_6-4,1860,40173.714364767075,47591197,11838,(234;77;76;59;211;235;59;59;52;58;53;53;75;52;53;75;59;59;59;58;274;90;233;234;103;203;77;64;58;57;71;53;108;57;57;100;64;93;233;63;58;53;55;161;210;52;236;59;58;163;160;59;56;53;64;100;58;58;281;100;56;162;94;92;59;234;53;58;56;57;52;54;203;73;100;86;210;51;87;201;100;86;57;89;162;56;211;107;54;89;88;52;73;62;58;53;201;75;270;58;210;90;107;87;158;159;270;211;58;57;161;75;86;57;96;74;86;102;100;53;116;90;89;202;56;210;52;55;212;159;52;233;57;52;210;107;51;97;73;243;104;88;52;232;86;75;52;76;56;52)
seed_4_level_6-4,1860,40733.36992406845,48868875,11988,(234;162;55;56;109;55;54;57;74;103;59;233;79;102;57;59;55;57;236;53;53;100;74;212;60;202;55;54;57;91;160;57;61;103;55;75;103;63;163;272;53;53;60;233;52;220;52;102;55;53;92;161;75;77;62;87;53;56;79;236;100;77;53;231;88;102;211;56;72;57;212;55;243;107;52;271;212;57;86;201;52;207;244;52;53;75;270;73;61;158;73;62;221;53;59;86;201;104;73;85;52;271;57;58;105;90;88;232;106;75;115;159;233;111;73;106;201;91;52;59;95;90;270;103;100;103;86;58;90;58;99;53;270;91;233;201;86;85;202;104;61;86;57;52;89;233;233;106;230;52)
seed_4_level_6-4,1860,41270.589225292206,49918223,12138,(236;271;56;93;63;272;57;54;54;59;90;236;90;235;233;59;58;57;234;54;104;233;161;88;53;53;55;56;53;59;159;57;53;57;59;59;233;57;58;77;88;100;58;90;202;53;59;92;53;53;100;75;52;75;53;59;61;74;162;94;93;201;203;101;62;61;56;57;81;243;104;160;54;210;58;86;86;242;54;88;240;91;73;60;75;89;210;201;86;52;59;62;52;57;233;88;89;104;201;91;57;93;88;89;86;107;52;90;62;91;89;210;89;57;86;89;55;201;90;271;51;86;89;106;104;103;93;102;73;53;270;89;57;108;103;73;102;90;89;92;106;89;76;53;89;52;106;51;86;100)
seed_4_level_6-4,1860,41804.737626075745,50858035,12288,(236;58;58;56;89;53;235;63;68;76;270;61;59;52;56;63;56;56;53;80;234;55;58;55;59;52;104;58;75;93;143;79;93;60;220;234;57;88;57;234;100;62;64;161;62;91;58;56;234;58;57;80;56;107;52;58;53;93;60;77;83;53;59;100;97;61;88;57;59;53;243;100;91;61;55;233;89;55;58;91;107;58;99;100;56;58;271;73;103;73;52;86;52;91;270;243;100;58;77;53;212;115;58;100;52;73;100;53;53;52;158;73;271;89;233;204;53;86;58;75;86;53;103;90;52;61;102;75;75;158;91;54;52;77;73;91;52;231;53;87;59;102;73;52;103;88;89;230;53;158)
seed_4_level_6-4,1860,42346.25713467598,51998393,12438,(221;77;52;75;236;271;59;58;66;58;57;246;161;86;58;54;221;63;52;100;54;55;64;95;271;104;57;59;76;57;57;58;59;52;80;54;58;58;100;53;90;59;271;271;234;58;58;100;60;67;59;68;59;211;100;92;100;57;59;91;56;55;64;63;58;60;59;57;55;75;210;57;52;59;89;88;112;201;107;54;87;245;74;61;58;75;153;244;270;85;56;59;73;52;86;125;159;86;88;86;88;270;58;73;270;91;75;73;102;86;90;58;164;116;62;90;86;104;58;90;58;212;54;116;104;233;101;207;76;52;244;52;91;52;100;233;88;86;86;232;211;102;86;231;61;270;88;58;104;53)
seed_4_level_6-4,1860,42898.10296726227,53253700,12588,(236;103;57;53;271;56;57;166;270;53;107;55;53;63;57;65;201;53;100;53;58;58;161;75;53;58;88;54;271;223;53;100;57;100;94;59;208;161;100;54;100;90;88;56;57;58;56;277;91;79;74;55;233;57;274;53;56;94;76;57;65;246;77;56;236;53;91;52;57;57;93;52;52;232;52;57;271;53;86;100;201;88;86;54;270;86;77;270;95;52;52;108;119;75;100;105;59;58;73;201;230;113;85;158;53;271;212;73;52;208;102;202;73;100;89;100;204;58;57;89;73;100;90;59;88;232;74;89;102;161;52;52;52;203;87;211;55;202;86;231;56;210;158;104;212;106;89;159;89;59)
seed_4_level_6-4,1860,43447.15913891792,54510661,12738,(236;53;95;58;247;53;53;55;58;163;52;54;108;271;163;234;74;53;77;106;68;91;77;53;91;62;75;65;90;55;109;235;224;235;238;53;60;100;76;92;234;53;53;236;200;53;91;104;83;56;53;201;53;53;95;52;74;93;91;90;54;90;54;233;57;222;59;73;89;54;106;53;75;52;56;168;58;120;272;158;270;73;58;90;233;161;73;103;57;85;86;159;94;52;95;74;230;53;270;230;210;271;89;91;52;75;53;106;100;58;100;75;76;73;106;210;73;90;58;86;103;90;52;90;52;104;209;232;86;102;89;88;59;58;74;54;202;61;89;231;55;275;58;201;232;74;73;94;104;210)
seed_4_level_6-4,1860,44017.098395347595,55987632,12888,(235;98;274;53;61;53;91;162;100;58;92;234;55;53;88;108;96;100;233;91;218;203;237;100;57;56;100;161;105;66;58;74;59;239;100;91;221;234;236;63;235;226;79;53;53;199;57;86;234;100;53;56;161;160;271;83;62;100;58;57;54;164;203;62;59;77;52;94;87;270;59;73;107;88;271;230;52;230;158;272;202;86;103;75;270;211;90;234;57;74;272;75;53;58;74;58;53;54;212;61;73;86;93;58;57;59;58;270;201;74;53;201;90;57;166;58;270;95;89;116;63;270;270;211;53;52;87;201;55;231;57;55;104;232;61;93;53;56;93;86;75;104;203;75;57;52;115;93;100;95)
seed_4_level_6-4,1860,44583.340665102005,57417888,13038,(236;65;93;53;166;107;76;65;122;162;77;90;234;235;52;107;56;57;271;66;212;91;58;52;104;59;62;53;56;52;100;96;59;161;56;54;106;90;57;58;88;54;67;59;234;236;100;202;52;69;58;57;201;59;78;236;57;234;233;76;162;91;235;116;100;90;220;77;79;88;270;57;104;235;73;270;52;204;91;202;158;231;128;92;88;75;109;57;161;230;57;210;90;73;59;61;203;52;203;109;53;230;108;57;52;95;55;89;104;207;58;161;53;203;104;201;218;270;89;210;276;86;88;273;90;270;60;106;75;230;53;87;91;61;90;92;58;77;58;272;105;270;100;107;53;117;62;88;52;73)
seed_4_level_6-4,1860,45128.865067481995,58444907,13188,(103;58;57;52;204;52;68;52;235;247;79;53;75;62;55;78;219;93;100;100;93;88;93;68;52;55;90;61;57;100;160;53;201;80;57;57;100;59;107;59;58;52;88;62;57;63;107;100;67;100;160;90;55;60;96;62;88;90;57;83;100;60;247;57;100;100;59;90;235;64;273;56;103;89;270;63;88;87;86;89;52;201;58;86;100;106;100;58;53;164;230;90;103;100;53;97;73;271;89;53;89;90;105;89;75;85;52;158;52;100;104;53;90;52;54;54;106;74;74;272;159;161;115;86;62;104;133;207;76;57;201;243;60;201;103;202;73;99;53;103;61;270;59;57;89;234;60;201;75;53)
seed_4_level_6-4,1860,45691.12832188606,59824914,13338,(247;54;212;76;98;100;100;56;59;100;91;100;75;64;56;74;61;63;78;109;54;235;236;202;52;52;54;161;93;201;64;61;109;57;59;159;93;90;59;54;202;53;80;272;63;88;52;58;80;100;204;231;58;52;59;234;90;77;233;110;250;63;54;62;59;243;88;201;53;59;276;159;271;221;58;210;62;73;107;91;52;88;52;105;57;109;270;201;52;89;57;211;90;272;52;271;59;59;59;89;54;89;104;103;56;245;97;53;89;75;204;270;79;100;54;278;53;88;234;100;100;52;203;54;53;88;52;89;201;270;91;86;78;97;234;58;52;270;52;53;106;236;100;58;53;53;59;271;160;89)
seed_4_level_6-4,1860,46238.457521915436,60994108,13488,(79;98;55;201;204;57;59;95;60;58;57;53;222;91;78;85;53;63;104;274;202;274;292;63;88;65;93;64;71;65;58;234;202;62;109;100;211;59;79;107;79;75;57;58;236;106;57;59;90;201;218;245;74;78;200;55;100;78;161;57;56;62;57;100;59;63;61;158;270;68;89;53;159;81;60;100;62;244;160;272;105;100;53;53;105;106;53;70;115;159;58;106;53;57;53;240;271;88;86;92;114;61;53;73;88;102;89;73;53;100;58;160;62;88;55;203;59;52;58;52;90;88;76;232;100;103;91;90;57;52;158;201;58;57;104;203;55;55;55;79;58;73;100;158;272;90;85;61;201;238)
seed_4_level_6-4,1860,46794.8677213192,62141436,13638,(245;86;55;52;75;232;89;89;86;58;203;243;243;203;76;96;89;100;92;58;103;52;87;271;61;104;91;245;55;87;105;61;54;91;52;106;91;75;52;88;210;96;104;52;238;100;63;57;52;89;211;87;159;61;103;90;59;105;234;104;104;53;58;272;58;104;202;88;59;75;61;117;61;276;105;110;86;86;86;236;109;236;204;60;159;88;57;100;202;90;92;52;202;57;107;57;58;90;81;202;58;55;234;56;53;78;90;57;82;91;100;59;88;100;245;57;188;88;85;56;112;210;58;57;161;91;75;92;77;86;211;54;100;57;59;55;203;52;71;59;100;77;59;94;59;59;87;203;88;204)
seed_4_level_6-4,1860,47349.03097605705,63419903,13788,(236;57;60;100;88;201;109;60;52;76;57;94;78;84;75;203;92;53;204;91;100;77;169;58;90;61;107;93;58;108;90;203;90;90;203;57;57;98;209;89;57;100;90;90;56;203;88;89;60;79;212;59;88;91;77;88;100;76;61;63;55;53;203;57;65;69;55;58;98;77;245;270;106;88;110;52;232;90;201;270;75;63;59;89;201;232;55;210;242;202;51;113;202;52;100;58;57;75;58;59;89;106;271;104;105;52;59;86;103;100;202;89;201;89;107;202;199;100;90;100;73;270;201;58;53;230;87;59;52;201;236;57;57;87;201;89;58;57;234;86;162;234;90;232;161;270;53;74;107;86)
seed_4_level_6-4,1860,47913.658189058304,64764128,13938,(236;161;90;57;95;59;100;57;57;202;65;204;249;202;107;202;58;238;62;58;58;57;55;204;55;207;236;53;248;202;63;109;203;90;91;204;59;204;59;57;53;90;57;58;109;59;236;107;58;102;54;96;53;201;204;204;160;89;168;83;59;77;64;100;202;88;161;74;201;91;57;159;86;201;211;101;90;56;100;53;52;57;245;54;58;57;86;103;113;104;77;234;201;63;203;53;101;231;276;100;165;85;52;242;158;57;57;58;52;53;52;106;100;116;100;89;271;103;57;87;89;53;160;53;61;90;52;159;64;54;53;102;52;89;271;58;57;232;116;76;126;59;62;102;233;270;201;59;210;90)
seed_4_level_6-4,1860,48502.05569386482,66350690,14088,(245;102;270;57;203;58;231;57;75;75;231;94;53;59;102;90;232;102;86;52;52;86;107;125;203;107;54;102;53;61;235;83;73;53;270;270;88;230;112;55;90;68;52;90;272;58;232;116;86;52;89;52;100;57;86;110;53;106;90;97;102;59;88;86;58;270;57;86;115;52;49;158;101;90;270;57;201;128;238;247;57;235;250;201;90;214;91;240;236;107;55;202;235;63;102;76;233;58;100;236;53;91;54;107;207;61;240;161;150;60;76;176;94;58;77;215;100;162;220;90;107;238;174;236;63;234;234;239;90;62;204;88;65;94;235;203;91;78;90;52;59;160;63;235;53;76;63;202;236;65)
seed_4_level_6-4,1860,49048.052131175995,67497632,14238,(90;87;91;57;58;89;273;53;75;241;94;52;118;231;58;87;91;54;92;56;94;88;104;53;92;90;100;158;92;52;90;103;231;103;106;89;57;270;100;57;52;58;88;232;88;53;54;57;58;211;88;58;88;91;52;52;231;58;75;203;86;67;232;100;73;270;52;86;58;86;89;112;238;80;78;109;54;52;95;212;201;77;74;203;78;90;94;217;96;162;234;71;98;54;53;203;100;53;59;235;54;96;92;60;52;201;62;110;100;67;58;235;92;204;109;204;77;60;63;54;202;104;72;63;64;54;239;77;204;92;61;61;53;103;75;93;211;75;67;53;100;93;64;204;88;204;161;54;203;98)
seed_4_level_6-4,1860,49613.473052978516,68864917,14388,(232;57;61;87;61;90;57;229;100;53;52;57;53;57;100;52;51;100;100;201;112;59;270;52;64;61;53;106;58;114;58;108;90;52;100;201;102;232;58;58;235;58;52;203;53;52;52;53;57;111;201;102;210;86;203;85;240;201;158;201;62;58;53;54;54;158;233;86;202;90;102;238;204;66;62;95;76;55;203;233;203;91;60;68;203;85;88;100;109;234;75;202;107;90;54;59;59;90;100;163;53;93;88;90;96;204;54;108;230;53;80;202;93;217;245;203;159;77;235;93;202;54;100;203;202;253;79;75;77;80;54;217;100;203;239;202;92;75;204;201;100;78;92;273;64;63;113;59;52;100)
seed_4_level_6-4,1860,50183.083166599274,70338092,14538,(241;52;88;235;58;232;400;60;52;100;73;212;210;57;202;58;57;58;86;91;95;57;59;62;86;90;200;86;231;73;73;58;115;240;203;128;91;75;158;242;52;88;270;240;165;52;58;60;202;90;54;56;52;58;270;52;232;276;90;201;236;57;210;89;90;54;52;52;90;160;161;161;90;89;204;88;52;63;58;203;90;236;238;62;100;100;234;233;232;89;54;56;60;162;80;89;53;60;204;59;62;76;58;53;98;62;64;273;88;81;204;92;218;109;107;59;94;109;74;78;204;100;233;54;89;61;235;57;79;93;89;70;93;90;90;100;90;273;92;273;100;54;204;76;77;107;93;65;107;200)
seed_4_level_6-4,1860,50759.21488714218,71905074,14688,(237;57;202;234;281;59;78;107;202;166;109;54;204;108;93;57;79;59;59;202;234;160;59;162;54;235;233;90;77;100;53;162;61;63;202;60;74;95;93;219;61;89;88;63;75;100;100;58;78;77;89;77;79;90;74;68;274;240;246;247;75;92;63;93;89;63;221;94;109;161;62;235;271;204;118;161;60;240;202;271;90;53;92;204;52;57;241;92;54;235;75;52;198;125;61;86;88;201;201;100;235;203;212;61;100;52;86;232;100;241;235;58;58;237;51;202;94;53;58;59;56;88;58;66;54;52;52;200;56;106;100;100;61;234;202;234;233;158;86;201;201;115;52;56;88;53;87;53;243;251)
seed_4_level_6-4,1860,51315.39940738678,73394160,14838,(246;64;202;100;91;202;75;272;82;54;222;236;89;220;211;83;273;76;233;62;57;77;53;75;214;54;63;77;164;79;90;238;64;100;202;52;54;91;53;63;90;57;71;53;203;74;52;63;66;236;59;293;54;72;222;87;203;235;58;78;67;76;226;272;91;52;79;78;273;53;202;67;160;163;159;207;59;54;206;201;202;88;52;73;202;52;235;124;242;74;91;89;89;212;54;98;90;95;88;270;85;52;75;271;63;203;52;61;202;203;207;92;58;86;73;52;63;52;52;57;52;233;123;53;270;61;122;52;62;201;52;207;161;52;59;58;88;120;206;203;88;100;86;53;125;61;88;201;201;52)
seed_4_level_6-4,1860,51853.366394519806,74712028,14988,(242;58;52;201;86;54;201;271;86;52;87;234;85;53;132;243;246;242;59;230;55;89;77;58;100;54;61;121;55;124;202;58;129;73;75;134;52;58;88;61;88;53;52;231;90;61;91;58;52;52;53;203;235;53;57;201;59;90;100;52;89;58;134;114;74;270;207;202;73;242;94;52;201;58;105;104;272;90;95;100;232;236;100;78;161;204;64;217;74;90;100;58;90;221;80;52;62;53;53;80;62;68;74;54;202;77;78;203;237;200;77;202;79;65;100;63;93;204;103;80;82;93;109;204;62;56;234;105;64;79;88;247;219;88;100;58;64;159;58;63;204;234;59;79;55;53;86;93;189;107)
