seed_4_level_5-1,710,464.65986704826355,348496,150,(34;47;37;22;32;45;105;250;34;34;126;15;24;28;61;91;15;100;41;22;62;15;80;18;36;23;21;110;14;53;97;31;29;82;41;110;20;69;33;27;15;86;86;21;61;71;27;52;200;38;29;24;77;28;35;56;25;97;78;19;24;24;236;34;100;36;22;20;82;34;200;52;38;28;17;19;30;22;35;29;31;200;32;85;57;52;33;100;70;41;65;39;19;50;91;68;42;52;15;20;24;50;66;19;20;100;16;71;39;49;79;28;66;95;36;31;64;95;19;31;39;33;22;36;32;49;28;22;41;100;100;100;71;77;74;63;38;45;18;39;17;101;61;34;75;30;92;143;71;30)
seed_4_level_5-1,710,941.950021982193,695479,303,(84;50;108;100;56;84;108;44;23;100;100;100;100;77;90;55;100;62;100;73;100;88;100;100;76;100;96;92;33;152;60;37;15;79;22;27;73;63;31;21;48;31;22;20;22;34;64;41;44;25;33;49;18;37;117;54;25;38;119;14;35;65;15;61;30;16;21;23;25;21;48;82;27;25;16;66;32;53;86;27;40;31;30;33;78;25;28;27;18;61;113;30;200;39;37;30;15;21;58;21;34;48;29;35;47;31;16;113;28;28;55;47;26;26;28;36;33;19;30;15;70;27;87;44;100;51;25;158;25;55;35;84;70;28;217;48;115;55;37;34;86;18;109;200;26;77;110;27;50;57;82;18;77)
seed_4_level_5-1,710,1411.1068089008331,1095703,456,(100;100;100;80;77;87;47;100;100;100;100;44;63;93;100;100;55;100;38;100;100;100;86;53;112;29;100;56;200;19;19;27;72;28;45;32;19;64;27;39;14;82;134;97;46;23;24;17;25;44;33;55;83;19;52;50;50;27;27;77;24;57;52;21;25;21;35;39;109;41;35;32;79;24;30;32;106;39;85;41;26;47;58;22;25;30;19;33;32;14;22;200;33;28;37;52;38;200;26;92;18;32;16;28;24;24;41;25;34;25;23;33;19;114;32;17;31;52;26;46;138;50;77;53;59;87;42;26;200;33;57;34;29;28;28;48;81;29;65;17;29;25;97;15;200;37;50;90;112;51;57;69;300)
seed_4_level_5-1,806,1896.214626789093,1536973,612,(100;100;100;73;100;100;100;100;52;100;52;95;100;95;56;80;39;103;70;100;100;100;54;49;100;100;47;23;50;97;84;100;104;79;100;32;19;21;209;15;105;159;26;23;200;96;64;30;24;31;20;25;33;20;32;57;14;33;100;22;127;21;24;14;39;20;53;39;25;60;37;27;115;32;54;23;26;16;24;22;24;25;24;25;22;32;31;27;68;21;38;100;34;123;49;77;20;41;39;28;34;25;52;20;18;37;33;30;26;19;18;99;20;19;93;24;41;39;27;100;82;38;57;21;84;34;28;41;50;22;122;65;47;300;100;127;37;33;28;81;28;17;200;52;26;108;200;27;36;27;29;113;200;62;29;24)
seed_4_level_5-1,806,2387.9616887569427,1990340,769,(67;92;100;45;100;100;52;61;66;88;100;100;100;100;34;89;100;100;59;70;65;108;49;67;37;126;100;36;44;100;23;50;65;18;41;166;15;24;54;40;25;25;73;26;84;15;54;25;26;25;76;42;36;44;16;27;24;24;29;58;35;28;54;81;34;15;57;24;34;15;96;19;28;17;22;34;41;37;150;51;31;26;24;60;76;38;25;19;14;35;23;24;25;27;34;23;28;32;33;46;26;57;30;18;31;17;36;22;27;33;40;50;27;51;126;37;132;59;18;300;27;93;37;16;70;52;39;34;28;25;50;227;48;16;200;18;110;84;23;200;15;236;108;25;33;58;26;30;115;105;28;200;200;50;86;131;136)
seed_4_level_5-1,813,2869.3687212467194,2364246,927,(81;99;98;100;100;93;41;73;99;100;100;47;81;66;42;43;100;100;100;64;52;100;68;100;52;84;99;100;100;108;40;31;36;37;24;50;16;16;90;108;16;100;35;23;23;60;113;32;19;20;41;27;17;35;39;200;69;47;18;39;33;109;30;38;40;88;50;24;95;33;100;55;27;38;26;200;39;24;22;31;27;22;15;48;25;199;18;37;18;77;34;19;42;21;14;33;24;84;24;26;35;30;25;14;57;71;29;88;39;18;15;26;18;28;18;35;36;47;138;14;51;62;46;31;19;59;111;25;18;51;38;33;29;108;171;54;52;17;31;200;47;24;35;96;81;53;51;100;26;35;14;47;200;34;17;61;72;32)
seed_4_level_5-1,813,3345.4349172115326,2746589,1082,(100;100;100;89;100;100;100;100;71;100;100;99;47;100;100;100;100;47;73;38;100;56;45;100;100;96;200;112;67;54;63;90;48;31;30;54;20;30;14;66;30;64;19;50;31;26;21;40;85;35;100;25;29;18;102;92;97;37;18;48;23;47;126;36;27;36;50;57;200;199;25;16;28;57;31;30;18;20;14;18;29;43;32;16;76;55;28;41;21;25;32;33;34;59;17;25;23;89;77;20;29;34;32;24;40;21;26;36;37;40;54;31;52;31;36;26;26;23;19;40;22;70;87;19;55;47;31;85;64;59;29;49;34;37;31;100;150;72;64;200;19;125;86;24;36;105;52;80;116;32;31;86;84;31;200)
seed_4_level_5-1,813,3835.4979405403137,3227327,1237,(73;45;92;100;74;50;100;56;100;100;100;350;83;73;65;54;100;100;61;94;45;88;53;100;100;68;100;43;72;87;34;87;50;43;100;43;21;80;23;15;30;18;22;36;24;16;20;68;41;17;89;150;28;26;61;30;36;30;17;34;38;19;34;95;22;23;27;200;62;52;100;17;23;24;36;36;36;36;29;25;23;15;130;100;57;18;37;36;32;18;19;23;35;78;16;19;80;25;27;129;34;31;29;36;34;58;30;25;14;138;34;38;19;22;50;30;47;200;30;100;79;72;32;76;70;62;53;63;22;17;88;52;48;83;57;17;150;27;34;137;32;65;196;131;70;81;200;139;56;77;28;200;200;125;16)
seed_4_level_5-1,813,4320.747602939606,3686396,1393,(79;50;80;44;100;81;99;67;100;98;79;100;100;50;100;100;75;100;100;76;41;100;82;100;40;100;85;86;61;100;60;200;99;34;100;27;102;30;52;37;22;23;26;17;20;19;96;100;75;26;34;31;35;28;20;58;30;26;53;34;47;38;23;45;36;38;17;24;200;15;26;16;79;33;71;23;23;109;15;39;16;31;40;16;40;18;57;35;18;25;22;34;26;100;34;150;57;34;30;30;52;34;62;31;16;25;32;27;25;18;19;25;14;96;39;65;49;69;22;60;29;25;200;31;72;24;54;52;227;86;38;47;110;35;25;116;24;21;40;27;23;350;33;100;200;81;169;111;200;48;35;38;29;14;50;40)
seed_4_level_5-1,813,4795.049784898758,4050437,1549,(39;71;50;100;100;100;100;100;100;71;44;100;100;100;21;40;80;100;100;100;72;50;81;100;83;33;74;62;99;82;112;40;107;30;21;80;40;21;14;60;100;19;22;21;100;20;24;72;22;34;14;62;17;36;101;45;84;24;28;30;57;57;33;21;116;81;16;18;31;49;50;72;52;57;21;57;29;37;23;30;82;23;35;40;35;52;26;56;24;14;13;15;23;126;36;18;28;23;50;38;61;32;36;26;31;14;34;200;23;20;19;57;136;19;28;30;33;25;36;19;94;82;52;112;28;29;24;33;38;111;15;26;34;31;68;57;25;36;23;31;51;28;97;100;50;350;119;28;24;137;19;79;14;105;50;37)
seed_4_level_5-1,813,5278.743096828461,4474625,1704,(100;45;91;100;50;100;100;100;61;55;100;100;71;61;43;100;144;70;83;92;66;67;100;51;100;112;42;91;35;20;86;26;30;14;41;16;24;22;33;100;28;25;16;28;33;23;100;200;62;100;39;43;55;100;71;106;59;67;83;32;98;22;35;27;35;29;34;28;57;25;78;16;77;42;27;24;32;112;22;27;16;15;17;21;29;33;14;17;53;37;100;100;29;34;31;23;26;31;20;23;45;37;19;26;39;34;24;58;49;16;44;18;20;33;34;80;60;150;115;110;63;49;35;80;23;62;45;102;184;54;32;25;57;35;21;57;77;56;162;53;121;250;206;13;30;23;300;84;39;51;25;41;57;32;79)
seed_4_level_5-1,813,5754.363807916641,4854976,1860,(75;100;100;100;100;52;63;64;100;61;100;56;51;47;100;66;53;100;100;99;80;38;91;67;100;126;100;116;35;38;17;46;18;37;99;25;16;23;200;62;64;39;49;24;52;22;54;24;38;24;16;50;121;57;46;26;87;31;15;32;37;18;15;44;25;26;62;38;150;14;29;16;82;21;77;35;38;33;31;77;39;18;47;24;35;23;33;110;23;34;20;16;200;41;108;35;29;28;54;25;35;68;36;100;33;30;53;16;16;44;28;24;15;51;34;31;33;32;72;41;100;136;90;33;27;50;52;38;26;21;40;32;79;27;106;36;40;37;26;106;148;40;54;119;110;300;50;38;20;105;115;105;35;51;55;25)
seed_4_level_5-1,813,6223.805850028992,5225458,2015,(100;100;68;100;56;100;41;71;44;100;98;100;100;89;44;50;100;92;51;68;59;58;100;72;100;100;55;88;76;34;26;68;71;250;32;81;84;80;77;22;48;20;33;27;34;33;22;32;22;62;53;20;133;24;99;32;19;30;41;59;72;57;26;16;20;56;17;16;99;33;24;57;18;53;36;37;49;29;50;16;27;25;20;13;91;38;28;34;23;41;30;21;30;15;17;124;55;30;37;37;35;26;57;30;33;58;27;51;25;150;25;31;30;23;39;34;35;35;34;34;105;29;108;44;48;56;51;65;58;18;42;35;53;50;80;18;81;22;57;49;34;13;22;350;200;29;119;57;81;34;100;15;32;47;57)
seed_4_level_5-1,813,6700.837036371231,5672212,2168,(100;53;68;100;92;45;100;70;100;100;100;62;100;93;67;82;53;100;70;100;100;100;100;100;42;67;100;108;56;75;140;65;44;19;77;76;72;79;50;20;15;30;24;46;18;27;17;28;36;150;47;61;105;23;17;34;28;42;22;60;24;22;40;81;33;58;20;116;71;39;232;27;23;36;34;36;37;23;19;47;27;57;31;36;150;37;100;17;24;36;34;200;18;27;28;49;120;57;18;39;57;13;28;20;37;59;30;33;26;39;40;34;33;49;57;17;17;31;80;56;200;51;86;47;19;55;110;38;129;200;47;48;27;17;17;57;25;53;115;35;97;51;37;30;24;77;36;300;109;32;19;133;200)
seed_4_level_5-1,825,7172.403069257736,6083665,2320,(80;100;74;100;52;100;56;100;100;83;100;43;98;100;100;145;75;56;96;68;100;63;100;96;93;100;100;54;110;99;24;23;21;56;150;85;32;200;116;99;24;36;30;31;68;31;15;25;29;24;33;92;50;45;24;92;55;30;16;23;33;150;28;19;28;86;51;33;30;30;26;16;16;25;19;29;36;32;24;37;31;24;25;20;26;26;150;24;24;19;23;81;51;150;32;20;53;33;14;32;39;150;30;42;30;25;29;19;65;33;26;142;43;84;51;60;40;67;57;41;48;23;215;59;38;28;31;32;34;80;37;84;58;100;86;14;28;37;80;56;15;77;25;100;43;57;108;265;58;200;27;16)
seed_4_level_5-1,825,7646.45559835434,6492707,2474,(88;91;100;39;43;80;64;73;94;100;100;87;96;100;68;66;350;45;42;66;100;100;39;100;101;74;99;60;98;84;43;49;100;100;90;80;33;78;17;21;200;18;22;16;52;56;47;200;47;56;28;28;137;20;99;47;72;15;31;18;23;28;28;24;32;67;200;25;150;27;16;39;50;56;31;30;48;57;26;20;20;22;20;77;17;25;37;26;25;126;100;49;57;19;28;18;27;27;34;27;35;33;40;14;33;49;18;21;35;28;18;26;30;41;37;24;17;34;15;22;35;24;96;68;62;53;25;45;71;42;51;51;200;26;49;38;100;51;54;32;37;57;53;41;105;17;200;15;50;36;49;85;28;51)
seed_4_level_5-1,825,8186.2185690402985,7052016,2648,(43;70;61;47;100;100;57;63;100;30;20;52;103;59;24;32;109;250;36;35;33;138;122;45;34;19;131;25;19;17;55;35;47;33;30;88;20;34;15;33;58;30;22;30;30;88;57;24;25;23;113;18;19;150;19;25;22;14;37;28;200;31;30;21;14;29;27;27;51;55;58;23;30;23;100;55;205;100;61;47;200;98;25;27;29;89;40;57;25;200;34;33;21;21;50;29;33;81;34;47;37;25;25;60;34;32;23;30;37;24;200;14;69;201;93;28;105;100;58;50;29;77;37;27;54;27;34;200;34;60;59;84;84;113;29;109;38;33;56;63;34;100;20;50;57;54;37;48;66;26;83;154;72;31;250;16;16;58;36;22;350;56;25;21;27;58;22;39;200;126;54;80;139;49)
seed_4_level_5-1,825,8666.673371553421,7429420,2805,(97;88;56;100;100;74;71;39;26;33;31;21;21;30;18;21;54;56;150;33;19;56;23;31;200;22;16;55;79;26;29;15;32;16;16;32;26;21;67;164;18;22;29;85;25;19;34;28;34;18;17;31;54;29;54;100;47;25;44;29;32;86;196;17;30;50;34;100;18;34;31;24;97;50;36;18;25;31;15;47;15;80;16;28;18;25;27;34;25;19;80;28;65;29;133;40;47;57;200;62;23;38;31;26;49;34;37;250;30;24;100;25;100;19;200;50;27;77;60;200;57;24;112;27;21;28;32;35;50;84;24;33;34;205;43;27;154;55;35;50;39;39;200;33;47;92;72;31;87;44;50;17;52;19;31;28;17)
seed_4_level_5-1,1410,9160.125182628632,7834279,2968,(77;105;100;101;78;18;100;17;37;20;32;66;107;25;17;26;52;79;22;47;33;50;30;27;89;25;33;19;31;30;45;31;24;38;56;35;33;200;22;26;49;39;54;77;22;86;35;31;16;33;16;30;105;34;36;350;19;36;31;18;33;34;20;17;53;34;19;147;41;19;150;33;26;26;24;56;34;16;26;111;16;27;16;150;27;34;30;35;32;38;15;150;32;54;27;49;29;54;80;56;82;50;80;97;42;67;41;17;100;66;92;71;100;52;75;30;24;76;15;105;51;21;24;84;36;65;51;77;36;50;85;25;33;25;23;25;40;57;84;200;163;18;39;80;51;114;26;22;45;200;24;20;51;34;38;23;33;57;21;238;23;29;19)
seed_4_level_5-1,1410,9625.878592729568,8201732,3122,(45;67;79;83;96;43;58;94;24;27;15;51;24;47;16;59;51;28;36;19;47;33;28;40;34;90;35;30;56;32;32;73;18;16;23;35;21;16;14;19;17;61;27;27;29;28;25;36;79;200;38;36;47;14;30;16;16;15;62;21;28;94;44;94;29;29;57;43;28;153;57;31;19;17;35;21;17;38;14;51;27;22;110;32;106;41;35;200;45;94;79;79;28;22;50;29;58;59;79;52;28;66;92;54;57;25;51;54;25;29;138;31;100;17;82;47;19;100;42;47;31;83;200;24;116;154;200;57;250;86;54;200;200;25;29;115;33;18;29;70;24;78;15;26;46;26;80;27;38;79;21;25;28;31)
seed_4_level_5-1,1410,10079.922735452652,8528308,3276,(39;62;127;26;49;62;100;25;80;32;36;16;25;25;30;35;15;23;27;65;100;20;17;105;53;35;17;25;26;80;200;100;26;100;37;22;21;48;33;18;28;34;33;35;19;33;36;26;24;23;47;63;22;16;21;41;35;26;100;200;40;74;28;32;20;17;36;21;51;57;54;30;24;57;34;30;100;20;54;22;35;72;23;19;80;31;38;34;25;41;49;47;31;50;56;35;26;41;54;58;87;17;41;300;83;48;24;82;47;51;33;34;29;29;33;42;24;106;29;56;49;109;32;27;28;101;33;32;148;16;233;46;47;37;24;28;76;76;54;24;132;113;24;26;83;50;33;52;33;163;30;83;30;18)
seed_4_level_5-1,1410,10512.611239910126,8863147,3422,(41;30;100;58;30;31;79;92;251;75;38;55;29;31;43;37;15;130;23;66;25;17;25;35;21;38;20;43;32;26;77;36;28;39;38;32;17;26;33;47;59;27;43;38;32;18;31;26;17;16;19;25;24;32;23;36;56;40;40;31;27;31;21;86;116;53;57;250;17;36;20;21;15;69;30;48;30;23;200;86;26;69;200;24;27;204;56;34;33;200;79;161;18;19;28;35;200;53;83;47;47;43;64;44;31;57;115;24;28;81;107;28;36;109;57;54;28;37;113;29;26;57;21;28;16;47;30;47;45;16;31;20;64;92;33;42;25;24;24;26;16;54;28;62;35;37)
seed_4_level_5-1,1410,10965.835267543793,9333968,3566,(99;137;100;18;32;25;22;200;24;27;19;31;27;24;35;14;21;26;200;31;24;32;33;38;26;65;32;34;26;38;50;25;26;44;35;27;31;21;71;32;100;51;24;77;200;31;132;19;14;16;64;250;100;54;128;64;61;51;83;40;57;175;24;81;15;22;28;35;50;118;29;31;29;47;21;24;17;100;28;25;59;94;27;97;77;78;200;34;37;19;115;28;26;27;137;34;57;31;77;200;97;56;29;21;30;34;112;106;31;56;39;200;28;23;32;161;18;27;16;57;105;105;24;54;17;23;39;29;37;300;30;250;42;41;46;28;50;59;50;53;27;182;76;29)
seed_4_level_5-1,1872,11400.4017765522,9789561,3705,(52;100;37;79;48;27;33;22;43;61;60;72;100;61;100;90;69;56;30;36;25;44;24;67;17;21;17;31;32;24;39;30;30;31;47;13;16;37;34;48;32;200;15;25;47;66;34;32;82;16;93;100;117;128;38;34;19;16;28;17;49;31;21;112;330;54;47;23;59;37;31;42;22;200;51;29;85;91;37;163;200;22;200;49;200;109;47;30;24;77;99;23;32;29;90;20;25;250;29;109;30;113;65;194;36;33;54;114;54;37;16;77;29;25;47;200;50;67;47;128;29;24;51;54;200;40;47;36;48;36;140;60;25;40;22;15;19;47;16)
seed_4_level_5-1,1872,11841.727457046509,10209058,3847,(56;34;100;52;100;40;17;31;111;22;35;21;77;18;47;200;13;200;60;31;100;52;84;19;27;59;28;64;47;21;24;33;42;58;84;50;36;61;57;33;15;24;25;41;35;56;30;58;31;24;27;31;200;79;109;77;16;32;16;50;52;16;28;47;200;77;105;30;30;28;235;51;25;37;31;39;59;33;30;51;74;69;50;62;30;150;29;16;28;56;30;38;26;54;217;33;36;54;54;63;57;200;84;32;100;28;82;51;200;18;143;29;64;57;27;92;87;37;80;67;56;23;90;41;132;49;21;28;25;33;30;112;30;157;31;25;113;140;32;23;200;57)
seed_4_level_5-1,1872,12276.989565372467,10585311,3991,(25;72;100;29;25;42;61;26;26;100;47;48;150;177;57;60;38;29;48;28;35;37;51;50;32;14;33;24;57;35;92;26;106;33;36;87;36;70;19;22;25;20;37;35;47;31;15;90;32;91;22;23;113;237;51;50;36;16;77;24;22;77;112;25;74;92;50;109;36;19;40;83;25;199;95;24;55;54;15;33;25;85;191;33;42;24;45;91;40;85;34;57;29;35;24;151;22;32;40;42;24;33;137;26;19;40;29;24;25;222;200;81;200;24;22;33;112;14;77;108;27;47;54;155;19;28;113;77;35;55;54;100;35;32;25;36;33;50;13;81;28;16;29;51)
seed_4_level_5-1,1872,12718.004794836044,11000125,4133,(100;40;99;26;40;25;20;118;81;32;26;35;29;28;34;88;48;26;31;36;25;25;24;27;26;41;57;57;54;131;44;107;25;18;51;100;18;60;38;81;29;57;25;113;47;25;31;26;16;51;22;34;34;55;33;30;76;108;21;33;34;86;200;81;60;28;22;35;46;31;24;26;200;34;29;200;94;51;68;25;38;29;23;15;32;15;47;54;106;22;19;200;61;35;81;59;200;25;37;37;41;83;80;23;19;142;82;31;61;200;22;35;36;29;149;25;40;81;200;19;33;17;21;31;52;17;26;58;21;24;181;107;350;82;25;31;28;82;22;42;57;80)
seed_4_level_5-1,1872,13166.739444494247,11446633,4280,(57;20;118;33;33;57;39;40;28;200;200;36;18;57;51;30;200;77;41;50;16;23;51;49;47;47;26;29;19;28;19;31;32;31;25;33;76;99;54;51;33;31;200;50;25;57;50;65;25;33;59;79;34;85;41;50;50;28;17;37;21;77;36;41;40;57;29;119;32;16;31;22;100;61;59;104;200;88;54;31;109;50;36;39;34;23;50;38;19;66;81;41;109;101;100;20;48;71;71;88;125;111;20;38;17;126;111;35;51;32;56;108;232;200;19;28;24;53;26;40;100;24;22;21;57;33;33;28;86;37;42;90;200;250;79;100;22;68;18;44;20;100;46;211;31;115;37)
seed_4_level_5-1,1872,13630.242063522339,11887314,4429,(52;41;31;31;133;200;30;43;22;29;26;19;18;25;33;106;27;25;23;33;35;39;38;30;18;21;23;22;47;57;32;51;62;42;28;41;69;60;59;19;34;76;34;55;105;23;29;200;100;87;86;29;18;200;105;26;37;32;47;49;99;20;61;18;33;200;25;79;54;41;24;18;39;71;200;95;36;16;32;21;165;83;126;57;50;80;77;18;57;50;26;48;200;38;27;37;37;83;200;34;132;33;33;200;67;18;13;32;200;35;24;21;39;40;168;150;41;20;80;22;31;26;38;34;36;20;103;150;40;138;200;18;29;31;84;61;113;55;23;18;24;29;81;28;37;77;18;84;23)
seed_4_level_5-1,1872,14096.661692142487,12342500,4579,(27;98;53;31;58;17;19;22;30;19;100;33;200;86;50;30;33;47;35;15;23;18;51;124;70;52;30;20;36;50;109;49;56;116;17;81;47;250;46;55;200;16;138;32;57;200;37;56;15;32;60;149;77;25;24;56;81;81;32;164;44;151;132;50;50;51;18;23;200;29;50;41;127;16;25;28;69;128;200;54;25;30;28;60;41;15;19;51;27;24;86;40;41;41;28;24;36;78;38;77;19;57;28;32;19;22;28;27;42;162;22;28;32;90;20;28;63;71;151;200;22;22;19;20;138;26;117;114;30;30;26;28;106;108;147;28;16;31;47;27;47;36;79;23;115;31;57;25;200;31)
seed_4_level_5-1,1872,14538.345931529999,12813457,4722,(18;46;24;42;20;57;22;19;31;38;35;38;200;19;106;35;200;30;79;26;29;54;19;132;16;133;57;62;27;18;57;81;26;37;47;33;71;47;16;18;59;28;19;37;31;200;15;40;19;25;33;150;18;52;200;25;24;33;62;35;200;43;20;81;28;77;50;76;30;21;15;113;27;40;100;21;51;24;57;200;200;100;20;26;22;78;54;80;27;200;57;79;35;30;79;17;200;38;200;250;54;71;17;34;40;29;53;29;32;73;22;33;35;50;127;30;80;51;36;40;35;22;83;107;30;34;29;32;160;33;33;54;19;44;108;36;61;50;194;249;38;16;24)
seed_4_level_5-1,1872,14989.29365849495,13242194,4868,(27;49;21;70;25;18;44;100;46;43;19;19;32;89;53;73;39;30;41;37;57;54;30;100;64;25;15;33;59;32;16;15;27;32;84;48;134;28;70;52;16;33;92;64;200;43;151;25;25;83;49;84;30;24;50;146;33;32;54;32;30;58;43;36;29;55;31;29;25;35;16;37;152;23;113;115;77;15;16;200;100;200;28;50;34;47;57;20;57;200;79;24;47;126;61;26;57;152;16;27;38;51;84;134;28;26;162;26;15;58;200;56;57;29;38;216;21;118;47;71;16;23;77;24;18;47;105;47;31;15;41;83;31;50;26;77;50;181;50;121;19;57;100;26;200;156)
seed_4_level_5-1,1872,15464.274420976639,13695522,5019,(32;94;92;15;18;78;19;100;106;162;20;47;112;81;132;89;40;26;89;131;116;87;42;150;40;88;24;47;26;33;29;30;200;49;100;47;50;61;55;62;29;52;86;41;39;57;25;54;57;16;73;63;23;57;200;31;100;77;17;121;21;23;81;27;28;52;27;27;121;53;69;35;36;50;140;59;47;50;14;50;31;38;66;24;51;120;19;131;250;29;200;28;54;53;19;131;200;23;30;110;36;48;49;23;28;49;190;22;26;32;77;25;51;37;50;51;23;125;22;24;25;51;32;34;150;152;112;62;147;39;23;53;53;44;19;41;35;27;37;52;49;81;25;22;23;59;87;152;30;54;34)
seed_4_level_5-1,1872,15958.733038663864,14365759,5171,(54;72;84;32;14;26;47;57;56;39;51;30;95;200;30;82;200;52;21;26;27;50;89;47;100;86;85;25;25;56;46;43;55;200;47;126;45;22;79;34;59;50;24;27;94;110;35;100;110;20;48;197;47;106;88;55;26;41;52;54;32;57;57;57;38;33;32;22;85;54;43;25;43;200;34;86;35;36;190;19;100;82;314;27;79;27;26;40;24;25;31;55;56;166;34;79;51;30;64;150;57;56;52;22;76;90;350;32;87;121;47;200;35;200;77;34;200;51;45;62;31;73;122;200;17;32;28;30;200;22;14;190;242;51;200;23;217;23;54;96;28;115;60;31;24;54;79;34;109;82;45;40)
seed_4_level_5-1,1872,16421.947194576263,14872293,5317,(55;16;65;110;26;35;150;39;29;32;68;26;28;56;34;57;19;63;57;40;32;25;34;79;37;29;43;57;33;35;57;57;85;22;80;79;29;37;57;23;29;66;208;40;36;24;26;109;23;58;58;79;51;80;38;54;30;84;26;109;55;304;28;200;116;85;57;19;47;81;31;43;49;35;122;51;118;16;30;50;200;88;65;49;100;54;78;68;150;32;86;39;32;61;28;18;109;17;33;200;168;200;200;36;14;16;60;200;51;200;26;18;21;38;27;113;136;115;52;137;37;200;87;54;25;74;54;57;22;108;91;20;130;38;68;66;76;18;47;33;27;24;77;33;17;113)
seed_4_level_5-1,1872,16891.3658349514,15432092,5461,(74;103;68;64;100;61;54;33;32;142;38;201;24;31;29;28;27;79;16;34;50;47;57;54;27;30;19;117;18;100;56;66;24;25;19;34;16;62;52;74;61;150;200;41;23;25;31;120;28;53;24;19;200;18;14;19;27;28;72;18;49;68;17;200;27;57;200;81;77;134;39;70;22;65;83;57;149;51;85;36;115;36;32;63;26;16;145;146;200;77;80;49;200;50;200;51;29;22;41;64;63;48;27;200;33;51;18;25;200;40;30;21;250;50;21;85;14;32;27;53;199;79;149;30;60;54;80;24;29;200;25;33;27;40;28;111;57;200;58;55;58;34;30;250)
seed_4_level_5-1,1872,17346.134807109833,15834099,5608,(65;33;40;109;46;36;200;31;52;29;41;122;76;70;57;27;100;32;52;36;79;48;62;31;62;200;72;57;94;24;35;64;216;19;76;26;65;26;77;29;29;55;38;57;108;49;61;137;20;54;57;17;36;54;82;80;90;140;82;31;35;48;28;21;31;25;35;20;79;153;25;33;47;151;36;39;23;36;33;46;117;44;24;54;200;24;17;38;54;25;28;31;38;19;57;26;60;30;168;31;19;80;200;31;19;50;25;116;200;26;79;46;50;38;38;83;79;83;25;36;89;50;16;33;60;70;113;105;47;105;31;109;47;34;27;14;44;50;30;36;50;37;43;41;30;200;31)
seed_4_level_5-1,1872,17806.200326681137,16388676,5754,(26;96;74;33;21;29;76;27;57;30;16;250;114;50;100;74;28;84;115;25;27;50;31;18;50;18;138;200;26;38;31;36;25;54;37;100;98;100;30;93;21;108;20;14;51;35;30;50;53;21;93;21;32;17;54;37;47;58;47;39;54;38;200;33;250;200;31;131;29;30;33;17;29;159;21;20;200;200;91;42;113;82;54;153;200;24;150;32;31;200;86;27;57;39;33;200;32;26;28;85;42;22;57;49;36;39;18;54;20;31;49;113;36;200;227;33;19;19;112;47;31;85;37;79;108;55;31;35;50;200;28;50;200;49;77;33;27;78;34;119;90;40;76;27;64;47)
seed_4_level_5-1,1872,18256.12303519249,16755912,5903,(85;100;76;100;34;51;26;56;54;28;31;17;57;150;20;52;29;17;124;32;50;18;29;113;37;79;57;85;57;67;33;66;30;108;47;32;106;53;21;33;16;22;23;37;33;30;31;48;127;63;26;64;27;19;45;47;57;62;83;100;31;28;57;28;29;31;40;21;42;54;42;31;89;200;59;25;211;84;30;224;108;100;28;31;130;32;54;55;15;35;54;31;33;17;52;133;160;16;21;65;36;40;30;200;62;33;54;29;57;26;32;31;37;29;51;200;37;28;37;62;35;42;106;33;24;50;35;200;55;51;29;84;69;23;25;29;57;36;59;36;71;17;59;59;36;53;111;60;34)
seed_4_level_5-1,1872,18730.694940805435,17217583,6056,(70;62;73;28;26;29;20;51;25;77;28;109;33;80;138;116;153;29;37;52;54;23;130;21;49;49;109;55;25;40;23;105;47;56;54;50;28;51;18;31;113;52;47;20;38;77;22;28;54;30;83;27;33;89;16;31;23;32;25;105;22;133;25;35;57;57;28;80;84;31;34;54;31;16;20;28;17;26;18;27;50;63;22;200;22;29;29;137;14;26;49;50;35;51;78;29;200;19;59;109;50;51;23;57;80;66;58;44;79;31;100;59;80;200;200;23;36;200;16;35;31;21;29;20;20;14;16;29;22;20;54;37;28;179;38;30;114;201;46;61;161;84;200;22;200;141;60;61;200;34;116;100;140)
seed_4_level_5-1,1872,19202.411947011948,17866760,6203,(37;91;21;41;18;200;30;80;32;18;50;29;26;34;52;100;27;200;200;111;200;28;29;200;25;50;87;25;29;56;29;18;34;18;60;77;200;51;30;50;92;51;14;24;32;35;37;87;27;152;27;24;37;32;27;35;26;47;57;200;32;26;105;15;105;200;121;80;221;23;115;17;24;64;22;17;19;57;31;32;56;84;200;57;87;17;58;17;34;32;28;15;49;200;77;47;49;17;47;35;106;26;79;108;200;50;24;79;18;200;15;15;200;27;27;79;83;52;139;26;200;129;37;64;190;139;26;58;187;166;26;55;27;200;57;55;93;83;29;40;142;37;319;37;41;148;38)
seed_4_level_5-1,1872,19684.280877113342,18397455,6355,(34;70;14;50;89;111;20;39;21;113;50;22;17;25;27;115;200;26;79;58;23;57;82;144;29;139;19;36;54;33;32;36;28;34;30;18;16;36;16;116;161;85;32;27;17;33;200;185;22;26;118;16;25;29;38;20;136;19;31;200;20;50;19;33;59;25;77;105;32;21;50;200;80;23;200;32;200;36;21;176;116;128;41;18;36;87;200;36;20;32;106;24;18;31;17;20;18;200;80;57;17;79;250;23;57;55;113;54;48;58;26;34;15;123;115;88;28;84;54;116;54;27;36;54;84;132;150;56;62;39;142;84;15;31;29;23;19;42;24;26;57;35;23;47;25;33;20;223;22;190;50;24)
seed_4_level_5-1,1872,20174.72591972351,18933348,6509,(29;27;74;100;139;47;113;28;26;57;29;30;18;57;29;150;29;42;40;200;22;83;59;110;30;31;34;34;200;71;31;200;16;200;79;15;35;19;200;33;47;25;80;74;47;100;83;19;116;68;27;56;14;200;200;27;26;35;38;77;33;29;24;15;127;25;23;21;59;27;79;109;23;18;76;75;113;77;43;200;108;88;35;200;25;20;26;105;16;31;24;33;19;58;117;18;54;53;24;24;39;24;109;23;21;24;52;56;86;90;20;18;27;31;191;29;68;60;26;30;56;51;146;49;168;76;34;61;50;20;142;152;121;56;152;137;150;49;23;200;74;116;48;21;18;86;40;25;18;86;23;66;129;29)
seed_4_level_5-1,1872,20659.90550637245,19593047,6661,(54;27;54;200;87;26;24;57;25;83;54;54;57;100;35;26;35;113;78;28;121;71;90;59;16;55;84;105;22;77;200;24;62;105;27;34;200;57;24;57;200;54;24;35;109;139;37;38;31;54;82;200;113;59;24;129;57;22;200;19;36;217;22;200;25;41;116;160;51;57;23;108;25;40;194;24;38;129;29;126;36;61;200;54;21;57;200;48;108;200;25;29;18;66;33;34;106;42;38;100;35;20;200;127;21;49;47;29;42;58;27;27;29;81;109;200;200;44;79;33;30;27;131;52;30;28;53;62;27;21;48;55;39;200;141;59;200;58;149;136;22;195;53;57;85;139;82;61;26;21;28;54)
seed_4_level_5-1,1872,21159.892360448837,20345814,6813,(41;100;30;31;26;24;50;52;18;40;16;55;33;28;49;51;131;38;47;42;47;33;28;14;30;113;200;37;64;47;61;200;28;67;200;145;77;115;27;53;55;61;20;54;34;29;83;24;60;30;13;15;121;38;54;59;23;39;24;123;25;32;100;122;200;57;36;194;26;153;56;89;28;197;22;70;62;24;200;63;38;38;54;138;200;128;200;21;200;30;200;23;91;79;79;200;21;200;15;200;26;20;114;200;167;14;139;202;30;27;200;18;54;161;50;57;200;44;27;16;68;23;50;23;200;56;27;25;200;109;83;28;135;200;57;200;25;140;24;143;117;55;25;135;86;16;25;54;132;41;140;126)
seed_4_level_5-1,1872,21662.970781564713,21191774,6963,(200;100;97;29;99;84;83;62;52;200;14;28;32;26;83;29;23;60;26;49;16;214;24;40;200;25;16;81;77;23;45;25;49;200;170;58;200;25;200;93;116;34;191;32;150;136;30;131;200;26;53;53;217;25;100;31;87;148;53;17;53;132;59;77;200;192;200;200;127;200;26;40;31;90;31;57;119;200;61;24;54;113;61;24;28;63;135;51;152;25;31;32;34;79;87;24;41;35;250;167;31;48;83;28;34;15;200;109;30;77;20;29;200;13;26;28;18;74;16;80;127;200;37;79;20;17;79;40;14;193;115;90;200;113;56;192;54;24;88;138;41;143;26;20;200;142;195;30;197;26)
seed_4_level_5-1,1872,22145.097272634506,21817693,7113,(17;21;31;200;23;67;51;18;82;87;29;37;24;57;196;36;135;55;200;88;19;28;118;34;200;36;23;29;119;54;167;52;37;139;24;109;55;51;110;194;50;30;53;29;200;34;200;39;54;200;31;20;48;79;121;35;32;85;119;60;15;26;48;142;21;20;27;17;49;200;83;54;57;27;31;200;23;139;31;83;28;24;24;28;58;57;200;40;33;39;37;50;37;27;39;109;200;57;84;57;50;54;29;27;87;39;48;28;56;199;134;26;55;54;59;100;25;63;267;61;14;200;26;44;21;55;24;200;37;23;140;24;90;59;37;58;87;41;26;36;127;85;32;24;78;88;17;59;171;200)
seed_4_level_5-1,1872,22633.476536750793,22511945,7264,(38;31;41;26;47;27;36;37;39;139;63;114;200;26;139;200;200;57;38;52;36;31;200;26;155;20;27;24;26;105;118;55;58;51;118;25;17;53;57;50;87;80;109;61;29;28;49;16;29;200;200;28;200;32;49;36;200;200;200;26;23;45;80;25;24;36;116;36;41;27;14;34;85;126;16;126;28;47;60;30;36;34;23;39;17;187;60;21;105;200;60;29;54;34;54;37;19;196;55;39;133;25;128;191;153;54;201;146;88;58;41;39;200;213;31;200;24;40;111;47;58;31;18;23;36;76;16;26;32;35;32;24;110;200;196;24;29;41;200;79;31;24;116;151;31;57;80;18;24;139;164)
seed_4_level_5-1,1872,23124.198104143143,23163184,7415,(26;29;27;31;34;17;54;24;24;35;76;64;35;21;48;15;105;64;105;87;76;109;58;130;105;170;106;100;50;200;200;51;23;31;108;200;84;85;25;80;47;77;105;77;34;50;27;23;31;85;47;55;55;47;66;200;200;33;59;115;26;27;25;25;200;200;23;25;225;32;19;200;200;200;250;29;61;86;83;200;37;56;27;41;57;23;86;38;20;41;48;37;87;36;35;83;21;58;54;164;27;53;18;30;40;87;34;53;29;222;17;23;54;79;33;83;133;16;81;27;32;54;113;97;132;101;37;66;111;22;33;141;136;38;46;133;21;88;39;79;20;29;66;19;50;200;200;34;147;52;139)
seed_4_level_5-1,1872,23621.218467235565,24010335,7565,(18;31;31;26;20;115;97;108;96;18;109;51;27;200;36;115;200;246;83;200;111;54;63;179;31;17;24;27;200;39;243;28;31;200;200;32;39;200;31;54;127;29;139;171;36;27;24;194;195;147;29;36;24;19;31;19;49;139;224;198;51;200;26;194;35;19;200;53;82;82;25;33;133;109;34;84;35;200;18;37;200;30;129;35;53;109;83;77;200;25;100;29;200;47;94;77;83;35;40;105;105;200;79;200;124;200;49;21;34;49;60;15;200;68;29;25;37;55;200;38;30;54;23;55;81;25;16;136;87;55;57;77;161;30;77;29;55;68;26;133;36;198;55;100;80;89;34;47;26;57)
seed_4_level_5-1,1872,24131.960386037827,24899611,7715,(30;31;107;77;146;17;29;46;27;221;24;200;29;26;30;200;23;19;200;200;32;95;29;34;26;200;40;61;114;140;24;145;135;47;48;37;27;56;36;52;28;31;187;62;25;76;34;30;30;30;20;77;205;87;34;113;200;138;87;31;40;26;198;24;148;39;200;27;82;33;152;17;200;26;200;126;200;47;20;204;200;200;47;200;50;47;47;51;21;55;117;47;200;61;36;55;105;79;224;31;26;60;18;148;54;85;38;200;35;24;20;62;21;80;20;33;211;82;33;51;24;52;50;116;81;200;57;62;53;37;35;27;113;39;420;200;40;28;200;69;112;24;34;198;131;31;50;143;83;100)
seed_4_level_5-1,1872,24629.917793035507,25720026,7865,(114;35;24;26;23;82;25;55;35;81;26;38;138;113;37;84;193;209;79;53;112;113;157;32;33;200;54;54;21;59;200;18;47;200;124;29;54;57;66;16;162;38;57;47;90;14;31;55;30;76;20;79;200;21;78;28;108;200;200;21;31;226;200;27;24;24;31;81;31;112;205;49;63;22;80;33;79;16;108;82;20;30;200;31;33;30;153;188;213;97;43;200;122;39;200;203;421;26;200;200;28;129;38;59;29;24;38;29;36;26;29;61;59;58;100;57;28;153;42;57;37;88;77;49;200;47;77;35;126;27;30;210;47;105;21;116;26;77;17;200;34;140;26;58;26;62;76;52;57;13)
seed_4_level_5-1,1872,25119.034952163696,26365120,8016,(71;197;59;38;111;39;83;112;47;86;19;210;63;39;41;35;35;19;112;178;30;42;84;38;164;126;200;28;34;24;54;41;85;137;35;19;123;24;26;31;28;132;27;32;30;38;168;47;200;18;14;34;110;30;30;87;22;28;24;79;23;31;200;200;47;200;85;65;16;21;200;70;55;38;53;58;142;35;26;198;25;38;29;21;27;15;200;200;32;21;19;17;49;20;77;283;84;83;36;25;39;34;137;200;29;38;18;18;29;200;26;139;34;59;42;66;18;41;148;89;140;111;84;24;87;27;28;24;40;29;151;33;32;33;31;58;29;47;58;84;116;111;41;31;172;35;87;53;200;31;152)
seed_4_level_5-1,1872,25602.43326997757,26935355,8168,(200;23;47;27;200;67;51;87;188;23;20;100;61;35;19;15;19;25;77;31;200;78;18;200;204;38;24;27;96;27;21;17;26;25;32;108;47;54;64;83;36;100;165;21;37;36;83;140;113;30;25;24;24;150;18;26;29;31;200;133;25;40;115;164;22;140;65;19;21;25;79;30;35;85;90;16;63;79;54;136;86;77;23;129;84;113;55;34;21;105;37;28;38;17;70;36;108;41;39;16;29;70;118;85;65;31;47;19;202;73;61;58;63;48;29;56;54;41;161;87;197;23;137;86;15;200;23;210;50;53;36;27;200;31;52;50;140;72;83;30;54;39;100;36;61;39;30;40;112;41;31;170)
seed_4_level_5-1,1872,26096.816029548645,27655403,8319,(80;200;105;200;200;200;29;28;98;78;28;29;200;77;33;18;30;200;200;31;47;34;222;25;31;89;200;109;17;64;250;32;45;29;37;37;205;111;22;86;42;121;116;196;35;26;23;20;195;200;25;136;109;39;27;117;30;43;23;112;22;50;16;42;31;131;22;25;28;47;48;31;189;134;33;61;50;59;33;47;39;27;25;118;32;200;24;21;14;59;21;40;48;105;28;152;35;20;210;74;31;28;39;210;47;200;21;53;162;57;27;39;57;39;100;60;24;113;92;66;112;37;25;144;160;31;54;165;116;57;78;55;32;50;54;27;27;18;29;65;25;45;38;85;169;200;21;19;82;49;152)
seed_4_level_5-1,1872,26575.869487524033,28291386,8470,(31;84;31;28;200;54;30;61;216;33;36;25;40;25;22;57;250;86;57;32;56;200;32;39;32;79;136;32;47;33;61;32;193;109;47;15;140;59;114;37;25;28;181;39;22;22;115;250;164;50;149;25;55;29;47;200;29;57;46;31;133;82;16;34;27;60;31;58;55;34;25;200;27;135;196;205;149;200;59;57;35;149;41;24;55;59;26;40;39;148;61;25;30;25;29;113;42;35;40;100;29;24;30;113;31;83;36;151;35;200;178;24;163;23;36;29;44;51;25;94;57;26;52;56;100;200;19;15;27;16;47;32;15;76;200;22;26;24;19;27;200;200;77;28;14;22;27;37;15;34;20)
seed_4_level_5-1,1872,27054.297968149185,29049399,8620,(14;23;17;19;200;18;47;22;21;15;32;26;200;28;22;26;25;47;47;16;200;14;19;19;19;35;200;53;24;38;93;100;200;16;18;39;250;25;18;35;58;54;47;200;35;111;25;118;29;26;50;136;108;39;39;23;38;61;88;32;44;200;161;114;200;31;141;142;48;23;113;54;25;200;27;57;40;200;21;57;74;155;41;24;30;84;25;89;51;150;25;140;115;200;55;41;136;36;24;27;138;35;23;41;31;166;32;206;111;39;40;115;77;224;84;115;53;35;56;33;17;195;34;150;77;19;26;25;158;28;131;79;14;200;140;144;26;106;113;109;31;55;30;350;200;188;27;24;28;34)
seed_4_level_5-1,1872,27532.125044584274,29748291,8769,(17;19;118;26;79;21;35;37;79;113;200;121;21;52;27;27;200;26;200;25;15;87;30;109;36;33;77;32;15;77;19;200;200;31;38;200;47;23;28;61;27;47;24;69;47;206;19;200;27;23;59;53;82;114;59;110;250;41;36;31;200;72;200;28;81;35;200;55;77;17;200;34;116;23;106;31;55;161;85;50;117;19;34;143;28;38;61;105;24;22;109;31;29;31;24;24;24;62;88;28;26;143;105;17;69;47;22;17;79;33;17;87;79;200;57;33;203;27;36;36;83;275;53;87;24;196;113;23;59;54;31;84;39;81;109;58;33;270;54;208;84;54;61;84;205;31;56;24;61)
seed_4_level_5-1,1872,28018.046182870865,30441320,8920,(50;19;29;87;58;29;190;30;19;149;200;59;109;26;32;109;136;29;79;31;128;30;25;118;143;51;100;86;107;29;36;50;36;22;63;35;79;37;27;42;57;47;16;106;81;27;198;25;19;50;40;18;31;21;200;47;176;200;25;28;200;20;215;36;34;57;87;36;15;131;47;26;200;45;21;25;36;200;16;17;77;31;50;42;24;200;88;30;57;30;59;55;24;53;28;25;59;47;131;68;31;74;30;62;110;52;38;34;200;65;38;21;20;28;200;30;24;114;38;152;186;113;121;200;27;31;19;211;200;116;137;36;85;31;25;24;111;54;38;54;31;400;29;113;109;53;24;26;150;34;80)
seed_4_level_5-1,1872,28506.45979809761,31201690,9068,(215;83;33;71;54;200;113;200;200;118;200;28;116;21;200;26;110;200;22;31;116;200;29;16;29;47;84;49;108;17;200;30;55;100;33;57;47;86;34;19;77;87;16;17;16;200;57;30;200;14;14;57;32;198;136;50;30;36;50;33;36;18;200;109;33;50;108;19;200;28;35;200;15;14;30;50;53;34;48;28;108;200;26;47;24;33;58;28;14;38;18;24;49;200;200;36;30;200;108;157;42;14;50;28;164;35;50;47;83;86;200;21;21;55;137;115;24;31;26;37;110;20;25;164;22;35;140;60;152;200;34;209;117;117;56;113;33;53;28;37;54;115;109;200;26;25;190;109)
seed_4_level_5-1,1872,29005.31793999672,32046677,9218,(200;191;200;88;32;25;24;33;213;46;37;200;80;30;16;112;105;39;159;30;54;22;200;37;28;80;200;32;25;200;23;68;133;136;36;26;54;32;38;36;29;90;19;20;29;19;39;166;21;41;77;250;190;50;25;28;17;56;24;26;141;33;47;200;19;80;40;200;29;139;38;138;163;54;27;203;137;83;28;23;34;24;32;168;213;19;137;54;142;137;54;214;28;60;26;275;200;208;25;35;128;24;165;56;112;135;53;55;51;41;234;29;52;26;18;33;47;37;16;68;16;15;87;241;48;32;200;200;50;33;54;47;45;27;132;44;145;57;58;200;113;50;96;115;200;29;16;19;18;36)
seed_4_level_5-1,1872,29481.362217903137,32642097,9368,(53;109;18;50;20;23;58;200;56;136;50;55;80;50;36;43;19;47;35;25;50;30;51;109;200;23;23;25;50;17;72;32;38;21;16;27;55;109;22;50;20;50;159;39;58;22;47;79;54;73;22;20;26;149;100;23;26;200;54;200;25;115;79;49;54;22;110;51;54;49;47;35;112;161;23;65;50;37;27;34;33;221;200;19;54;74;63;57;34;25;25;257;197;55;54;27;51;54;24;41;169;23;113;54;22;25;47;53;200;29;40;200;82;167;31;54;54;88;200;56;26;207;29;29;56;113;29;55;24;148;41;57;200;54;68;141;60;218;129;57;24;138;40;27;56;54;54;37;109;109)
seed_4_level_5-1,1872,29966.767318487167,33299508,9519,(133;23;33;31;18;50;54;51;113;28;50;53;57;50;53;199;17;33;18;177;36;80;17;22;21;111;56;79;51;24;51;50;29;50;22;31;18;57;17;33;200;67;53;49;57;65;27;27;200;200;200;135;100;50;51;77;61;31;129;64;200;141;110;225;56;54;28;152;46;23;21;123;209;16;36;38;100;39;196;69;31;82;77;21;64;54;30;51;110;31;209;54;59;19;22;200;54;16;31;109;53;325;25;30;53;28;85;179;195;16;67;32;52;14;52;24;165;54;77;50;23;57;40;138;168;31;32;55;140;137;32;53;117;156;142;38;141;54;29;54;55;35;24;28;25;51;38;25;24;200;98)
seed_4_level_5-1,1872,30454.628960847855,34021318,9670,(18;21;71;16;50;200;15;138;55;23;37;19;36;15;145;18;109;27;19;200;80;16;47;200;79;137;16;26;28;80;81;22;134;18;52;29;22;22;22;24;29;81;112;61;27;139;60;124;25;24;25;175;58;54;36;250;80;26;83;23;54;80;53;54;200;22;84;25;189;209;139;208;22;24;54;31;82;31;25;39;64;95;113;58;52;200;200;54;87;203;41;54;126;23;22;54;54;23;200;200;63;47;68;65;64;57;51;200;131;66;200;16;19;18;140;63;211;50;53;26;18;34;50;25;57;23;138;145;53;31;77;92;18;22;350;54;53;24;161;24;29;33;58;200;53;64;182;68;54;61;33)
seed_4_level_5-1,1996,30924.974789619446,34617136,9820,(18;37;18;16;18;17;31;23;71;39;18;23;25;31;110;35;81;19;18;34;18;55;17;25;50;31;54;39;38;34;70;34;19;130;27;200;35;52;29;105;51;32;29;29;194;55;55;14;200;29;34;119;41;39;33;17;74;54;200;29;113;32;87;200;112;51;32;54;26;51;31;31;19;60;144;200;19;37;113;36;58;57;52;23;57;21;48;54;22;32;35;113;210;165;36;22;25;54;200;188;139;57;110;209;23;44;201;26;25;57;81;54;31;53;27;26;65;140;141;24;41;25;23;54;28;24;24;414;134;126;149;54;38;50;24;49;140;57;135;151;24;137;53;26;27;83;134;57;113;49)
seed_4_level_5-1,1996,31404.40779519081,35380027,9970,(19;25;47;22;54;31;58;70;30;30;35;83;17;126;123;27;79;30;200;31;50;29;100;33;57;50;79;124;57;24;59;31;13;31;30;205;38;17;30;50;51;50;23;200;23;23;119;165;37;57;57;28;139;135;137;25;18;160;224;53;200;54;200;25;400;37;22;26;135;167;168;53;19;35;200;35;272;36;23;53;26;87;58;136;28;113;200;170;135;221;109;49;24;51;110;200;24;38;77;51;91;25;36;55;84;35;51;33;25;87;350;53;32;146;40;84;40;83;21;80;21;70;135;37;83;31;57;87;24;200;57;25;23;37;76;200;20;35;28;51;133;50;29;53;40;66;112;26;50;62)
seed_4_level_5-1,1996,31877.62633252144,36063516,10120,(84;25;167;30;25;25;87;33;47;26;47;22;126;26;79;138;57;53;19;108;109;37;207;38;21;23;87;22;37;65;15;23;47;221;94;29;167;114;136;20;109;32;53;134;22;39;109;24;53;39;131;81;24;39;150;24;81;138;96;30;135;24;29;23;39;160;195;199;24;24;28;200;17;59;200;46;80;18;136;79;26;54;51;109;57;114;79;194;16;19;49;200;22;27;210;116;40;185;25;18;35;148;202;25;52;200;22;24;31;79;113;109;57;50;17;31;13;37;54;40;50;34;251;25;44;115;109;126;21;27;26;31;54;25;115;23;168;200;59;113;208;23;27;119;200;18;23;54;63;20)
seed_4_level_5-1,1996,32350.623824119568,36774128,10270,(224;192;85;86;36;63;87;39;210;17;74;200;34;201;142;26;113;50;35;35;200;53;25;20;27;40;41;39;26;26;54;54;19;85;80;18;131;32;50;25;136;27;133;200;35;53;54;197;216;60;85;56;28;22;113;247;42;86;41;25;43;205;36;140;66;113;53;43;51;32;79;21;58;50;167;51;195;200;39;109;200;37;54;87;54;32;315;14;200;137;33;30;16;147;17;196;82;22;50;26;38;27;33;26;29;28;20;24;51;52;57;27;56;194;27;37;81;17;113;28;109;197;25;16;50;19;141;22;53;37;16;53;200;28;23;57;40;19;26;25;201;40;54;50;23;54;53;37;80;49)
seed_4_level_5-1,1996,32827.132390499115,37521814,10420,(400;16;16;58;109;57;57;109;35;67;57;40;26;84;25;57;37;27;54;140;54;53;24;123;37;17;28;34;34;31;200;130;38;59;33;29;192;57;25;115;25;200;198;144;32;119;200;29;26;40;54;37;57;38;57;115;54;27;80;29;50;49;50;205;30;54;32;194;32;24;22;54;133;63;113;26;16;38;143;200;57;200;41;30;72;114;48;42;23;42;203;42;57;130;57;223;28;43;23;18;21;73;203;28;62;63;19;96;137;54;58;225;30;24;150;118;34;52;250;83;178;23;58;62;39;200;135;28;137;39;34;22;66;167;46;24;128;41;34;65;52;85;152;47;194;50;85;26;54;153)
seed_4_level_5-1,1996,33322.327196359634,38472198,10570,(30;24;21;32;79;18;198;126;50;218;81;163;53;36;83;200;153;100;60;215;87;17;54;128;24;122;23;32;200;25;33;45;54;34;24;188;148;90;19;31;84;117;53;19;71;54;37;42;41;129;54;54;215;44;25;64;38;80;72;25;189;56;150;57;200;218;197;316;21;25;86;146;28;59;250;56;203;200;30;149;118;60;36;39;197;113;25;56;82;40;87;200;135;207;24;56;23;54;200;30;200;40;54;131;33;148;54;191;140;21;40;37;136;147;30;51;53;194;46;109;24;23;54;200;109;18;134;57;56;200;66;51;200;32;58;67;77;24;39;22;200;39;35;21;56;112;200;200;55;200)
seed_4_level_5-1,1996,33813.83076095581,39315080,10721,(56;57;68;82;54;36;109;24;200;139;55;191;37;54;23;26;24;200;37;135;142;25;35;22;210;38;39;86;135;35;54;200;87;59;153;200;41;56;37;200;13;113;192;199;25;157;52;283;34;34;200;200;26;152;40;56;122;329;56;205;200;33;65;31;25;54;79;200;24;150;155;24;159;83;57;37;152;60;54;24;28;57;54;30;25;17;35;54;21;25;24;200;49;56;135;42;25;87;36;25;38;136;64;67;32;167;17;24;24;23;33;126;24;115;72;35;54;43;113;24;200;41;39;204;200;87;20;40;30;89;147;31;32;53;126;66;23;159;36;59;56;22;71;39;62;199;70;195;125;27;118)
seed_4_level_5-1,1996,34295.02340841293,40100767,10871,(17;147;65;84;53;28;37;59;32;43;122;47;33;54;41;33;30;79;23;200;136;55;35;83;39;38;54;15;54;109;200;24;139;24;70;122;54;29;80;23;53;70;200;23;132;148;15;57;81;18;200;54;195;28;198;82;50;80;61;200;115;51;152;200;205;222;142;54;124;59;33;80;30;21;87;30;57;200;87;17;25;27;200;24;18;54;129;27;138;93;40;54;26;23;57;200;54;148;191;36;39;25;30;26;54;22;17;57;32;30;57;38;30;53;133;195;14;200;25;33;373;37;215;24;24;24;24;24;166;54;50;149;33;25;113;53;26;192;30;206;191;100;37;54;16;16;60;151;152;53)
seed_4_level_5-1,1996,34788.14968276024,40945217,11021,(26;18;235;40;25;18;25;82;26;23;200;28;18;57;165;151;37;57;26;21;178;33;33;57;86;30;54;25;54;57;197;200;151;86;40;36;150;109;26;17;194;24;54;20;17;210;22;18;30;54;67;269;21;17;36;19;54;135;24;25;70;165;56;22;18;24;41;200;144;38;28;29;87;57;40;200;152;200;86;32;202;31;57;116;54;112;54;26;36;200;25;26;17;38;29;24;87;23;137;155;26;202;19;81;29;24;124;86;221;89;54;24;142;25;200;134;186;62;24;82;33;62;40;200;34;25;15;21;122;125;31;261;105;64;151;18;277;200;50;83;194;158;54;202;86;53;135;58;153;85)
seed_4_level_5-1,1996,35272.083956718445,41688651,11171,(198;145;15;57;32;37;25;57;39;25;279;18;37;200;18;36;139;25;113;61;20;21;151;23;39;25;57;40;54;202;17;235;202;36;38;83;50;23;56;200;24;23;83;32;23;51;38;57;204;162;22;23;17;152;207;35;24;200;36;26;20;87;128;24;83;54;25;78;23;50;24;38;200;200;25;53;79;115;55;85;114;54;79;148;53;83;15;57;21;117;54;200;200;113;57;64;57;25;57;200;93;26;27;87;20;26;41;200;57;200;239;23;140;41;200;87;96;23;164;24;204;37;54;54;29;39;28;50;21;57;37;77;36;200;86;38;50;24;50;70;50;52;37;70;53;108;54;114;162;58)
seed_4_level_5-1,1996,35743.10509943962,42378261,11321,(83;206;54;110;194;54;30;267;204;24;33;218;28;26;33;40;26;19;24;24;25;28;34;86;36;128;42;57;220;54;200;141;16;23;148;200;34;19;200;30;24;151;40;20;266;54;24;21;51;34;53;22;50;19;195;23;31;54;33;24;39;54;50;38;63;41;146;84;27;17;127;36;53;107;24;62;26;27;200;28;90;24;58;89;115;128;25;125;32;52;53;69;50;130;35;25;171;57;85;62;300;173;24;62;28;59;25;35;50;55;149;140;24;176;35;191;38;52;36;199;80;49;60;50;31;54;24;66;136;57;40;54;61;32;137;22;24;27;54;35;57;108;81;200;87;60;53;34;22;27)
seed_4_level_5-1,1996,36229.867582798004,43304586,11471,(50;36;200;141;186;22;79;26;65;56;250;25;30;30;57;32;54;67;200;123;80;25;200;57;105;34;100;27;203;20;213;86;15;85;189;61;39;50;115;16;217;25;39;86;28;122;87;58;63;113;84;200;28;24;50;201;202;199;56;29;191;200;87;57;40;23;38;193;40;79;58;196;58;69;86;56;82;54;54;23;32;54;113;54;37;147;50;31;17;113;17;20;32;22;54;196;25;27;40;30;217;26;312;181;50;18;35;200;30;50;50;24;34;197;27;23;25;264;196;238;218;24;54;58;34;267;196;41;35;40;50;16;56;16;27;133;50;200;185;29;29;37;31;14;25;57;20;54;23;281)
seed_4_level_5-1,1996,36701.410888671875,44085568,11621,(312;83;21;87;185;138;47;113;115;200;20;40;19;195;53;15;23;25;207;28;33;140;57;53;24;34;54;194;19;25;294;369;17;35;34;37;39;34;49;18;24;194;54;54;19;60;57;28;150;16;17;28;99;24;114;180;18;22;57;33;30;200;19;40;211;33;196;84;53;113;113;26;24;17;23;50;17;61;200;80;35;109;23;201;39;83;109;23;26;25;52;89;30;56;25;24;64;157;73;31;60;26;193;36;206;132;29;66;31;139;200;38;70;16;39;150;37;72;25;51;87;36;26;120;82;200;39;53;36;35;200;52;57;27;83;18;32;40;57;140;200;40;59;53;29;35;69;24;200;87)
seed_4_level_5-1,1996,37183.402225255966,44929927,11771,(55;93;56;41;29;34;194;76;27;50;33;85;37;200;85;137;154;38;50;134;143;183;34;160;77;24;24;212;58;170;178;54;23;200;158;54;25;24;54;193;169;103;45;212;116;27;29;143;25;26;26;274;28;56;22;155;56;176;34;200;200;141;149;54;61;200;30;132;56;116;29;250;188;16;36;21;113;60;38;26;26;33;28;52;200;54;26;19;24;57;199;89;54;235;25;37;54;54;100;19;36;26;24;57;31;139;50;27;19;54;17;50;150;23;35;34;57;200;35;148;24;36;367;40;33;34;54;54;36;52;57;25;39;79;17;50;218;21;30;113;132;79;31;182;136;17;60;31;32;87)
seed_4_level_5-1,1996,37680.36615037918,45793121,11921,(57;20;122;31;16;54;198;39;27;31;28;148;32;57;36;50;200;200;54;25;24;22;29;152;281;26;201;54;147;35;54;35;38;20;57;159;35;62;267;152;56;226;201;21;31;54;24;143;149;155;24;31;200;126;54;57;25;57;36;22;147;26;83;35;27;37;21;54;148;200;31;165;31;139;34;140;55;56;25;161;54;30;24;57;204;24;19;200;200;23;47;17;200;139;59;24;32;200;37;83;191;115;23;52;94;142;84;24;51;143;25;25;55;147;200;127;26;140;146;48;139;34;24;116;21;287;23;57;208;21;176;24;26;87;142;30;29;198;33;57;57;56;26;118;54;26;130;17;35;149)
seed_4_level_5-1,1996,38160.15786981583,46528837,12071,(54;86;196;25;57;113;79;40;54;54;18;34;26;24;54;22;54;80;214;24;25;200;54;29;37;38;57;37;60;54;54;24;15;54;131;109;131;138;151;35;280;114;120;22;54;33;146;115;204;113;50;194;133;54;165;113;24;112;281;19;53;24;34;25;250;25;39;26;54;199;57;41;163;36;145;54;84;54;128;75;75;57;32;121;84;27;24;57;24;35;87;54;54;57;33;200;40;29;100;55;30;50;24;29;71;57;186;28;29;23;25;54;139;24;119;135;25;41;24;28;200;25;139;16;135;16;25;79;24;28;39;38;140;213;50;54;49;161;134;54;200;27;100;54;83;54;219;221;56;24)
seed_4_level_5-1,1996,38661.854788303375,47562160,12221,(165;54;57;200;21;200;163;200;30;54;24;39;56;37;200;38;200;54;200;40;87;35;200;136;54;86;24;139;197;91;127;142;35;55;24;54;180;149;63;126;81;200;83;24;50;27;79;131;19;30;23;30;41;200;139;165;164;200;25;52;200;40;160;31;142;59;83;143;200;55;54;163;51;280;207;199;31;24;34;25;212;17;15;20;36;200;29;17;200;23;33;50;128;23;54;64;22;53;18;135;201;207;54;26;23;200;26;24;28;51;200;16;16;26;194;18;207;46;109;87;23;19;137;123;24;26;209;37;36;131;23;33;198;20;18;30;56;34;20;15;350;222;18;166;34;235;200;17;54;17)
seed_4_level_5-1,1996,39146.93752241135,48369047,12371,(24;129;53;54;25;37;16;51;54;109;15;393;20;154;18;50;25;19;197;57;54;167;32;202;35;27;66;86;211;54;268;27;33;35;17;25;350;39;199;30;57;153;24;30;152;24;60;54;196;83;24;86;18;54;38;53;25;25;128;50;87;31;57;35;193;56;30;37;24;50;199;33;25;54;139;57;109;54;82;200;31;38;165;34;30;136;164;57;38;83;25;142;54;140;66;26;34;59;115;57;200;200;129;40;124;57;72;30;192;143;25;135;25;203;25;28;138;26;60;27;25;135;28;24;16;54;200;87;24;141;149;109;26;31;41;140;54;39;56;57;149;42;57;109;149;54;54;26;60;54)
seed_4_level_5-1,1996,39633.28335428238,49295552,12521,(109;36;54;196;27;200;28;34;152;23;24;32;56;35;24;25;31;17;152;54;29;24;28;25;28;16;200;17;238;34;153;57;36;87;205;108;201;265;200;33;100;36;139;23;54;194;26;25;50;32;34;196;24;58;188;30;22;118;32;25;25;54;54;33;24;32;51;200;150;197;113;137;109;188;200;136;135;135;50;53;41;54;25;27;23;37;50;41;350;226;246;23;29;29;29;88;57;23;33;54;161;24;60;127;200;24;65;128;29;28;136;26;41;127;115;59;40;28;34;32;54;158;244;142;24;200;18;142;24;24;139;23;135;27;221;59;54;41;40;165;137;160;134;215;53;169;50;138;53;113)
seed_4_level_5-1,1996,40125.83224487305,50175824,12671,(37;30;60;238;50;87;57;200;34;51;34;23;200;25;196;24;211;58;32;52;200;24;199;20;54;31;36;30;140;57;54;57;18;54;149;54;196;54;94;16;24;24;162;59;31;196;219;24;150;18;51;199;24;200;52;50;190;16;55;32;200;200;24;24;192;144;29;50;54;122;54;23;163;47;54;24;187;26;135;221;22;57;57;26;54;25;32;25;136;40;34;34;54;30;41;16;36;51;109;57;54;224;142;26;41;23;54;171;200;142;50;41;154;29;37;109;23;200;31;24;19;200;170;200;136;54;23;53;136;139;200;85;145;23;203;37;159;31;23;164;56;200;24;165;57;171;28;33;41;40)
seed_4_level_5-1,1996,40633.82020640373,51153037,12821,(195;54;15;17;200;24;149;109;64;31;24;34;31;28;220;126;50;24;54;23;54;15;206;25;200;23;25;366;200;17;33;23;55;153;36;24;16;59;26;191;36;86;16;35;200;54;24;24;196;26;24;206;36;132;199;200;200;38;59;147;200;150;152;19;24;57;54;25;204;25;36;83;182;54;96;169;29;38;200;193;54;53;57;208;54;54;87;200;220;200;29;27;24;23;134;54;25;28;23;55;50;56;195;200;24;32;53;29;54;54;79;165;85;169;137;200;53;25;135;182;159;172;29;50;28;166;128;134;200;57;142;56;117;30;54;14;159;57;38;141;128;27;139;25;23;37;47;200;36;64)
seed_4_level_5-1,1996,41136.93634343147,52115771,12971,(115;23;196;62;54;30;268;83;54;211;28;217;17;54;139;162;34;152;82;35;87;57;109;17;217;82;17;53;200;57;200;200;29;127;16;196;84;60;36;40;216;80;18;203;34;54;37;30;36;128;53;24;17;85;26;80;94;61;148;29;30;200;57;36;109;207;25;54;229;221;43;26;28;54;54;57;84;54;33;92;54;113;83;137;31;159;52;85;17;189;200;54;25;16;28;25;24;88;54;214;50;39;200;31;24;200;112;115;109;54;200;188;26;33;165;177;54;25;170;84;55;54;51;57;191;192;54;51;27;43;169;98;54;200;200;200;53;58;22;202;200;53;24;132;200;24;135;29;41;47)
seed_4_level_5-1,1996,41634.90189242363,53079258,13121,(191;197;200;27;135;48;191;197;148;25;24;57;32;200;24;36;124;24;151;82;151;198;211;152;203;17;90;192;22;57;27;191;128;29;50;111;63;195;196;194;17;24;33;196;24;54;81;49;199;249;193;28;199;276;80;35;147;24;54;57;87;57;23;54;30;237;54;27;206;135;40;158;24;132;39;113;87;36;27;26;137;137;24;57;200;26;55;194;15;25;54;31;54;83;125;200;142;57;28;56;131;24;134;53;54;131;54;54;164;54;30;50;113;34;23;49;200;24;25;24;61;60;25;111;25;47;58;113;18;163;54;139;200;22;32;24;51;30;200;56;113;191;22;54;51;30;54;56;200;47)
seed_4_level_5-1,1996,42158.42961168289,54288977,13272,(54;31;41;24;57;31;57;57;35;39;37;31;36;88;35;115;50;16;140;131;27;114;22;116;54;28;200;191;135;57;200;54;24;34;26;115;57;131;200;24;73;141;126;79;57;200;25;161;191;131;24;32;113;83;200;166;200;160;26;200;53;170;200;50;37;158;25;35;231;22;49;57;26;41;163;207;54;17;196;47;284;195;32;27;207;332;54;195;267;54;27;128;142;32;115;126;220;34;57;54;200;29;28;40;25;194;57;38;28;200;199;83;54;194;192;153;210;23;193;211;60;151;34;202;34;87;33;200;23;28;83;34;199;211;202;194;54;64;54;29;24;23;35;14;200;196;24;207;200;200;200)
seed_4_level_5-1,1996,42648.127608537674,55236611,13422,(200;84;25;75;35;54;83;135;47;54;29;89;28;54;77;57;218;23;24;197;47;37;139;53;36;350;200;140;57;53;31;159;17;23;163;57;86;57;30;28;38;22;40;31;34;50;57;54;39;16;192;26;53;200;122;30;28;115;47;200;44;126;50;57;54;350;175;125;39;47;33;26;38;27;54;200;195;200;154;37;202;27;150;30;87;54;23;145;137;54;34;50;34;37;83;147;152;188;113;77;50;81;85;79;207;57;22;207;24;54;110;26;34;156;24;24;25;202;129;50;25;27;30;34;28;17;50;200;194;26;341;24;214;128;201;57;200;54;57;18;24;204;56;236;54;33;17;38;37;34)
seed_4_level_5-1,1996,43147.78428077698,56170389,13572,(136;137;30;219;24;34;116;25;200;25;140;14;25;163;26;51;29;26;38;140;132;53;14;29;23;22;54;17;18;84;54;54;22;26;29;52;25;24;29;24;57;24;54;17;57;212;200;79;54;54;139;22;54;54;135;191;141;54;163;138;30;139;54;159;50;136;119;37;23;54;30;132;50;114;221;279;195;32;54;33;57;201;19;22;79;200;54;35;50;200;200;55;26;50;155;37;54;142;57;198;113;150;26;134;17;24;146;27;38;183;54;24;81;317;50;31;190;16;36;18;83;199;191;37;200;33;115;200;203;54;204;305;61;18;38;47;54;126;37;55;210;25;23;200;38;100;200;50;50;54)
seed_4_level_5-1,1996,43662.48156666756,57352515,13722,(200;136;41;139;200;54;94;47;86;59;38;143;24;200;57;144;47;189;252;191;40;17;54;163;47;57;20;250;30;242;25;114;54;200;232;31;54;17;22;109;54;113;158;24;54;57;54;25;53;16;54;79;47;54;22;200;158;57;200;142;200;163;134;114;50;163;50;32;49;30;54;134;197;197;57;211;33;54;203;33;20;198;72;23;57;53;25;57;206;208;350;29;126;200;109;54;141;54;54;25;200;195;23;29;200;192;154;195;24;24;23;54;40;33;131;53;50;28;41;199;54;185;47;191;52;54;54;207;50;18;339;200;237;24;26;128;192;47;40;34;54;197;213;38;193;40;51;126;57;23)
seed_4_level_5-1,1996,44188.43396735191,58624803,13872,(339;109;150;188;54;54;59;149;25;54;49;195;197;210;54;34;198;191;79;53;113;200;220;87;25;18;203;197;144;54;276;24;22;31;25;54;203;52;210;24;196;21;57;34;206;24;20;20;36;200;109;30;25;206;211;57;57;38;57;210;34;325;54;33;152;209;199;26;26;195;193;39;126;210;192;26;159;18;26;54;54;24;200;189;191;83;219;152;53;24;54;54;39;109;77;84;350;55;57;133;25;200;54;51;108;133;138;37;28;200;140;19;25;223;163;57;210;26;15;25;54;29;208;54;28;50;156;26;140;47;57;170;13;29;24;200;17;21;32;18;158;200;58;57;200;54;115;165;221;25)
seed_4_level_5-1,1996,44682.885191202164,59568540,14022,(141;24;30;35;25;23;33;128;14;25;84;53;163;28;190;193;23;54;122;51;54;26;33;189;57;53;32;141;57;54;54;58;200;17;200;164;34;200;173;57;24;54;33;129;27;38;133;54;200;31;164;200;40;26;200;19;156;50;57;32;25;54;134;136;24;18;36;31;24;28;41;50;23;201;31;36;192;189;142;30;28;17;201;54;54;26;191;54;27;276;206;18;188;56;52;33;18;28;53;54;53;26;52;23;24;53;281;192;35;24;47;50;198;31;194;54;196;54;23;52;28;54;54;199;32;34;198;28;200;155;192;17;38;15;235;200;30;32;191;54;31;53;199;210;109;112;279;19;145;40)
seed_4_level_5-1,1996,45185.92265200615,60575268,14172,(25;54;137;58;200;54;135;130;54;200;200;220;58;33;24;84;170;54;165;200;142;170;26;53;200;25;165;200;24;57;221;38;109;21;136;29;18;27;160;17;58;54;38;136;167;160;54;163;24;163;164;220;41;77;220;200;168;138;160;54;195;169;23;54;163;200;26;164;26;127;113;30;21;86;126;54;35;105;109;25;21;50;19;54;32;23;145;222;18;32;54;24;56;235;202;57;144;21;32;32;18;29;18;82;30;90;33;21;36;50;54;25;109;24;54;209;23;33;35;191;23;26;35;54;25;60;218;140;113;29;57;59;22;200;26;24;197;51;191;152;200;115;36;28;143;32;275;36;227;24)
seed_4_level_5-1,1996,45708.121604681015,61829267,14322,(191;194;428;109;216;126;41;196;201;32;18;198;49;36;24;50;188;122;32;133;54;50;57;21;30;24;24;400;200;57;214;25;196;148;35;54;18;36;50;23;25;147;145;57;321;199;54;47;53;55;200;200;164;35;33;83;194;16;23;25;23;25;145;200;18;151;197;21;147;200;135;124;152;167;18;37;115;55;200;18;200;84;56;54;163;23;50;189;53;54;200;32;163;200;200;42;180;200;192;160;161;54;27;54;200;18;39;57;54;24;22;30;192;184;57;141;57;200;25;208;40;57;38;25;27;25;83;24;54;200;25;135;142;30;54;54;200;23;191;54;57;31;220;21;161;54;30;54;189;54)
seed_4_level_5-1,1996,46216.51799416542,62884176,14472,(25;85;54;166;54;32;54;54;23;54;165;54;163;54;136;54;54;54;163;54;200;54;58;23;54;31;86;168;200;87;186;23;26;191;54;57;93;200;135;25;92;29;115;54;163;126;24;26;84;54;84;25;54;25;86;200;54;140;24;54;162;26;37;38;30;53;33;200;53;168;57;25;54;200;200;186;163;57;52;58;371;137;17;36;33;53;17;114;400;24;57;145;54;200;200;87;57;24;14;36;126;324;23;50;83;24;50;63;126;18;79;59;201;113;15;54;152;200;280;221;54;23;26;145;26;25;126;23;195;19;50;201;50;57;54;25;54;154;200;224;59;17;25;200;15;208;54;21;200;40)
seed_4_level_5-1,1996,46719.64852356911,63862691,14622,(350;23;109;24;54;82;54;54;26;28;200;54;25;39;130;26;113;26;54;38;137;200;83;200;84;200;27;58;31;57;170;32;16;18;32;199;54;22;31;31;37;200;32;57;54;195;83;160;24;200;33;163;200;77;26;163;167;52;200;162;31;57;27;179;50;16;139;35;18;47;158;32;28;25;24;28;200;128;83;220;59;200;53;57;57;81;63;24;50;57;196;197;79;35;24;31;54;57;228;35;24;25;30;149;80;79;57;53;144;200;200;83;32;40;87;190;200;59;54;83;53;109;200;128;60;126;26;200;200;127;34;29;33;267;87;245;57;34;25;60;49;194;205;208;54;66;26;21;35;36)
seed_4_level_5-1,1996,47225.778524160385,64913094,14772,(61;187;16;57;23;24;171;32;16;18;25;54;217;200;83;23;18;57;187;37;166;18;31;32;200;25;135;200;223;191;171;54;33;18;87;192;61;28;17;113;49;176;108;24;200;23;57;79;136;41;109;191;24;30;30;168;22;220;158;200;145;24;54;28;49;113;54;54;25;47;166;36;31;229;200;170;128;57;30;207;23;50;122;23;50;205;200;54;24;57;238;206;17;200;131;18;113;51;25;25;24;25;24;131;204;115;26;113;126;25;24;308;198;23;22;188;357;53;36;34;23;83;18;191;109;24;203;208;200;200;29;52;181;54;50;145;54;57;34;22;34;145;34;24;59;57;54;50;23;27)
seed_4_level_5-1,1996,47719.14177465439,65834182,14922,(140;87;157;172;200;57;24;27;26;163;131;37;30;16;141;43;190;45;54;19;36;57;200;25;26;218;26;25;24;208;56;158;29;132;30;83;31;24;26;17;29;38;39;29;200;42;57;25;200;54;200;29;54;38;25;57;34;41;24;57;36;23;24;69;27;200;200;32;141;54;29;171;200;37;219;200;25;57;40;200;54;199;28;200;54;22;30;142;200;200;27;23;28;31;109;196;79;144;21;83;315;54;193;350;208;200;29;25;202;31;17;126;28;40;23;131;50;200;59;62;52;57;57;33;21;24;37;50;235;202;26;54;199;50;25;122;16;50;24;25;139;24;24;54;17;50;36;26;33;50)
seed_4_level_5-1,1996,48208.63461780548,66754358,15072,(127;23;100;84;54;30;110;23;50;38;41;57;29;53;29;28;250;28;94;200;127;84;54;222;161;152;16;19;38;200;27;136;24;250;54;47;30;132;53;57;139;29;342;135;57;105;25;25;58;39;129;171;54;40;54;86;25;56;41;107;190;32;166;77;23;56;200;171;58;85;36;50;210;25;57;61;19;111;54;50;83;26;51;24;54;54;36;18;110;54;27;32;24;17;61;54;24;29;147;29;56;209;266;66;200;16;21;198;18;147;85;18;26;203;23;109;200;133;83;43;25;25;200;23;143;40;238;17;151;26;54;61;17;39;20;131;21;211;370;50;38;199;18;200;131;50;22;43;50;196)
