seed_21_level_6-4,459,533.5453565120697,231203,150,(57;52;42;63;58;59;42;42;79;73;74;62;77;69;44;45;52;48;52;51;52;44;54;45;44;53;97;58;45;91;88;59;57;53;46;53;61;52;52;52;57;53;53;42;64;42;52;43;74;42;44;63;42;57;42;44;53;53;52;42;52;54;57;52;42;42;56;52;58;61;52;64;55;42;59;54;53;43;58;52;49;57;46;57;94;59;42;58;52;53;57;53;52;52;52;43;60;56;42;53;59;52;53;44;42;54;99;44;42;44;55;64;52;57;58;52;59;42;52;52;75;42;42;42;74;42;73;42;52;54;44;56;53;73;42;44;88;67;73;42;52;54;62;62;58;57;52;59;59;52)
seed_21_level_6-4,523,1060.763647556305,461527,300,(42;42;43;42;42;43;43;42;42;42;42;43;42;42;42;42;42;42;42;42;42;42;42;42;42;42;42;42;43;43;42;42;42;44;44;44;44;44;44;44;46;46;46;59;64;67;74;74;75;69;59;64;62;58;57;58;57;62;57;57;57;58;54;57;57;59;57;57;58;57;63;52;59;55;58;62;53;53;54;54;53;51;58;53;56;53;61;49;53;52;50;59;52;56;52;53;60;55;52;52;52;52;52;52;53;52;52;54;52;54;52;52;52;58;54;52;52;52;52;52;52;52;52;53;52;54;52;59;53;54;57;53;56;67;60;62;63;77;73;90;73;73;74;79;68;93;97;91;95;90)
seed_21_level_6-4,548,1597.4479386806488,694045,450,(42;42;42;42;42;42;42;42;42;42;42;42;42;42;42;42;42;42;42;42;42;42;42;43;43;42;43;42;42;43;43;43;43;43;43;43;43;43;43;43;45;45;45;58;63;66;72;73;73;69;59;65;62;58;57;59;57;57;57;57;59;54;57;57;58;57;57;59;57;53;64;52;58;56;58;62;52;67;53;53;54;58;53;51;58;71;53;61;49;53;52;50;62;53;59;52;56;52;58;56;52;52;52;52;52;52;54;52;52;54;52;54;52;52;52;58;54;52;52;52;52;52;52;52;52;54;52;54;52;59;53;54;57;56;59;68;61;63;77;107;73;73;74;79;99;91;95;93;90;73)
seed_21_level_6-4,548,2132.6634521484375,931503,600,(42;42;43;42;42;42;42;42;42;42;42;42;42;42;42;42;42;42;42;42;42;42;42;43;43;43;42;42;43;43;42;42;43;44;44;44;44;44;44;44;45;45;45;59;64;67;73;74;74;69;59;65;62;59;53;58;57;57;57;57;58;54;57;57;59;57;57;58;57;57;63;52;59;55;58;62;67;52;53;53;54;53;53;51;58;56;61;49;53;52;53;53;61;59;52;56;52;58;55;52;52;52;52;52;52;53;52;52;53;52;54;52;52;52;58;54;52;52;52;52;52;52;52;52;54;52;53;52;59;57;53;54;56;60;97;53;62;64;77;105;73;89;86;91;100;94;91;88;95;74)
seed_21_level_6-4,548,2668.31201505661,1163783,750,(42;42;42;42;42;42;42;42;42;42;42;42;42;42;42;42;42;42;42;42;42;42;42;42;43;43;43;42;43;42;42;43;43;44;44;44;44;44;44;44;45;45;45;59;63;67;73;74;74;69;59;65;62;58;58;57;57;57;57;58;55;57;57;59;57;57;58;57;57;62;53;64;52;58;55;58;62;64;52;53;53;54;53;55;51;58;61;49;56;52;50;56;53;56;59;52;56;52;58;56;52;52;52;52;52;52;53;52;52;53;52;54;52;52;52;58;53;52;52;52;52;52;52;52;52;54;52;53;52;62;57;53;54;56;59;62;63;87;73;74;71;77;94;86;100;91;90;93;73;90)
seed_21_level_6-4,548,3201.307854413986,1395478,900,(42;42;42;42;42;43;42;43;42;42;42;42;42;42;42;42;42;42;42;42;43;42;42;43;43;43;42;42;42;42;43;42;42;44;44;44;44;44;44;44;45;45;45;59;64;67;73;74;74;69;59;64;62;58;59;57;57;57;57;59;55;57;57;59;57;57;59;57;53;57;63;52;58;55;58;61;52;53;53;54;53;51;58;61;49;52;50;71;62;53;56;56;56;59;52;53;52;58;56;52;52;59;52;52;52;52;54;52;52;53;52;54;52;52;52;58;54;52;52;52;52;52;52;52;52;54;52;54;52;53;53;54;56;64;59;62;69;64;86;73;88;79;77;91;100;92;93;73;88;74)
seed_21_level_6-4,548,3730.3892891407013,1628544,1050,(42;42;42;42;42;42;42;42;42;42;42;42;42;42;42;42;42;42;42;42;42;42;42;43;43;43;43;43;43;43;42;43;42;44;44;44;44;44;44;44;45;45;45;59;63;67;73;74;74;69;59;65;62;59;58;57;57;57;57;59;54;57;57;58;57;57;59;57;57;64;52;58;55;58;62;52;53;53;54;58;55;51;58;61;49;52;50;56;61;56;53;56;59;52;52;60;55;52;52;59;52;52;52;52;53;52;52;53;52;53;52;52;52;58;53;52;52;52;52;52;52;52;52;53;52;54;52;57;53;53;54;56;67;59;70;53;62;77;77;75;86;73;76;94;91;99;86;88;90;90)
seed_21_level_6-4,552,4265.964351415634,1867177,1200,(42;42;42;42;42;42;42;42;42;42;42;42;42;42;42;42;42;42;42;43;42;42;42;43;42;43;43;43;42;43;43;43;42;44;44;44;44;44;44;44;45;45;45;59;63;67;73;74;74;69;59;64;62;59;58;57;57;57;57;59;55;57;57;58;57;57;59;57;53;62;53;63;52;58;56;58;61;67;54;53;53;54;58;51;58;61;49;52;53;53;71;53;56;56;56;59;52;52;58;56;52;52;59;52;52;52;52;54;52;52;54;52;54;52;52;52;58;54;52;52;52;52;52;52;52;52;53;52;54;52;53;53;54;56;60;97;62;77;74;76;102;64;93;91;100;100;86;86;88;88)
seed_21_level_6-4,552,4792.759937047958,2101717,1350,(42;42;42;42;42;42;42;42;42;42;42;42;42;42;42;42;42;42;42;42;42;42;43;43;43;43;42;43;42;42;42;43;43;43;43;43;43;43;43;43;45;45;45;58;63;66;72;73;73;69;59;64;62;58;58;57;57;57;57;58;54;57;57;59;57;57;59;57;64;52;58;55;58;61;64;52;53;53;54;53;55;51;58;61;49;52;53;56;61;56;53;53;59;52;52;58;56;52;52;59;52;52;52;52;53;52;52;54;52;54;52;52;52;58;54;52;52;52;52;52;52;52;52;54;52;54;52;57;57;53;53;54;56;59;53;62;64;93;90;73;69;78;93;100;73;86;106;88;96;89)
seed_21_level_6-4,552,5322.76506114006,2338944,1500,(42;42;42;42;42;42;42;42;42;42;42;42;42;42;42;42;42;42;42;42;43;42;42;42;43;42;42;43;43;43;42;42;43;43;43;43;43;43;43;43;45;45;45;58;63;66;72;73;73;69;59;64;62;59;59;57;57;57;57;59;54;57;57;59;57;57;59;57;62;57;57;64;52;58;55;58;62;54;53;53;54;58;51;58;61;49;52;53;53;53;71;55;56;53;59;52;52;58;56;52;52;62;52;52;52;52;54;52;52;54;52;54;52;52;52;58;54;52;52;52;52;52;52;52;52;54;52;54;52;53;53;54;56;64;59;97;61;78;74;86;91;81;100;95;96;93;86;90;73;74)
seed_21_level_6-4,552,5843.760429143906,2570148,1650,(42;42;42;42;42;42;42;42;42;42;42;42;42;42;42;42;42;42;42;43;43;43;42;42;42;42;43;42;43;42;42;43;42;43;43;43;43;43;43;43;45;45;45;58;63;66;72;73;73;69;59;64;62;58;59;57;57;57;57;59;55;57;57;58;57;57;58;57;57;57;63;52;58;55;58;62;54;53;53;54;53;51;58;61;49;52;53;53;56;53;61;55;56;59;52;52;60;56;52;52;59;52;52;52;52;54;52;52;54;52;53;52;52;52;58;53;52;52;52;52;52;52;52;52;53;52;54;52;57;53;54;56;64;59;53;62;73;90;73;77;63;68;93;99;95;75;93;93;73;90)
seed_21_level_6-4,554,6381.233368873596,2810591,1800,(42;42;42;42;42;42;42;42;42;42;42;42;42;42;42;42;42;42;42;43;42;42;43;43;42;42;42;42;43;43;42;42;43;43;43;43;43;43;43;43;45;45;45;58;63;66;72;73;73;69;59;65;62;59;59;57;57;57;57;59;54;57;57;58;57;57;59;57;57;53;62;53;63;52;59;56;58;61;54;53;53;54;58;51;58;61;49;52;53;56;53;53;56;53;53;59;52;52;60;56;52;52;62;52;52;52;52;54;52;52;53;52;53;52;52;52;58;54;52;52;52;52;52;52;52;52;53;52;53;52;53;54;56;67;60;68;62;106;74;120;86;73;86;107;96;105;77;88;91;74)
seed_21_level_6-4,554,6916.803601503372,3045377,1950,(42;42;42;42;42;42;42;42;42;42;42;42;42;42;42;42;42;42;42;42;43;43;42;42;42;42;42;43;42;42;42;43;43;44;44;44;44;44;44;44;46;46;46;59;65;67;74;74;75;69;59;64;62;59;58;57;57;57;57;58;55;57;57;58;57;57;58;57;53;63;52;58;55;58;61;54;67;53;53;54;58;55;51;58;61;49;52;53;56;53;53;62;53;53;59;52;52;58;56;52;52;59;52;52;52;52;53;52;52;54;52;54;52;52;52;58;54;52;52;52;52;52;52;52;52;54;52;53;52;53;57;53;54;56;59;68;73;93;74;86;90;96;73;86;95;91;60;100;77;91)
seed_21_level_6-4,554,7454.819273471832,3280694,2100,(42;42;42;42;42;42;42;42;42;42;42;42;42;42;42;42;42;42;42;43;43;43;42;43;43;43;43;43;42;43;43;43;42;44;44;44;44;44;44;44;46;46;46;59;64;67;74;74;75;69;59;65;62;59;58;57;57;57;57;59;55;57;57;58;57;57;59;57;57;63;52;59;56;58;62;54;67;53;53;54;58;51;58;61;49;52;50;71;53;56;53;55;53;61;59;52;52;58;56;52;52;59;52;52;52;52;54;52;52;54;52;53;52;52;52;58;53;52;52;52;52;52;52;52;52;53;52;54;52;57;57;53;54;56;60;69;88;62;88;77;73;93;95;93;87;86;75;99;76;78)
seed_21_level_6-4,554,7984.96212887764,3514237,2250,(42;42;42;42;42;42;42;42;42;42;42;42;42;42;42;42;42;42;42;43;43;42;43;43;42;42;42;42;43;43;43;42;42;44;44;44;44;44;44;44;46;46;46;59;65;67;74;74;75;69;59;65;62;58;59;57;57;57;57;59;55;57;57;58;57;57;58;57;53;61;53;57;63;52;58;56;58;62;54;64;53;53;54;58;51;58;61;49;52;53;53;56;56;56;53;59;52;52;60;56;52;52;62;52;52;52;52;54;52;52;53;52;54;52;52;52;58;54;52;52;52;52;52;52;52;52;54;52;53;52;53;54;56;59;68;71;61;76;75;78;86;74;63;101;96;94;91;73;90;90)
seed_21_level_6-4,554,8514.671288728714,3747344,2400,(42;42;42;42;42;42;42;42;42;42;42;42;42;42;42;42;42;42;42;42;42;42;43;43;42;43;42;42;43;43;42;43;43;44;44;44;44;44;44;44;46;46;46;59;64;67;74;74;75;69;59;64;62;58;59;57;57;57;57;58;54;57;57;59;57;57;59;57;62;57;64;52;59;55;58;61;52;53;53;54;53;55;51;58;61;49;52;50;53;53;53;56;59;52;52;58;56;52;52;62;52;52;52;52;54;52;52;54;52;54;52;52;52;58;54;52;52;52;52;52;52;52;52;54;52;54;52;57;53;53;54;56;67;60;68;53;62;63;92;73;77;75;75;91;94;86;96;90;88;99)
seed_21_level_6-4,554,9083.695234298706,4050041,2559,(43;44;42;43;42;52;42;43;43;42;43;75;42;59;43;43;65;43;65;53;42;56;59;42;56;64;91;74;78;71;56;90;42;59;62;58;57;90;57;56;91;42;42;53;53;53;90;53;52;98;58;53;57;109;58;62;86;62;61;88;52;63;54;69;52;93;57;78;53;63;53;56;42;73;53;52;89;55;52;74;78;68;56;54;52;42;52;75;52;54;53;68;52;52;52;93;65;59;93;73;82;42;57;95;56;43;69;42;42;56;51;100;42;71;53;44;58;53;57;91;52;57;55;64;42;53;53;74;52;52;52;76;52;87;52;93;57;76;53;56;46;44;53;88;88;91;43;53;56;53;53;88;56;56;52;51;53;53;55)
seed_21_level_6-4,557,9602.38762807846,4324699,2702,(42;43;44;59;56;60;52;52;52;75;42;43;96;42;64;59;49;54;61;57;52;56;54;53;100;53;53;53;52;42;42;77;42;56;52;51;91;57;76;88;62;42;61;93;46;50;63;57;57;64;79;44;97;42;42;59;57;73;78;52;52;52;86;53;90;53;53;52;56;52;88;53;59;53;52;52;74;78;50;42;83;52;52;42;89;59;63;42;46;88;90;52;57;55;57;42;68;53;57;92;57;57;109;86;58;73;56;52;49;52;42;53;75;75;52;56;55;49;52;66;57;89;58;80;52;58;53;86;65;49;57;81;52;52;52;91;69;56;74;77;63;56;57)
seed_21_level_6-4,578,10127.124388933182,4630670,2848,(43;42;63;44;44;80;42;53;42;59;52;76;55;54;42;54;89;76;57;123;74;68;57;93;59;55;58;56;56;102;45;53;45;53;96;94;53;57;53;43;52;57;78;54;52;67;52;53;53;53;53;43;53;43;53;52;53;52;52;44;89;57;76;52;57;93;52;88;53;52;59;55;53;55;87;53;95;73;63;90;92;52;86;53;52;43;51;57;57;57;52;51;88;88;44;65;77;96;47;57;102;52;122;57;103;64;59;55;90;52;59;52;57;52;60;53;59;70;91;92;52;53;53;71;54;56;91;59;86;53;52;52;53;52;103;52;82;52;64;57;52;62;52;52;93;68)
seed_21_level_6-4,578,10664.53344964981,4921882,2999,(43;73;52;57;63;42;61;53;57;88;53;52;53;52;52;52;42;52;56;90;52;59;56;53;52;52;53;94;53;42;42;53;53;87;58;54;73;52;57;53;74;54;56;52;52;63;88;113;54;57;61;57;58;43;52;99;42;42;43;57;54;86;54;77;42;54;43;55;55;61;53;61;57;57;52;53;57;89;54;66;93;52;51;58;52;43;45;77;79;43;86;52;64;54;52;55;56;52;58;60;91;53;43;57;77;57;59;69;45;59;61;57;57;88;53;59;52;65;53;57;92;57;119;72;59;47;56;95;57;74;42;75;56;62;60;52;53;53;52;57;75;52;52;115;111;52;53;52;75;55;86)
seed_21_level_6-4,578,11182.57269358635,5192270,3144,(43;53;63;42;52;58;77;58;53;69;43;42;53;88;53;59;59;91;81;42;90;53;52;43;52;52;52;53;52;52;43;43;52;95;42;42;77;42;88;56;43;91;56;57;52;57;60;57;57;42;93;52;43;53;57;55;76;74;88;59;52;58;42;73;56;52;63;65;53;94;59;57;52;68;54;53;88;53;78;88;57;86;55;57;75;54;53;53;57;64;58;93;53;80;61;65;57;47;43;57;61;52;74;95;58;66;47;59;57;85;43;59;56;75;52;52;52;53;52;52;52;52;86;74;52;58;52;52;53;52;52;58;53;58;53;55;54;103;75;57;53;57;60;52;52)
seed_21_level_6-4,1195,11706.506076574326,5509669,3289,(53;43;45;52;53;52;56;52;52;63;52;60;100;47;93;60;61;43;53;52;95;58;53;55;56;56;43;66;57;73;56;58;53;60;54;42;90;53;53;53;52;54;53;91;52;112;43;43;59;43;52;77;58;42;42;58;55;48;69;59;220;52;52;52;56;43;53;97;73;87;57;52;52;53;54;74;82;98;52;118;76;54;57;63;54;93;103;53;75;43;77;89;53;65;57;88;74;59;57;54;57;56;53;61;57;73;55;73;52;52;52;86;88;52;86;104;57;42;57;53;62;47;53;42;75;55;52;61;74;53;55;52;55;73;115;88;59;53;57;75;61;79;54;53;90)
seed_21_level_6-4,1195,12231.102914571762,5809533,3434,(53;52;43;53;91;88;42;42;42;58;92;42;61;59;57;53;67;53;66;75;111;43;53;43;97;53;62;81;59;58;57;61;60;59;63;52;52;52;52;52;52;52;92;58;81;52;58;104;95;61;56;78;42;43;70;60;115;53;56;53;56;43;57;52;75;90;55;52;53;57;43;42;57;90;62;59;52;57;52;43;53;55;90;57;55;53;86;56;54;57;58;93;53;75;59;54;57;90;83;53;57;57;90;88;74;53;52;53;56;52;88;86;61;74;54;59;90;52;52;52;60;53;107;90;80;93;58;86;59;56;42;75;87;78;62;73;43;49;57;43;42;52;53;53;53)
seed_21_level_6-4,1195,12784.778791427612,6139705,3584,(159;59;58;58;58;68;57;73;52;63;52;56;63;42;52;53;55;52;52;43;90;62;52;61;52;88;52;52;55;52;52;52;69;52;42;88;53;94;53;60;42;104;52;112;57;63;102;53;56;55;52;67;53;54;63;72;54;63;42;53;53;75;53;83;80;61;75;54;56;57;68;60;74;61;88;56;65;62;90;86;77;54;88;53;102;52;53;53;80;57;87;52;52;56;53;60;61;53;52;59;88;88;101;45;42;55;53;75;88;53;43;87;52;52;52;59;53;52;52;58;43;53;55;53;76;90;68;68;53;107;132;106;76;82;88;53;57;88;57;53;53;86;79;53;53;53;56;53;52;57)
seed_21_level_6-4,1195,13328.323585033417,6491086,3730,(53;60;52;55;52;52;52;42;73;52;53;52;52;77;43;43;42;42;42;59;88;68;115;87;118;42;45;91;122;52;43;86;58;56;57;52;54;68;63;56;57;61;75;88;80;53;52;52;52;88;77;53;74;91;54;53;75;57;75;42;90;75;57;122;88;57;59;55;53;58;59;57;87;54;67;55;103;69;88;42;68;74;57;54;55;52;67;75;75;52;89;43;53;89;52;88;52;56;73;74;52;58;57;79;53;58;98;52;87;76;55;54;76;52;52;42;89;53;95;88;89;56;56;54;49;57;52;57;52;52;52;105;108;107;76;90;73;107;88;74;75;112;90;73;90;107)
seed_21_level_6-4,1195,13885.432332277298,6847905,3880,(88;52;42;59;54;63;53;52;52;43;54;52;52;60;43;52;55;52;52;53;87;52;59;59;86;64;53;57;161;86;87;54;52;86;58;61;62;78;90;89;94;59;59;69;53;57;55;68;72;54;65;96;57;52;56;81;58;89;53;55;55;90;43;57;57;53;88;103;52;43;104;74;87;87;57;57;63;57;87;75;86;122;60;57;71;63;93;42;60;79;79;76;76;43;77;74;53;54;88;58;54;53;59;43;74;80;53;57;57;102;57;63;75;88;65;90;76;42;53;78;93;76;53;77;52;88;88;56;62;52;52;53;74;52;88;88;64;75;74;57;88;80;107;53;57;60;61;80;57;63)
seed_21_level_6-4,1195,14439.351323843002,7187180,4032,(52;52;52;52;52;42;42;42;60;52;86;59;88;90;52;52;52;112;56;42;59;57;53;55;52;87;56;88;93;57;51;57;52;65;52;42;102;113;53;63;55;52;58;57;51;78;104;54;53;106;53;119;52;53;56;53;42;58;59;53;52;118;67;58;57;65;56;81;93;74;106;57;101;96;63;63;52;53;57;49;98;53;88;75;74;57;61;74;87;92;53;52;88;58;64;55;52;81;75;90;58;104;57;57;96;57;58;57;57;93;57;52;87;52;42;51;82;43;43;86;60;52;52;57;57;87;53;52;45;45;42;53;93;75;60;74;45;45;91;59;52;59;52;89;53;76;53;50;57;51;89;58)
seed_21_level_6-4,1195,14979.311697006226,7539490,4183,(52;43;52;53;43;52;71;89;52;52;52;57;52;52;52;63;52;55;56;52;95;53;54;86;53;52;57;61;61;53;53;51;119;51;52;56;52;53;59;59;52;53;72;63;54;53;86;61;43;59;43;63;56;54;90;53;53;54;53;88;56;57;53;56;53;93;77;57;57;74;79;57;93;59;113;53;57;133;87;63;57;58;57;104;75;62;64;88;61;161;107;94;109;53;57;75;88;57;53;61;117;63;57;57;57;54;53;88;52;81;55;52;90;52;81;53;57;53;91;52;55;89;52;52;52;55;94;52;89;54;52;54;53;58;54;53;125;62;53;106;98;57;52;111;61;57;57;57;57;64;113)
seed_21_level_6-4,1195,15528.038936376572,7900189,4333,(52;52;52;52;58;54;43;52;52;86;57;53;52;75;53;53;76;52;54;42;58;71;49;56;87;65;74;52;51;87;57;51;90;52;96;52;53;74;53;119;103;55;57;57;67;133;74;42;59;63;57;54;57;52;77;57;93;67;56;53;58;77;55;56;53;43;62;78;52;93;88;91;52;91;76;53;58;73;61;74;53;55;61;53;57;55;53;106;53;98;96;57;45;61;90;52;79;56;71;60;64;104;57;57;57;53;77;77;65;59;42;100;57;76;56;69;74;42;88;56;52;52;62;73;53;89;57;53;63;202;53;63;57;96;61;57;53;57;91;116;103;91;84;68;57;63;88;91;57;56)
seed_21_level_6-4,1195,16062.993533611298,8218668,4480,(52;86;56;53;52;73;57;61;42;72;86;57;77;42;52;55;64;53;53;53;76;87;58;53;103;53;67;70;53;72;63;59;58;61;53;63;52;53;104;57;78;55;43;55;58;66;52;55;91;43;57;57;58;52;43;63;88;49;104;71;96;57;55;88;54;104;109;53;77;106;58;53;82;59;104;75;93;59;77;55;77;58;53;88;57;53;57;90;62;57;57;53;87;53;52;73;73;56;62;52;51;55;56;52;53;87;52;56;53;77;52;88;57;59;52;53;52;53;88;69;61;90;52;57;58;54;74;93;53;75;57;57;57;53;53;62;60;91;57;57;57;58;88;89;57;57;45)
seed_21_level_6-4,1330,16595.946383953094,8574963,4627,(86;67;53;52;52;52;60;52;43;52;52;88;75;57;90;123;62;57;88;57;57;57;57;70;78;57;88;63;57;58;57;57;73;62;57;55;121;59;50;64;53;91;57;53;57;87;87;53;52;87;56;54;75;47;56;53;53;56;57;53;119;45;57;62;57;57;57;57;53;57;57;66;57;57;75;103;53;87;52;52;62;52;43;52;52;53;49;52;43;65;84;52;52;106;52;57;54;58;57;58;53;90;55;77;52;76;62;106;106;282;93;75;57;50;57;53;57;53;57;57;57;57;88;52;57;49;53;74;86;57;77;53;88;73;89;61;109;56;53;74;53;53;57;90;59;52;74)
seed_21_level_6-4,1389,17136.06303548813,8957469,4777,(86;58;53;52;52;52;52;43;52;42;53;52;87;58;52;90;52;53;55;62;52;52;51;52;91;59;102;101;53;52;75;57;103;119;53;72;57;43;59;53;44;53;63;57;52;52;65;89;55;52;52;42;43;42;55;54;53;42;93;79;68;92;58;58;75;53;75;55;54;76;59;42;68;57;87;91;91;57;57;57;57;76;64;57;53;57;109;53;84;57;97;89;57;56;56;75;76;108;46;88;57;90;56;103;46;89;55;56;93;43;53;73;57;89;57;90;57;57;103;53;55;55;57;59;116;52;73;57;93;90;58;245;53;52;58;58;93;93;57;53;74;213;53;58;58;57;77;58;53;57)
seed_21_level_6-4,1389,17673.609615802765,9319635,4927,(90;88;114;54;55;57;56;90;52;89;53;42;58;89;42;86;52;53;52;52;44;54;43;90;53;56;56;52;61;89;53;86;53;55;43;91;56;53;74;42;89;42;51;64;69;43;119;55;96;57;54;128;57;57;57;94;61;112;57;57;103;60;63;66;116;57;90;55;52;77;53;57;55;59;57;57;57;53;57;57;103;53;53;79;70;59;57;87;53;53;57;53;59;53;53;94;53;74;61;57;58;109;88;57;77;75;58;57;164;57;90;57;62;91;53;57;64;51;90;89;57;64;66;53;88;60;55;88;56;102;57;58;102;52;61;58;55;93;86;53;93;52;51;58;58;53;58;59;42;113)
seed_21_level_6-4,1389,18216.69388437271,9676882,5077,(88;59;52;57;51;53;59;52;91;52;73;63;43;87;42;63;89;51;87;52;52;52;61;52;52;52;97;90;52;57;103;61;57;52;53;57;75;88;53;50;77;57;44;93;75;63;53;53;90;57;80;58;79;53;59;53;74;53;62;54;56;43;88;56;59;88;110;79;79;79;54;77;53;93;44;54;54;90;62;59;56;90;62;93;93;57;70;91;52;106;76;57;58;102;52;59;58;52;106;86;58;90;90;52;53;102;106;86;104;57;59;110;57;103;53;82;53;59;63;46;52;57;57;53;57;107;57;80;57;93;53;53;52;88;90;56;53;78;58;56;53;53;79;63;56;59;61;53;58;82)
seed_21_level_6-4,1389,18766.105847358704,10049888,5227,(86;52;76;62;73;75;63;91;73;42;53;53;59;59;56;55;88;53;53;106;53;76;60;95;53;63;77;91;95;90;57;52;61;57;110;43;59;53;103;62;109;71;123;109;58;46;57;103;61;54;77;63;92;90;42;53;42;42;53;90;70;55;59;55;61;57;53;59;53;53;97;53;74;56;52;52;52;59;73;62;110;57;52;105;88;99;67;87;53;57;60;57;55;53;57;58;58;52;65;54;207;62;63;57;56;57;63;96;88;73;42;66;44;52;57;88;76;63;57;44;58;57;53;62;53;57;102;109;57;53;52;86;52;53;52;57;52;57;55;54;57;77;76;53;104;86;106;53;52;106)
seed_21_level_6-4,1389,19310.654296398163,10472055,5376,(89;57;42;60;59;58;92;42;100;42;43;61;53;90;59;57;93;62;88;54;53;53;53;59;90;93;55;53;57;74;57;63;88;86;62;60;64;55;52;55;57;64;53;53;63;67;66;59;63;116;207;95;53;89;53;202;56;63;98;56;59;90;57;53;87;53;53;77;95;88;53;62;57;57;56;57;56;88;58;53;57;57;57;67;53;53;97;109;120;57;106;57;79;65;96;95;59;52;53;63;63;53;42;57;58;53;90;53;88;104;53;75;58;104;55;53;53;58;53;59;57;56;88;104;116;58;104;53;88;104;57;58;113;57;53;52;77;62;203;52;52;58;97;52;52;62;53;158;53)
seed_21_level_6-4,1389,19861.54052090645,10902137,5525,(90;43;76;42;89;75;59;42;53;88;89;58;42;90;59;88;75;55;88;106;57;42;58;57;90;67;75;57;59;62;59;74;87;53;73;63;43;70;57;63;57;63;89;43;53;90;53;58;108;59;57;109;57;54;57;57;63;53;53;61;53;57;96;109;106;96;78;57;57;90;57;93;57;64;52;61;57;56;53;56;58;107;55;44;112;54;109;90;53;90;87;88;106;90;59;93;58;66;96;58;56;76;53;106;93;59;91;51;160;74;78;52;59;58;53;90;57;75;59;89;54;52;57;53;74;57;54;207;52;58;51;207;201;58;58;50;51;64;86;53;51;63;51;51;79;78;88;88;59)
seed_21_level_6-4,1389,20417.897085428238,11375322,5676,(90;76;53;60;76;42;54;76;42;42;54;57;56;53;89;55;64;70;43;53;59;90;62;63;54;53;52;74;42;54;60;88;104;63;46;202;56;57;57;57;82;53;62;57;57;88;91;62;75;59;57;62;57;57;57;57;53;57;57;53;64;88;56;88;97;53;109;57;65;53;96;77;115;57;88;63;75;58;55;58;53;59;56;53;57;202;202;52;107;54;55;59;52;54;57;53;53;75;56;61;80;89;93;62;90;92;104;53;122;92;57;52;58;123;54;53;111;57;52;53;75;56;93;53;88;58;75;63;201;207;58;88;55;96;57;62;58;53;98;58;202;53;159;58;52;57;58;53;58;120;93)
seed_21_level_6-4,1389,21000.673701286316,12035188,5827,(63;52;95;53;62;91;43;54;53;53;89;64;52;75;90;94;64;84;42;89;42;52;106;59;52;42;57;89;57;97;53;84;56;57;53;57;53;53;53;90;104;57;62;56;53;98;109;53;57;117;55;42;109;62;57;57;118;82;96;56;53;112;60;54;112;58;106;58;59;75;58;71;263;90;57;52;58;58;59;53;57;57;93;128;57;107;202;77;57;88;61;58;69;88;57;57;57;57;88;57;53;91;95;88;53;91;75;89;202;57;90;107;57;96;57;63;202;107;78;53;202;107;53;53;57;58;53;201;207;202;97;64;93;64;117;53;93;201;53;202;53;270;56;201;61;89;201;57;59;55;57)
seed_21_level_6-4,1389,21558.47209048271,12601653,5976,(88;63;93;71;70;42;74;43;43;42;57;91;63;90;42;42;79;42;78;42;42;55;96;74;57;90;58;77;57;60;91;89;75;53;57;83;58;91;53;60;60;51;57;113;53;57;58;94;52;59;89;57;121;57;72;103;57;53;84;61;202;57;53;57;93;57;58;88;60;57;107;207;51;51;91;114;88;98;119;91;74;88;74;57;57;53;88;128;174;57;58;53;57;109;80;57;57;58;93;161;67;54;53;58;202;56;95;57;202;90;75;75;112;96;53;75;42;62;57;57;86;57;158;54;50;109;50;53;190;56;53;53;51;63;58;58;261;87;206;53;58;90;62;53;81;207;61;90;57)
seed_21_level_6-4,1389,22108.9553463459,13157543,6125,(90;70;69;53;69;88;42;62;52;52;53;43;90;106;59;42;108;63;54;42;42;52;54;90;42;75;56;59;57;58;53;59;89;44;43;79;76;71;61;53;59;79;109;67;93;80;58;53;53;44;62;62;58;94;92;56;57;60;52;57;174;57;52;53;109;81;248;77;49;77;81;75;77;104;53;52;125;125;109;52;202;63;57;57;57;89;57;89;53;64;96;59;77;53;62;57;74;62;57;53;83;57;96;53;57;54;91;58;202;51;57;55;90;56;91;81;88;75;57;53;93;202;75;178;53;127;61;61;96;52;58;81;57;98;69;96;57;159;58;53;207;57;54;61;206;49;86;274;77)
seed_21_level_6-4,1389,22688.080387592316,13854042,6275,(76;52;75;86;86;55;52;52;74;86;42;52;90;77;42;90;75;72;63;90;52;73;57;76;56;89;74;88;57;42;59;56;57;59;121;60;42;82;57;94;57;116;113;59;46;42;52;109;60;53;129;57;202;57;57;212;95;57;59;64;201;167;93;107;53;93;53;55;54;87;53;53;59;54;78;53;80;57;57;57;202;53;76;57;63;44;91;58;202;202;88;78;88;75;202;57;57;55;248;123;53;57;57;252;90;57;55;92;53;57;57;53;88;74;57;103;57;52;57;79;77;90;166;61;127;61;95;206;206;59;57;64;64;54;95;86;56;64;111;58;205;55;97;160;254;53;57;53;96;166)
seed_21_level_6-4,1389,23267.025321483612,14570878,6425,(88;54;58;57;60;101;80;56;53;57;90;57;74;74;112;57;76;109;129;57;54;76;79;71;94;116;57;56;84;93;53;60;59;81;86;52;86;52;53;79;52;56;87;77;74;92;52;52;73;52;103;57;57;109;55;57;57;110;57;53;125;53;53;252;179;58;93;57;58;104;57;53;57;58;90;58;203;104;57;57;57;51;207;57;59;79;57;91;73;61;202;57;53;200;108;57;91;87;52;102;53;60;57;53;202;56;77;58;81;53;74;57;58;88;107;57;60;201;91;75;81;274;56;63;60;121;52;206;52;207;108;49;201;252;201;52;91;61;201;51;94;202;49;65;43;73;56;97;51;95)
seed_21_level_6-4,1389,23824.24840259552,15100714,6577,(111;102;53;54;88;63;52;59;77;59;106;56;88;53;58;53;90;53;103;74;52;52;88;89;68;42;62;57;87;75;57;52;93;74;43;109;57;69;93;109;53;43;88;53;53;109;81;57;56;61;62;57;54;103;98;77;57;57;86;77;46;120;46;52;77;58;131;93;58;115;57;110;53;57;63;92;95;85;57;76;54;53;202;77;202;59;58;58;54;91;58;91;88;57;91;57;58;53;109;91;57;160;202;207;59;75;61;53;107;75;55;75;93;54;57;75;79;57;202;53;57;59;215;57;94;201;63;61;107;56;53;97;63;57;56;52;73;51;89;55;64;51;56;58;52;64;56;53;53;61;51;56)
seed_21_level_6-4,1389,24396.36061477661,15675646,6729,(110;109;53;64;57;79;57;60;80;75;88;46;75;82;117;58;80;52;60;74;43;52;91;88;54;87;86;42;42;53;56;103;51;56;51;52;59;78;53;54;88;92;63;90;104;55;89;74;56;75;65;82;89;90;88;98;103;103;75;130;112;77;44;52;57;57;53;57;58;57;63;104;96;53;77;44;73;90;201;73;57;57;116;56;202;53;88;56;88;88;76;202;56;90;57;201;200;59;57;95;107;93;107;88;93;202;60;52;164;56;58;57;52;55;52;52;63;56;58;97;52;55;79;53;88;202;202;79;114;108;57;104;107;57;52;57;76;55;88;95;52;57;107;57;57;74;98;57;107;59;57;57)
seed_21_level_6-4,1389,24952.79059100151,16163660,6880,(88;65;93;52;58;93;63;66;52;57;52;57;52;76;52;43;76;109;57;74;55;53;56;124;46;63;44;46;53;43;93;57;57;65;73;57;113;80;53;54;53;109;53;119;118;69;59;62;57;44;109;46;75;109;52;59;53;104;75;53;104;88;46;57;74;86;97;85;88;44;49;53;60;98;89;67;56;202;75;86;53;58;232;75;58;53;81;91;57;52;91;57;75;57;57;54;107;75;75;61;107;91;58;88;85;57;107;52;59;55;57;202;52;57;57;90;88;107;109;53;57;73;53;88;201;49;53;61;52;77;108;57;95;92;63;62;53;90;57;92;58;56;202;56;57;92;56;59;62;93;53)
seed_21_level_6-4,1389,25517.15793442726,16767412,7030,(93;46;127;88;103;104;55;57;100;88;44;96;88;58;75;83;58;57;63;98;52;89;90;88;93;87;87;88;53;62;52;53;74;111;53;56;80;57;53;53;84;80;53;109;80;57;62;57;53;52;53;62;70;93;88;107;88;63;75;69;63;88;91;75;54;104;54;88;63;88;89;69;74;75;201;59;60;51;56;239;206;102;92;93;59;100;63;73;54;57;98;86;92;76;89;164;96;92;102;57;91;98;107;88;202;57;57;57;90;95;86;88;75;75;93;90;42;57;57;66;91;57;58;74;232;58;57;54;57;202;57;57;161;91;59;57;161;55;107;88;53;202;102;93;57;57;54;57;57;96)
seed_21_level_6-4,1389,26075.71494460106,17377384,7181,(109;91;57;53;70;53;61;77;59;59;57;93;57;53;57;53;53;59;94;59;42;62;58;83;63;57;53;60;57;53;64;57;74;53;88;89;53;73;53;82;44;54;53;77;43;91;83;67;88;104;201;52;52;90;60;46;88;53;90;53;53;57;56;78;53;89;91;74;53;52;63;88;55;119;53;74;201;201;52;160;58;54;57;52;57;73;202;56;52;103;79;56;76;52;58;53;57;91;53;90;53;57;63;74;77;55;75;107;88;107;58;53;57;86;57;161;57;57;202;57;80;203;63;57;239;65;51;52;206;59;93;53;88;64;58;217;82;201;52;88;49;93;92;63;93;63;208;91;98;86;207)
seed_21_level_6-4,1389,26644.94314789772,17970943,7330,(94;58;53;90;52;86;58;86;52;57;64;52;90;88;87;54;57;88;93;62;53;110;59;57;53;57;52;62;104;107;59;88;57;57;112;73;46;88;58;55;104;103;53;46;104;95;46;79;77;52;103;104;60;75;56;64;77;57;53;57;65;57;75;91;57;92;89;86;88;51;54;53;107;92;109;90;75;57;88;57;57;203;104;202;91;76;219;103;58;88;59;57;58;53;92;108;84;76;52;61;59;58;79;201;96;56;90;75;90;55;76;75;90;57;52;201;201;57;56;202;239;81;95;53;58;61;52;202;159;53;58;63;88;92;95;106;53;86;57;90;57;89;94;90;53;50;86;63;57)
seed_21_level_6-4,1389,27212.794948101044,18577717,7481,(74;56;86;86;57;53;53;57;74;60;53;52;56;54;52;75;52;52;116;53;104;87;104;79;93;91;88;104;104;57;113;56;62;57;57;57;90;80;93;93;89;75;53;90;53;79;63;86;58;43;53;62;77;95;57;55;57;69;74;60;61;81;57;89;53;73;84;57;55;96;87;75;92;53;53;60;53;207;61;74;53;53;63;57;52;63;98;125;58;59;96;207;63;90;52;57;56;58;58;76;109;76;57;57;204;75;202;204;59;75;59;107;59;58;58;53;59;58;57;107;57;59;57;75;89;201;202;202;52;201;202;53;107;107;74;202;57;58;57;64;93;91;52;53;95;207;63;53;76;76;51)
seed_21_level_6-4,1389,27779.783333301544,19134960,7631,(88;57;56;52;90;78;75;93;54;54;58;56;76;53;93;86;51;111;57;53;66;53;46;90;56;55;109;53;57;87;89;88;95;94;58;92;73;44;42;95;53;61;66;58;44;53;77;75;44;57;121;75;93;207;95;52;92;63;201;58;51;207;62;105;58;93;96;93;63;62;95;201;73;93;58;57;88;90;53;104;104;57;57;57;57;106;57;88;104;61;57;116;54;57;53;57;204;57;91;86;96;58;75;59;58;58;59;58;90;108;113;54;42;57;203;75;57;93;91;59;59;107;107;202;57;75;202;90;107;73;88;107;91;57;53;61;57;53;44;53;107;57;61;88;56;53;73;88;57;57)
seed_21_level_6-4,1389,28348.69528913498,19663080,7782,(94;60;42;53;58;59;58;65;59;74;54;112;64;76;74;52;88;57;77;101;54;57;91;52;57;57;69;75;88;53;53;74;88;51;100;77;104;88;62;75;57;57;104;104;57;53;57;57;62;67;113;60;62;104;104;79;97;53;57;57;55;51;42;106;106;46;46;52;104;88;104;57;103;75;88;88;203;78;58;59;63;107;59;163;95;90;88;57;89;57;42;53;58;59;53;59;54;58;90;55;53;56;53;53;57;57;75;90;55;53;58;202;52;56;77;107;55;59;101;90;56;53;88;73;73;89;134;49;54;94;50;103;85;52;55;106;61;87;207;52;56;65;90;201;159;72;201;52;86;201;56)
seed_21_level_6-4,1389,28931.351793527603,20391876,7933,(95;91;58;70;69;73;57;58;52;89;73;51;56;64;75;115;57;111;79;57;57;123;97;57;88;57;79;46;97;55;58;63;53;67;57;91;57;77;53;56;55;77;56;53;76;56;88;73;75;57;57;52;55;63;92;76;74;202;59;63;88;79;58;76;52;52;64;162;58;201;53;88;57;56;58;52;201;57;104;104;100;61;104;57;60;116;57;125;106;61;91;57;52;99;57;59;53;57;57;53;160;59;59;89;202;89;89;203;58;202;246;57;203;60;54;108;88;88;54;214;58;57;203;201;49;49;59;53;74;53;75;51;49;134;49;56;92;202;150;95;42;50;51;201;53;57;201;201;201;90;201)
seed_21_level_6-4,1389,29504.07675099373,20929529,8085,(95;54;76;105;57;59;96;91;55;53;78;57;57;93;91;53;55;58;58;75;88;75;57;86;52;88;90;52;89;71;54;63;66;107;111;46;91;57;62;118;57;88;104;105;104;44;74;110;116;88;104;104;53;61;56;77;116;57;58;57;91;80;57;61;57;57;59;104;57;57;56;57;90;56;53;52;88;62;55;53;81;56;53;57;56;57;104;56;42;53;55;59;53;53;53;54;56;201;52;161;58;159;201;54;58;49;59;56;56;52;59;52;52;57;52;52;50;91;52;53;73;75;58;207;166;103;61;88;53;203;167;53;160;203;61;54;109;52;203;89;98;53;53;53;54;53;59;57;53;53;93;57)
seed_21_level_6-4,1389,30067.061178684235,21544099,8236,(86;65;88;69;57;57;53;58;66;88;52;58;64;53;103;64;53;57;59;88;59;57;57;59;104;91;57;59;63;104;57;57;62;57;100;64;88;53;57;59;57;116;57;104;57;61;57;76;95;53;52;96;52;55;56;78;53;92;75;54;60;62;58;89;53;54;43;115;91;75;52;57;57;63;57;57;102;91;57;52;100;57;57;88;76;78;123;88;80;57;57;81;91;57;87;230;57;53;53;88;57;115;88;96;115;116;57;62;81;104;88;91;63;46;62;94;88;104;203;54;65;202;160;57;53;58;203;49;203;58;57;90;65;57;167;89;203;80;203;59;93;204;90;90;53;202;89;90;78;61;213)
seed_21_level_6-4,1389,30617.107405424118,22074549,8387,(95;74;44;54;77;54;80;66;49;63;42;57;49;93;76;52;55;111;90;53;272;74;115;58;75;57;55;58;57;56;65;52;77;53;73;52;58;59;53;77;58;57;104;104;62;60;57;62;57;53;57;53;57;104;57;76;57;53;57;57;91;57;53;53;57;77;204;57;57;51;57;57;120;76;57;52;57;52;53;79;53;109;53;57;57;57;54;102;57;57;57;57;100;88;57;93;60;103;83;62;57;52;62;57;103;115;93;57;107;57;57;119;107;103;214;202;59;89;58;202;57;97;91;79;54;93;59;66;88;203;88;86;88;88;57;90;57;88;212;60;52;95;53;60;91;59;54;77;89;57;62)
seed_21_level_6-4,1389,31173.986530065536,22589643,8537,(98;159;64;107;44;59;75;74;96;102;108;92;58;89;99;82;44;53;57;104;59;57;53;88;77;57;58;53;104;75;57;57;75;62;57;57;57;57;58;57;57;76;93;75;64;59;75;103;58;96;88;53;95;52;80;68;53;90;88;44;59;75;56;57;99;58;57;58;57;64;57;76;57;88;66;52;102;58;57;57;58;55;65;76;105;53;53;96;99;53;81;64;46;44;115;93;46;57;109;88;105;81;121;96;58;46;101;109;119;57;104;100;119;52;57;214;59;89;63;53;55;42;88;202;65;59;57;58;88;76;88;202;61;58;54;42;88;46;203;44;88;88;89;90;90;58;202;59;53;89)
seed_21_level_6-4,1389,31727.10894012451,23137205,8686,(104;77;62;53;104;90;57;53;59;57;62;104;88;59;104;58;57;91;57;57;57;90;59;53;59;88;55;57;88;53;53;62;115;53;53;59;75;57;56;57;202;53;57;73;59;74;54;60;54;44;76;54;87;52;81;51;90;74;214;88;54;88;60;53;56;86;76;61;53;55;74;76;59;54;78;59;74;53;59;75;90;75;99;92;53;77;95;53;79;80;103;124;88;46;88;46;100;57;93;52;57;43;62;83;113;83;93;57;67;88;85;85;93;91;92;93;99;213;75;58;202;43;202;59;97;90;91;96;77;59;88;59;65;90;57;54;57;59;57;222;57;95;99;53;202;202;88;53;57)
seed_21_level_6-4,1389,32299.883292913437,23798982,8837,(104;104;102;53;57;58;57;104;57;57;57;53;57;75;88;104;57;62;61;57;55;60;93;62;53;90;57;64;56;76;55;74;201;53;57;93;54;91;53;102;77;53;73;57;56;74;148;102;52;57;106;74;90;61;75;86;54;57;57;61;61;53;85;54;57;61;89;52;53;84;97;53;53;76;57;76;53;53;44;42;52;62;85;53;52;54;81;58;87;57;42;57;126;95;109;116;112;91;88;69;88;87;57;52;91;109;86;52;58;57;49;93;58;118;108;62;91;105;214;76;46;88;89;91;211;202;203;90;87;203;88;203;89;75;203;204;97;202;88;203;53;89;218;59;202;96;58;88;59;53;52)
seed_21_level_6-4,1389,32860.587225437164,24356229,8989,(94;54;65;60;57;53;54;53;58;56;76;44;75;57;81;93;75;57;77;60;104;57;60;57;59;57;72;61;44;59;53;56;59;57;57;88;59;88;52;57;104;76;53;53;54;91;58;75;52;61;44;104;53;68;53;58;53;59;58;58;78;90;58;88;90;88;91;118;56;91;57;56;53;59;201;88;90;58;57;63;103;74;56;58;202;53;75;57;126;57;89;63;55;130;115;88;88;82;96;88;251;57;104;88;118;62;124;102;93;119;51;57;52;57;104;213;90;221;202;43;53;76;58;58;52;57;220;53;52;42;54;58;102;42;57;42;75;203;42;79;52;95;98;54;57;57;59;42;52;76;90;89)
seed_21_level_6-4,2023,33414.61737561226,24905251,9139,(93;74;61;75;62;57;83;53;57;46;58;64;93;52;96;58;57;73;81;104;57;58;52;57;104;88;60;88;57;62;57;88;88;91;62;57;113;57;57;62;61;87;75;57;88;53;75;70;54;53;55;57;77;42;61;87;53;75;57;207;44;213;90;89;57;59;76;53;53;55;202;77;56;53;351;57;65;56;43;160;53;63;109;203;161;89;53;89;57;59;59;54;89;202;57;45;82;53;57;44;59;91;58;53;92;90;56;57;44;50;53;57;74;57;54;57;45;88;63;56;87;67;95;54;60;51;116;88;47;80;91;58;43;53;90;116;82;107;68;104;43;58;108;53;105;104;51;104;104;89)
seed_21_level_6-4,2023,33989.34623003006,25610227,9290,(202;202;90;92;56;67;53;53;63;57;105;75;55;59;201;58;202;76;57;101;107;159;53;202;95;60;57;104;53;72;104;71;88;101;94;54;82;70;93;62;80;57;112;98;104;57;59;61;57;57;57;57;57;57;59;53;62;109;59;53;88;59;59;58;52;57;96;58;58;87;55;103;54;53;53;65;73;87;77;90;59;103;111;59;56;105;54;43;75;109;88;121;52;53;88;47;253;93;96;120;57;88;88;116;57;95;45;253;83;85;93;88;116;88;88;74;105;57;90;74;204;43;165;55;88;52;90;275;90;53;76;58;52;77;89;57;90;82;54;102;212;213;53;161;89;64;56;57;88;52;59)
seed_21_level_6-4,2023,34552.77362251282,26324145,9440,(104;62;88;104;61;53;53;113;57;57;93;59;104;57;53;53;57;53;60;52;60;57;103;60;74;53;104;43;52;71;103;105;74;100;87;360;82;104;74;64;61;87;60;95;111;117;43;104;104;88;116;45;95;47;91;113;52;104;45;57;68;108;53;52;62;52;114;97;88;119;47;45;92;88;98;104;98;117;52;52;84;172;58;92;54;53;202;209;86;88;57;54;43;53;43;57;52;57;90;90;54;59;161;212;90;54;90;65;90;203;88;57;88;111;164;94;94;202;87;89;200;83;90;81;65;55;60;79;59;90;50;45;88;201;202;43;88;202;93;58;202;76;44;57;75;56;57;74;43;53)
seed_21_level_6-4,2023,35117.77152752876,26980713,9591,(104;57;76;58;59;57;67;108;63;62;57;57;52;61;59;104;103;52;53;109;57;104;59;115;47;93;88;87;99;64;91;79;116;115;88;61;76;115;57;44;63;253;70;88;53;88;51;47;71;91;119;70;116;88;58;76;61;58;102;59;61;104;93;53;58;62;59;58;74;91;59;77;106;57;89;112;103;53;43;52;86;62;107;76;43;43;60;117;90;115;57;45;57;105;103;59;43;57;98;43;160;90;58;44;58;115;56;44;53;92;57;56;56;98;53;44;202;202;55;204;53;56;90;57;202;88;57;203;86;57;53;243;211;88;52;90;95;77;53;164;88;57;208;87;204;89;57;88;54;90;79)
seed_21_level_6-4,2023,35696.91176843643,27726002,9741,(113;115;44;45;56;220;44;202;204;55;203;57;45;116;43;208;62;80;45;44;57;50;162;61;44;43;136;201;107;104;59;57;104;57;57;53;53;57;57;57;88;61;75;57;57;104;113;57;57;54;53;53;61;77;90;54;119;57;75;90;88;77;54;60;63;53;87;43;78;60;75;103;74;77;75;43;88;89;53;52;59;117;88;57;44;57;88;57;119;121;57;105;88;100;52;64;57;104;67;88;104;116;253;100;88;116;91;116;52;51;275;204;76;90;77;54;89;96;202;75;75;76;208;92;64;52;203;86;69;54;57;78;75;61;209;75;91;52;88;164;75;88;88;57;234;90;88;53;43;107)
seed_21_level_6-4,2023,36292.6271173954,28794173,9892,(76;74;90;61;90;88;87;53;93;88;59;53;75;91;53;53;92;89;59;54;88;53;103;109;89;55;59;58;54;53;75;75;253;77;115;121;100;90;80;59;241;113;118;104;47;67;88;57;253;116;57;57;88;57;116;73;51;88;118;88;88;45;124;53;56;204;88;76;88;202;59;56;43;57;202;55;202;58;59;43;45;45;59;88;57;104;56;115;201;57;159;202;159;96;202;58;88;53;88;208;108;159;202;159;275;53;60;96;275;63;202;75;88;67;202;203;272;204;202;93;162;245;75;204;76;90;59;52;75;54;90;57;65;96;87;76;61;43;90;202;89;166;74;88;202;56;66;91;76;209;246)
seed_21_level_6-4,2023,36880.25485110283,29628429,10042,(108;59;90;61;107;53;58;63;43;77;43;88;58;104;59;88;58;104;53;54;74;88;58;43;97;54;76;75;107;93;53;58;52;93;61;57;52;55;58;57;95;53;56;105;44;75;88;47;63;43;58;69;63;88;275;87;110;130;53;57;57;75;122;55;64;105;57;59;202;45;65;78;116;202;89;84;45;77;45;73;159;88;107;58;88;57;159;202;43;202;45;96;58;59;58;107;57;105;58;78;103;89;45;246;76;60;161;211;88;80;88;57;230;62;81;52;63;88;77;64;213;65;61;108;53;77;209;275;210;88;91;112;202;164;57;79;214;213;93;89;62;54;89;107;210;61;80;58;244;80)
seed_21_level_6-4,2023,37456.52741575241,30393166,10193,(104;107;62;103;43;58;53;53;53;103;60;103;103;59;104;88;58;88;62;53;75;103;59;54;53;54;76;50;75;58;62;91;77;57;57;88;88;253;57;91;88;57;55;77;106;87;88;57;88;55;109;52;88;58;70;57;70;52;116;266;53;107;57;45;57;89;99;88;202;52;88;64;88;202;57;107;57;50;57;58;57;58;202;202;93;91;45;200;92;53;93;115;202;116;88;57;77;58;58;57;246;89;57;203;204;79;65;75;205;90;52;57;59;63;202;211;90;53;60;57;52;59;87;113;54;214;88;90;61;93;58;65;59;170;59;54;63;202;52;93;60;54;77;71;65;90;202;54;53;78;60)
seed_21_level_6-4,2023,38031.03604841232,31175229,10343,(104;114;58;59;43;105;58;43;88;54;64;54;88;54;59;53;94;60;58;43;87;57;87;58;75;88;109;45;43;248;76;58;88;59;88;57;88;91;88;63;67;88;52;64;57;87;65;69;115;88;123;58;63;79;92;116;88;104;104;272;88;55;116;159;91;87;47;57;113;202;57;57;82;91;118;77;57;91;53;59;57;160;57;59;57;91;57;57;54;58;204;45;202;77;45;202;202;54;57;107;57;57;74;246;59;78;64;74;52;244;61;57;63;59;65;68;89;76;218;104;206;57;52;77;52;94;62;59;60;53;210;203;82;169;85;65;90;58;81;50;88;103;89;45;59;75;88;75;245;253)
seed_21_level_6-4,2023,38604.15290975571,32016959,10493,(103;74;57;43;89;57;91;53;58;43;50;57;61;76;58;58;53;70;54;88;50;59;104;89;54;57;75;43;43;53;60;68;50;61;58;43;58;122;53;116;88;57;116;93;53;88;53;72;86;53;71;56;213;57;100;104;57;100;86;116;88;72;88;88;72;53;57;88;57;122;45;53;114;58;53;92;91;76;71;77;88;118;79;88;54;55;67;116;246;203;43;88;86;62;58;218;52;245;204;86;166;52;88;77;92;202;64;76;71;63;104;59;211;62;75;204;204;74;203;202;212;53;215;202;95;63;57;90;213;59;275;57;77;93;203;66;58;77;245;204;80;86;82;77;96;86;58;87;53;63)
seed_21_level_6-4,2023,39167.260461330414,32686016,10642,(91;57;93;59;88;43;78;93;54;92;79;61;43;54;81;77;92;74;104;94;59;104;58;55;106;53;59;89;89;87;59;59;54;116;100;91;54;53;88;120;88;88;88;125;116;105;55;53;116;88;77;53;100;57;201;53;54;53;116;53;57;57;72;55;57;57;230;45;74;57;93;57;104;100;72;59;107;53;91;123;53;249;250;57;53;78;52;249;98;98;58;89;76;53;77;43;58;76;52;90;74;43;80;163;55;95;92;52;77;63;111;53;67;77;57;93;58;57;102;62;163;93;55;79;78;99;53;83;88;61;211;88;203;75;77;66;243;81;95;57;77;78;54;59;90;204;52;108;64)
seed_21_level_6-4,2023,39716.39559340477,33339949,10792,(104;103;94;88;88;90;88;104;87;102;53;88;63;43;76;53;108;104;54;53;43;53;55;59;88;75;63;52;62;58;45;104;75;43;53;54;104;57;91;88;52;57;57;62;67;93;90;91;88;62;88;63;69;45;64;107;55;86;55;75;97;90;88;61;88;67;115;56;91;75;88;56;88;77;92;69;88;89;92;202;90;61;77;87;63;77;53;88;52;77;62;204;56;57;76;58;166;54;54;202;75;53;210;79;77;53;78;201;57;107;204;63;57;75;53;66;57;77;58;57;203;57;57;74;57;90;53;60;59;73;101;275;55;57;75;63;77;96;202;61;60;83;202;103;215;52;75;58;202;59)
seed_21_level_6-4,2023,40273.70164513588,33972860,10941,(75;87;106;54;89;92;92;90;53;103;62;43;53;74;43;53;53;43;43;89;89;75;53;87;87;87;60;43;53;53;90;43;75;43;58;43;63;52;63;88;88;88;57;88;52;86;70;217;91;88;52;202;93;53;58;88;89;88;92;56;113;90;53;88;107;87;249;116;57;92;88;90;92;53;113;53;103;91;88;104;90;57;57;116;52;88;91;88;275;89;56;53;56;102;57;59;57;243;59;45;201;58;210;53;82;58;58;57;53;87;112;53;91;58;75;109;64;52;79;57;161;60;77;79;55;63;66;58;86;59;109;91;202;77;86;96;56;53;53;203;59;89;57;90;90;90;53;59;89)
seed_21_level_6-4,2023,40834.08218050003,34725398,11091,(88;76;75;54;76;106;88;104;88;78;87;43;43;91;76;43;78;74;43;76;55;112;109;104;58;95;54;90;78;54;91;104;73;53;90;89;78;87;96;167;58;61;202;209;54;58;80;94;53;57;52;86;214;119;93;66;90;75;58;53;53;58;202;202;57;74;57;74;81;95;204;91;52;54;74;57;98;91;108;251;59;208;93;57;246;53;56;93;163;75;87;61;53;90;106;57;54;249;91;57;117;53;55;63;57;57;56;53;52;112;53;53;53;113;116;115;253;57;115;57;205;57;90;81;57;57;53;88;88;88;52;53;212;53;57;71;75;88;90;53;88;93;201;88;57;63;57;88;100;57)
seed_21_level_6-4,2023,41415.24900531769,35486684,11242,(104;53;90;68;106;207;53;91;53;52;91;74;107;74;96;91;103;43;92;106;109;81;96;106;53;88;43;62;55;43;62;87;92;43;53;88;122;55;54;63;63;79;56;76;116;76;79;202;107;57;63;57;90;213;90;77;54;115;52;93;44;64;91;57;57;58;58;56;88;212;120;88;45;57;56;88;53;107;53;91;97;55;88;53;90;77;92;88;90;93;73;91;93;202;55;78;93;74;57;57;86;52;59;55;74;168;70;201;78;56;53;57;58;203;209;57;58;75;167;54;86;86;76;78;54;90;117;202;201;57;57;246;77;57;60;204;58;248;55;220;93;88;57;86;202;57;169;52;64;65;80)
seed_21_level_6-4,2023,41980.73005890846,36189560,11391,(207;103;202;113;103;57;91;53;64;103;104;111;75;88;58;63;58;91;97;55;54;45;103;106;107;92;104;45;57;111;53;104;74;93;75;91;103;95;58;53;110;91;103;92;86;104;57;62;56;53;53;62;53;53;77;203;88;57;57;53;53;53;57;116;124;90;88;107;88;115;88;107;57;88;116;43;58;88;88;159;57;53;57;51;57;202;63;52;88;202;53;248;56;59;53;52;59;56;90;93;203;109;52;52;49;52;57;59;53;98;88;105;243;90;55;68;75;55;93;54;90;52;243;88;57;223;75;173;53;59;107;90;52;52;52;107;57;52;57;55;55;202;93;44;56;55;202;58;52)
seed_21_level_6-4,2023,42567.565014600754,37054457,11541,(253;53;202;58;88;91;89;199;113;66;53;53;88;202;54;56;103;53;253;88;69;88;53;91;62;56;57;173;124;62;127;55;88;54;77;47;53;53;53;88;116;202;253;126;53;122;52;65;247;57;53;202;53;79;57;89;96;202;75;208;81;54;52;75;59;63;54;88;58;90;58;204;206;54;52;57;59;75;75;52;64;88;89;75;52;74;88;76;57;90;58;90;88;52;58;172;77;56;63;93;248;43;92;207;90;97;77;103;77;108;88;61;104;275;88;77;90;105;94;64;62;53;53;90;88;87;54;53;97;91;109;74;53;91;53;78;202;93;52;90;64;53;47;203;90;88;108;202;45;58)
seed_21_level_6-4,2023,43139.02034306526,37841683,11691,(204;88;89;57;63;70;202;66;232;88;52;136;201;58;91;45;202;66;57;66;68;88;52;89;90;103;53;90;53;88;93;88;89;55;161;57;91;60;62;43;88;53;88;89;89;123;53;122;202;62;90;57;90;53;56;58;122;53;58;52;213;95;63;53;90;100;55;64;103;53;53;91;88;53;88;76;207;63;202;203;202;88;54;89;88;90;62;88;53;203;91;53;107;54;58;93;207;163;90;63;89;75;88;96;63;57;77;92;89;53;77;90;53;54;55;75;88;75;75;113;77;58;202;86;207;58;53;54;92;88;202;82;54;58;88;57;93;76;75;53;77;202;57;89;58;92;90;93;74;202)
seed_21_level_6-4,2023,43730.62350010872,38775091,11841,(232;57;63;52;88;53;88;53;90;122;253;90;59;75;116;253;90;53;115;88;253;47;220;61;91;55;52;201;52;89;67;56;58;53;165;67;88;57;162;165;145;92;90;57;92;63;91;56;88;88;89;88;78;53;62;57;205;88;52;74;58;91;62;202;53;53;76;75;160;122;76;57;202;107;102;54;202;53;63;55;54;202;212;57;53;207;207;104;90;45;57;57;57;104;53;202;79;62;58;57;88;58;91;53;89;91;90;202;109;53;165;59;88;64;96;91;91;104;98;93;104;88;101;58;53;53;90;53;202;95;64;202;89;90;94;57;93;202;202;58;88;109;57;57;53;62;120;77;202;201)
seed_21_level_6-4,2023,44332.18868613243,39842402,11991,(125;220;159;201;70;54;94;58;88;54;119;89;52;59;88;123;233;122;90;202;53;89;53;76;90;113;53;207;57;93;88;55;107;242;224;74;67;123;90;55;55;115;91;52;115;222;52;90;88;202;103;202;53;249;53;57;59;90;92;225;91;122;107;56;88;115;54;93;91;201;201;211;57;88;208;91;60;53;57;53;169;107;57;57;52;202;90;77;202;90;53;58;107;53;160;53;202;106;43;53;59;96;160;104;95;86;57;202;88;93;53;87;73;202;53;57;88;51;207;159;88;57;55;86;58;207;58;91;202;91;54;58;53;207;76;57;57;88;112;45;53;104;62;51;207;58;272;57;207;90)
seed_21_level_6-4,2023,44920.01508450508,40805349,12141,(271;53;207;90;104;201;93;75;57;202;54;159;65;91;202;88;87;207;119;52;57;202;57;103;57;92;202;54;202;202;53;52;43;57;202;202;43;108;93;88;82;53;113;107;53;89;88;202;90;108;61;57;95;207;57;74;80;75;160;91;68;111;106;207;202;203;90;96;206;113;57;43;207;65;202;230;53;86;52;53;202;88;55;122;77;65;52;92;82;88;90;129;53;58;201;63;53;52;55;88;90;202;53;67;53;78;45;65;139;90;68;99;90;63;59;59;52;76;90;63;55;87;57;56;54;56;58;52;91;160;82;52;123;55;105;108;54;272;107;64;90;52;92;98;77;55;53;88;88;93)
seed_21_level_6-4,2023,45504.27204370499,41823417,12291,(272;53;90;88;57;62;55;57;57;103;62;162;53;89;78;68;53;58;88;58;53;62;63;58;221;57;166;88;271;91;254;88;91;53;52;122;59;76;89;88;220;57;115;52;52;58;108;90;62;57;53;58;232;52;70;88;77;52;95;89;90;235;90;275;55;88;53;57;58;271;53;160;91;88;43;207;159;58;54;57;54;89;78;107;53;203;91;88;77;75;93;202;89;203;202;53;91;54;88;55;75;73;93;95;164;142;109;92;96;105;207;98;57;86;160;57;202;59;57;43;63;57;207;207;88;53;59;86;91;53;93;88;202;202;57;207;203;109;207;89;63;75;204;72;76;89;95;53;88;53)
seed_21_level_6-4,2023,46086.12443733215,42705829,12441,(138;88;57;63;56;53;89;115;91;43;203;76;57;56;54;95;60;57;52;88;203;56;162;52;59;54;162;242;54;99;57;275;89;59;105;52;124;63;90;77;233;171;90;53;56;58;58;63;53;56;53;98;97;53;232;55;202;88;55;90;88;73;88;59;62;74;53;267;272;58;109;56;96;56;207;47;89;202;113;202;59;57;92;62;57;88;57;55;43;55;59;75;57;202;57;104;54;59;204;75;56;207;56;107;91;199;166;84;57;90;57;75;202;59;202;207;57;137;114;53;57;43;103;57;54;52;160;56;61;87;53;77;52;75;203;101;93;88;53;88;73;43;52;57;105;53;88;57;53;58)
seed_21_level_6-4,2023,46675.21400284767,43592109,12591,(74;54;202;57;207;202;57;53;53;57;88;57;53;100;61;76;93;53;75;57;94;47;45;57;108;74;202;77;53;69;53;75;201;202;53;88;207;53;57;201;62;57;52;53;57;43;93;202;88;53;57;107;75;65;75;207;93;202;201;60;93;88;160;92;57;96;54;88;91;53;52;92;64;88;57;207;93;202;232;52;201;211;213;107;53;52;57;118;126;52;90;90;58;52;87;76;201;202;54;52;78;201;52;117;53;53;93;88;58;90;53;90;63;52;58;161;90;56;88;122;54;57;115;90;52;59;74;52;136;56;136;90;88;95;65;69;86;52;136;115;90;57;53;57;74;52;233;54;202;200)
seed_21_level_6-4,2023,47267.210124731064,44573816,12741,(203;57;107;53;53;207;93;202;202;53;101;91;91;202;53;82;53;63;58;53;91;81;57;52;104;63;107;107;63;53;62;207;55;82;75;61;201;57;202;202;59;57;59;57;53;88;207;66;116;91;74;75;107;58;54;91;58;134;73;54;88;54;53;58;202;161;106;54;91;94;57;81;87;207;204;43;62;59;90;95;57;232;58;74;107;88;88;271;90;57;90;90;202;56;122;252;253;88;123;90;53;90;93;53;126;57;87;115;201;57;57;88;63;201;122;88;88;88;56;63;52;90;90;66;100;53;57;52;52;50;93;115;89;80;87;255;55;56;55;88;62;62;244;74;232;220;203;57;59;136)
seed_21_level_6-4,2023,47841.454540491104,45372671,12891,(161;65;88;52;75;57;53;202;57;161;57;75;75;91;53;58;63;202;53;91;53;207;57;75;58;59;57;52;52;202;52;164;159;52;207;57;53;59;57;88;79;61;202;202;57;53;59;57;202;57;53;91;91;57;66;96;53;202;64;91;75;45;91;57;90;110;202;61;53;93;90;110;57;57;56;111;88;88;135;73;115;53;58;89;57;59;120;272;253;58;90;53;118;55;63;202;107;57;78;52;76;53;56;90;52;87;56;90;221;53;75;89;90;63;131;56;221;61;92;100;53;53;91;90;102;58;53;58;109;74;91;99;56;204;86;88;52;52;116;122;201;56;56;52;87;65;90;87;56;92)
seed_21_level_6-4,2023,48431.294848680496,46341873,13041,(275;53;221;202;89;88;88;89;93;90;90;122;56;57;136;57;124;57;53;107;52;75;57;90;88;57;57;58;232;58;196;53;93;160;253;89;53;53;159;202;57;93;53;52;118;53;203;53;59;223;221;92;70;53;88;56;57;213;78;115;57;233;233;116;52;53;52;120;88;88;53;88;56;129;202;53;88;204;75;88;53;202;53;61;57;207;59;53;73;96;112;93;53;88;163;107;58;79;57;91;75;57;53;164;57;57;59;202;52;64;64;53;207;58;53;107;57;207;53;202;90;91;75;53;162;61;57;204;57;53;202;57;52;53;57;53;53;61;201;63;93;61;202;75;57;88;81;53;77;75)
seed_21_level_6-4,2023,49039.05103182793,47440558,13191,(202;53;90;43;202;57;53;91;58;202;66;57;57;56;207;75;60;43;202;80;55;202;52;202;53;53;55;201;88;56;93;202;233;253;53;88;225;53;91;86;90;58;221;115;55;80;202;126;107;63;77;102;67;63;88;221;125;202;47;55;76;189;90;109;95;88;57;53;201;90;271;223;93;59;99;90;92;90;202;57;233;53;53;52;74;202;52;79;53;58;99;90;104;88;53;91;225;92;201;88;59;88;75;57;202;86;93;57;57;52;77;202;75;53;53;202;202;57;202;53;53;58;75;57;63;58;57;82;87;59;58;207;97;207;52;52;57;52;89;73;52;202;92;55;54;202;202;60;55;204)
seed_21_level_6-4,2023,49638.899758815765,48566134,13341,(159;57;202;57;205;207;65;57;56;207;207;55;94;202;55;57;91;58;202;53;59;53;99;57;57;71;96;202;53;90;202;59;59;63;57;93;60;53;87;201;65;53;88;57;53;66;80;53;73;82;51;57;57;59;88;57;75;52;201;56;98;53;77;53;159;57;53;95;57;53;202;107;77;204;65;202;53;207;58;57;202;52;57;56;43;64;93;107;202;91;220;78;57;88;87;203;226;59;93;79;58;72;202;53;237;76;59;56;234;109;90;53;94;220;57;201;219;274;84;53;60;116;64;53;77;56;57;88;53;272;201;202;272;54;115;172;69;52;274;58;91;93;201;92;91;220;57;88;88;127)
seed_21_level_6-4,2023,50232.601325273514,49544118,13491,(201;52;80;207;113;127;55;53;51;208;57;91;57;59;58;52;202;51;57;53;53;202;88;57;87;53;202;75;53;206;207;202;53;53;93;202;53;57;55;207;91;82;86;61;57;159;207;100;206;107;207;90;57;97;53;79;107;83;68;53;202;52;80;57;86;93;80;57;65;199;207;62;57;107;93;57;204;61;53;90;54;57;57;81;53;47;53;88;56;112;53;63;201;95;93;74;52;135;202;56;58;57;104;54;53;88;75;53;107;271;53;75;57;76;61;53;57;53;272;58;52;161;94;239;90;87;77;222;94;233;78;220;53;214;58;53;75;53;75;57;161;52;53;76;59;59;63;53;53;204)
seed_21_level_6-4,2023,50835.45655274391,50688511,13642,(206;43;62;90;57;202;51;58;53;92;53;55;58;205;57;95;64;82;202;57;53;58;60;202;61;66;58;57;53;81;59;58;57;202;202;57;100;207;53;53;78;57;88;60;201;53;201;89;82;90;52;74;54;223;74;232;271;59;57;232;90;53;109;74;53;272;274;232;58;272;55;76;74;60;90;88;72;75;74;233;202;115;55;87;56;255;53;119;56;109;78;52;89;211;204;271;114;159;63;116;87;172;92;201;107;63;202;208;88;80;80;53;57;53;57;53;86;51;53;76;109;208;53;96;106;88;57;78;204;64;54;201;206;91;53;207;88;90;88;73;78;56;90;50;56;59;103;93;57;202;90)
seed_21_level_6-4,2023,51425.4581823349,51615114,13792,(67;51;59;58;58;205;73;201;202;57;57;57;53;53;57;55;86;182;86;56;207;53;53;57;53;58;89;65;55;66;53;53;57;52;51;202;53;82;53;62;59;63;57;59;201;53;86;204;104;51;73;60;53;51;202;207;93;208;86;91;57;112;115;93;57;52;202;90;110;200;86;99;91;55;55;51;201;201;75;91;59;107;56;96;90;78;204;202;93;97;86;57;51;255;57;58;75;88;59;66;220;90;96;74;78;68;202;62;251;122;88;57;159;202;233;103;56;105;271;119;57;53;59;62;52;78;56;88;106;60;55;223;53;53;213;75;56;53;53;105;53;53;58;160;53;84;53;88;87;76)
seed_21_level_6-4,2023,52028.71875834465,52602114,13942,(61;53;57;207;65;201;53;201;96;57;202;64;207;164;66;166;59;57;59;56;64;57;52;54;53;62;59;202;92;65;206;98;52;202;66;206;57;98;164;255;61;202;67;63;57;77;213;45;60;233;62;52;53;53;97;263;107;57;160;272;160;88;57;93;62;75;220;103;216;88;83;90;131;58;63;159;76;76;86;55;86;56;272;57;57;53;220;91;71;53;56;53;93;74;53;208;66;89;56;51;112;202;90;53;57;88;77;53;62;61;94;55;125;88;51;52;51;56;201;112;81;57;90;57;79;204;59;94;58;207;51;53;57;103;165;51;53;57;90;105;52;201;88;57;56;88;88;57;51;106)
seed_21_level_6-4,2023,52622.54501962662,53610974,14092,(94;93;202;52;201;84;91;104;51;73;88;207;88;93;61;53;97;103;202;73;90;57;59;90;74;50;59;55;57;51;202;56;201;160;104;109;76;73;65;59;91;51;201;112;52;89;90;53;52;228;201;53;116;58;162;88;53;52;79;57;63;57;74;58;202;58;58;63;202;88;64;89;57;53;58;88;52;57;88;52;69;63;56;272;52;63;58;115;88;90;88;89;64;58;57;91;116;88;63;58;88;63;62;91;207;113;76;207;61;161;54;201;60;201;52;206;201;62;54;207;59;67;207;201;52;57;203;66;201;58;87;107;59;201;55;161;207;207;217;202;44;202;164;52;65;63;201;60;61;61)
seed_21_level_6-4,2023,53214.59606719017,54642056,14242,(272;159;58;57;86;75;88;61;53;52;186;55;202;220;131;88;57;52;202;202;60;88;58;57;52;56;65;64;204;53;73;92;63;56;73;202;57;75;71;201;58;74;53;90;202;90;88;73;53;87;79;88;201;52;104;110;53;52;119;104;91;121;93;116;88;88;43;88;54;105;57;58;113;96;91;205;73;201;93;51;202;88;90;88;225;160;53;89;43;90;90;93;202;58;217;66;86;164;56;201;56;86;206;206;43;206;107;164;81;202;51;201;53;87;201;98;65;207;65;52;52;52;206;59;66;203;64;58;52;64;57;201;62;52;75;57;109;59;207;52;64;74;57;201;86;56;58;62;207;52)
seed_21_level_6-4,2023,53813.576447963715,55748737,14392,(88;90;55;86;160;94;57;104;89;58;158;202;73;88;158;57;56;53;86;63;55;57;58;158;53;53;61;162;201;53;60;43;52;51;201;201;68;90;53;81;87;90;90;201;76;62;89;52;272;116;231;88;57;53;271;58;201;161;242;202;76;53;86;160;136;43;201;74;52;234;204;220;76;62;202;58;60;172;55;201;58;57;57;76;56;159;59;53;57;76;221;61;88;160;163;57;217;55;76;53;89;210;65;201;202;207;53;52;210;159;53;92;201;104;51;169;89;96;62;66;53;58;76;56;210;61;52;158;52;97;206;54;76;158;52;53;76;62;65;56;61;61;55;52;202;89;53;86;52;201)
seed_21_level_6-4,2023,54423.22400641441,56940461,14542,(217;57;52;52;53;202;52;52;86;61;161;52;97;160;65;201;52;86;65;86;52;225;52;56;57;52;52;44;62;59;86;52;199;53;57;61;51;60;52;89;52;52;88;98;56;56;52;52;52;52;96;53;52;52;86;55;61;86;52;59;208;210;210;51;86;52;52;51;206;201;201;43;52;234;58;88;202;201;160;233;74;159;272;58;86;271;58;75;221;90;57;97;74;220;58;57;172;88;170;58;52;58;159;221;185;77;220;103;109;255;67;57;53;242;202;88;271;58;184;271;58;58;184;74;271;73;53;56;88;57;243;43;201;52;57;90;111;57;220;53;58;54;274;57;63;52;58;158;91;58)
seed_21_level_6-4,2023,55040.79143333435,58288858,14692,(94;58;210;59;213;52;201;166;76;52;58;56;56;87;52;207;91;201;54;201;52;73;160;52;73;216;52;106;102;53;161;201;54;58;53;57;58;73;57;51;52;90;73;62;66;52;202;201;55;43;52;52;201;53;53;90;52;69;59;51;201;203;206;211;60;73;53;255;271;272;201;88;52;81;52;57;100;56;272;58;57;75;88;56;235;141;52;55;272;201;175;60;202;91;59;58;52;58;75;57;202;58;63;57;95;271;53;61;58;53;233;159;53;159;86;202;56;272;52;242;58;57;242;202;58;88;242;58;202;53;201;102;86;242;52;107;242;57;159;271;52;57;271;53;87;57;58;53;236;57)
seed_21_level_6-4,2023,55652.89326739311,59543257,14842,(211;89;89;74;52;52;86;112;86;53;58;87;165;52;59;52;73;167;89;91;53;56;201;52;59;202;52;90;57;66;54;77;102;207;76;53;207;199;52;43;97;63;202;53;53;54;206;52;52;89;73;57;90;52;96;206;73;207;57;52;202;59;66;76;91;57;201;73;255;92;93;254;58;60;52;57;87;57;95;63;88;52;272;272;221;59;86;117;159;67;58;74;57;53;242;58;273;53;221;242;88;242;57;93;52;275;82;52;87;52;56;242;272;58;94;91;104;68;52;232;58;75;54;200;246;172;69;88;202;226;91;56;202;215;53;61;57;57;159;202;166;57;233;76;87;63;158;171;89;57)
seed_21_level_6-4,2023,56266.215973854065,60852000,14992,(62;81;207;207;73;57;59;88;55;201;61;89;201;45;57;52;56;73;76;56;64;92;58;76;78;52;57;73;54;103;56;55;201;201;67;52;68;202;201;63;92;66;59;94;52;52;207;207;91;210;52;73;89;54;53;94;52;52;102;95;52;52;54;57;158;182;111;255;88;159;136;53;87;76;201;253;159;161;280;92;197;212;272;57;233;52;201;233;221;107;90;272;52;58;93;58;74;75;242;57;55;57;75;202;257;233;57;58;175;77;196;274;87;56;59;244;63;58;263;88;93;58;107;57;88;53;81;86;77;57;57;87;59;275;52;88;57;242;64;57;201;54;245;57;58;88;172;53;87;242)
