seed_17_level_5-1,819,531.3756000995636,357551,150,(23;15;46;26;100;43;21;30;100;40;100;79;31;31;23;35;108;25;34;24;43;57;37;33;200;34;66;86;77;15;100;15;17;19;35;37;57;19;36;47;200;109;15;32;200;16;100;100;161;38;57;73;42;100;38;25;100;28;21;47;25;41;39;23;51;24;29;152;16;17;35;47;15;37;36;22;30;55;150;80;28;23;47;37;48;83;37;59;172;30;22;21;60;102;46;48;100;21;43;51;26;25;150;27;18;51;200;20;92;31;100;33;87;84;27;71;35;32;70;21;63;100;32;100;105;24;95;22;56;19;66;61;34;13;35;87;34;24;60;23;57;68;61;110;27;121;73;24;78;32)
seed_17_level_5-1,819,1230.177527666092,764393,347,(47;94;100;100;77;52;100;83;100;47;100;76;52;100;83;128;100;165;100;99;100;64;58;73;100;47;61;39;23;33;77;74;28;17;109;34;25;47;14;33;22;19;20;47;21;19;55;37;14;28;51;35;26;38;35;113;23;18;52;137;24;30;94;20;33;84;80;26;47;14;25;26;15;28;55;20;96;36;37;32;30;21;34;27;23;34;47;200;16;40;26;150;20;21;25;28;150;100;31;149;40;35;17;48;42;77;14;57;132;28;15;205;52;15;19;31;21;78;39;32;38;33;32;14;16;23;14;23;24;20;23;29;29;32;67;58;47;77;16;29;54;41;30;49;61;94;41;32;13;57;27;28;53;200;83;20;36;48;40;23;17;57;21;38;52;40;100;77;27;100;42;17;55;39;33;142;46;14;23;38;76;24;36;43;26;16;54;151;86;72;47;21;47;139;24;27;49)
seed_17_level_5-1,819,1888.285583972931,1213830,530,(76;100;100;71;77;99;100;39;71;46;100;50;100;100;47;100;87;54;100;100;39;75;42;181;82;21;108;34;19;26;23;25;21;20;21;27;23;54;56;32;25;39;38;19;29;61;17;33;57;34;18;31;21;15;16;23;54;37;31;36;24;27;20;25;20;41;96;71;34;35;56;21;200;18;33;16;19;33;32;77;16;49;32;29;83;20;19;46;200;33;114;28;45;23;150;69;50;47;40;29;57;212;101;26;31;30;29;113;53;24;24;37;48;87;25;39;36;150;70;17;133;200;200;26;20;27;22;34;16;32;31;100;200;31;154;28;21;61;21;54;62;72;80;49;77;36;47;81;50;48;32;132;32;66;47;16;77;39;95;53;96;23;35;61;79;57;88;30;19;45;82;40;47;23;34;18;17;27;48;200;36;33;77)
seed_17_level_5-1,819,2553.953539133072,1613223,719,(100;100;100;100;100;92;100;95;82;69;100;51;57;77;67;66;68;74;100;100;34;35;90;72;25;51;22;18;24;96;34;83;111;16;34;42;20;200;61;16;26;19;17;36;38;66;36;26;60;37;18;23;100;80;40;28;34;33;52;47;26;16;16;38;15;36;31;200;57;58;28;13;28;46;48;85;57;43;32;54;31;21;33;34;23;30;17;150;60;120;78;26;54;16;47;40;24;14;57;30;57;75;66;16;23;80;18;34;49;28;98;48;100;34;16;52;17;36;27;33;77;14;33;54;22;29;28;24;26;54;99;34;57;52;22;22;27;54;55;79;23;175;37;28;48;27;47;100;49;57;32;48;33;77;32;200;33;200;62;21;89;14;22;34;26;23;39;61;38;67;57;30;63;37;53;32;86;34;239;54;30;64;74;53;26;26;78;54;24)
seed_17_level_5-1,819,3224.4725358486176,2060047,910,(53;93;100;48;100;100;100;100;100;61;100;78;70;46;96;40;71;55;100;58;46;88;150;35;25;47;100;15;28;47;56;34;90;16;27;33;23;34;52;61;28;105;64;28;51;19;100;28;14;24;23;21;88;55;15;33;31;27;250;78;33;23;27;30;39;14;31;25;52;25;178;15;17;16;35;36;44;179;28;31;42;21;24;201;57;53;19;33;16;35;25;23;14;83;93;50;38;34;17;100;33;30;100;34;39;40;26;37;26;29;15;43;100;83;21;18;26;35;36;26;67;31;46;33;58;27;17;34;51;89;20;55;92;85;54;150;121;101;50;31;127;49;34;31;77;35;109;79;26;54;74;24;33;51;100;57;110;49;23;41;26;56;58;78;41;23;35;41;137;42;30;47;34;18;77;61;35;22;91;18;23;17;200;129;100;24;56;27;200;84;84)
seed_17_level_5-1,819,3888.6077206134796,2528242,1096,(98;60;68;100;100;56;71;100;100;88;90;100;81;51;42;100;36;100;91;100;39;32;62;20;55;87;61;113;47;74;18;27;35;26;51;28;42;18;21;32;27;115;20;44;33;20;72;36;30;38;200;25;54;25;20;14;27;38;25;21;25;200;124;37;22;21;49;32;49;27;28;34;20;37;23;25;32;18;17;33;113;29;58;38;38;32;21;300;24;29;27;18;27;36;29;42;19;73;16;32;23;88;19;31;33;30;73;47;25;23;17;100;37;24;18;24;25;34;13;35;31;19;51;99;131;41;50;50;55;200;26;200;52;29;60;39;25;47;49;50;40;51;51;27;33;55;32;19;77;79;150;21;16;57;129;29;27;21;25;130;96;61;17;75;24;31;28;31;200;47;37;18;48;30;214;200;62;57;154;30;131;27;26;30;106;28)
seed_17_level_5-1,819,4480.151546239853,2966391,1259,(100;45;100;41;93;41;71;100;100;41;100;100;25;100;69;100;100;80;100;129;78;19;90;57;95;100;100;20;17;33;42;47;25;26;35;18;26;17;35;39;51;25;220;24;56;30;28;23;17;78;46;26;60;32;36;18;13;22;14;34;17;34;19;38;146;109;76;38;56;252;15;52;57;27;54;24;20;19;106;80;17;31;29;26;34;15;31;157;35;22;20;35;33;29;40;18;19;42;39;23;33;29;37;21;33;54;40;29;16;38;58;16;32;43;34;50;28;31;34;153;200;53;22;47;51;26;49;54;30;49;34;81;28;122;129;38;200;107;93;50;33;28;20;54;16;37;21;177;105;16;200;36;53;17;28;60;153;206;200;47;25;48;51)
seed_17_level_5-1,819,5029.454359769821,3349234,1415,(79;41;100;50;100;100;100;100;100;100;100;100;99;52;100;100;79;74;53;46;150;123;155;277;30;31;52;81;34;44;30;45;80;21;21;17;51;36;18;17;34;36;26;24;111;21;32;29;103;82;64;23;32;25;33;26;33;62;32;25;34;17;34;24;13;34;110;40;56;16;20;37;54;28;15;29;17;26;17;35;18;38;19;17;21;32;34;23;25;57;31;25;61;47;23;25;36;15;15;57;16;38;23;26;43;25;28;34;15;19;31;30;23;46;29;27;49;53;33;51;57;115;86;167;50;36;58;56;28;34;53;61;155;83;22;40;69;73;300;28;51;100;56;26;24;31;21;17;200;85;100;132;81;36;150;45)
seed_17_level_5-1,819,5574.917990684509,3651414,1570,(100;55;100;56;76;100;100;100;99;100;100;47;100;94;53;67;70;42;58;48;50;55;21;110;100;33;21;21;26;57;31;34;26;18;20;33;73;32;28;19;27;62;81;21;30;92;13;28;19;23;23;21;22;33;54;40;109;21;18;34;14;49;23;30;52;77;55;30;40;36;21;109;41;36;38;36;16;18;26;43;67;59;22;16;29;33;16;23;19;142;29;35;40;54;55;28;17;30;27;16;29;27;14;23;34;21;41;50;17;34;53;15;47;15;18;22;150;27;32;22;54;49;31;48;109;39;19;28;15;29;57;37;40;57;17;47;82;20;111;37;127;92;21;153;18;200;19;31;50;153;54;88;26;200;200)
seed_17_level_5-1,819,6130.144070863724,3958410,1726,(100;100;100;100;100;99;100;52;100;100;52;80;100;73;100;85;100;48;100;97;47;78;38;155;16;17;32;24;144;24;58;15;17;15;20;34;33;20;18;53;30;30;19;30;34;91;52;83;64;33;47;82;26;150;68;35;27;18;24;34;25;27;52;33;31;21;34;25;18;17;30;31;30;115;15;24;42;40;33;32;32;100;42;27;32;18;21;20;22;29;22;33;29;39;23;48;19;23;32;150;39;32;27;20;16;36;40;37;46;32;50;15;30;20;54;21;22;57;31;70;19;59;38;21;26;44;112;47;83;63;100;50;27;55;48;204;57;23;78;200;91;99;65;28;22;20;32;150;51;24;86;64;56;36;26;40)
seed_17_level_5-1,819,6828.793548822403,4316604,1922,(81;83;53;100;100;73;88;100;45;100;100;90;39;100;47;100;100;100;33;100;124;67;41;72;21;40;24;58;20;18;43;14;28;17;16;32;26;29;27;36;32;22;41;82;25;54;27;39;24;24;27;40;33;44;200;18;31;30;23;18;87;83;21;26;32;49;25;20;23;47;16;14;26;76;29;40;37;79;40;116;55;64;25;30;28;24;30;30;20;61;33;32;28;38;15;30;52;100;27;140;59;34;38;27;51;39;32;28;15;21;32;40;29;53;28;25;31;20;33;19;19;23;24;16;23;31;16;25;50;37;53;40;40;77;33;23;41;200;75;47;45;16;19;20;47;150;50;17;51;19;60;100;86;57;27;30;83;45;19;36;79;49;31;15;57;23;54;16;54;48;57;200;57;57;97;34;22;23;59;28;70;61;72;67;63;43;66;100;37;57;200;23;59;47;146;54)
seed_17_level_5-1,819,7491.650792598724,4705163,2107,(100;46;100;98;43;100;73;100;100;83;52;100;100;61;73;41;100;63;100;97;148;94;33;90;100;26;37;20;40;47;15;41;15;19;38;26;34;22;59;18;106;40;200;35;25;17;51;17;16;31;14;37;24;32;89;39;67;23;30;33;14;19;37;14;19;33;31;28;32;19;22;32;38;30;13;70;25;21;25;15;43;34;43;17;24;41;26;19;28;39;32;15;38;36;30;47;30;20;26;19;48;58;140;22;67;80;23;28;47;17;20;15;30;37;85;16;19;47;200;105;26;18;84;80;54;39;22;100;53;18;28;20;64;50;18;122;137;120;52;34;58;100;40;28;32;30;50;21;56;18;53;22;53;24;19;115;37;129;34;80;200;20;150;77;37;49;22;40;47;24;57;114;100;21;34;18;21;22;29;27;49;200;58;200;25)
seed_17_level_5-1,819,8053.852205753326,5047263,2267,(92;95;99;100;100;50;82;61;85;100;45;100;37;100;39;100;57;70;95;100;62;79;77;28;35;27;19;47;87;88;18;19;200;20;29;37;64;14;32;19;34;28;58;18;13;39;82;15;57;23;64;26;22;55;19;100;29;24;108;39;27;24;19;21;40;113;33;200;18;33;27;28;39;22;31;19;102;39;31;33;36;72;36;43;15;35;30;30;21;16;32;28;25;26;34;17;118;91;26;14;38;30;31;47;42;22;23;34;27;17;51;54;37;30;24;35;57;40;14;39;87;15;19;30;36;27;116;23;80;16;79;26;114;55;25;47;81;49;32;78;21;65;34;34;30;24;35;36;28;87;200;33;200;50;61;34;24;200;213;56)
seed_17_level_5-1,819,8594.94805598259,5338944,2422,(74;100;100;95;100;100;93;99;81;70;83;100;38;84;89;100;100;42;80;100;27;88;26;27;39;100;32;28;41;30;46;37;36;25;53;38;27;33;22;44;168;25;59;27;22;70;44;82;52;83;42;61;24;27;56;23;33;47;18;31;34;18;150;77;55;156;14;16;20;35;17;45;31;70;36;38;20;36;14;28;18;16;41;34;21;19;57;57;13;14;15;61;26;32;150;29;36;23;33;49;28;15;57;25;35;21;33;38;40;41;40;17;47;19;15;34;15;20;38;31;32;23;113;51;28;150;57;28;50;47;40;47;39;32;56;147;34;23;200;36;36;57;30;63;93;87;50;15;68;56;105;54;56;83;36)
seed_17_level_5-1,819,9145.68011522293,5669430,2576,(100;73;92;50;96;100;100;73;100;100;55;92;100;29;29;100;70;100;18;100;81;100;48;32;27;50;38;28;21;16;16;14;32;32;64;19;27;73;27;56;18;20;57;28;28;196;43;78;29;30;17;94;57;28;25;103;36;23;28;20;64;26;82;29;32;121;68;16;21;28;83;41;84;33;200;35;35;28;15;42;57;47;22;100;25;16;24;44;106;100;18;59;33;39;25;150;35;26;57;16;23;98;67;34;59;40;18;27;16;17;26;24;23;20;34;152;38;54;57;29;17;24;17;27;22;56;19;200;50;22;83;59;47;47;28;40;24;81;49;83;30;62;200;34;155;107;61;41;51;26;31;47;23;29)
seed_17_level_5-1,819,9834.529812574387,6091850,2771,(100;57;100;67;48;98;100;100;67;53;100;80;100;100;100;81;64;100;68;100;26;40;84;98;51;38;48;23;44;35;45;24;108;24;33;24;32;26;64;23;25;29;27;35;82;54;39;16;100;27;54;84;200;34;91;24;31;57;25;28;21;94;22;36;27;41;24;26;200;23;30;26;35;31;15;27;28;89;25;22;16;20;82;14;34;42;23;32;15;16;29;44;19;36;27;23;32;25;100;21;45;21;37;29;25;50;22;36;21;27;25;29;25;100;38;24;24;39;37;56;29;15;87;31;100;200;47;146;40;62;37;49;35;22;30;25;33;26;28;34;19;57;54;21;27;47;49;29;56;33;36;38;47;30;35;54;26;16;30;51;30;23;55;47;28;53;100;200;29;30;50;54;43;57;52;18;51;42;150;41;100;49;41;120;100;122;21;38;200;200;29;117;33;200;77)
seed_17_level_5-1,819,10425.369475364685,6407145,2942,(100;73;93;100;150;67;68;18;39;64;50;17;64;27;34;54;19;29;115;17;18;55;28;57;32;73;17;64;77;42;150;57;40;29;34;14;20;23;32;17;39;57;17;31;38;25;32;44;39;35;37;21;49;16;23;120;30;32;19;100;13;58;58;24;27;27;74;100;57;30;37;26;33;62;25;54;38;16;27;24;19;24;27;24;27;36;86;17;14;18;17;24;32;33;26;23;18;14;15;20;17;34;27;17;17;28;28;30;20;58;29;31;57;32;21;50;29;83;38;25;49;36;49;22;37;64;47;29;120;81;30;13;34;47;32;34;26;24;117;200;277;28;200;35;34;63;114;16;38;33;122;119;28;32;18;59;23;76;18;30;40;34;61;27;106;19;17;81;200;29;63)
seed_17_level_5-1,819,11036.463866710663,6820222,3112,(53;100;139;100;24;51;33;100;47;90;63;80;45;19;82;28;27;23;23;35;67;226;16;65;19;16;21;56;16;93;17;35;15;28;41;16;34;57;27;50;30;87;88;54;62;20;163;48;28;15;52;25;39;58;26;30;35;20;26;57;80;26;23;90;15;51;23;36;56;26;133;100;19;23;39;92;82;32;22;25;100;66;32;13;91;165;37;37;20;35;19;24;37;29;76;34;39;37;28;26;82;23;20;47;36;34;22;34;16;22;38;82;64;100;100;200;67;30;27;50;54;29;54;110;28;92;18;56;52;200;68;51;30;38;32;57;24;57;38;28;205;21;33;47;51;54;28;17;28;29;35;27;31;58;57;76;17;200;200;79;21;18;20;34;117;37;277;25;64;76)
seed_17_level_5-1,819,11593.36477804184,7192070,3268,(61;35;100;92;24;29;35;111;39;35;16;24;33;31;19;25;38;24;53;18;65;24;17;27;78;14;30;200;25;32;14;36;19;32;33;19;25;27;27;27;29;32;79;57;60;34;23;25;27;36;118;19;19;200;29;29;150;51;28;125;100;32;100;20;100;21;18;24;27;34;27;22;27;54;28;200;200;18;41;24;16;17;100;33;30;25;17;32;29;55;35;80;36;36;57;68;35;55;189;47;55;60;38;97;100;16;32;100;100;93;38;180;67;51;22;31;47;50;24;87;109;90;27;49;23;77;14;38;96;87;58;108;38;106;37;50;53;30;73;43;18;40;152;133;176;25;77;47;77;83;127;36;24;64;26;23)
seed_17_level_5-1,819,12177.342163562775,7498806,3434,(78;54;50;28;26;81;103;45;13;49;37;18;18;100;28;33;68;18;25;55;29;62;88;27;18;52;15;32;40;29;49;40;27;32;24;22;75;144;16;55;75;52;28;17;200;40;38;104;18;34;16;25;15;32;23;33;15;33;31;21;65;16;17;30;60;86;27;26;45;31;26;33;29;77;57;37;35;23;47;19;17;100;62;24;47;30;35;29;36;26;23;56;56;35;18;43;14;24;56;26;26;28;32;158;55;24;65;61;29;35;17;30;65;31;30;37;34;36;39;36;31;57;61;21;21;79;15;32;133;18;28;104;55;37;87;162;77;54;47;27;200;200;24;29;116;51;100;76;51;21;47;39;32;52;29;65;167;55;200;18;17;85;31;20;34;24)
seed_17_level_5-1,819,12717.765919685364,7887697,3587,(71;85;96;35;42;86;49;22;39;22;67;19;44;42;21;200;20;34;35;20;26;20;47;100;69;59;57;73;34;15;23;75;100;22;32;34;16;24;29;18;20;35;29;200;17;50;100;35;109;54;21;20;16;50;65;20;33;20;77;16;18;30;26;14;31;37;47;50;200;52;34;50;32;55;36;38;24;54;36;16;57;30;100;13;34;16;27;59;40;32;28;136;26;50;108;18;130;54;58;80;17;200;150;53;36;79;43;22;26;21;74;23;34;24;35;47;34;81;27;86;47;17;41;65;84;145;34;140;180;76;32;97;195;23;48;50;147;33;19;23;28;111;31;31;147;47;23;50;36;200;28;200;60)
seed_17_level_5-1,819,13251.235642433167,8257595,3739,(88;50;65;32;100;97;91;21;51;22;33;36;31;30;36;147;23;30;27;34;18;37;31;200;47;59;87;25;76;107;52;16;23;16;34;58;32;51;39;17;58;100;68;100;48;24;29;43;27;33;20;24;22;36;47;42;38;34;26;38;14;15;32;16;67;41;35;42;42;28;34;20;24;30;29;84;59;25;27;40;200;52;49;50;57;100;28;200;21;57;20;19;31;33;25;54;50;30;24;77;59;92;51;22;24;250;23;29;32;54;160;50;26;59;32;22;15;33;36;31;25;27;49;50;24;20;31;200;129;54;118;58;57;200;25;28;200;49;56;85;34;28;30;150;81;17;22;60;24;26;58;200)
seed_17_level_5-1,819,13764.648040533066,8699975,3882,(55;68;26;100;106;54;101;34;27;23;103;34;56;74;31;18;200;61;35;139;16;34;31;150;136;17;75;33;45;26;79;27;25;31;54;37;29;22;82;35;77;15;32;34;34;29;87;28;37;53;39;86;114;37;33;21;38;200;59;26;64;37;23;34;27;40;108;32;16;83;177;30;18;35;27;18;50;47;34;54;150;23;54;26;216;52;37;100;144;100;54;54;56;50;57;16;47;57;30;38;137;200;21;50;66;200;21;34;23;37;42;49;33;200;53;200;30;35;65;37;81;32;58;47;36;25;47;200;14;21;13;57;32;33;23;140;200;87;200;40;25;23;31)
seed_17_level_5-1,819,14273.033526420593,9048167,4028,(146;51;61;83;33;32;50;19;98;35;64;26;53;65;39;47;24;22;36;100;25;31;129;38;59;34;18;27;31;14;55;27;28;38;17;32;26;28;21;23;58;32;23;18;26;55;33;38;32;61;115;40;36;40;29;135;73;34;29;39;18;23;30;33;56;33;21;37;16;30;26;84;18;200;47;34;35;59;44;52;51;26;77;38;50;84;47;47;14;39;26;39;38;77;79;193;184;57;77;27;32;53;33;200;26;77;32;67;53;59;160;50;84;23;15;33;53;39;30;31;55;100;27;138;32;200;19;28;41;147;200;34;50;24;65;57;62;21;143;200;50;17;77;47;23;37)
seed_17_level_5-1,819,14812.107833862305,9440751,4178,(45;46;44;14;36;18;98;18;22;81;31;29;24;51;27;26;27;24;18;36;24;22;28;41;35;100;40;54;47;137;22;39;36;19;92;88;29;28;25;31;15;19;57;21;55;33;18;40;35;49;21;28;21;61;16;29;26;150;15;23;27;100;18;50;59;61;200;97;57;26;29;29;26;47;35;108;14;14;56;28;57;62;55;41;39;50;167;31;26;57;46;200;200;18;15;37;50;47;28;14;79;19;67;100;77;27;77;32;25;31;54;29;33;50;150;28;51;20;41;200;110;79;28;200;18;200;50;89;77;79;55;36;25;54;24;34;47;200;54;202;26;176;33;47;58;111;181;51;38;29)
seed_17_level_5-1,819,15321.55869269371,9802406,4325,(137;55;25;45;21;32;46;35;40;16;34;22;24;150;27;31;22;50;111;56;25;54;30;31;57;56;50;150;28;26;33;18;27;81;58;30;32;23;34;26;98;58;49;200;22;26;21;36;54;59;27;32;21;19;25;50;100;77;16;29;35;27;15;16;42;19;50;54;31;35;29;125;200;32;26;47;150;34;43;26;17;121;87;200;50;34;46;33;29;38;32;38;105;85;50;19;135;83;50;106;70;100;108;186;50;27;38;47;30;77;22;15;25;38;49;57;41;29;41;40;33;28;55;25;57;54;27;200;77;56;29;55;27;200;49;100;39;77;50;32;37;18;31;36;81;108;200)
seed_17_level_5-1,819,15851.953531503677,10260700,4473,(47;20;100;100;79;136;13;56;32;39;17;54;42;31;19;150;57;38;34;15;28;57;18;51;25;77;25;100;50;200;18;32;54;54;33;33;66;19;18;26;34;38;57;25;100;161;32;133;20;30;33;35;35;73;46;50;39;37;26;38;144;19;25;15;44;54;33;22;25;17;48;109;49;57;23;23;200;51;23;144;100;100;100;51;57;19;80;65;17;231;106;79;50;17;37;40;118;77;44;108;21;20;25;68;200;20;34;18;27;61;137;81;150;15;20;200;36;89;200;200;14;26;28;47;47;57;32;200;147;33;21;100;86;46;37;38;21;50;41;108;29;40;20;200;57;63;100;39)
seed_17_level_5-1,819,16341.1928088665,10550408,4613,(21;21;24;28;81;100;74;28;19;15;52;67;19;28;20;22;20;23;16;24;26;58;26;24;39;57;37;23;19;50;35;79;18;55;23;59;162;167;70;50;54;22;67;57;41;25;23;54;30;83;33;38;200;29;54;57;17;47;21;26;25;39;84;28;63;56;47;28;49;21;14;26;52;83;64;84;41;32;47;21;54;50;77;79;200;41;25;77;32;108;91;54;82;50;67;155;23;18;17;19;82;50;56;28;81;106;19;35;39;55;167;78;26;49;49;94;200;32;55;41;118;47;35;54;51;21;28;77;15;47;32;105;47;58;33;30;47;117;51;25)
seed_17_level_5-1,819,16863.946710586548,10927515,4758,(42;75;54;29;21;105;15;100;38;150;24;29;34;27;25;20;16;32;23;25;109;56;51;48;23;34;28;47;200;60;41;100;57;38;87;59;30;57;54;22;59;45;100;20;25;81;24;49;29;200;16;77;200;51;27;44;20;129;33;32;25;30;27;25;24;29;62;109;30;100;47;15;23;27;122;51;16;22;33;18;100;182;85;57;49;15;34;79;54;61;16;25;84;17;28;200;51;35;138;23;78;15;165;100;39;38;34;33;19;50;57;160;18;27;24;34;106;51;54;118;118;54;17;33;21;84;32;116;32;130;100;14;26;47;29;27;33;49;35;200;25;30;34;17;164)
seed_17_level_5-1,819,17377.433134555817,11358739,4901,(42;15;132;200;33;57;78;36;41;59;145;47;52;25;32;32;29;44;50;35;37;27;77;26;47;21;23;29;27;54;200;30;30;90;17;29;19;65;27;37;60;49;39;38;50;77;19;86;43;43;28;24;29;54;18;57;176;117;29;17;54;55;101;22;83;105;196;35;109;17;120;42;45;200;47;23;24;31;35;115;200;55;48;36;52;23;26;47;34;83;30;37;25;14;16;16;14;200;38;36;31;14;30;47;77;56;25;19;38;54;80;40;111;100;21;40;59;163;28;36;64;27;24;200;142;50;64;200;30;200;100;32;200;47;47;26;18;140;119;39;25;23;50)
seed_17_level_5-1,819,17878.68739771843,11777495,5043,(21;38;17;59;20;18;19;83;74;14;37;27;128;40;67;28;50;50;54;150;23;78;59;32;38;27;28;61;39;30;100;28;77;15;106;200;51;14;87;32;31;57;49;100;25;48;24;107;33;38;33;41;47;200;30;18;26;50;200;63;54;200;31;29;40;79;47;31;20;51;71;23;100;50;25;50;53;57;100;80;240;112;41;54;91;39;200;25;86;52;100;105;34;49;24;200;34;79;42;175;83;47;54;38;50;29;24;23;27;26;34;47;19;200;17;20;112;47;25;66;79;63;36;17;84;81;59;34;77;42;154;28;14;26;196;80;31;50;27;25;47;53)
seed_17_level_5-1,819,18401.454290628433,12219514,5189,(17;45;150;22;41;33;22;30;46;25;24;33;37;78;24;20;44;24;200;26;32;200;81;18;66;22;200;92;47;47;20;27;52;52;143;54;78;100;28;62;26;150;28;200;49;50;47;69;24;113;25;26;34;19;49;200;93;67;22;87;54;34;30;38;21;16;134;89;151;46;108;19;24;28;31;77;20;37;15;18;51;107;128;29;15;61;41;30;200;48;54;61;48;45;29;30;200;18;81;29;57;21;57;200;54;69;36;50;35;49;29;38;23;24;19;34;47;200;200;23;77;138;33;18;24;23;33;59;56;39;21;136;25;20;106;19;50;54;117;131;32;30;27;66;57;100)
seed_17_level_5-1,819,18916.073944091797,12708834,5334,(16;100;100;31;35;31;16;38;22;86;122;25;33;74;27;18;17;18;21;33;16;17;50;31;38;31;30;47;26;27;21;91;51;27;54;200;34;57;49;161;18;51;51;67;22;46;200;79;27;150;54;108;50;40;86;15;23;60;18;115;32;59;28;200;79;200;58;35;53;111;35;33;50;77;14;59;244;250;25;63;38;31;24;54;20;200;63;52;32;58;57;136;19;108;32;34;77;49;81;33;24;86;54;58;77;30;33;57;34;106;47;200;86;23;194;27;64;20;109;24;133;53;15;48;45;200;24;20;33;33;79;106;35;54;34;32;21;26;200;23;136;20;200;77;39)
seed_17_level_5-1,1391,19436.607946395874,13096056,5481,(89;21;93;24;22;25;39;13;100;16;16;22;50;32;100;59;78;41;31;23;32;52;43;17;24;25;16;18;57;13;29;49;24;53;86;59;28;77;200;35;28;79;200;84;200;17;65;100;115;79;52;56;29;29;65;60;54;31;127;34;26;35;28;108;50;22;40;40;17;35;27;200;50;21;19;77;27;29;17;136;27;50;53;28;58;48;61;57;50;53;86;47;49;111;33;59;33;90;83;200;200;200;25;57;19;22;36;36;77;29;47;31;26;200;46;19;55;37;35;32;62;20;279;47;38;39;53;43;32;24;30;61;21;35;62;50;40;83;57;27;23;52;39;82;25;25;59)
seed_17_level_5-1,1391,19971.611367940903,13486051,5632,(36;100;56;22;16;200;25;16;16;27;31;26;34;23;48;28;48;158;39;35;81;81;30;17;54;70;62;127;47;93;23;86;24;51;59;85;30;54;24;83;47;52;30;47;27;82;31;32;62;54;39;57;34;54;34;57;50;54;36;37;18;200;57;30;32;59;37;200;54;16;116;30;25;39;21;19;55;29;26;65;16;49;105;35;200;200;54;116;300;32;18;100;22;36;87;55;54;37;28;113;80;58;77;80;26;49;32;36;32;36;22;57;51;23;58;67;38;18;26;54;33;54;92;29;25;133;54;17;28;82;59;37;39;21;24;19;147;21;32;33;200;54;32;106;25;29;50;83;80;58;33)
seed_17_level_5-1,1391,20484.583701848984,13925057,5778,(30;100;23;38;35;36;100;19;17;14;17;30;100;35;62;98;33;72;30;27;52;25;31;58;47;34;20;37;24;84;54;84;56;31;179;42;38;56;149;51;39;144;57;86;25;28;57;26;110;140;26;86;37;200;173;28;115;91;52;29;82;17;26;33;31;105;51;109;15;30;25;105;56;200;57;108;50;23;27;37;84;200;70;27;76;27;37;24;20;16;111;58;30;100;200;35;19;15;52;24;37;200;54;107;50;17;83;48;79;21;22;57;33;21;36;57;26;43;36;33;25;54;38;23;18;109;84;57;108;60;28;41;52;86;36;40;54;85;200;18;35;27;108;281;134;24)
seed_17_level_5-1,1391,20979.062501192093,14219236,5922,(14;59;32;34;19;18;17;80;34;26;84;58;29;29;59;90;19;36;43;15;33;35;24;33;43;21;15;27;135;35;19;49;60;32;58;19;49;85;29;38;31;39;37;32;18;14;47;34;38;149;25;40;36;85;112;29;54;26;65;63;84;116;75;38;170;64;38;21;80;25;130;25;31;27;31;56;48;54;32;31;200;22;31;15;41;50;113;135;50;47;109;22;30;23;30;37;56;60;28;34;47;15;225;109;27;24;29;33;49;50;33;33;41;16;110;105;47;51;109;21;61;59;41;18;54;56;50;105;25;29;25;77;47;24;80;29;92;80;31;45;60;83;33;188)
seed_17_level_5-1,1391,21490.32376050949,14643825,6066,(34;36;17;29;22;18;58;115;28;29;142;115;57;32;21;100;20;31;34;62;22;93;100;18;18;36;31;200;34;19;27;36;16;37;16;16;51;20;34;144;27;16;16;24;36;28;200;39;28;16;35;16;20;26;200;26;110;15;24;47;29;35;66;106;105;192;16;29;200;100;34;29;30;19;50;79;84;200;49;29;151;25;55;62;34;98;85;56;104;77;51;31;38;25;250;24;46;22;57;33;56;100;61;47;53;59;32;47;18;14;24;47;53;20;32;50;105;200;135;22;39;40;38;40;83;141;62;27;21;200;50;51;24;40;49;109;57;34;23;200;36;54;51;27)
seed_17_level_5-1,1391,22023.232020139694,15122843,6215,(32;25;24;31;36;50;33;200;139;16;18;31;105;20;23;78;104;57;29;122;36;300;33;250;38;18;47;17;28;44;54;29;29;15;19;31;17;48;76;30;58;106;124;57;16;87;200;18;21;23;36;49;54;31;52;113;29;51;51;50;29;18;222;48;29;82;23;37;47;23;31;54;23;79;129;130;21;34;30;22;79;57;28;61;49;64;200;27;130;26;100;63;198;200;55;28;22;21;108;20;35;36;24;39;27;26;107;15;47;47;23;26;189;21;95;34;40;113;54;27;150;22;43;51;80;108;202;50;200;29;36;50;54;36;22;50;132;34;13;31;52;25;19;24;17;53;30;34;25)
seed_17_level_5-1,1391,22593.84944987297,15767002,6367,(34;47;25;26;77;26;47;18;47;27;27;250;67;200;18;103;49;57;32;117;92;25;47;30;22;49;29;200;78;17;47;37;33;80;83;24;52;57;39;73;128;49;200;29;17;28;33;24;22;24;34;51;35;25;56;200;36;19;33;39;34;200;33;60;49;50;80;57;192;31;200;27;16;126;89;31;14;26;200;27;65;42;93;52;31;78;200;200;37;113;81;61;205;47;53;112;87;37;115;222;57;18;57;35;77;25;38;47;20;200;54;39;28;64;47;65;200;89;87;99;46;143;56;100;150;23;21;25;116;97;50;25;82;35;30;28;106;123;41;200;141;300;54;142;24;58;57;28;83;54;33;114)
seed_17_level_5-1,1391,23113.931627988815,16298152,6512,(23;34;47;34;54;58;58;200;18;16;58;27;54;250;23;28;42;214;51;45;27;200;47;50;54;30;39;40;55;128;32;86;29;55;61;30;250;31;38;212;68;30;38;70;16;36;35;33;32;59;49;56;33;47;33;30;96;39;53;48;34;22;14;129;42;68;68;60;34;66;71;200;27;200;47;36;200;200;14;13;14;126;107;126;30;30;85;56;39;27;79;114;20;69;44;50;25;55;189;48;33;157;35;37;34;16;25;200;111;22;32;79;123;58;250;53;84;58;133;26;211;38;32;29;113;63;87;34;24;54;20;18;57;21;19;82;80;20;58;20;25;22;38;79;28)
seed_17_level_5-1,1391,23670.2762465477,16884789,6666,(28;20;100;90;87;80;153;200;83;200;48;36;15;26;49;58;37;56;25;52;20;26;20;32;32;79;77;57;113;57;37;30;38;58;24;42;59;31;143;35;34;108;66;57;69;192;27;57;142;54;18;21;200;51;100;86;28;37;68;104;145;105;100;173;100;36;49;37;33;200;82;68;77;110;22;28;38;200;200;110;66;23;35;27;41;22;84;47;50;81;35;41;39;27;26;55;59;31;83;31;184;49;200;14;40;77;26;36;17;65;56;20;110;47;250;200;110;22;109;47;18;105;77;14;47;126;200;200;15;22;26;47;30;25;25;26;23;18;26;32;200;34;25;34;31;46;91;27;35;88;56;47;110;200)
seed_17_level_5-1,1391,24218.481819152832,17438169,6817,(124;66;68;113;141;50;29;86;56;87;41;19;32;50;21;52;52;47;78;79;78;38;114;47;20;56;200;28;86;22;47;18;33;47;32;16;19;47;26;29;200;25;77;14;16;105;55;200;118;22;23;17;19;95;77;54;43;90;30;53;32;23;135;185;43;191;183;166;35;99;100;94;45;46;66;26;42;79;34;55;36;25;34;48;25;33;62;30;58;40;26;19;180;116;32;90;56;42;136;49;35;27;86;255;51;33;16;38;25;47;19;18;54;200;53;108;84;49;26;48;20;23;23;27;28;200;14;104;130;24;24;350;108;47;64;143;54;54;26;17;39;33;86;21;18;50;39;139;24;85;200)
seed_17_level_5-1,1391,24757.924522399902,18015359,6966,(23;34;44;42;31;36;26;26;48;40;39;19;54;47;71;19;40;48;26;57;130;66;41;42;200;50;39;29;15;18;77;47;77;200;32;24;200;27;40;25;34;30;29;32;33;81;200;134;57;24;57;48;35;48;82;18;34;48;110;21;48;36;27;37;150;35;23;69;43;69;37;62;200;100;79;27;25;28;105;47;105;32;79;32;200;47;21;25;47;200;63;25;35;43;48;57;31;57;58;27;100;19;49;83;20;63;159;91;90;34;91;191;42;33;30;321;105;54;143;200;113;157;45;19;200;40;18;31;51;97;87;57;250;124;14;47;24;47;200;77;200;19;105;105;126;47;25;23;61)
seed_17_level_5-1,1391,25304.420555353165,18631521,7116,(59;115;100;51;100;25;21;65;168;100;29;27;25;178;53;50;30;78;32;200;59;200;29;139;24;28;200;108;71;31;142;19;26;37;16;24;79;86;20;79;16;26;57;39;54;200;25;200;30;32;25;24;50;33;39;200;36;200;90;54;39;117;24;26;42;22;39;40;21;64;78;44;57;48;18;200;32;31;18;86;42;250;193;35;84;89;16;57;115;66;40;50;37;18;200;18;27;43;137;26;79;147;39;80;18;50;26;84;28;88;24;26;52;30;27;121;59;77;25;30;26;86;200;119;49;37;17;137;33;200;20;126;23;26;200;105;16;200;33;105;33;200;27;24;26;23;33;200;21;39)
seed_17_level_5-1,1391,25829.842146635056,19101006,7265,(200;28;34;37;200;36;26;33;52;50;21;25;113;36;23;46;31;130;38;25;154;28;35;27;29;155;59;40;91;126;43;122;80;129;54;34;46;200;58;80;38;31;54;44;55;29;41;62;100;19;37;26;36;27;29;20;29;85;39;27;37;40;27;168;100;61;113;139;100;28;161;27;82;55;48;26;100;39;57;67;36;109;59;200;64;27;80;39;57;17;113;26;106;144;94;16;30;200;143;51;123;20;80;33;57;32;38;28;37;57;56;79;31;24;86;53;31;20;15;200;58;51;88;63;52;25;19;20;47;25;115;33;47;56;19;24;15;26;25;130;111;14;200;26;18;77;24;200;34)
seed_17_level_5-1,1391,26363.203145503998,19611359,7415,(25;33;78;38;228;100;73;99;177;52;30;37;30;32;110;134;118;54;117;28;89;46;48;37;57;24;34;32;50;145;30;38;34;22;200;200;200;200;15;53;200;27;34;200;52;14;28;108;18;20;144;39;55;58;27;83;35;36;51;37;30;34;34;93;25;37;64;50;29;19;82;24;27;15;24;200;25;35;19;54;106;14;47;16;200;26;22;33;48;55;47;82;130;31;41;82;21;147;32;31;21;125;58;28;32;28;31;27;35;53;58;227;41;40;44;57;29;70;80;33;24;32;33;19;149;50;33;25;45;23;16;130;117;37;61;142;26;73;29;200;27;24;117;28;39;100;17;84;117;97)
seed_17_level_5-1,1391,26919.369064807892,20250398,7567,(25;54;31;55;60;50;38;23;26;200;57;28;79;17;18;46;65;200;64;186;42;57;97;29;64;40;48;118;245;33;126;43;106;28;200;188;127;184;105;122;113;126;77;34;19;21;27;19;14;48;31;65;37;16;200;24;33;31;29;27;47;84;25;200;29;57;35;20;14;33;20;33;51;37;31;41;48;250;51;110;135;51;111;200;80;42;33;87;42;47;42;27;68;59;67;32;25;39;53;53;31;78;114;200;200;148;250;42;27;114;63;25;22;30;23;40;25;24;92;85;67;22;29;200;36;87;21;118;200;129;200;135;35;34;17;60;79;35;18;111;37;17;40;92;37;36;50;27;200;100;27;19)
seed_17_level_5-1,1391,27464.777220010757,20860987,7716,(60;32;62;90;23;189;45;26;54;87;37;48;54;64;71;92;18;81;51;83;47;200;25;114;58;200;20;20;200;25;17;85;79;51;84;107;127;145;96;36;21;116;250;79;150;27;100;16;250;108;17;98;24;47;100;43;22;26;68;27;26;54;111;34;25;59;77;14;88;95;132;105;35;200;36;71;28;114;20;33;15;40;38;32;33;135;125;62;200;20;200;35;29;49;129;78;58;106;28;52;30;47;112;35;34;85;133;70;87;47;64;250;200;300;61;129;52;26;32;45;38;40;19;19;108;46;148;15;18;48;61;47;28;29;27;57;26;37;21;34;84;15;77;105;29;100;17;26;46)
seed_17_level_5-1,1391,28026.60258626938,21566265,7866,(27;21;59;86;200;23;183;13;24;25;23;126;13;37;24;133;47;200;34;126;200;14;24;200;47;147;14;154;20;57;36;77;26;36;57;20;64;240;62;30;107;23;35;15;200;30;34;28;81;32;37;27;24;117;32;28;100;25;84;26;32;59;30;132;57;27;25;33;250;122;65;200;151;52;100;111;50;67;35;150;70;97;81;16;200;114;58;38;47;71;49;56;153;45;43;200;30;33;77;271;119;111;34;23;115;21;21;200;17;28;28;200;125;48;26;53;38;14;200;30;23;14;26;108;15;200;113;31;200;26;17;18;16;200;50;24;200;32;50;15;25;109;24;16;200;77;79;83;30;33)
seed_17_level_5-1,1410,28579.057015419006,22258972,8016,(109;73;33;50;42;40;26;156;47;15;77;108;50;34;52;58;17;30;136;23;47;18;16;49;47;118;32;27;25;23;108;57;36;27;21;18;57;83;109;18;200;18;15;19;16;30;50;108;200;57;137;25;80;200;77;33;109;25;25;26;17;16;109;113;31;200;15;108;183;15;29;26;20;200;47;56;29;200;200;77;200;200;105;31;25;200;200;21;31;105;47;20;30;159;54;18;25;105;100;56;26;200;18;27;18;26;32;33;32;106;126;79;29;16;22;27;28;49;41;54;77;123;35;217;28;56;58;47;200;200;200;15;30;105;97;49;106;30;54;122;35;77;54;24;20;350;51;200;30;200)
seed_17_level_5-1,1410,29136.379146575928,23067114,8166,(159;29;100;23;79;157;88;33;30;200;111;34;100;28;19;57;24;23;22;30;47;200;105;20;23;26;108;83;14;16;26;34;45;27;200;200;24;100;27;200;80;33;25;54;25;62;149;100;75;14;32;250;26;53;47;28;200;79;79;30;200;50;200;25;47;30;160;19;47;40;200;19;194;17;21;250;27;123;200;28;106;29;190;135;60;200;20;107;37;78;106;200;37;32;200;78;200;119;18;200;28;49;48;200;16;200;84;121;260;30;60;25;107;48;200;200;15;200;45;200;78;36;32;119;17;32;32;34;55;16;28;49;36;30;213;49;51;26;49;47;35;55;14;28;25;34;20;17;42;21)
seed_17_level_5-1,1410,29686.254173517227,23783640,8316,(50;77;31;47;61;30;26;48;200;200;27;47;200;25;20;20;110;77;200;154;36;100;24;32;200;161;21;60;24;39;22;23;59;22;33;23;25;200;18;105;100;77;33;19;200;24;34;45;25;191;77;14;108;19;21;14;44;57;188;62;200;21;24;77;27;24;33;28;40;48;28;38;33;31;49;14;17;34;17;17;200;200;47;40;49;25;200;18;67;25;58;25;17;20;57;145;15;33;100;20;62;200;27;111;27;200;20;31;58;200;16;79;43;25;200;35;18;25;32;200;79;26;48;198;42;200;49;200;107;47;206;190;30;55;122;88;57;42;79;16;20;20;25;200;83;226;200;29;200;16)
seed_17_level_5-1,1410,30255.068518400192,24596390,8466,(47;63;200;77;54;15;79;200;41;25;23;22;30;32;19;200;86;200;25;200;21;200;50;22;28;18;30;200;37;17;19;56;100;28;200;29;135;27;16;168;24;15;200;16;25;100;30;24;17;200;44;15;18;25;16;83;58;47;25;100;17;200;200;49;31;200;22;47;28;25;27;151;35;119;77;200;27;140;48;24;200;119;120;61;200;200;200;123;25;34;84;17;57;79;29;122;55;214;200;35;20;77;200;78;41;68;200;47;47;79;27;26;140;200;58;62;67;32;79;105;83;24;49;56;52;200;45;26;51;100;82;48;59;59;30;20;119;55;200;200;19;78;200;200;39;35;58;24;188;105)
seed_17_level_5-1,1410,30794.701386213303,25122992,8616,(23;31;126;47;41;200;24;17;200;184;22;47;53;83;110;173;153;164;16;55;27;26;18;116;158;84;54;50;200;30;26;33;25;21;76;47;16;59;105;18;28;28;18;15;34;57;19;21;108;28;15;36;58;21;24;200;31;22;79;34;55;24;30;32;21;47;200;49;189;24;17;33;62;100;57;47;32;32;47;122;27;35;14;26;28;86;22;44;102;14;33;18;17;18;49;79;158;200;49;200;33;89;115;19;49;37;155;16;100;121;131;72;21;200;36;49;32;188;27;32;58;200;48;24;15;100;50;73;200;23;31;52;34;48;33;53;40;33;33;20;82;200;32;34;37;36;33;48;26;22)
seed_17_level_5-1,1762,31350.68890118599,25949862,8766,(160;84;56;189;112;29;135;75;200;119;200;134;34;23;184;200;84;200;31;50;22;200;135;61;50;28;66;37;18;47;18;24;37;30;59;29;16;47;100;27;23;79;198;39;16;23;23;450;16;54;19;48;16;49;30;36;200;198;17;25;21;107;200;55;134;19;26;120;42;30;48;207;31;34;47;29;15;33;200;28;39;68;82;200;21;16;100;27;29;200;37;126;250;32;27;29;126;49;19;88;126;200;45;163;200;28;36;24;79;200;45;34;16;200;24;91;18;27;26;26;83;135;17;200;26;42;77;28;34;107;43;16;23;50;14;200;200;21;158;200;51;16;33;100;30;24;31;16;38;17)
seed_17_level_5-1,1762,31897.146637439728,26577018,8916,(200;27;35;116;207;26;200;26;200;24;16;27;22;126;36;22;27;24;200;200;22;33;50;82;27;199;33;29;37;15;28;200;200;33;27;29;17;20;26;200;130;200;47;20;173;133;27;21;200;51;136;158;15;17;26;84;91;26;200;129;17;34;126;29;19;24;14;16;19;32;21;105;79;120;14;18;27;25;27;57;83;29;32;49;85;23;28;50;49;24;27;16;17;77;53;32;17;200;47;25;28;105;200;58;55;14;25;27;129;63;120;57;31;56;196;200;26;37;47;25;25;107;32;136;21;16;84;37;30;17;87;32;36;79;107;16;78;21;30;51;106;122;200;200;31;115;48;59;24;79)
seed_17_level_5-1,1762,32442.279692411423,27253499,9066,(27;49;24;64;200;200;100;51;48;20;48;37;24;29;16;19;15;142;200;22;79;29;146;57;200;53;123;17;25;33;17;200;200;31;16;18;25;32;30;105;162;200;31;26;200;126;93;32;48;24;18;200;29;200;31;200;77;200;200;15;16;28;26;42;127;47;100;78;30;24;76;200;21;100;87;105;105;154;17;113;16;57;25;109;25;24;200;27;200;47;24;31;22;109;126;25;187;19;32;200;101;21;29;26;128;21;29;57;31;30;52;77;21;35;17;25;18;28;18;35;31;28;50;23;31;121;133;26;49;25;29;250;18;31;18;47;79;73;56;18;199;49;154;20;17;28;31;39;200;105)
seed_17_level_5-1,1762,32986.76880598068,27906089,9216,(21;50;32;200;28;200;22;23;25;30;350;18;15;18;30;20;18;17;24;15;200;33;31;100;156;200;80;54;22;105;27;51;24;24;15;18;86;19;17;19;19;27;26;107;23;200;49;18;13;21;27;19;29;20;28;130;28;131;26;37;16;14;200;137;54;54;18;25;28;25;31;31;200;23;34;17;28;54;30;17;81;55;29;69;24;83;32;19;80;54;200;37;26;82;29;136;49;32;49;206;16;79;26;24;33;23;100;59;250;29;25;30;29;105;53;28;33;200;200;28;35;116;89;18;48;29;200;108;19;200;200;14;49;21;113;74;31;25;28;48;100;250;200;200;109;56;21;32;100;200)
seed_17_level_5-1,1762,33550.99892306328,28727362,9366,(14;30;18;27;49;62;154;17;105;24;23;200;28;17;200;19;131;200;113;31;47;26;30;200;30;105;26;25;28;200;25;18;158;126;15;23;200;28;14;130;83;22;200;27;200;23;49;27;33;200;162;122;79;200;24;188;200;79;34;136;14;32;20;22;130;37;33;25;28;110;200;158;24;18;200;100;94;24;14;33;15;142;56;200;299;41;14;28;40;23;29;25;94;38;26;200;82;200;133;56;25;18;200;19;89;47;161;15;100;30;76;49;33;79;99;26;69;77;49;22;200;61;19;200;34;107;200;62;63;200;78;35;79;120;17;18;31;92;218;36;200;32;74;28;67;52;24;33;52;200)
seed_17_level_5-1,1762,34127.39211177826,29650013,9516,(108;29;167;146;200;106;48;200;35;28;56;42;200;83;25;100;79;63;59;128;78;49;45;48;55;19;21;68;23;27;121;200;32;100;27;24;23;17;120;56;102;31;23;48;106;134;200;176;200;134;29;200;34;57;45;107;200;26;36;41;103;200;204;50;106;136;202;59;19;188;49;200;48;154;16;24;126;25;23;129;169;147;55;26;54;26;54;19;200;47;132;200;41;23;33;22;127;200;159;57;192;200;27;77;54;29;200;26;57;163;200;25;26;26;33;20;14;24;108;200;108;135;18;54;23;160;21;131;200;28;150;34;200;47;18;84;172;31;19;31;250;130;200;26;29;33;115;33;200;132)
seed_17_level_5-1,1762,34682.87768673897,30400671,9666,(30;16;81;182;200;25;123;65;55;28;20;19;170;105;48;131;28;47;200;24;28;54;36;34;55;14;200;51;18;55;17;100;17;28;26;48;47;30;25;79;184;86;158;77;200;200;21;200;18;129;39;18;200;132;157;200;36;14;53;20;29;14;200;34;37;200;123;55;35;200;30;77;133;24;54;18;39;19;29;26;29;133;140;200;113;164;84;56;33;32;89;17;200;32;29;200;57;22;200;17;130;23;16;40;26;135;79;31;25;29;200;24;28;49;57;73;57;24;32;38;81;158;33;25;200;85;200;32;32;84;200;33;79;200;150;200;52;19;28;200;27;84;22;29;21;57;57;29;35;31)
seed_17_level_5-1,1762,35231.43800282478,31122269,9816,(58;200;18;57;24;169;82;18;25;21;200;19;84;55;31;215;201;50;25;18;112;17;154;17;21;15;150;30;25;24;18;200;167;62;35;25;113;21;27;137;200;13;28;30;25;132;26;27;41;29;129;79;29;31;146;32;79;60;200;129;23;24;165;20;17;25;84;57;42;200;158;16;31;28;20;26;200;24;24;200;25;126;39;34;59;200;200;200;29;87;55;16;20;34;24;33;187;36;126;29;40;82;32;67;32;22;91;19;200;79;113;32;128;200;16;59;17;29;22;50;135;94;200;34;78;134;200;47;34;28;29;25;32;109;57;37;18;71;110;49;200;34;28;24;204;125;128;36;16;200)
seed_17_level_5-1,1762,35784.032618284225,31851255,9966,(17;28;16;50;200;100;200;33;250;17;85;30;200;29;126;25;47;24;22;80;200;26;21;29;160;37;200;60;200;24;17;166;51;105;47;200;86;200;29;18;32;32;26;18;48;69;15;74;29;16;164;29;32;115;57;57;17;39;33;50;24;47;56;128;89;87;18;56;200;250;47;93;32;58;41;114;56;165;21;35;79;27;28;200;250;171;58;108;33;24;200;25;57;59;27;50;76;30;21;21;54;37;177;22;200;129;200;38;200;162;39;79;200;49;91;167;49;22;86;200;27;24;49;109;34;56;18;50;94;16;84;30;33;200;35;28;18;33;19;124;17;29;32;25;49;57;70;87;44;19)
seed_17_level_5-1,1762,36333.61168694496,32557531,10116,(50;26;50;19;158;26;36;200;54;40;56;71;20;26;22;200;17;37;200;135;27;22;39;26;200;36;37;40;121;48;136;56;33;41;19;200;40;113;56;83;57;200;35;156;15;109;38;92;126;141;24;30;34;51;200;23;54;83;37;17;25;64;58;120;165;48;87;58;80;200;23;115;57;126;171;164;18;17;14;49;165;26;21;47;22;27;62;25;118;31;28;122;27;25;58;28;53;128;126;200;230;26;113;108;22;200;200;30;48;35;47;17;77;29;200;142;157;17;171;29;24;30;50;28;77;202;26;37;80;120;79;31;16;79;37;34;200;18;162;100;33;200;30;100;21;20;37;35;19;200)
seed_17_level_5-1,1762,36891.84653663635,33205521,10266,(17;158;193;61;77;30;164;200;154;150;47;25;19;171;164;69;133;35;24;20;32;24;40;29;24;200;53;87;40;25;23;200;25;26;79;59;131;57;22;15;200;57;28;27;144;14;79;30;170;161;47;29;53;29;56;29;108;47;119;55;41;61;58;109;28;200;166;83;21;49;29;26;54;29;24;23;19;59;116;24;49;67;202;23;29;24;37;24;57;200;24;200;200;36;36;50;24;54;26;39;25;18;64;42;31;34;28;37;200;200;28;200;30;200;34;25;16;26;29;57;57;91;157;27;20;28;25;108;25;54;24;18;141;22;36;25;20;36;165;26;128;39;50;200;200;17;27;23;57;191)
seed_17_level_5-1,1762,37445.59004878998,33965170,10416,(57;29;24;42;35;17;33;100;200;21;28;17;153;35;124;28;72;22;24;83;21;45;25;28;200;200;200;36;212;58;33;200;27;41;108;50;27;200;33;28;50;28;42;115;25;43;113;250;200;200;57;200;29;129;121;21;56;142;41;200;49;32;22;200;79;77;54;17;26;200;29;17;50;165;47;105;200;35;23;109;158;13;27;52;39;28;30;27;59;28;54;24;28;57;26;47;155;34;32;32;159;126;35;200;87;54;79;63;200;158;165;50;27;54;87;30;21;200;84;170;59;15;200;31;200;126;21;50;79;33;24;168;26;74;49;28;18;200;54;162;109;37;33;50;33;20;21;164;15;57)
seed_17_level_5-1,1762,37996.2603597641,34782461,10566,(36;133;41;140;30;26;21;24;34;172;42;153;40;84;84;100;126;29;35;200;24;19;200;66;200;142;200;113;25;38;78;13;47;37;40;86;200;35;27;54;28;60;29;35;31;38;27;200;168;24;50;15;31;50;18;29;45;93;200;113;200;57;50;25;200;19;43;54;23;200;23;159;28;77;19;24;50;30;54;165;35;31;79;129;54;200;21;39;200;163;50;32;35;24;192;37;32;58;200;54;32;550;58;25;161;28;27;53;15;24;26;50;200;34;54;18;172;20;33;54;16;54;33;83;58;16;50;50;20;32;200;24;38;23;29;54;200;23;50;54;36;200;42;30;23;61;200;200;37;26)
seed_17_level_5-1,1762,38557.923364162445,35600760,10716,(159;49;113;96;200;42;18;37;32;127;36;164;18;200;21;93;28;56;35;86;168;200;200;161;38;17;24;84;16;21;24;15;70;24;28;34;29;25;200;200;165;23;200;200;164;184;129;25;20;113;112;54;30;29;30;28;200;142;40;26;54;31;200;83;122;26;55;200;77;28;14;200;24;192;16;28;17;17;54;42;124;28;33;28;24;54;47;70;29;163;60;37;200;130;30;26;28;61;32;200;130;77;200;81;33;200;81;53;350;25;40;54;50;105;26;33;66;54;36;32;24;14;129;105;84;35;200;50;23;57;33;57;33;26;18;77;85;26;161;20;31;50;200;200;22;30;33;33;200;200)
seed_17_level_5-1,1762,39115.55790042877,36329885,10866,(29;47;38;133;58;26;23;135;128;22;19;38;200;231;130;36;200;29;101;80;30;25;36;16;200;19;26;59;87;77;135;29;31;18;200;36;36;105;25;28;119;28;200;56;29;51;89;200;67;31;54;54;200;105;31;28;26;17;47;39;31;24;42;24;126;41;200;47;200;17;20;30;166;38;31;78;26;35;29;87;200;35;200;79;31;33;54;114;26;23;200;26;34;129;26;23;113;54;24;31;129;84;31;109;105;59;83;27;122;77;200;24;15;200;47;54;47;41;58;26;26;26;54;122;135;200;200;54;18;113;58;27;159;167;200;114;40;200;38;166;200;88;59;200;42;26;34;35;29;54)
seed_17_level_5-1,1762,39668.059329509735,37091716,11016,(36;200;25;200;60;36;19;25;39;26;54;62;38;33;20;200;41;45;53;28;54;200;27;33;200;54;58;31;58;54;58;200;21;57;122;36;54;200;69;145;200;26;200;200;45;200;100;21;37;41;43;35;42;33;127;47;121;18;16;54;46;200;29;222;31;26;250;25;51;40;27;33;126;59;38;195;200;25;54;78;13;27;32;135;27;18;30;31;126;23;36;26;79;126;47;195;113;22;25;26;47;37;200;77;113;190;31;200;126;61;24;194;80;81;58;200;15;25;34;47;126;57;159;16;84;23;25;27;79;200;29;49;18;138;191;23;14;180;23;173;160;34;21;22;16;173;34;83;25;54)
seed_17_level_5-1,1762,40227.300204753876,37849329,11166,(222;120;200;50;107;98;33;24;21;113;30;50;37;32;30;91;126;28;17;200;47;64;27;59;95;32;57;17;115;201;79;200;83;18;24;24;30;135;200;25;42;46;18;49;47;83;17;37;38;53;85;115;150;38;28;51;93;52;190;26;41;32;194;59;109;85;62;21;40;191;14;157;15;33;200;45;79;200;32;50;26;79;50;200;87;84;47;34;105;108;17;20;23;16;91;133;127;49;30;38;230;79;26;27;221;188;28;200;15;159;28;27;15;18;29;200;30;50;31;145;30;150;34;133;28;47;17;200;30;200;33;170;84;19;85;200;49;33;79;36;172;200;80;108;47;35;19;160;151;23)
seed_17_level_5-1,1762,40781.644095897675,38504228,11316,(200;124;25;57;47;27;127;50;15;50;34;54;20;212;140;61;49;18;23;39;59;56;54;34;38;139;39;131;28;100;115;37;24;33;20;63;50;30;126;200;200;23;31;27;29;33;35;82;29;150;84;126;23;35;17;135;89;150;21;185;56;59;40;31;50;25;25;31;221;77;54;33;136;163;37;26;57;88;31;24;169;25;200;18;79;200;108;28;23;162;33;26;27;57;47;200;41;62;51;25;21;48;54;200;105;167;79;105;36;157;35;105;35;62;115;31;26;35;149;200;126;32;47;28;105;57;157;27;29;85;35;105;200;16;89;105;24;200;26;167;32;17;44;15;54;90;68;200;16;18)
seed_17_level_5-1,1762,41346.706265449524,39316502,11466,(50;65;37;50;150;200;25;35;71;29;38;47;28;126;21;100;130;149;200;200;25;200;34;36;50;200;24;29;24;21;57;36;21;54;18;58;41;200;127;54;59;100;34;23;30;40;38;165;33;85;32;24;37;123;32;200;85;57;200;26;49;33;39;24;143;135;77;129;58;79;27;91;159;18;21;61;126;20;116;154;166;247;189;16;200;34;48;17;200;55;105;161;15;57;21;27;31;200;47;200;200;16;77;83;24;49;18;132;25;38;200;200;113;83;26;54;20;200;105;32;108;25;37;122;187;158;126;26;22;19;106;47;15;84;166;137;36;34;200;31;26;190;101;84;200;58;59;161;33;22)
seed_17_level_5-1,1762,41927.58674263954,40215703,11616,(17;66;153;54;23;21;23;21;50;49;133;129;35;50;56;39;23;22;39;48;23;36;118;26;38;81;35;200;29;39;54;21;71;83;32;57;50;22;200;104;200;47;136;54;126;53;54;108;54;80;129;68;31;62;32;147;120;26;200;61;200;59;52;56;30;117;25;25;22;54;54;25;25;27;200;53;187;158;31;29;24;200;32;200;150;23;169;20;31;200;200;166;165;47;57;200;31;24;161;36;200;31;154;54;150;17;200;111;161;161;24;200;130;105;200;24;200;33;200;252;105;58;26;157;200;109;17;66;24;22;200;200;200;105;70;72;93;24;22;33;37;158;159;161;37;25;25;200;158;84)
seed_17_level_5-1,1762,42503.54403805733,41184546,11766,(145;200;40;69;200;250;200;40;127;108;28;25;33;24;200;250;25;33;126;36;61;150;58;30;54;36;57;132;85;37;63;54;30;50;32;42;57;66;26;200;47;31;57;125;187;122;35;90;21;33;18;140;200;40;130;77;37;133;50;128;200;250;37;26;47;136;163;200;38;200;41;37;58;105;158;80;200;47;22;150;24;200;56;200;27;154;108;19;200;16;27;25;129;106;25;200;164;28;154;33;200;24;200;27;200;164;47;137;127;24;29;130;159;36;14;15;47;31;157;116;200;79;200;30;23;93;24;18;161;63;28;162;23;195;23;29;154;34;18;24;134;54;42;21;21;173;200;35;200;28)
seed_17_level_5-1,1762,43068.531225442886,41923272,11916,(47;200;98;24;54;132;16;25;158;123;71;61;22;27;27;58;204;40;47;150;32;47;120;36;18;125;38;19;24;26;40;54;124;26;47;28;22;14;126;31;28;14;56;124;57;32;54;85;136;30;32;57;130;47;16;122;39;56;17;28;27;115;47;38;23;36;16;110;200;135;79;28;200;200;200;200;27;182;31;105;200;54;33;54;27;54;24;26;105;108;200;157;79;200;200;83;31;47;19;23;27;25;30;89;54;165;31;23;159;13;15;200;57;115;50;169;158;108;31;22;200;127;57;194;143;28;35;25;16;26;154;49;20;200;57;158;58;200;29;105;18;61;117;135;23;174;16;58;57;200)
seed_17_level_5-1,1762,43637.89243674278,42683368,12066,(21;130;38;54;87;184;200;57;59;200;66;26;25;23;126;27;37;57;47;21;17;77;34;200;88;30;57;23;200;50;200;200;50;26;135;57;200;35;36;50;54;21;33;149;26;30;15;29;154;33;47;59;57;137;30;24;37;200;128;26;23;50;24;168;25;28;158;16;80;79;31;163;200;16;158;200;30;27;25;200;25;200;200;18;140;158;34;28;20;117;15;32;25;200;26;31;22;108;66;26;165;15;112;200;47;37;16;200;25;58;159;25;79;126;14;26;26;14;47;135;200;54;26;27;200;27;18;160;200;34;35;27;14;24;59;83;159;200;34;52;24;77;158;26;23;16;30;117;154;79)
seed_17_level_5-1,1762,44192.3394036293,43350345,12216,(154;131;20;47;133;15;114;30;140;18;41;24;36;250;36;40;113;18;37;144;79;41;27;152;200;30;128;79;36;57;138;118;61;33;54;29;200;57;99;129;35;26;50;78;15;21;20;56;58;61;58;14;100;19;47;35;136;54;147;29;41;24;136;28;87;24;158;26;126;158;200;200;15;26;161;200;24;23;200;18;200;25;61;151;168;34;21;33;169;86;36;19;56;126;200;21;200;129;19;23;30;30;126;22;50;25;19;34;87;24;19;115;200;35;15;32;94;30;21;140;31;17;26;255;33;28;50;19;113;27;39;26;109;150;161;21;28;24;64;26;49;17;20;154;31;29;17;14;112;41)
seed_17_level_5-1,1762,44753.604365587234,44045444,12366,(47;29;64;19;57;22;24;47;41;27;198;105;118;44;17;81;126;34;47;18;133;16;16;41;22;47;38;20;139;120;14;127;33;24;24;41;120;26;161;25;32;25;86;17;57;25;185;23;35;23;57;50;86;181;139;122;32;28;50;21;54;129;206;26;47;47;28;34;94;163;28;21;24;19;86;126;28;23;79;160;31;14;23;27;126;97;36;122;40;250;155;25;22;27;16;25;163;87;21;15;15;25;42;24;127;206;28;200;154;21;50;87;164;50;23;40;200;117;24;256;162;26;47;42;158;200;26;86;19;85;17;33;244;25;200;58;23;200;49;200;47;200;169;200;26;23;30;47;18;47)
seed_17_level_5-1,1762,45323.337383270264,44842316,12516,(105;47;200;61;105;130;34;31;47;33;119;15;118;39;47;57;16;40;84;35;34;31;59;31;34;77;21;47;128;31;120;350;32;29;57;20;26;14;22;200;28;31;119;79;149;34;26;199;47;15;120;34;13;200;30;54;55;31;35;24;25;118;118;54;33;138;34;57;24;43;26;84;200;22;90;23;116;29;36;196;87;133;28;25;157;20;163;31;62;19;31;200;105;47;28;200;127;24;175;89;31;42;162;40;64;121;30;161;51;40;43;130;200;90;57;158;200;170;24;126;200;16;77;24;170;108;89;31;161;120;163;35;210;200;25;25;161;200;84;79;47;105;36;138;57;34;77;84;200;126)
seed_17_level_5-1,1762,45892.93016552925,45558568,12666,(26;64;47;26;39;86;118;105;86;32;27;164;31;33;200;67;57;26;129;121;100;32;33;13;127;25;58;25;91;119;39;27;200;28;39;148;36;22;47;40;26;30;24;39;24;25;38;28;200;54;19;17;133;15;85;196;57;118;93;27;48;28;35;15;35;61;87;126;87;41;85;35;58;29;126;135;187;221;25;57;182;176;200;57;58;57;200;35;76;63;166;32;57;21;192;21;19;159;126;18;26;133;16;25;42;19;55;88;29;42;200;77;200;200;200;127;40;19;23;150;119;57;33;160;16;56;69;27;25;109;24;89;26;200;30;26;161;200;173;177;38;21;164;24;90;85;77;89;93;106)
seed_17_level_5-1,1762,46453.29654431343,46346239,12816,(131;200;63;34;22;33;24;21;54;200;200;105;133;164;129;31;49;123;32;119;26;47;27;51;27;27;36;26;31;25;33;26;25;200;29;119;35;57;57;105;77;57;198;76;54;40;26;28;32;28;27;30;28;200;41;52;47;47;63;17;35;58;38;35;29;80;25;200;26;49;32;153;40;20;35;37;100;31;129;24;31;54;172;38;50;200;17;32;44;250;18;200;34;158;24;24;167;59;200;114;82;69;21;200;20;29;21;158;41;188;24;16;173;108;350;30;17;350;58;25;54;28;26;200;67;200;22;79;91;23;14;86;58;159;116;35;117;157;61;24;70;87;58;190;31;31;159;171;47;34)
seed_17_level_5-1,1855,47020.051563978195,47098456,12966,(28;33;38;105;200;52;47;27;91;37;105;29;31;32;27;28;119;50;27;144;35;47;28;100;48;33;25;17;34;131;65;40;23;35;32;20;55;118;47;69;100;131;14;31;47;31;27;25;15;65;25;31;34;19;119;29;200;16;19;118;88;47;135;143;122;174;29;22;41;59;30;26;135;27;22;191;165;225;24;200;25;150;190;155;161;35;125;57;137;63;166;95;158;137;61;52;26;25;150;25;97;200;142;199;21;187;194;28;200;32;86;127;37;31;159;24;59;89;46;58;200;50;137;50;386;200;24;111;28;17;27;23;132;49;28;19;161;25;18;142;53;28;116;25;30;31;37;146;50;23)
seed_17_level_5-1,1876,47580.377113580704,47951521,13116,(47;53;14;47;47;21;15;73;18;29;31;28;47;108;105;31;23;17;17;25;47;120;35;91;64;50;32;27;18;34;134;27;235;27;24;27;15;28;57;47;39;131;27;15;24;47;21;164;28;29;118;13;33;35;57;36;14;27;16;25;107;36;26;380;170;32;67;84;84;200;159;18;193;250;156;110;88;263;29;85;24;26;54;200;40;100;136;82;100;200;52;58;250;16;166;104;94;61;200;43;16;114;45;300;58;27;100;48;188;66;200;33;157;100;28;24;26;100;57;56;200;35;30;100;81;19;27;34;91;58;25;66;15;271;351;84;200;55;84;31;88;200;23;59;18;193;56;86;70;28)
seed_17_level_5-1,1876,48159.96076512337,48832022,13266,(30;133;14;47;31;37;22;21;91;17;15;118;33;44;19;36;15;29;119;300;29;31;34;44;172;28;15;200;33;19;33;133;54;200;121;47;54;200;200;28;23;200;28;121;118;168;34;133;105;14;52;15;128;77;121;34;133;28;105;77;118;15;195;34;26;48;69;131;253;198;25;21;51;200;36;47;29;117;134;34;56;132;86;47;200;57;109;100;89;111;54;200;175;87;31;65;48;25;200;25;54;119;216;18;165;163;200;84;58;22;22;126;25;39;50;27;33;84;200;200;151;26;88;228;17;24;26;81;79;53;310;38;77;54;69;158;200;69;162;85;34;37;64;35;200;108;45;81;24;59)
seed_17_level_5-1,1876,48722.341215372086,49564150,13416,(26;15;57;38;54;19;32;59;47;77;60;30;30;125;30;40;35;77;38;26;37;26;130;33;200;14;200;16;49;47;27;47;54;200;31;250;24;47;14;25;25;120;106;164;30;200;27;177;28;44;66;15;47;34;80;18;57;24;31;35;15;86;96;119;17;27;121;152;49;25;23;29;118;58;27;40;17;197;129;79;47;200;126;200;31;34;25;47;21;58;71;32;26;36;110;78;153;88;24;39;161;26;31;26;135;168;133;33;39;164;200;26;27;88;47;200;49;22;126;166;80;24;161;222;47;23;161;17;35;175;100;26;25;153;200;139;29;89;171;56;28;200;54;200;113;171;196;172;15;16)
seed_17_level_5-1,1876,49294.72078490257,50483832,13566,(16;31;34;18;200;28;47;118;31;25;250;119;95;77;28;106;21;131;27;47;131;47;117;28;23;34;39;18;26;77;214;30;31;31;64;24;133;250;25;36;115;226;200;124;47;47;33;19;35;79;153;200;57;19;25;25;28;47;200;118;121;200;35;28;100;222;100;200;25;153;31;24;34;154;28;165;26;54;87;49;23;27;200;56;54;200;19;18;115;200;200;26;91;28;21;30;29;30;160;23;55;160;200;165;26;25;39;54;160;200;33;153;116;200;153;27;209;48;106;39;20;191;233;170;33;40;95;27;116;200;26;200;59;25;26;185;28;31;23;200;20;25;55;200;21;161;26;56;200;32)
seed_17_level_5-1,1876,49875.913997888565,51455601,13716,(120;28;47;200;200;194;16;31;32;57;200;34;30;132;16;16;38;23;32;23;87;47;119;105;30;29;14;29;139;167;135;14;27;28;200;137;50;15;34;200;77;20;28;24;37;63;120;32;28;26;34;105;16;25;27;27;47;350;47;200;133;18;202;105;15;33;16;62;252;24;32;124;14;200;200;28;150;87;51;56;32;109;163;54;47;200;33;24;25;200;111;51;84;166;269;57;154;155;32;27;163;37;250;26;60;23;122;27;155;200;245;113;188;30;43;26;24;200;82;18;39;16;47;178;22;200;37;25;36;167;54;69;116;200;84;126;102;61;189;185;200;16;173;18;25;25;205;32;182;47)
seed_17_level_5-1,1876,50454.18676042557,52495565,13866,(202;119;17;26;16;19;34;21;105;77;79;200;14;33;28;17;200;32;18;200;15;118;16;200;36;13;14;105;132;77;195;14;29;47;40;131;34;28;28;39;120;200;19;47;30;35;118;200;133;47;119;181;34;105;14;50;29;19;89;27;200;118;103;100;200;271;216;84;32;26;157;115;34;228;56;20;150;25;42;200;17;88;350;207;200;34;300;26;25;28;33;161;22;25;191;100;157;166;200;250;26;123;31;119;31;131;47;85;130;34;188;128;179;20;57;155;16;160;31;64;24;26;30;24;53;112;28;26;101;27;35;161;240;111;28;97;115;18;200;56;34;105;30;200;200;200;159;41;129;24)
seed_17_level_5-1,1876,51019.829011678696,53263588,14016,(16;129;200;32;32;28;30;129;186;37;118;31;25;27;133;79;33;185;73;200;32;47;16;122;47;118;24;94;200;30;35;47;145;29;87;30;200;57;200;118;30;105;35;32;200;26;31;54;120;47;47;19;25;18;14;50;16;32;13;25;77;47;34;53;35;89;88;200;129;201;115;250;106;24;83;27;22;188;182;27;164;16;77;50;25;144;65;140;33;164;143;24;26;32;49;25;22;54;41;26;34;176;131;48;86;161;25;25;31;188;19;28;88;26;158;19;32;200;161;57;52;250;176;26;47;70;200;25;49;165;32;78;174;109;23;200;200;28;49;58;18;17;84;160;20;27;24;49;83;31)
seed_17_level_5-1,1876,51617.99237537384,54434796,14166,(24;200;20;32;200;160;162;30;252;58;53;35;77;54;18;16;65;92;58;175;82;106;19;25;19;35;217;154;42;23;257;89;165;22;18;171;88;25;170;186;48;200;133;127;30;88;200;88;170;26;169;200;350;21;78;200;150;200;89;34;26;39;18;150;26;51;92;87;200;20;165;37;130;108;182;16;38;200;61;34;79;51;52;20;25;134;61;28;26;122;250;25;87;200;200;113;186;13;279;25;200;100;200;161;101;100;32;56;173;79;48;162;250;24;178;111;106;49;208;200;25;32;31;202;166;135;20;55;159;162;54;188;155;27;128;101;67;155;66;30;21;19;38;162;30;200;50;126;54;109)
seed_17_level_5-1,1876,52212.37824201584,55542225,14316,(32;17;24;16;47;79;126;54;200;26;33;195;25;217;31;149;20;197;29;153;25;116;43;23;48;222;46;52;52;31;54;200;152;24;17;15;118;182;350;25;162;189;17;158;29;113;200;172;26;163;47;31;200;113;28;200;84;49;133;145;250;49;20;180;158;17;52;19;200;195;27;98;88;24;49;114;57;185;37;37;49;78;50;47;200;200;200;17;199;31;24;162;26;31;29;200;26;84;224;105;155;200;200;123;24;113;28;28;311;26;34;200;50;126;180;200;200;47;34;52;25;47;88;30;27;27;153;137;55;23;87;113;15;30;32;166;202;34;200;200;32;79;25;170;63;161;52;21;164;44)
seed_17_level_5-1,1876,52821.3460559845,56806511,14466,(26;200;77;85;200;48;89;33;132;179;163;18;62;220;62;350;24;162;28;26;39;200;250;22;200;26;35;30;200;53;55;89;117;76;58;169;154;215;33;26;85;33;198;56;31;224;61;200;107;153;155;38;25;194;200;20;105;34;53;157;33;235;25;188;126;29;24;28;85;200;200;17;154;50;15;30;31;31;23;200;26;28;84;200;27;16;35;122;40;22;50;180;133;59;24;16;40;200;179;183;39;57;34;57;200;350;62;132;22;200;321;29;200;51;52;56;131;16;24;200;107;33;121;165;171;200;34;200;350;126;96;23;160;32;107;200;200;79;200;83;40;200;23;56;155;17;54;79;24;26)
seed_17_level_5-1,1876,53406.89206147194,57790473,14616,(24;33;48;113;32;16;58;200;221;19;132;33;190;79;21;30;77;200;200;169;24;32;29;59;120;23;22;87;33;47;34;22;26;113;170;209;31;28;49;41;40;24;52;52;171;32;26;200;18;54;49;156;183;49;200;19;25;30;87;40;195;200;105;15;22;23;23;32;200;49;256;48;22;35;200;90;25;55;18;38;129;23;223;168;30;200;106;124;200;233;13;200;26;55;161;30;25;252;152;164;82;79;21;200;194;16;18;196;131;79;87;113;33;178;150;164;58;16;224;48;200;18;24;200;160;56;32;26;200;48;42;40;193;32;59;177;63;24;32;58;25;55;90;163;85;242;30;41;112;60)
seed_17_level_5-1,1876,54002.13461756706,58966316,14766,(23;157;115;24;58;200;141;200;54;49;28;61;35;87;171;34;184;58;100;112;139;17;35;111;52;200;79;56;17;22;168;26;114;28;59;193;200;62;117;26;79;187;59;200;200;47;56;66;156;200;200;200;30;98;25;45;20;23;49;161;68;200;91;31;39;86;47;244;48;175;41;32;26;252;206;40;39;25;40;24;61;18;200;169;49;17;37;162;215;34;88;25;85;31;63;49;24;162;28;30;142;32;84;200;191;400;111;200;63;27;49;117;159;62;200;57;200;49;27;56;160;156;86;84;24;200;173;24;188;200;131;41;79;30;137;28;79;82;198;204;65;200;350;200;26;113;32;134;215;25)
seed_17_level_5-1,1876,54599.86756181717,60158427,14916,(163;92;97;247;32;90;38;165;200;23;205;34;48;37;56;212;78;34;187;49;24;90;50;134;65;154;300;200;33;63;194;133;35;167;200;156;34;88;41;200;24;83;121;27;72;62;118;108;24;30;31;100;36;117;48;47;250;29;30;28;65;79;66;26;200;240;59;48;26;286;79;200;200;150;28;100;189;132;168;225;26;25;143;30;26;161;171;107;81;25;34;114;159;200;138;59;188;50;71;163;114;114;132;184;158;84;38;162;44;265;221;33;187;85;54;26;155;200;200;39;178;19;15;200;25;25;89;20;222;116;19;52;200;31;48;23;253;127;192;15;50;28;90;33;200;18;90;25;167;24)
seed_17_level_5-1,1876,55201.78584098816,61439076,15066,(179;34;28;39;174;191;54;24;39;47;25;26;102;79;138;41;57;29;110;24;106;80;67;200;82;56;61;200;200;79;248;23;27;47;25;62;111;19;36;22;48;162;28;184;48;105;14;15;200;82;81;200;32;27;57;156;131;62;132;64;54;200;163;301;26;175;120;174;79;40;250;18;344;195;160;33;51;200;250;350;131;49;35;168;24;200;30;83;24;200;90;27;29;112;200;200;23;158;154;37;26;84;20;27;200;157;185;152;106;33;38;187;20;167;166;175;190;35;16;51;199;158;200;163;108;28;52;162;200;217;31;112;56;200;30;165;231;24;111;86;350;16;30;54;27;55;57;174;26;165)
seed_17_level_5-1,1876,55775.22780632973,62345912,15216,(42;26;26;77;19;25;200;31;85;200;136;32;170;45;47;28;174;87;21;98;18;48;28;26;24;32;129;82;57;80;55;28;23;154;200;56;30;29;50;133;25;193;77;17;38;161;83;58;16;174;105;59;200;30;17;56;115;200;49;26;80;33;49;47;48;200;200;24;222;15;18;34;168;22;79;36;86;84;59;85;168;111;157;27;248;128;28;159;25;23;44;20;24;163;31;165;200;200;25;107;31;221;156;65;25;54;21;31;221;192;166;200;25;40;88;79;23;26;49;200;28;30;31;200;65;109;57;34;200;27;52;16;176;271;33;31;17;184;57;291;26;32;122;54;143;22;134;21;150;163)
seed_17_level_5-1,1876,56347.26280212402,63294766,15366,(124;49;99;89;19;120;94;50;54;221;19;55;44;18;47;29;26;200;83;53;26;154;85;52;154;78;25;27;116;47;30;23;23;28;154;13;39;60;48;180;24;27;57;126;57;35;59;134;47;16;26;150;37;47;100;31;200;128;47;90;88;157;59;31;200;50;83;29;36;251;159;25;22;29;35;34;47;54;72;26;25;200;19;155;32;83;18;162;18;299;58;80;200;20;129;84;134;186;200;200;53;18;253;200;54;58;27;26;18;161;25;161;222;24;157;127;19;19;27;205;250;52;163;129;26;128;143;54;162;300;79;110;167;85;24;200;54;36;169;200;54;200;19;47;54;25;179;59;171;53)
