seed_10_level_1-4,1202,527.6854407787323,526662,150,(100;100;100;54;103;100;54;100;56;53;87;100;52;100;100;57;100;52;100;100;100;57;100;57;69;251;53;100;100;57;100;59;52;100;57;100;58;57;53;100;55;100;100;100;100;53;53;100;100;57;100;53;86;56;150;52;53;100;100;52;100;100;52;100;59;100;100;56;88;88;52;53;52;100;54;100;52;54;100;100;57;56;100;57;53;52;116;100;57;100;238;52;100;100;53;100;52;90;52;52;53;52;54;100;100;100;119;100;52;100;57;57;52;53;150;100;100;53;100;52;53;53;100;66;52;52;100;100;53;57;57;100;54;52;57;52;100;52;57;108;100;52;57;53;52;54;58;60;76;57)
seed_10_level_1-4,1202,1066.6189210414886,1057009,302,(100;100;100;100;100;100;100;100;100;100;100;100;100;100;100;100;100;100;100;100;100;100;100;100;100;100;100;100;100;100;100;100;100;100;100;100;100;100;100;100;100;100;100;100;100;100;100;100;100;100;100;100;100;100;100;100;100;54;52;69;57;54;60;57;57;57;57;59;57;59;57;57;53;57;57;57;57;57;57;57;53;55;66;58;53;55;52;56;53;55;53;56;57;53;52;53;52;52;52;54;52;52;59;53;52;53;52;52;52;52;52;52;52;54;52;52;52;53;54;52;52;52;52;52;53;53;53;57;56;57;57;52;57;57;57;53;150;150;103;87;76;86;88;88;90;116;108;119;251;53;238;54)
seed_10_level_1-4,1202,1604.798115491867,1590649,454,(100;100;100;100;100;100;100;100;100;100;100;100;100;100;100;100;100;100;100;100;100;100;100;100;100;100;100;100;100;100;100;100;100;100;100;100;100;100;100;100;100;100;100;100;100;100;100;100;100;100;100;100;100;100;100;100;100;54;52;69;57;55;60;53;57;57;57;59;57;58;57;53;57;57;57;57;57;57;57;57;53;53;57;53;53;55;66;58;55;52;56;55;55;56;57;53;56;52;56;53;52;52;52;54;52;52;59;53;52;53;52;52;52;52;52;52;52;54;52;52;52;53;54;52;52;52;52;52;54;57;53;53;57;57;56;52;150;150;103;87;76;86;90;88;88;116;108;119;251;100;238;52)
seed_10_level_1-4,1202,2121.3288173675537,2125018,606,(100;100;100;100;100;100;100;100;100;100;100;100;100;100;100;100;100;100;100;100;100;100;100;100;100;100;100;100;100;100;100;100;100;100;100;100;100;100;100;100;100;100;100;100;100;100;100;100;100;100;100;100;100;100;100;100;100;54;52;69;57;55;60;57;57;57;59;57;59;57;57;57;57;57;57;57;57;53;57;57;57;57;54;66;58;55;52;56;55;55;53;57;56;53;53;52;56;54;52;52;52;54;52;52;59;54;52;53;52;52;52;52;52;52;52;53;52;52;52;53;54;52;52;52;52;52;53;57;57;57;53;57;53;57;52;53;150;150;103;87;76;86;90;90;88;116;108;119;251;100;238;52)
seed_10_level_1-4,1202,2651.792624473572,2683157,758,(100;100;100;100;100;100;100;100;100;100;100;100;100;100;100;100;100;100;100;100;100;100;100;100;100;100;100;100;100;100;100;100;100;100;100;100;100;100;100;100;100;100;100;100;100;100;100;100;100;100;100;100;100;100;100;100;100;53;52;68;57;54;60;57;57;57;59;57;58;57;57;57;57;57;57;57;57;57;57;53;57;57;57;57;53;57;54;66;58;55;52;56;55;53;57;56;53;56;52;56;53;52;52;52;53;52;52;59;53;52;53;52;52;52;52;52;52;52;53;52;52;52;54;54;52;52;52;52;52;53;53;53;56;53;53;52;150;150;103;87;76;86;90;88;88;116;108;119;251;53;238;243)
seed_10_level_1-4,1202,3178.2942955493927,3216632,910,(100;100;100;100;100;100;100;100;100;100;100;100;100;100;100;100;100;100;100;100;100;100;100;100;100;100;100;100;100;100;100;100;100;100;100;100;100;100;100;100;100;100;100;100;100;100;100;100;100;100;100;100;100;100;100;100;100;53;52;68;57;54;60;57;57;57;59;57;58;57;57;57;57;57;57;57;57;53;57;53;53;57;57;53;54;66;58;55;52;56;53;55;53;57;56;53;56;52;54;52;52;52;53;52;52;59;54;52;53;52;52;52;52;52;52;52;54;52;52;52;53;54;52;52;52;52;52;53;57;53;53;56;53;57;52;56;150;150;103;87;76;86;88;90;88;116;108;120;251;100;238;53)
seed_10_level_1-4,1202,3699.0470685958862,3747417,1062,(100;100;100;100;100;100;100;100;100;100;100;100;100;100;100;100;100;100;100;100;100;100;100;100;100;100;100;100;100;100;100;100;100;100;100;100;100;100;100;100;100;100;100;100;100;100;100;100;100;100;100;100;100;100;100;100;100;54;52;69;57;55;60;57;57;57;58;57;58;57;57;57;57;57;57;57;57;53;57;57;57;57;55;66;58;55;52;56;55;53;53;57;53;56;53;52;54;52;52;52;54;52;52;59;53;52;54;52;52;52;52;52;52;52;53;52;52;52;54;54;52;52;52;52;52;54;53;53;57;53;57;57;56;53;52;53;150;150;103;87;76;86;90;88;88;116;108;120;251;57;238;58)
seed_10_level_1-4,1202,4213.382279634476,4281385,1214,(100;100;100;100;100;100;100;100;100;100;100;100;100;100;100;100;100;100;100;100;100;100;100;100;100;100;100;100;100;100;100;100;100;100;100;100;100;100;100;100;100;100;100;100;100;100;100;100;100;100;100;100;100;100;100;100;100;53;52;69;57;55;60;57;57;57;59;57;58;57;57;57;57;53;57;57;57;57;57;57;53;57;57;57;54;66;58;55;52;56;55;53;53;57;56;53;53;52;56;53;53;52;52;52;54;52;52;59;53;52;53;52;52;52;52;52;52;52;54;52;52;52;53;54;52;52;52;52;52;54;53;57;57;53;57;52;150;150;103;87;76;86;88;88;88;116;108;120;251;57;238;100)
seed_10_level_1-4,1202,4733.880398750305,4815538,1366,(100;100;100;100;100;100;100;100;100;100;100;100;100;100;100;100;100;100;100;100;100;100;100;100;100;100;100;100;100;100;100;100;100;100;100;100;100;100;100;100;100;100;100;100;100;100;100;100;100;100;100;100;100;100;100;100;100;54;52;69;57;54;59;57;57;57;58;57;59;57;57;57;57;57;57;57;57;57;53;57;57;53;53;53;53;55;66;58;55;52;56;55;55;57;56;56;53;52;56;54;52;52;52;53;52;52;59;53;52;53;52;52;52;52;52;52;52;54;52;52;52;54;54;52;52;52;52;52;54;53;57;53;56;53;53;52;150;150;103;87;76;86;88;90;88;116;108;119;238;59;251;104)
seed_10_level_1-4,1202,5243.6713790893555,5345472,1518,(100;100;100;100;100;100;100;100;100;100;100;100;100;100;100;100;100;100;100;100;100;100;100;100;100;100;100;100;100;100;100;100;100;100;100;100;100;100;100;100;100;100;100;100;100;100;100;100;100;100;100;100;100;100;100;100;100;53;52;69;57;54;60;57;57;57;58;57;59;57;57;57;57;57;57;57;57;57;57;57;53;55;66;58;55;52;56;53;53;57;53;53;56;52;56;53;52;52;52;54;52;52;59;53;52;54;52;52;52;52;52;52;52;54;52;52;52;54;54;52;52;52;52;52;53;57;53;53;53;53;53;53;57;53;52;53;150;150;103;87;76;86;90;90;88;116;108;120;238;56;251;52)
seed_10_level_1-4,1202,5768.021736383438,5881539,1670,(100;100;100;100;100;100;100;100;100;100;100;100;100;100;100;100;100;100;100;100;100;100;100;100;100;100;100;100;100;100;100;100;100;100;100;100;100;100;100;100;100;100;100;100;100;100;100;100;100;100;100;100;100;100;100;100;100;53;52;69;57;54;59;57;57;57;59;57;59;57;57;57;57;57;57;57;57;57;57;57;53;53;55;66;58;55;52;56;55;55;53;57;56;53;53;52;56;53;54;52;52;52;54;52;52;59;53;52;53;52;52;52;52;52;52;52;54;52;52;52;54;54;52;52;52;52;52;53;57;57;57;53;53;57;57;52;150;150;103;87;76;86;88;88;88;116;108;119;238;100;251;86)
seed_10_level_1-4,1202,6281.391360759735,6417253,1822,(100;100;100;100;100;100;100;100;100;100;100;100;100;100;100;100;100;100;100;100;100;100;100;100;100;100;100;100;100;100;100;100;100;100;100;100;100;100;100;100;100;100;100;100;100;100;100;100;100;100;100;100;100;100;100;100;100;54;52;68;57;55;59;57;57;57;59;57;58;57;57;57;57;57;57;57;53;57;53;57;53;53;57;57;53;54;66;58;55;52;56;55;53;57;53;53;53;52;56;56;54;52;52;52;53;52;52;59;54;52;53;52;52;52;52;52;52;52;54;52;52;52;54;54;52;52;52;52;52;54;53;53;53;53;57;52;150;150;103;87;76;86;90;90;88;116;108;120;238;100;251;88)
seed_10_level_1-4,1202,6797.940589904785,6947485,1974,(100;100;100;100;100;100;100;100;100;100;100;100;100;100;100;100;100;100;100;100;100;100;100;100;100;100;100;100;100;100;100;100;100;100;100;100;100;100;100;100;100;100;100;100;100;100;100;100;100;100;100;100;100;100;100;100;100;53;52;68;57;55;60;57;57;57;58;57;58;57;57;57;57;57;57;57;57;57;57;53;57;54;66;58;55;52;56;53;55;57;53;53;56;52;56;53;52;52;52;54;52;52;59;54;52;53;52;52;52;52;52;52;52;54;52;52;52;54;54;52;52;52;52;52;53;57;57;53;57;53;57;53;53;53;52;56;150;150;103;87;76;86;90;90;88;116;108;119;238;52;251;53)
seed_10_level_1-4,1202,7310.082896947861,7481684,2126,(100;100;100;100;100;100;100;100;100;100;100;100;100;100;100;100;100;100;100;100;100;100;100;100;100;100;100;100;100;100;100;100;100;100;100;100;100;100;100;100;100;100;100;100;100;100;100;100;100;100;100;100;100;100;100;100;100;53;52;69;57;55;60;57;57;57;58;57;59;57;57;57;57;57;57;57;53;57;53;53;53;53;53;53;55;66;58;55;52;56;55;53;57;56;53;53;52;56;54;52;52;52;53;52;52;59;53;52;53;52;52;52;52;52;52;52;54;52;52;52;54;55;52;52;52;52;52;53;57;57;57;53;53;57;52;56;150;150;103;87;76;86;90;88;88;116;108;119;238;52;251;110)
seed_10_level_1-4,1202,7830.039063215256,8022372,2278,(100;100;100;100;100;100;100;100;100;100;100;100;100;100;100;100;100;100;100;100;100;100;100;100;100;100;100;100;100;100;100;100;100;100;100;100;100;100;100;100;100;100;100;100;100;100;100;100;100;100;100;100;100;100;100;100;100;54;52;68;57;55;59;57;57;57;58;57;59;57;57;57;57;57;57;57;53;57;57;57;57;55;66;58;55;52;56;55;53;53;57;56;53;56;52;56;53;52;52;52;53;52;52;59;54;52;53;52;52;52;52;52;52;52;54;52;52;52;54;55;52;52;52;52;52;54;57;57;57;53;57;57;53;53;52;56;150;150;103;87;76;86;90;90;88;116;108;120;238;52;251;150)
seed_10_level_1-4,1202,8351.709142923355,8553096,2430,(100;100;100;100;100;100;100;100;100;100;100;100;100;100;100;100;100;100;100;100;100;100;100;100;100;100;100;100;100;100;100;100;100;100;100;100;100;100;100;100;100;100;100;100;100;100;100;100;100;100;100;100;100;100;100;100;100;54;52;69;57;54;59;57;57;57;58;57;58;57;57;57;57;57;57;57;53;53;57;53;53;57;53;57;57;55;66;58;55;52;56;55;55;57;53;56;53;52;54;52;52;52;54;52;52;59;54;52;54;52;52;52;52;52;52;52;54;52;52;52;54;54;52;52;52;52;52;53;57;53;56;57;57;57;52;56;150;150;103;87;76;86;90;88;88;116;108;120;238;52;251;58)
seed_10_level_1-4,1202,8840.331907272339,8993310,2581,(100;53;100;57;100;58;100;100;100;100;67;152;100;90;53;57;100;52;86;57;53;100;58;57;50;105;53;52;100;57;100;52;53;57;52;100;53;54;100;100;57;52;60;53;58;53;57;53;58;53;57;112;57;57;55;57;53;55;100;56;100;56;53;57;56;53;56;53;53;56;57;56;56;56;53;54;53;57;54;56;53;53;54;150;65;57;52;58;53;61;157;100;100;88;52;52;84;56;86;96;53;100;100;52;73;92;91;251;57;93;57;53;52;52;60;57;57;52;57;57;122;57;57;100;55;57;52;107;118;238;52;52;52;57;52;52;52;52;53;52;52;52;52;52;81;52;52;106;58;52;52)
seed_10_level_1-4,1247,9333.156091690063,9545702,2728,(100;219;100;100;55;100;100;56;58;100;53;100;53;100;53;54;52;52;52;52;52;53;57;100;57;53;57;151;54;60;56;57;81;56;100;57;53;53;53;56;56;100;57;55;100;53;54;59;150;100;59;100;53;57;54;104;53;57;54;58;53;57;53;53;105;93;52;57;56;53;100;53;53;52;84;53;53;102;57;86;88;52;89;54;52;112;53;57;100;88;253;55;57;66;57;53;53;152;100;54;100;57;102;57;57;54;238;52;51;53;57;52;86;57;58;100;129;100;53;53;102;58;57;52;57;57;251;57;88;53;57;52;53;100;53;57;57;57;92;240;82;55;122;60;100;100;240)
seed_10_level_1-4,1247,9837.911115407944,10101267,2879,(57;100;52;100;61;100;100;96;91;100;52;53;100;54;100;56;93;53;59;100;54;152;57;150;100;57;118;57;92;52;100;106;86;57;100;100;100;53;100;100;54;57;100;55;54;100;104;100;57;53;100;53;58;109;53;57;56;53;53;54;100;105;53;53;52;53;57;150;57;52;52;58;52;52;58;53;88;57;88;59;93;57;53;53;53;100;100;100;88;58;100;90;52;253;57;54;53;57;107;55;57;100;70;107;107;112;53;88;86;53;109;100;219;53;100;100;150;100;90;100;86;100;88;107;53;100;251;53;53;57;57;109;88;53;52;57;52;89;52;57;52;56;57;113;53;57;56;57;57;52;51)
seed_10_level_1-4,1247,10343.491870641708,10654726,3028,(52;100;59;100;60;100;56;55;100;99;58;112;100;54;52;54;57;54;96;57;53;88;57;50;104;52;57;100;55;52;93;104;57;100;57;56;93;53;57;107;104;57;100;57;54;105;57;58;56;100;100;100;52;103;100;57;53;55;53;88;92;52;147;88;52;53;53;53;57;53;52;52;86;55;57;219;90;100;100;100;54;90;53;226;100;56;53;86;56;107;88;152;59;100;100;57;88;57;59;60;100;106;100;100;58;150;57;251;52;53;88;100;53;62;100;53;58;54;53;84;52;53;52;50;51;53;116;88;57;253;53;92;57;93;53;124;112;107;54;57;106;57;57;53;57;59;100;107;59)
seed_10_level_1-4,1247,10862.371029138565,11344115,3177,(52;100;100;57;53;64;113;59;58;53;105;57;63;55;96;52;53;100;61;57;61;52;53;63;152;109;53;100;57;150;93;57;100;201;64;100;56;57;100;100;113;100;53;100;59;54;53;66;54;88;53;53;88;54;104;150;57;53;54;240;91;53;57;57;57;57;254;54;61;57;198;53;100;54;61;93;58;54;62;104;53;56;52;90;100;57;52;53;106;52;53;57;107;52;54;104;52;52;57;53;52;100;57;53;93;253;182;57;148;57;109;53;94;53;107;56;53;112;57;51;56;107;53;53;57;106;107;57;219;100;84;88;86;242;52;53;53;222;238;57;88;109;100;100;52;87;100;228;59)
seed_10_level_1-4,1597,11376.708146810532,11979637,3325,(114;100;100;54;54;57;57;52;100;53;100;105;100;58;52;52;52;90;56;100;100;71;54;100;112;100;53;89;63;58;100;53;53;57;55;110;59;201;86;57;100;100;53;100;120;52;116;113;53;56;100;150;104;100;100;53;106;52;53;53;53;53;53;57;88;100;96;62;198;57;57;96;100;88;53;57;286;57;57;57;57;86;57;53;61;240;100;53;52;53;53;53;53;100;104;57;53;54;57;109;54;53;53;253;53;56;57;57;100;88;82;54;59;133;52;107;83;52;107;57;115;58;52;54;52;219;187;88;53;102;54;90;253;100;62;106;52;53;52;55;58;100;100;108;51;53;107;86)
seed_10_level_1-4,1954,11894.219601392746,12770038,3472,(113;53;200;129;100;52;58;78;110;57;105;52;52;150;94;100;126;55;52;52;53;78;104;62;52;52;150;104;57;59;253;57;56;53;52;53;52;112;52;100;59;55;95;53;53;100;88;57;100;90;56;240;53;108;52;96;57;54;241;104;53;54;223;106;56;53;100;95;201;53;56;58;150;52;53;57;100;52;102;100;53;88;52;56;116;253;57;52;57;111;187;52;88;107;107;57;88;265;56;238;93;57;62;52;57;53;400;57;100;58;90;90;57;86;55;105;88;54;57;100;90;58;90;57;60;219;58;92;110;53;100;57;90;53;57;100;107;57;57;53;100;59;53;57;56;56;150)
seed_10_level_1-4,1954,12420.267780303955,13530131,3621,(112;52;53;59;54;56;52;51;57;89;92;53;59;126;57;57;49;56;53;52;56;57;103;60;59;53;219;86;106;252;100;53;107;117;53;100;88;245;57;100;56;57;114;57;201;110;100;88;58;116;57;56;133;54;88;150;59;114;150;53;253;105;61;53;88;104;57;57;57;52;53;57;57;53;104;102;129;110;107;100;100;52;50;92;107;250;100;100;107;100;291;90;111;57;52;57;53;107;59;86;121;57;53;54;57;56;53;58;54;87;53;250;78;54;66;100;53;57;52;53;250;55;57;100;53;56;93;253;110;53;53;100;57;58;54;100;100;98;55;86;88;100;100;56;91;57;184;91;54)
seed_10_level_1-4,1954,12943.761640548706,14300994,3772,(126;121;57;55;53;57;57;88;53;57;57;59;113;52;54;55;52;88;100;56;52;109;100;56;56;102;211;89;100;53;53;100;100;100;59;100;133;110;113;63;58;253;56;55;57;174;91;80;53;57;57;246;53;107;253;55;52;56;57;53;114;89;52;52;100;240;53;52;57;52;106;53;50;53;89;54;59;121;253;53;86;88;246;56;91;57;57;57;57;52;88;102;88;53;57;291;57;56;52;150;100;55;53;56;56;93;102;106;90;56;52;56;139;52;115;58;53;53;59;58;97;57;56;119;56;57;100;88;94;93;100;219;228;100;105;57;57;52;52;225;57;57;86;100;100;93;53;56;217;57;57)
seed_10_level_1-4,1954,13461.150101423264,15106285,3919,(109;53;91;108;59;53;146;87;92;87;87;53;63;126;57;53;60;57;57;56;57;59;59;57;57;52;119;53;74;55;100;52;103;100;100;112;100;55;97;289;100;129;62;98;100;188;101;64;55;187;66;58;59;55;58;239;52;53;200;57;53;57;53;61;54;52;252;54;54;52;54;53;400;90;93;52;55;56;55;54;57;60;53;52;64;53;83;53;53;53;253;109;52;64;52;105;57;221;100;53;52;53;57;52;88;53;57;57;217;56;53;86;52;52;88;76;87;76;56;59;251;100;52;57;100;56;102;253;100;62;53;117;241;100;57;113;56;54;122;57;53;100;111;58;244;53;114)
seed_10_level_1-4,1983,13991.97507929802,16078311,4071,(126;51;57;58;113;53;56;53;57;57;57;53;290;96;88;53;55;57;76;55;70;112;100;100;62;57;473;57;86;52;52;52;52;58;144;59;53;52;78;100;109;56;53;52;240;53;53;102;100;104;90;88;52;89;114;54;104;88;53;212;53;223;93;52;59;57;93;89;53;53;57;107;93;53;55;100;57;103;53;217;181;52;188;100;53;52;88;56;76;244;56;226;227;95;84;194;52;256;187;116;76;53;52;58;100;102;225;100;243;100;64;56;53;57;54;146;58;58;53;59;93;56;57;58;59;57;53;57;54;150;54;57;253;245;60;55;100;52;59;54;239;122;94;112;109;53;54;58;59;94;119;121)
seed_10_level_1-4,1983,14523.201734542847,16928073,4220,(145;150;59;57;150;100;54;59;56;52;90;80;106;89;126;52;57;55;93;98;53;108;55;57;53;290;58;150;60;55;89;57;170;55;59;91;57;57;221;93;57;93;57;57;56;57;53;100;58;63;57;54;54;66;286;53;150;52;56;52;53;52;108;88;54;56;86;104;54;90;52;242;92;58;56;54;86;59;59;54;107;58;92;107;100;108;100;59;91;253;106;114;241;52;107;57;109;107;112;95;53;122;57;122;54;107;245;189;212;78;239;54;54;57;118;107;53;53;107;85;100;54;53;191;88;54;217;57;57;300;52;53;88;57;57;53;57;86;56;251;53;52;54;88;88;53;52;96;88)
seed_10_level_1-4,1983,15065.82557463646,17824219,4370,(221;100;88;57;100;69;100;90;95;93;58;57;96;100;56;126;81;93;150;53;55;58;59;100;93;53;57;145;111;88;90;90;58;59;58;58;54;59;100;58;112;57;290;100;100;72;100;88;54;56;140;53;57;59;137;58;243;59;90;100;58;107;100;59;58;213;107;90;200;89;59;59;59;291;90;56;58;52;57;57;52;53;100;53;190;150;57;53;62;300;53;93;53;57;109;107;221;60;52;93;53;52;56;54;52;134;53;232;53;211;54;54;100;52;52;87;104;238;53;209;52;54;53;54;53;114;53;53;53;53;57;53;280;57;115;100;87;57;53;107;246;87;92;109;116;100;55;239;100;120)
seed_10_level_1-4,1983,15615.573798179626,18874672,4521,(126;57;57;93;55;57;55;109;103;57;55;53;57;221;88;100;56;54;57;65;58;56;54;64;250;65;88;290;126;145;100;109;52;58;59;57;100;91;135;55;89;54;146;92;58;60;89;58;58;58;89;58;93;57;54;59;285;59;52;117;106;78;53;57;100;90;52;52;53;52;104;57;106;212;108;111;53;55;100;53;54;53;240;53;85;54;52;56;54;53;113;242;241;242;57;195;108;100;113;100;52;58;58;100;58;240;100;100;100;280;58;59;70;108;100;109;58;66;57;251;54;100;240;54;121;57;59;245;53;53;300;88;100;80;263;52;112;52;52;300;234;88;220;96;182;53;133;58;94;52;57)
seed_10_level_1-4,1983,16156.076646089554,19848815,4672,(126;100;57;53;57;53;100;100;57;57;100;57;145;54;59;57;250;57;53;90;57;54;89;59;100;211;57;53;94;52;78;54;53;53;205;53;77;86;104;85;240;150;290;100;100;105;100;100;100;100;65;56;150;56;100;104;55;58;221;66;100;57;102;57;57;61;98;53;53;96;98;53;57;291;57;129;86;84;239;88;261;52;59;53;53;57;90;52;86;280;52;100;63;56;55;56;59;53;100;100;100;57;53;53;57;55;55;100;100;243;242;59;109;309;100;55;58;100;61;53;59;54;56;212;54;100;109;112;300;58;52;57;58;100;53;55;56;52;220;100;93;86;57;177;52;217;87;54;239;57;57)
seed_10_level_1-4,1983,16702.85743165016,20895922,4823,(126;53;56;53;97;100;70;57;57;86;55;280;111;100;62;53;54;71;51;97;54;53;56;100;53;57;290;114;57;97;91;88;53;123;104;109;112;100;55;250;58;58;65;55;56;100;56;100;100;107;59;88;59;223;72;51;106;74;61;57;105;88;90;66;93;59;58;100;57;300;52;90;57;104;56;58;226;100;55;53;88;197;113;237;86;263;86;79;93;54;55;243;100;85;53;58;100;63;100;100;61;58;59;96;241;58;53;57;241;111;241;211;57;56;52;314;57;100;53;250;211;53;53;57;255;58;56;240;161;239;54;286;90;54;55;100;57;57;88;106;53;100;57;56;53;110;52;52;52;52;52)
seed_10_level_1-4,1983,17257.33712029457,21940361,4974,(250;100;57;58;56;54;111;100;70;53;91;67;100;126;51;53;53;105;57;57;57;57;56;104;107;280;93;57;53;150;103;92;116;59;56;100;100;58;100;400;52;57;57;78;76;52;57;53;90;52;87;52;57;58;52;93;223;57;55;57;57;89;53;93;100;100;100;57;58;87;73;242;97;88;100;58;90;242;65;56;115;242;56;57;114;59;241;57;89;59;289;58;150;61;59;100;100;59;59;59;58;55;64;81;130;100;300;107;132;57;92;133;93;58;240;53;223;80;56;112;53;88;52;114;92;100;90;129;56;314;248;53;56;53;116;50;54;54;112;89;89;312;102;53;52;53;248;55;54;107;208)
seed_10_level_1-4,1983,17815.81951379776,23096867,5123,(250;55;59;90;93;100;100;100;55;100;88;100;289;89;86;100;105;100;100;59;96;60;150;57;100;57;221;53;57;100;104;54;96;57;53;219;246;100;88;56;126;53;57;117;57;52;57;111;53;57;77;53;53;280;100;59;107;150;106;66;121;95;54;100;53;100;100;100;291;57;88;104;88;52;57;114;103;238;52;53;53;107;109;53;242;53;108;58;91;57;239;100;100;241;242;105;400;88;54;58;213;100;240;53;300;100;57;53;100;55;56;53;52;53;107;56;100;189;55;70;53;53;92;56;92;90;314;300;52;100;55;106;57;218;249;88;88;58;116;57;77;91;55;52;53;107;126;106;54)
seed_10_level_1-4,1983,18365.116843938828,24240349,5273,(250;90;67;100;56;58;65;100;100;58;58;126;57;53;61;57;57;52;89;59;57;57;52;53;56;280;100;54;52;53;238;53;58;60;100;57;100;216;127;290;97;106;66;57;110;57;57;100;100;57;57;97;300;100;100;100;54;98;125;100;92;53;56;54;53;57;52;56;56;52;223;53;100;100;243;88;52;93;90;249;53;54;100;57;52;53;67;291;52;57;107;52;52;120;52;52;90;102;100;238;100;57;89;53;62;314;216;102;114;238;350;86;56;52;234;53;53;51;76;129;86;211;238;52;52;86;55;400;108;58;242;57;100;59;108;54;130;54;87;89;59;109;84;210;59;62;58;226;90;107)
seed_10_level_1-4,1983,18901.357925653458,25282502,5423,(250;53;59;87;56;58;56;59;58;59;126;58;52;100;84;59;53;114;54;55;52;57;53;300;53;56;76;185;100;56;56;53;93;88;52;56;52;54;290;54;89;100;100;57;57;57;90;103;89;100;54;53;223;100;57;54;230;57;83;100;93;57;265;54;55;100;54;65;54;52;286;90;52;54;57;57;53;52;82;56;86;53;58;52;210;105;52;280;52;150;52;52;102;52;57;100;150;60;55;106;52;106;150;400;89;100;57;113;52;86;91;100;86;58;86;240;59;218;58;54;53;54;58;53;85;350;52;114;86;91;189;52;53;52;55;250;52;106;56;450;87;108;77;84;52;100;86;53;52;103)
seed_10_level_1-4,2410,19451.364593744278,26660768,5571,(126;52;57;59;112;109;57;111;114;52;56;58;250;57;59;59;59;58;56;56;57;53;123;59;289;150;57;51;52;93;100;97;53;60;59;57;57;280;93;91;53;112;117;100;133;255;102;59;53;57;94;57;223;57;57;100;56;58;64;100;193;53;62;79;79;56;97;59;52;300;199;100;108;84;121;56;52;54;52;100;90;88;53;100;56;650;52;240;57;88;282;143;57;57;57;52;52;57;104;52;52;53;86;400;54;65;58;56;58;251;252;212;53;117;258;240;98;106;100;300;250;91;263;107;450;52;58;54;89;107;52;52;55;52;108;234;51;52;107;102;51;52;106;87;52;52;100;53)
seed_10_level_1-4,2410,19973.436049461365,27580206,5719,(250;90;100;52;56;58;125;100;56;150;57;290;56;103;100;53;93;53;57;57;58;58;100;223;52;91;56;57;100;100;64;57;100;72;53;57;100;53;114;86;57;59;54;100;100;57;51;100;100;52;55;300;52;90;101;108;56;100;58;59;53;51;100;53;57;57;450;57;52;51;108;100;55;52;100;53;100;100;57;53;150;57;55;53;103;52;280;57;76;57;53;103;94;57;63;224;100;52;100;56;99;100;100;285;88;52;52;82;87;57;57;56;129;107;107;56;52;53;59;102;53;107;88;400;59;57;249;112;100;85;58;240;57;52;53;52;84;107;57;84;220;84;52;53;61;59;53;63)
seed_10_level_1-4,2410,20528.779055595398,28753027,5870,(114;53;92;100;57;55;56;52;86;100;57;150;223;61;93;55;115;100;88;61;221;55;103;57;93;96;450;51;67;102;223;52;100;225;84;100;52;52;52;52;106;52;54;100;290;58;58;97;57;59;56;58;68;104;100;57;52;58;250;104;90;100;58;57;56;89;110;106;100;94;92;100;300;209;86;53;77;52;84;52;52;90;87;210;56;218;147;52;280;51;150;57;51;100;62;53;95;57;97;100;57;100;115;240;57;61;285;49;150;110;150;88;88;90;88;52;57;119;52;50;86;93;52;107;57;56;57;400;53;115;54;230;86;58;90;188;57;93;248;85;55;57;300;57;57;250;60;54;107;210;53)
seed_10_level_1-4,2410,21071.105873823166,29889288,6019,(114;58;128;52;119;52;100;54;86;90;57;290;100;107;54;100;100;100;100;51;100;100;57;57;250;105;53;100;57;62;88;56;58;150;104;58;59;100;107;280;53;57;53;57;59;90;59;53;53;88;100;52;54;150;100;286;200;57;95;107;86;53;53;56;57;57;239;53;53;86;58;57;52;52;450;52;59;52;54;53;54;112;52;100;106;100;85;100;49;240;300;221;64;53;88;53;57;57;88;57;200;91;52;100;88;300;88;300;100;55;90;53;132;92;52;56;59;87;92;56;53;55;90;100;53;51;400;53;53;100;106;57;100;206;230;200;221;57;100;52;58;58;58;57;58;52;350;59;109)
seed_10_level_1-4,2410,21633.995965480804,31189223,6166,(290;100;100;101;100;93;91;54;110;55;58;280;57;116;93;81;53;57;57;68;100;100;100;95;115;237;250;112;100;62;220;54;91;53;100;56;89;57;107;90;114;92;100;52;100;107;106;57;58;100;104;100;119;300;53;150;52;112;111;203;53;100;150;90;114;52;54;100;107;107;400;100;53;53;86;52;57;79;53;114;107;52;53;100;57;122;190;58;300;63;56;58;61;100;58;53;100;96;57;57;88;223;93;53;252;89;450;53;76;52;52;84;221;252;217;53;108;107;51;52;120;52;52;57;216;400;89;53;53;85;59;228;108;86;58;253;100;88;251;85;240;240;86;106;59;57;105)
seed_10_level_1-4,2410,22181.939962387085,32306338,6315,(114;52;53;58;109;100;51;94;53;52;53;100;290;55;53;91;89;59;51;100;107;100;52;54;220;54;58;255;54;56;57;53;66;106;115;70;200;59;119;280;242;109;53;100;132;57;134;100;57;83;53;59;56;52;100;285;62;52;76;109;53;54;53;57;52;53;100;100;103;88;57;84;300;187;107;52;53;300;92;53;65;88;53;107;53;56;53;52;300;100;221;100;57;93;55;54;62;53;60;226;53;53;54;57;88;450;150;52;248;52;220;52;60;52;52;100;52;51;51;52;84;51;52;100;52;54;400;86;55;104;100;240;85;112;61;63;107;240;141;54;88;54;59;57;88;189;88;100;57)
seed_10_level_1-4,2410,22734.886086940765,33509764,6466,(114;52;52;53;100;150;53;53;53;52;76;289;109;56;57;111;57;98;57;58;59;89;58;90;482;57;79;52;57;90;103;56;100;68;57;53;112;113;52;57;450;86;211;400;52;52;52;139;52;52;51;52;49;114;52;88;53;51;106;280;54;57;52;59;53;227;53;98;57;54;88;100;62;57;57;59;300;108;100;53;57;59;97;59;59;53;94;55;94;100;56;75;88;88;219;100;105;200;90;58;53;124;56;70;90;93;57;111;100;72;53;300;53;56;107;88;90;136;216;52;56;53;59;90;304;150;53;58;86;400;259;53;93;52;58;91;57;112;57;59;204;130;59;100;115;210;152;53;54;100;100)
seed_10_level_1-4,2410,23277.540644407272,34708237,6614,(114;100;53;113;52;59;87;100;88;53;102;52;52;300;257;88;56;92;59;150;60;65;57;77;59;103;57;95;109;97;100;220;53;100;100;56;52;54;58;57;105;62;53;253;93;58;52;100;290;100;100;107;108;53;89;54;57;56;57;55;58;59;104;100;291;77;53;211;100;53;58;53;53;88;107;93;52;239;179;108;107;106;56;400;57;241;100;58;85;57;117;125;52;57;107;57;52;115;57;107;52;57;242;59;57;300;58;53;53;133;240;59;53;56;59;90;53;57;56;133;100;200;59;55;53;90;450;52;55;239;52;52;54;84;52;52;52;52;217;100;54;52;54;210;106;76;221;450)
seed_10_level_1-4,2410,23822.883470773697,35890550,6763,(114;52;52;52;111;57;52;52;62;84;52;100;52;56;100;289;99;57;57;100;100;100;57;59;53;93;100;106;57;100;55;55;58;219;58;100;58;56;55;55;100;57;100;57;116;56;59;100;100;100;59;100;300;268;53;57;150;218;54;88;100;56;106;57;254;218;94;57;100;251;100;115;53;400;59;100;57;53;54;86;58;249;57;213;57;252;58;57;253;59;54;59;214;59;61;52;57;291;56;56;107;52;106;109;52;52;52;107;100;208;114;57;62;58;52;53;53;53;56;53;97;450;52;49;51;89;221;52;221;52;102;279;221;106;51;52;57;51;52;294;52;121;52;141;52;52;140;211;52)
seed_10_level_1-4,2410,24373.667798042297,37213008,6911,(220;74;55;53;113;55;52;150;82;216;58;55;58;57;51;114;87;93;52;95;88;121;56;52;104;86;106;53;86;289;100;100;57;57;100;109;90;98;58;150;111;53;304;100;104;131;650;211;57;88;119;53;117;82;114;88;52;114;52;52;106;88;57;57;128;63;56;52;400;60;260;86;100;61;240;55;89;120;234;270;251;62;129;90;150;57;100;58;229;57;227;52;57;300;55;52;57;57;57;57;54;100;222;255;150;54;53;54;57;92;57;59;100;88;91;100;52;62;450;106;76;84;52;222;49;52;52;52;55;104;52;88;55;116;52;86;52;106;106;100;100;61;100;84;51;52;51;58)
seed_10_level_1-4,2410,24903.50908589363,38220579,7059,(300;55;89;66;58;55;88;57;65;62;245;150;53;53;100;53;105;110;59;59;55;133;450;49;54;51;107;49;52;52;50;51;49;52;107;52;52;52;54;56;52;86;54;93;52;107;220;93;67;94;110;227;55;88;56;93;54;58;54;97;86;123;54;300;105;54;128;118;59;55;100;54;150;58;68;88;58;54;58;100;53;114;52;52;86;54;88;115;52;100;55;100;52;52;87;106;100;52;286;62;53;57;110;56;104;53;239;95;57;52;56;106;56;93;54;53;56;88;53;99;52;400;113;57;58;215;114;88;55;240;58;58;131;100;110;54;62;252;58;100;64;54;54;171;218;91;115;350)
seed_10_level_1-4,2410,25433.204369544983,39210803,7208,(114;114;52;57;57;52;52;112;83;100;58;51;52;77;100;52;52;52;100;450;100;53;52;84;56;221;119;100;249;51;55;59;53;53;52;225;52;57;53;52;53;106;52;300;58;90;85;100;100;100;53;57;55;59;57;88;58;100;51;59;58;55;88;129;100;100;57;400;53;53;58;100;55;59;56;61;107;104;88;88;53;56;88;53;102;212;52;90;112;104;118;120;56;219;58;99;61;57;57;72;100;176;87;54;80;52;67;100;116;60;53;59;110;100;89;58;400;55;52;84;58;112;57;53;88;57;58;57;84;206;261;57;53;53;53;100;107;61;52;269;256;250;65;108;59;57;107;61;53)
seed_10_level_1-4,2410,25976.811419487,40239934,7357,(114;107;100;100;52;54;53;100;58;58;100;108;52;150;52;103;89;51;300;88;66;57;119;117;58;57;67;57;55;56;123;53;53;88;53;100;77;77;55;240;220;113;84;62;57;100;88;100;94;116;93;87;57;57;100;100;100;56;58;94;100;96;291;53;62;56;107;119;57;53;56;57;239;88;93;106;53;88;53;52;53;102;56;52;56;56;52;90;55;212;450;52;52;51;248;100;100;180;52;225;55;100;106;52;52;221;52;54;51;52;300;76;52;59;52;52;229;400;57;89;55;251;84;90;90;191;240;59;57;88;57;112;57;57;245;57;90;109;53;57;52;57;53;53;52;61;52;57;56)
seed_10_level_1-4,2410,26493.863451242447,41107212,7505,(114;52;52;100;54;100;102;57;56;100;53;100;100;89;150;52;52;219;57;93;115;90;100;51;100;96;58;103;56;90;75;252;106;110;253;56;60;59;300;57;78;59;57;53;57;56;58;100;53;53;57;58;115;117;57;57;100;70;59;52;100;78;285;57;54;59;55;57;90;57;114;57;64;54;57;76;57;52;57;53;57;57;97;56;56;52;52;57;53;400;57;57;53;57;106;58;109;53;112;53;53;60;88;212;53;108;86;53;53;53;57;57;110;240;52;59;109;53;52;450;52;52;52;52;52;91;55;52;236;52;221;52;233;102;219;114;54;52;106;51;52;52;51;52;52;52;86;55)
seed_10_level_1-4,2410,27034.679379224777,42147166,7653,(114;55;59;58;87;119;52;56;100;52;52;54;54;52;53;51;300;114;57;108;100;100;150;267;57;85;100;100;117;100;51;100;115;56;56;76;100;100;400;81;57;57;57;128;88;103;52;86;57;53;125;57;52;58;91;118;109;55;100;86;53;88;400;59;86;53;53;52;54;106;53;245;57;61;100;92;54;58;54;104;85;263;59;58;57;57;67;60;114;100;254;220;100;100;86;117;107;52;57;129;93;80;56;59;87;53;100;100;74;116;58;150;94;60;55;54;106;450;221;52;102;54;221;100;210;52;52;52;53;106;115;52;91;52;51;86;52;52;89;52;52;208;106;224;84;52;210;100)
seed_10_level_1-4,2410,27592.73645710945,43325785,7802,(114;53;100;100;100;52;53;57;52;100;58;52;103;105;52;53;104;219;52;53;111;56;100;104;86;223;54;88;239;108;57;57;86;53;53;55;61;86;91;107;52;300;57;101;58;100;77;57;100;57;111;56;54;53;52;100;66;119;106;88;51;104;402;53;57;53;56;90;90;104;52;100;57;53;52;90;54;56;54;57;52;57;57;97;57;60;53;102;400;253;53;112;57;54;58;350;218;241;109;57;252;240;208;59;57;53;58;52;100;53;52;106;56;91;53;100;450;52;52;221;52;52;221;53;49;300;49;52;53;49;52;100;49;77;221;76;248;52;100;52;221;84;52;226;221;86;51;51;100)
seed_10_level_1-4,2410,28137.36938548088,44471591,7952,(103;57;100;100;56;100;55;51;100;52;114;100;87;54;88;52;100;103;52;52;300;59;53;88;98;90;81;53;84;57;105;100;58;52;115;63;58;251;66;57;57;58;70;53;104;219;99;114;57;109;100;76;55;53;52;66;88;92;67;100;52;88;51;116;75;58;100;56;100;54;100;100;112;100;87;450;52;49;56;53;106;309;52;52;52;52;222;51;52;219;52;52;238;106;55;87;52;51;52;54;86;52;76;100;232;51;216;52;90;52;49;211;52;400;57;179;85;52;57;57;60;57;53;53;52;285;246;57;57;54;85;52;54;53;264;57;252;52;53;88;240;100;293;100;239;56;246;254;52;119)
seed_10_level_1-4,2410,28695.893601179123,45746754,8101,(104;52;57;102;107;54;103;53;60;102;73;58;106;54;53;150;100;52;100;219;100;111;56;100;53;115;97;100;58;55;63;100;100;54;52;254;112;57;224;58;266;56;59;100;100;300;114;58;51;109;57;223;58;53;53;56;106;57;105;92;58;87;104;240;57;53;53;54;88;260;90;199;450;52;268;57;100;223;188;107;51;221;52;89;88;49;117;100;100;52;88;52;300;250;49;52;100;53;238;250;53;140;52;100;211;52;52;52;52;400;317;53;92;53;54;91;241;58;115;54;112;53;54;107;103;114;108;121;57;53;54;100;130;58;93;53;53;88;53;100;115;53;239;53;100;95;300;106;85)
seed_10_level_1-4,2410,29225.764048814774,46665845,8252,(104;52;51;52;102;54;76;93;53;52;53;56;86;54;56;61;52;100;102;55;52;53;59;53;119;61;58;219;115;54;57;90;99;93;59;90;89;87;100;100;88;86;100;221;99;87;87;59;115;56;54;53;100;54;254;87;57;58;54;88;91;300;52;88;53;100;57;88;53;57;57;62;62;57;57;211;100;100;56;57;57;54;57;100;59;57;58;57;194;57;57;78;84;100;64;120;73;57;57;56;100;100;450;52;52;223;53;400;91;100;52;103;60;67;52;84;103;95;226;49;300;54;114;60;53;51;58;56;52;55;52;52;52;53;53;78;57;116;58;52;100;54;300;53;109;58;221;57;279;54;51)
seed_10_level_1-4,2410,29759.652155160904,47561950,8403,(104;55;53;88;52;102;58;58;52;76;52;102;52;52;52;51;78;100;49;57;100;104;91;58;150;62;58;88;52;300;218;150;57;88;107;89;57;59;88;53;57;100;55;57;124;240;57;57;53;150;57;57;61;106;51;66;62;57;56;100;88;69;100;100;100;219;54;53;59;100;211;53;87;76;254;52;113;107;88;54;58;54;88;100;100;88;56;86;56;86;109;53;89;117;88;90;107;55;56;57;90;93;100;450;52;52;52;102;52;219;52;52;216;112;55;55;106;52;52;100;221;106;150;52;218;52;107;150;57;57;106;114;221;106;56;219;52;52;52;54;52;52;222;192;51;83;52;88;104;53;56)
seed_10_level_1-4,2410,30316.281799316406,48689466,8554,(103;103;89;107;105;108;102;86;102;52;56;100;58;102;103;50;52;52;102;110;102;83;106;104;150;52;86;150;52;53;300;57;58;59;57;53;57;53;91;93;53;53;57;100;250;100;300;54;57;57;57;57;223;56;53;54;54;56;57;57;150;56;58;57;53;219;100;58;90;58;53;89;93;56;88;59;240;88;87;150;58;58;63;57;54;253;100;59;87;57;53;100;59;90;112;57;241;112;56;240;89;57;77;100;450;187;105;53;228;114;216;52;53;221;53;52;51;52;51;106;100;52;88;52;120;52;53;292;52;87;211;107;230;54;262;52;315;56;107;52;180;139;248;51;119;53;53;57;75;52;206)
seed_10_level_1-4,2410,30867.25883460045,49736184,8704,(300;57;58;57;72;56;57;57;57;150;93;62;57;53;72;88;88;100;100;58;57;58;94;57;141;53;100;54;57;53;105;57;219;92;150;51;85;93;241;51;100;72;91;87;86;100;93;100;53;238;239;54;52;192;52;150;52;259;87;100;100;53;53;53;52;58;100;53;52;103;100;108;103;52;100;86;51;100;92;49;54;108;100;55;100;100;52;58;105;86;150;102;100;52;150;52;52;55;103;66;52;450;88;206;76;100;52;227;52;150;52;221;51;250;52;51;210;88;56;212;79;54;55;52;221;228;54;116;51;187;83;51;52;49;53;52;52;58;54;106;107;206;62;139;53;300;88;251;88;114)
seed_10_level_1-4,2410,31401.53957438469,50634935,8854,(104;54;51;100;52;55;102;53;102;76;86;52;110;106;54;61;100;61;52;100;106;55;150;52;52;101;100;52;58;300;56;57;54;91;53;56;63;150;88;53;88;56;53;100;54;57;57;58;109;58;68;58;88;145;53;100;113;55;51;56;220;93;86;90;108;52;56;57;54;64;228;72;100;100;112;86;214;100;89;239;93;53;54;88;88;55;53;54;61;113;88;55;86;116;87;54;243;100;450;51;84;277;54;100;56;52;57;112;52;56;52;106;52;49;52;86;55;52;52;251;55;216;78;52;100;52;55;300;86;106;249;106;52;106;106;106;90;56;57;111;248;52;52;53;52;62;57;62;106;115)
seed_10_level_1-4,2410,31936.097877025604,51571330,9004,(104;53;100;104;54;103;100;102;105;106;100;59;100;100;56;50;54;60;59;52;52;109;52;52;55;54;100;100;103;57;300;100;53;58;121;239;53;100;100;253;55;115;211;57;89;57;104;88;59;56;100;53;90;96;57;59;52;89;100;100;53;100;219;53;86;100;52;100;54;150;85;100;89;60;83;88;87;100;96;88;54;100;88;100;52;252;53;100;53;112;113;83;100;87;53;197;77;100;100;240;92;78;450;106;50;122;218;212;52;53;52;49;57;52;57;100;78;90;57;53;52;51;107;251;211;250;100;248;93;57;84;52;52;52;57;78;112;69;86;106;97;112;53;89;52;53;52;52;51;53)
seed_10_level_1-4,2410,32467.671988010406,52449212,9155,(104;100;87;100;52;52;53;105;100;100;100;53;61;119;52;54;100;52;53;100;52;49;56;52;55;100;100;100;56;219;130;86;53;58;57;100;52;53;212;52;240;53;86;58;57;93;89;92;53;88;105;118;58;86;54;100;84;111;53;87;239;100;100;51;211;54;88;255;300;52;86;100;56;88;57;52;110;57;108;52;53;54;88;56;53;256;53;53;90;90;64;53;59;57;56;52;52;57;100;57;57;53;57;87;450;52;106;57;57;107;49;54;51;350;53;55;58;106;52;103;52;52;93;107;86;87;107;148;55;52;51;55;236;52;114;51;55;55;53;52;88;57;100;238;52;59;51;216;97;87;106)
seed_10_level_1-4,2410,32993.708241701126,53334678,9305,(450;55;52;84;52;55;52;117;86;52;52;52;218;55;90;52;100;59;116;53;100;219;52;51;54;52;52;106;57;56;238;77;57;52;57;52;52;52;203;114;191;100;52;52;52;52;52;52;210;107;57;76;109;52;53;51;55;52;117;52;54;90;52;52;224;52;52;52;51;100;124;52;223;52;52;219;219;58;51;59;100;212;114;88;100;54;106;89;109;136;93;210;55;111;88;58;85;89;55;100;108;55;88;100;100;238;100;59;90;52;58;100;51;89;91;53;100;53;53;211;50;92;100;92;55;52;54;52;87;239;54;52;210;52;100;95;239;54;54;100;112;52;57;108;54;100;100;54;61;92)
seed_10_level_1-4,2410,33529.25628685951,54294855,9455,(220;53;53;95;52;104;150;100;52;52;95;52;53;87;87;100;57;88;52;114;86;100;238;59;51;89;86;260;52;113;200;54;248;59;210;53;93;54;86;108;114;108;76;111;88;88;240;86;87;113;115;52;55;53;100;52;93;100;100;100;100;52;107;113;56;88;107;61;109;55;100;238;86;450;106;52;114;52;51;106;52;51;100;84;52;54;53;49;51;239;57;49;52;310;51;52;55;52;52;238;52;92;238;88;100;56;52;49;106;52;106;52;49;185;51;55;52;53;84;100;55;52;53;52;100;51;118;88;116;100;88;117;52;52;52;219;87;57;100;53;52;106;300;52;76;106;100;59;50;106)
seed_10_level_1-4,2410,34055.598121881485,55191249,9605,(450;52;124;49;49;52;106;55;52;248;52;238;52;223;119;89;100;53;53;51;52;52;89;52;52;88;102;77;136;117;114;52;87;235;103;56;222;88;52;52;52;52;88;102;52;105;52;53;114;221;51;100;52;52;200;118;52;52;90;100;52;84;54;84;55;248;53;100;52;56;150;87;91;185;57;220;55;100;52;100;52;92;54;60;91;52;51;56;58;211;100;83;238;58;100;92;73;100;52;87;53;70;58;100;53;56;52;88;113;94;60;68;57;56;59;63;87;240;53;240;58;53;100;87;52;52;51;53;85;76;86;59;52;54;87;93;87;100;58;57;53;100;53;89;222;52;57;239;89;84)
seed_10_level_1-4,2410,34606.72851896286,56276416,9755,(219;100;52;200;110;58;93;100;53;100;111;52;150;57;77;183;90;114;93;59;238;54;53;109;266;100;52;83;83;63;210;108;100;110;52;55;52;102;54;57;54;53;112;51;114;238;240;238;87;100;100;54;58;86;53;54;238;238;83;53;62;88;110;55;88;238;113;108;100;58;240;450;56;52;76;58;57;89;54;52;104;254;96;116;117;88;118;76;106;89;114;53;54;102;56;52;57;52;107;270;62;56;238;53;100;51;260;238;117;54;53;53;117;56;52;55;52;53;100;52;52;93;51;52;54;100;52;57;50;112;177;100;137;228;52;53;114;100;52;55;226;53;106;114;107;52;52;52;57;55)
seed_10_level_1-4,2410,35170.98505973816,57429304,9905,(450;76;53;52;55;52;76;96;120;102;52;57;55;52;52;216;52;53;53;238;84;57;53;49;52;55;55;55;137;113;57;100;100;53;88;100;86;104;239;53;100;117;106;100;100;52;54;200;54;218;53;57;58;107;176;49;100;52;52;218;208;54;100;248;55;55;258;56;75;216;106;52;56;53;218;220;79;59;51;58;59;53;117;100;52;100;200;107;77;52;107;100;82;53;52;238;52;56;238;112;52;238;53;106;112;239;52;88;89;58;238;114;57;54;53;53;55;104;116;53;57;238;53;54;238;111;100;56;89;52;240;102;110;59;90;52;52;53;53;107;240;95;57;114;110;86;252;238;115;239)
seed_10_level_1-4,2410,35716.54081702232,58485376,10055,(450;52;52;100;127;86;252;76;90;87;53;106;100;254;52;92;52;57;57;166;53;277;53;61;56;238;103;102;76;51;53;89;107;100;217;52;52;87;52;52;102;53;107;52;52;107;100;65;52;217;76;52;52;116;54;52;52;52;106;93;100;52;52;93;240;54;86;54;57;53;219;88;52;220;52;53;104;212;53;114;59;112;238;238;100;238;106;54;206;83;52;51;240;100;112;52;107;113;100;238;57;52;100;52;51;100;84;117;52;210;51;52;56;56;114;57;83;239;51;52;112;53;52;86;52;52;52;86;100;52;54;240;100;238;57;53;53;52;88;52;215;53;76;100;100;100;56;100;52;86)
seed_10_level_1-4,2410,36269.124881505966,59568540,10205,(219;55;52;109;100;92;235;106;104;53;86;90;53;100;52;57;88;52;100;100;59;84;53;100;57;87;52;100;100;52;53;52;240;77;57;86;106;100;56;111;100;239;57;100;253;111;52;56;116;104;55;54;100;100;54;112;115;240;61;240;100;200;53;90;107;57;77;238;52;52;52;59;216;100;213;52;450;52;106;100;52;100;63;248;119;86;52;52;88;53;102;52;105;52;57;210;221;139;100;55;52;220;51;52;91;55;52;52;111;54;76;88;52;52;52;263;52;106;252;52;75;56;217;52;100;52;251;106;58;53;52;52;52;100;83;51;57;102;52;49;57;76;238;247;88;52;52;53;52;248)
seed_10_level_1-4,2410,36846.530965805054,60784964,10355,(220;52;53;53;54;194;113;78;53;248;57;57;57;57;107;100;59;54;89;57;122;63;54;118;87;100;53;100;51;90;216;254;53;92;239;54;100;100;100;51;100;113;100;53;107;240;93;85;52;54;212;53;52;54;116;100;56;70;62;53;53;52;57;88;65;64;249;90;88;100;216;89;239;450;238;100;57;102;52;84;106;52;52;51;52;56;56;53;232;52;52;107;57;54;240;104;57;100;53;55;113;52;53;252;238;106;216;52;86;76;145;100;100;54;136;114;249;218;102;100;107;187;52;56;100;55;117;52;55;78;51;106;213;87;53;52;263;100;249;52;51;303;52;239;86;238;189;52;103;52)
seed_10_level_1-4,2410,37406.048645973206,61903546,10505,(220;52;150;54;100;87;100;238;107;54;100;218;54;91;85;86;53;65;100;54;96;53;104;100;238;89;59;90;95;54;108;56;100;57;261;100;111;55;114;107;110;53;51;58;67;96;54;89;54;52;111;112;113;134;212;52;114;58;65;51;100;92;57;218;52;113;191;56;115;84;450;102;52;106;221;52;105;259;300;53;57;57;212;53;77;57;52;52;53;194;211;100;238;55;52;52;57;100;76;55;52;238;183;56;56;100;208;55;100;82;100;52;100;52;89;181;52;84;116;248;52;100;201;107;85;52;102;52;76;100;52;49;53;88;53;76;51;218;52;100;59;52;104;100;86;114;248;54;57;238)
seed_10_level_1-4,2410,37957.80412697792,62953623,10655,(213;70;88;114;95;90;111;52;52;53;115;57;100;84;60;52;91;56;52;56;53;52;74;214;53;53;54;56;60;55;58;300;59;108;211;100;54;94;107;92;100;221;87;73;145;93;100;52;53;111;67;90;100;210;57;53;55;108;52;84;54;84;94;113;86;108;236;223;314;95;59;450;55;52;54;52;58;53;52;100;181;100;249;52;51;52;118;55;238;52;102;241;100;59;113;52;57;57;52;57;100;53;56;52;250;57;214;55;53;55;89;100;52;178;136;52;106;52;248;150;95;100;59;55;100;86;52;52;52;238;54;52;76;52;100;55;87;88;52;52;106;64;52;52;54;139;100;249;246;112)
seed_10_level_1-4,2410,38520.56578922272,64174191,10805,(450;238;52;52;100;52;76;257;87;106;52;52;52;52;55;193;248;122;52;100;100;76;55;64;211;52;106;52;52;238;238;55;55;53;100;52;107;52;107;76;117;52;52;180;117;57;238;52;52;52;55;100;238;250;52;52;238;238;52;107;221;52;86;300;52;55;52;52;129;111;114;55;55;52;144;49;300;90;90;54;108;58;94;91;58;52;179;120;54;318;100;56;61;114;90;54;238;61;94;58;90;57;110;126;98;100;84;104;53;54;108;107;100;194;53;92;109;91;93;90;56;52;58;56;88;59;54;57;57;100;248;53;54;223;53;109;100;59;57;212;52;107;100;57;57;52;191;313;53;210)
seed_10_level_1-4,2410,39097.642994880676,65571858,10955,(300;107;63;57;53;88;212;53;93;107;242;56;57;91;75;252;89;111;85;53;250;95;157;52;100;102;54;57;248;93;52;92;53;93;93;53;59;58;100;88;54;108;56;58;106;115;111;93;54;108;86;139;88;86;86;199;53;91;66;90;216;93;52;100;52;57;57;57;52;111;108;249;113;450;76;100;102;52;100;87;300;100;139;50;258;238;248;260;108;88;101;52;76;52;52;55;300;61;52;300;106;49;261;302;52;238;52;115;131;57;221;52;55;193;52;239;52;53;76;52;77;53;52;115;100;55;105;52;256;52;238;54;52;55;52;100;78;52;52;106;262;300;100;76;52;238;56;100;250;52)
seed_10_level_1-4,2410,39652.183955192566,66752597,11105,(300;56;54;100;100;110;92;54;52;111;57;57;100;88;150;103;52;87;53;54;53;213;93;54;107;251;57;53;210;53;96;54;57;100;238;116;53;52;52;54;53;52;57;86;57;200;240;87;87;248;57;53;68;54;109;93;251;51;58;55;57;88;59;84;57;261;55;53;55;90;71;450;52;76;52;256;55;114;211;130;52;53;52;88;63;107;52;52;117;52;53;350;88;52;55;55;76;106;52;106;300;52;52;52;239;239;55;59;52;52;49;108;238;53;76;52;114;52;52;76;250;53;52;106;300;52;198;250;140;89;52;55;177;56;131;58;52;52;53;100;102;238;238;53;52;86;52;52;50;51)
seed_10_level_1-4,2410,40204.2043364048,67920663,11255,(300;92;238;85;240;52;109;87;350;54;77;79;100;88;61;52;53;54;52;56;58;54;54;90;107;54;57;53;142;100;59;59;55;241;109;53;52;112;54;59;70;73;238;146;52;52;54;61;53;57;238;58;52;54;51;56;107;55;114;89;54;240;52;123;240;93;90;103;56;97;450;52;51;200;221;52;53;55;52;52;234;52;88;52;84;108;210;100;100;237;56;52;54;52;52;56;53;84;102;211;52;54;178;52;62;52;52;55;100;52;90;52;52;179;107;106;211;86;137;52;240;103;150;52;52;52;180;115;49;83;56;86;51;76;53;56;100;52;248;52;221;106;52;106;56;265;149;54;310;211)
seed_10_level_1-4,2410,40761.432080984116,69095385,11405,(350;100;110;208;88;120;241;83;53;52;53;239;56;85;54;100;57;90;52;53;57;64;121;100;88;60;238;87;108;85;56;95;108;238;57;58;51;118;99;100;53;109;54;52;100;206;100;52;97;105;100;53;100;238;233;239;53;111;86;100;117;59;57;238;53;113;56;87;84;119;54;450;100;55;52;52;250;52;265;52;86;52;86;52;53;237;105;100;77;116;53;51;86;87;52;106;52;150;154;53;76;53;255;51;54;53;58;106;52;132;52;233;238;52;53;53;150;87;52;53;223;53;52;57;116;51;238;53;52;100;109;49;52;90;208;51;54;206;52;52;56;96;216;54;87;221;52;210;52;52)
seed_10_level_1-4,2410,41320.97247815132,70379879,11555,(350;93;52;57;54;52;53;106;65;110;100;239;110;106;53;242;52;59;52;53;223;53;206;53;52;54;116;110;52;223;52;52;53;100;87;54;106;91;238;58;250;54;53;122;88;88;54;56;106;51;52;56;56;54;104;210;86;248;93;52;88;59;53;56;248;211;52;82;53;259;212;114;450;114;150;134;240;52;53;100;52;400;52;99;55;200;100;52;88;52;52;53;57;52;115;54;261;54;116;52;51;83;52;107;100;100;84;52;211;102;53;55;238;208;100;139;54;179;52;119;54;53;52;52;58;55;300;52;222;52;53;57;51;300;106;52;52;51;150;55;52;250;57;76;54;55;52;240;56;53)
seed_10_level_1-4,2410,41861.25319838524,71399784,11705,(450;53;57;52;53;51;52;56;108;51;52;55;100;53;116;52;52;59;54;52;100;50;79;53;53;52;53;52;88;100;52;53;92;53;53;54;100;241;109;107;108;106;107;53;52;211;250;87;63;75;86;224;59;53;88;100;190;52;106;104;52;64;53;52;241;90;54;58;57;111;52;54;49;52;52;350;53;151;86;107;54;51;84;52;91;108;58;53;54;350;115;53;108;96;52;235;57;96;52;57;238;58;88;53;88;232;146;88;52;52;108;224;248;91;107;211;53;239;52;58;52;52;57;107;53;54;97;108;57;107;108;238;109;108;57;58;53;112;51;53;107;57;213;88;223;56;52;57;86;65)
seed_10_level_1-4,2410,42443.440697193146,72913099,11855,(450;86;52;212;108;53;311;100;52;52;244;52;52;107;134;56;54;50;248;60;123;57;53;210;212;55;53;53;91;115;58;223;62;76;52;129;141;211;59;114;53;107;238;51;52;88;53;54;57;77;250;52;57;54;90;82;53;90;216;76;350;200;59;239;51;52;119;53;232;52;350;57;58;108;86;57;53;52;113;109;85;52;87;248;59;59;259;86;91;90;300;67;54;88;88;104;56;53;57;57;57;54;53;220;222;58;77;350;84;250;106;107;86;87;54;53;248;211;350;239;86;188;134;54;57;213;58;249;52;108;84;58;137;227;300;222;53;53;144;53;85;56;53;132;54;86;106;87;54;53)
seed_10_level_1-4,2410,42996.73422956467,74011672,12005,(450;100;52;108;52;212;88;210;52;223;55;52;112;107;214;86;100;238;52;96;51;52;88;57;51;89;53;57;100;53;119;56;52;52;52;49;115;52;52;86;114;52;52;54;52;88;200;100;105;53;52;53;52;221;141;53;52;78;86;86;84;52;59;257;53;91;100;281;94;213;211;52;350;58;55;87;87;107;138;210;54;53;53;118;56;53;53;111;56;53;92;213;108;54;55;54;221;187;53;110;52;146;189;53;86;55;139;91;58;52;237;87;52;86;53;52;119;86;53;94;85;52;57;86;58;225;221;52;211;53;54;125;213;88;57;54;53;90;84;88;97;223;57;88;53;234;91;52;53;118)
seed_10_level_1-4,2410,43564.592837810516,75264741,12155,(450;238;54;57;52;241;53;233;212;52;100;62;52;88;53;52;55;100;82;114;54;54;87;58;54;300;84;89;323;53;100;52;51;206;55;58;100;233;106;90;107;60;239;54;239;52;108;78;53;54;106;238;52;108;103;55;52;100;61;52;57;57;238;52;106;213;80;51;50;102;58;263;93;350;53;54;87;56;55;56;52;221;88;107;93;77;52;92;54;54;400;52;54;53;211;192;58;90;92;52;54;52;54;223;86;120;103;208;53;53;52;86;88;90;57;52;88;84;53;350;87;187;90;87;57;220;212;100;51;52;52;53;53;90;226;84;110;52;108;52;53;87;54;54;56;52;119;53;54;51)
seed_10_level_1-4,2410,44136.83014464378,76689693,12305,(400;178;54;129;212;103;52;86;95;58;53;211;238;53;107;107;52;54;52;300;54;106;52;52;52;86;52;233;52;107;209;53;269;54;54;57;106;52;137;53;52;300;350;52;62;108;54;52;54;54;87;52;222;55;235;52;133;312;103;52;113;58;52;52;221;52;269;252;53;93;223;236;59;104;53;450;54;211;57;313;71;94;267;53;51;59;52;88;53;300;100;311;54;52;102;104;100;52;52;53;252;101;219;49;105;74;56;56;89;52;130;84;133;58;53;52;106;58;59;108;100;52;126;102;57;104;53;54;89;113;52;52;53;53;56;62;53;100;208;52;52;52;103;57;49;57;104;59;239;240)
seed_10_level_1-4,2410,44706.134293079376,78142632,12455,(450;56;58;52;59;100;52;206;79;57;51;91;257;57;84;208;54;52;58;78;102;300;52;100;52;52;57;150;55;218;52;52;57;55;104;58;102;52;52;52;52;106;120;52;57;100;51;203;53;112;57;207;106;54;268;57;114;52;52;54;100;53;90;107;83;100;56;52;52;100;400;223;90;221;312;52;87;106;52;53;88;210;60;54;63;300;52;77;87;53;88;86;54;86;250;238;221;212;137;52;88;87;311;52;88;52;52;54;52;52;53;178;77;400;177;87;125;105;53;88;88;245;100;187;54;304;52;84;236;88;51;219;225;86;61;53;222;191;88;91;53;187;211;53;77;53;300;86;54;54)
seed_10_level_1-4,2410,45271.34942650795,79464102,12605,(450;100;103;100;116;52;105;86;55;53;71;100;84;109;51;50;114;52;59;100;51;52;150;51;94;61;53;107;83;52;123;86;53;53;150;53;54;114;239;56;53;90;88;103;88;52;106;56;52;52;270;258;114;65;124;57;76;199;100;59;52;162;52;53;400;142;53;238;229;54;116;54;95;52;248;100;52;57;54;54;53;231;311;108;57;55;54;52;52;52;57;52;132;250;107;222;107;100;52;52;100;57;54;314;52;208;84;86;90;178;300;52;54;100;88;200;238;55;116;108;221;140;55;90;108;56;189;114;229;200;53;275;108;52;106;84;52;54;57;53;224;221;53;53;210;237;56;59;75;52)
seed_10_level_1-4,2410,45822.37900710106,80665816,12755,(450;52;100;119;54;105;49;52;52;196;184;59;96;53;86;89;110;53;52;107;57;55;49;224;106;115;55;79;102;52;150;58;52;91;52;59;59;51;57;54;53;60;108;58;59;98;53;55;100;56;122;88;238;56;59;182;58;54;238;250;62;52;53;400;52;254;128;108;52;400;52;53;53;52;350;185;54;54;88;55;88;210;54;52;240;58;221;88;52;53;186;52;95;51;54;249;53;52;88;52;226;267;53;223;228;93;54;70;222;53;52;91;57;59;92;50;106;75;139;53;300;223;53;56;57;57;52;54;53;52;52;60;53;52;53;86;86;53;52;52;52;58;52;54;90;224;77;53;58;90)
seed_10_level_1-4,2410,46416.88378548622,82413030,12905,(450;150;52;100;144;86;52;100;55;252;106;56;57;100;86;52;54;272;253;56;133;100;54;89;114;52;58;94;53;56;90;117;54;102;49;84;57;83;52;52;54;53;62;52;100;56;106;52;114;200;57;57;58;53;61;57;109;52;52;102;100;52;52;100;56;400;92;54;54;52;232;203;350;53;300;211;215;57;90;245;54;238;303;54;128;313;86;54;312;54;57;235;63;52;57;263;224;450;52;53;235;57;52;106;54;200;222;223;53;53;263;61;249;221;264;100;189;56;56;222;52;53;61;86;54;87;212;300;206;237;221;197;224;89;52;58;54;75;238;53;224;52;237;52;131;53;137;223;52;53)
seed_10_level_1-4,2410,47014.45367741585,84117758,13055,(450;102;100;52;58;54;182;78;116;84;100;200;52;52;114;52;55;55;219;52;53;54;100;78;221;86;52;51;238;150;86;57;49;300;100;116;57;123;192;53;100;51;100;119;62;57;264;52;180;57;100;53;64;258;57;76;90;106;291;54;53;53;54;106;52;54;54;55;247;79;122;245;70;221;53;52;107;238;254;53;52;108;400;137;204;207;54;57;55;55;54;222;56;222;52;238;58;199;250;58;211;100;219;56;53;224;57;52;54;238;52;263;54;54;278;350;249;62;313;53;61;250;92;59;54;54;52;76;108;239;55;122;52;220;59;350;221;54;112;90;218;100;58;86;238;54;52;224;300;108)
seed_10_level_1-4,2410,47604.475732564926,85773652,13205,(450;114;147;92;108;52;52;57;241;52;223;56;52;52;58;52;51;62;52;52;105;300;58;106;52;211;49;53;52;52;210;52;49;107;57;52;51;121;56;55;88;62;300;52;52;148;90;52;52;102;52;52;119;52;52;52;52;102;53;52;400;68;229;100;350;300;54;54;260;88;303;58;115;316;109;107;240;55;88;219;54;207;248;53;54;300;235;53;350;300;53;54;52;222;54;100;90;54;53;238;100;52;231;219;53;88;53;87;130;53;233;51;300;53;54;58;240;235;53;53;100;54;52;100;52;248;57;119;54;179;235;248;52;100;222;57;53;52;54;54;54;131;100;53;240;55;263;54;90;206)
seed_10_level_1-4,2410,48182.21874785423,87389430,13355,(450;55;57;51;53;300;52;52;114;62;232;52;100;107;87;52;86;58;52;55;52;56;238;52;52;53;57;57;52;238;114;52;238;59;57;84;115;106;116;211;55;86;216;52;55;52;49;64;57;107;102;53;52;220;89;52;115;52;52;76;102;450;53;55;91;53;240;248;53;225;108;53;52;108;53;54;235;69;107;52;482;51;53;54;278;54;217;205;53;53;53;53;52;102;52;93;125;53;52;61;53;395;94;240;167;115;242;55;100;100;62;240;52;53;54;315;53;88;227;100;232;51;59;54;52;239;300;54;52;100;218;52;93;55;53;240;107;55;207;87;87;52;224;300;57;386;100;53;100;121)
seed_10_level_1-4,2410,48748.65446829796,88918471,13505,(450;58;52;104;52;114;238;102;55;56;100;52;89;216;55;52;300;52;52;115;238;55;90;237;103;115;55;52;51;52;52;107;191;53;62;264;106;52;90;238;52;53;220;56;53;53;100;119;52;300;228;220;55;112;52;86;84;52;52;107;76;50;88;500;304;56;75;54;88;52;52;54;240;88;53;53;105;57;108;300;54;58;52;54;52;307;52;86;58;86;55;210;88;223;58;53;56;240;120;54;222;227;54;52;106;52;300;106;223;291;100;106;52;53;53;106;52;53;59;115;85;54;121;52;59;106;54;54;400;77;221;129;58;269;54;236;229;58;107;228;53;54;54;52;56;52;52;57;146;54)
seed_10_level_1-4,2410,49310.56445169449,90173476,13655,(450;57;52;52;77;57;100;52;87;220;54;102;94;246;52;88;58;55;57;76;52;95;78;86;52;250;54;216;90;100;117;114;100;58;238;104;57;209;96;278;240;181;90;217;57;102;57;52;86;222;53;56;212;57;102;52;89;215;53;100;53;61;79;111;244;73;55;114;299;88;225;53;52;58;221;90;63;290;54;52;92;89;222;54;54;53;54;54;52;54;91;54;54;55;233;54;52;298;58;100;100;290;53;106;53;53;52;55;61;54;296;63;56;54;53;53;86;53;55;54;56;91;54;233;104;53;222;100;52;52;100;54;108;53;53;52;89;53;53;100;108;53;52;53;53;87;53;223;400;54)
seed_10_level_1-4,2410,49872.94610309601,91504494,13805,(400;100;53;53;52;58;108;100;54;100;77;52;52;91;279;52;58;53;58;208;100;52;87;59;100;55;107;221;350;54;57;55;57;100;87;100;59;100;85;268;102;350;107;52;52;53;238;100;53;240;54;50;86;53;57;57;427;108;52;53;52;52;210;100;55;248;350;53;55;56;54;100;250;52;54;450;119;100;54;52;83;52;52;100;53;52;53;240;112;54;106;52;100;52;52;76;56;52;52;52;57;107;107;54;81;211;52;100;289;61;52;52;249;131;220;148;52;57;52;52;52;100;57;100;52;58;52;53;250;53;52;52;52;52;52;59;88;114;53;107;52;102;52;182;150;272;100;150;233;53)
seed_10_level_1-4,2410,50419.44726061821,92665716,13955,(450;57;54;100;87;55;54;100;129;57;52;95;56;240;60;54;52;52;100;52;88;52;52;112;58;52;54;52;58;52;112;57;56;53;108;53;106;112;88;50;84;90;106;100;52;52;52;239;53;100;52;106;102;121;54;86;93;100;55;117;52;91;53;57;231;109;56;100;235;56;53;139;112;54;454;56;62;100;106;53;87;90;115;96;54;56;49;300;54;52;57;52;51;58;208;87;179;54;100;52;223;54;223;59;450;54;53;51;52;55;231;52;193;56;49;54;52;52;53;52;225;129;54;53;106;86;57;52;59;52;53;53;350;52;350;58;52;58;130;238;54;88;86;54;59;57;86;107;52;244)
seed_10_level_1-4,2410,51002.89060330391,94244595,14105,(450;58;57;57;53;54;56;55;87;240;253;53;139;66;51;54;123;51;52;52;49;100;100;52;53;53;53;53;51;52;250;91;52;86;245;59;52;237;60;51;57;52;53;88;105;109;49;57;100;53;100;53;52;107;106;112;53;58;54;53;53;261;57;52;177;52;54;211;58;350;454;56;138;52;52;210;54;52;53;350;52;52;56;53;221;166;261;300;238;54;52;238;52;53;206;53;219;87;52;84;52;54;53;100;400;52;52;100;223;90;54;190;57;206;52;54;52;196;52;55;221;52;86;52;52;92;291;445;238;58;53;310;55;191;52;238;54;54;52;271;113;226;52;52;54;87;52;52;206;94)
seed_10_level_1-4,2410,51613.88733911514,96130038,14255,(450;233;141;54;239;59;54;56;106;53;55;109;150;100;53;51;52;97;100;177;55;249;53;114;240;57;51;239;93;63;232;52;52;281;57;96;53;253;108;90;88;209;264;216;149;58;114;64;255;55;114;100;53;51;55;128;53;53;114;118;248;53;54;86;115;249;400;51;52;54;55;248;52;238;222;106;249;220;52;53;222;57;53;107;57;106;51;86;57;55;239;250;260;90;238;221;52;115;115;210;53;350;54;238;86;52;54;52;450;500;52;51;221;51;52;111;55;208;54;54;59;208;52;55;79;56;52;54;249;312;210;86;291;52;225;53;52;257;87;89;53;252;52;200;108;53;52;106;52;53)
seed_10_level_1-4,2410,52218.73318076134,98060771,14405,(450;114;245;55;239;53;53;53;53;216;51;262;106;57;240;107;106;240;62;52;53;53;52;106;243;100;142;250;52;52;90;53;57;55;57;90;106;100;85;57;55;57;119;177;229;57;58;93;53;100;106;106;106;52;118;51;52;52;222;53;52;53;200;63;98;57;141;57;413;51;52;76;52;113;237;52;350;210;53;129;238;92;56;55;52;52;53;54;251;57;54;52;58;400;238;226;52;53;190;350;400;85;115;52;52;314;78;450;54;108;248;52;52;55;248;76;52;100;57;216;52;52;51;112;52;350;107;238;107;90;267;208;52;54;227;51;235;222;52;400;55;210;52;211;55;52;110;52;52;400)
seed_10_level_1-4,2410,52805.5434525013,99562136,14555,(450;100;52;53;52;78;100;265;239;53;52;100;52;100;53;100;104;52;249;61;55;117;90;49;57;106;52;53;180;107;100;54;53;91;239;51;89;52;227;123;53;93;52;104;52;57;52;97;106;106;52;51;178;53;100;51;49;112;235;238;58;101;107;102;93;100;400;54;89;54;54;221;206;52;52;208;104;115;52;350;53;52;223;177;235;106;211;192;267;106;52;233;211;104;400;53;52;52;225;52;52;86;86;52;52;106;52;209;251;208;54;221;52;53;87;248;54;52;103;52;87;52;287;52;53;51;221;53;87;233;53;57;52;119;238;52;52;75;87;59;52;51;210;52;208;84;57;54;233;239)
seed_10_level_1-4,2410,53373.0327103138,101060105,14705,(450;234;52;156;52;53;56;51;252;56;217;116;90;88;55;52;59;57;223;52;54;57;54;52;57;52;52;86;115;52;106;52;52;51;52;52;50;90;53;100;52;88;52;53;219;58;52;100;100;178;53;106;52;103;51;55;100;58;52;100;54;52;114;108;400;55;52;57;52;238;52;53;210;107;104;106;211;115;52;54;300;52;52;76;223;54;54;55;233;238;450;58;59;300;115;55;53;126;213;129;88;54;53;105;106;239;128;101;84;106;128;55;53;400;51;52;206;55;219;57;87;86;300;106;86;52;54;388;211;52;58;207;51;52;52;210;52;400;55;248;53;100;106;52;54;55;53;221;52;53)
seed_10_level_1-4,2410,53981.81842756271,102842510,14855,(450;269;100;53;55;52;211;100;114;216;53;57;113;52;239;53;100;52;52;52;52;105;55;52;53;53;239;100;138;100;52;55;52;52;54;52;57;238;54;115;53;263;248;52;53;55;56;86;52;117;52;55;52;52;100;106;100;109;106;52;202;100;388;53;216;55;55;55;55;64;235;238;52;211;52;219;214;53;85;115;52;55;214;128;198;84;123;211;250;253;234;137;240;106;107;54;224;106;249;52;53;219;57;350;51;52;221;52;239;53;212;53;106;52;58;59;54;248;52;217;248;52;273;115;218;300;52;214;122;56;57;248;300;86;214;53;248;51;300;300;100;129;53;52;259;55;187;238;52;114)
seed_10_level_1-4,2410,54599.80422258377,104973725,15005,(450;50;52;84;52;88;113;63;52;240;109;52;57;51;100;55;100;100;52;96;52;202;52;52;52;88;52;76;51;52;53;76;128;52;54;84;100;52;86;62;55;53;55;53;53;52;111;52;55;53;54;100;59;100;52;58;248;248;54;430;86;115;56;248;53;52;236;77;210;53;219;222;141;52;54;232;107;222;235;225;114;79;300;263;236;238;51;235;229;214;52;214;215;202;206;350;51;248;248;238;240;400;238;54;51;363;100;110;400;248;100;250;51;238;57;117;106;225;53;248;52;52;350;222;58;248;446;52;240;238;54;210;57;244;103;51;86;52;235;248;52;52;114;238;59;54;51;206;235;88)
