seed_28_level_6-4,552,489.3224790096283,732793,150,(1001;55;72;96;53;53;93;55;68;43;59;42;65;42;73;77;56;52;55;78;59;52;52;43;42;54;53;52;79;52;57;67;52;42;57;42;42;59;58;53;58;42;43;57;59;53;88;43;59;61;97;52;57;57;42;55;44;53;53;42;61;42;57;57;66;89;53;57;50;58;44;52;75;57;89;42;42;52;56;44;52;43;42;53;50;52;54;57;53;53;53;44;42;67;42;53;68;67;53;82;82;42;42;53;42;52;57;43;53;52;57;42;55;44;57;44;52;52;53;52;102;57;52;52;53;59;42;42;42;45;42;52;42;52;42;56;53;59;42;53;43;52;42;55;77;43;52;61;43;58)
seed_28_level_6-4,552,964.8745892047882,959742,300,(42;43;42;42;42;43;42;42;42;42;42;42;42;42;42;42;42;42;42;42;42;42;42;42;42;42;42;42;42;42;43;42;43;43;43;43;43;43;43;43;43;43;43;45;58;60;61;61;68;71;71;60;53;61;58;55;58;57;53;57;57;57;57;57;57;57;57;59;67;55;53;53;53;54;53;53;53;56;56;56;53;53;57;50;53;57;53;53;53;52;57;52;57;61;56;77;55;56;52;52;52;52;54;52;58;62;59;52;54;52;52;52;50;52;56;54;54;53;52;52;52;52;54;52;52;52;52;52;61;55;52;85;59;57;58;69;62;74;59;63;93;65;65;86;82;87;90;98;69;102)
seed_28_level_6-4,552,1430.9469244480133,1188511,450,(42;42;42;42;42;42;42;43;42;42;42;43;42;42;42;42;42;43;42;42;42;42;42;42;42;42;42;43;43;43;42;42;42;43;43;43;43;43;43;43;43;43;43;45;58;75;60;61;61;67;71;71;53;61;58;55;59;57;57;57;57;57;57;57;57;57;53;55;53;55;53;54;53;53;53;53;53;58;67;53;56;57;50;53;57;54;53;53;52;58;52;57;61;56;56;56;52;62;59;52;52;52;53;52;78;52;54;52;52;52;50;52;56;54;53;53;52;52;52;52;53;52;52;52;52;52;53;55;52;59;85;59;57;58;69;64;73;59;68;65;76;70;77;86;82;97;88;90;76;102)
seed_28_level_6-4,552,1893.2422504425049,1416876,600,(42;42;42;42;42;42;42;42;42;42;42;42;42;42;42;42;42;42;42;42;42;43;42;42;42;42;43;42;43;42;43;43;42;43;43;43;43;43;43;43;43;43;43;45;58;60;61;61;67;71;71;60;53;61;59;55;53;56;58;57;57;53;57;57;57;57;57;57;56;53;53;53;55;54;55;53;53;53;55;58;67;73;57;53;53;57;56;53;53;52;57;52;57;61;53;53;52;59;59;52;52;52;54;52;52;53;52;52;52;50;52;56;54;54;53;52;52;52;52;53;52;52;52;52;52;53;59;56;52;85;59;57;58;68;63;59;74;59;65;68;94;53;87;90;92;91;88;90;95;73)
seed_28_level_6-4,552,2363.9270083904266,1654044,750,(42;42;42;42;42;42;42;42;42;42;42;42;42;42;42;42;42;42;42;42;42;42;42;42;42;42;43;42;43;42;42;43;43;43;43;43;43;43;43;43;43;43;43;45;58;60;60;61;61;67;71;71;53;61;59;55;56;58;57;57;57;57;57;57;57;57;56;55;53;53;55;54;53;53;55;54;67;57;50;56;57;53;53;53;56;53;55;53;52;58;52;58;61;52;77;58;59;59;52;52;52;53;52;52;53;52;52;52;50;52;56;53;53;54;52;52;52;52;53;52;52;52;52;52;78;53;57;59;56;52;85;59;57;58;68;63;73;73;59;90;63;102;89;96;88;91;89;90;94;106)
seed_28_level_6-4,553,2833.978786945343,1895538,900,(42;42;42;42;42;42;42;42;42;42;42;42;42;42;42;42;42;42;42;42;42;42;43;42;43;43;42;42;43;43;43;42;42;43;43;43;43;43;43;43;43;43;43;45;58;75;60;61;61;68;71;71;53;61;59;55;55;53;59;57;57;57;57;57;57;57;57;56;53;55;53;53;53;54;53;53;53;58;66;57;53;57;56;56;56;53;53;56;56;55;52;57;52;57;61;52;59;59;52;52;52;54;52;52;53;52;52;52;50;52;53;54;54;53;52;52;52;52;53;52;52;52;52;52;53;61;55;52;85;59;57;58;68;111;53;73;59;59;63;77;118;93;87;97;82;90;92;96;92;102)
seed_28_level_6-4,553,3316.0961525440216,2139833,1050,(42;42;42;42;42;42;42;42;42;42;42;42;42;42;42;42;42;42;42;42;42;42;44;42;42;44;42;42;42;44;44;44;42;45;45;45;45;45;45;45;45;45;45;48;70;73;74;74;81;84;84;87;53;61;58;55;58;57;57;53;57;57;57;57;57;56;67;53;53;55;55;54;53;53;55;58;55;53;57;50;57;56;53;55;56;56;56;53;53;53;52;58;52;57;61;52;62;59;52;52;52;54;52;52;54;52;52;52;50;52;53;54;53;54;52;52;52;52;54;52;52;52;52;52;78;53;57;56;52;61;98;59;57;58;68;73;59;68;53;91;87;65;89;90;97;97;65;109;102;86)
seed_28_level_6-4,553,3791.0587537288666,2384543,1200,(42;42;42;42;42;42;42;42;42;42;42;42;42;42;42;42;42;42;42;42;42;42;44;44;42;42;42;44;42;44;42;42;44;45;45;45;45;45;45;45;45;45;45;48;70;73;74;74;81;84;84;87;53;61;59;55;59;57;57;57;57;57;57;57;56;57;55;53;55;55;54;53;53;55;66;53;57;53;57;73;53;53;55;55;56;56;56;53;56;52;58;52;58;61;52;62;77;58;59;52;52;52;53;52;52;54;52;52;52;50;52;56;53;53;54;52;52;52;52;53;52;52;52;52;52;53;57;56;52;59;98;59;57;58;68;64;73;78;59;89;63;89;88;91;90;90;98;69;109;73)
seed_28_level_6-4,553,4272.342788219452,2623460,1350,(42;42;42;42;42;42;42;42;42;42;42;42;42;42;42;42;42;42;42;42;42;42;42;44;44;42;44;42;44;44;44;42;42;45;45;45;45;45;45;45;45;45;45;48;70;73;74;74;80;84;84;87;53;61;59;55;56;58;57;57;57;57;57;57;57;53;57;57;67;53;53;55;53;54;53;53;58;53;57;53;57;53;53;53;53;55;55;56;53;53;52;58;52;58;61;52;62;61;52;52;52;54;52;52;53;52;52;52;50;52;53;53;54;53;52;52;52;52;53;52;52;52;52;52;53;61;56;52;98;60;57;58;69;64;53;74;59;59;63;70;53;102;89;87;91;92;90;98;79;76)
seed_28_level_6-4,553,4751.544836997986,2867508,1500,(42;42;42;42;42;42;42;42;42;42;42;42;42;42;42;42;42;42;42;42;42;42;42;44;44;44;44;42;44;42;42;42;42;45;45;45;45;45;45;45;45;45;45;48;70;73;74;74;81;84;84;87;53;61;58;55;55;58;57;57;57;57;57;57;57;53;53;59;53;55;53;53;53;54;53;53;55;67;54;57;53;57;53;53;56;53;56;53;53;53;56;52;58;52;57;61;52;59;53;58;52;52;52;53;52;52;54;52;52;52;50;52;53;54;54;54;52;52;52;52;54;52;52;52;52;52;93;57;56;52;59;98;57;58;68;59;64;74;59;68;94;93;78;89;87;91;89;95;90;102)
seed_28_level_6-4,553,5226.457976102829,3116481,1650,(42;42;42;42;42;42;42;42;42;42;42;42;42;42;42;42;42;42;42;42;42;42;44;44;42;44;42;44;44;44;42;42;44;45;45;45;45;45;45;45;45;45;45;48;70;73;74;74;80;84;84;72;53;61;59;55;53;59;57;57;57;57;57;57;57;57;53;53;53;53;55;54;53;53;53;55;67;57;53;57;53;56;53;53;55;55;53;56;56;52;57;52;58;61;52;104;61;62;58;52;52;52;53;52;52;54;52;52;52;50;52;56;53;54;54;52;52;52;52;53;52;52;52;52;52;57;53;59;56;52;98;59;58;69;57;63;74;59;63;78;93;85;122;90;87;91;89;97;106;73)
seed_28_level_6-4,553,5708.45441865921,3360331,1800,(42;42;42;42;42;42;42;42;42;42;42;42;42;42;42;42;42;42;42;42;42;42;44;42;42;42;44;44;42;44;42;42;44;45;45;45;45;45;45;45;45;45;45;48;70;72;73;74;74;80;84;84;53;61;59;55;59;57;57;57;57;57;57;57;53;59;57;53;53;53;53;53;54;53;53;53;58;53;66;57;53;57;56;56;73;56;55;56;55;55;56;53;52;58;52;58;61;52;59;52;52;52;53;52;52;54;52;52;52;50;52;53;54;53;53;52;52;52;52;53;52;52;52;52;52;53;61;56;52;98;60;58;68;57;63;74;93;59;68;97;89;73;88;89;82;90;90;94;53;108)
seed_28_level_6-4,553,6191.386440515518,3604119,1950,(42;42;42;42;42;42;42;42;42;42;42;42;42;42;42;42;42;42;42;42;42;42;44;42;44;42;44;44;44;44;42;44;44;45;45;45;45;45;45;45;45;45;45;48;70;72;73;74;74;81;84;84;53;61;59;55;58;57;57;57;57;57;57;57;57;66;53;53;53;53;55;54;53;53;53;58;53;57;50;57;56;56;56;56;55;53;55;55;53;52;57;52;57;61;52;53;59;62;52;52;52;54;52;52;54;52;52;52;50;52;53;54;53;54;52;52;52;52;53;52;52;52;52;52;57;57;55;52;59;98;58;57;68;59;64;73;74;59;95;78;73;88;91;87;90;70;90;90;97;106)
seed_28_level_6-4,553,6661.58465218544,3848482,2100,(42;42;42;42;42;42;42;42;42;42;42;42;42;42;42;42;42;42;42;42;42;42;42;42;42;42;44;44;42;42;42;44;44;45;45;45;45;45;45;45;45;45;45;48;70;87;73;74;74;81;84;84;53;61;58;55;59;57;57;57;57;57;57;57;57;57;57;67;53;55;53;53;55;54;53;53;53;58;53;57;50;57;53;53;56;53;56;53;53;56;55;52;57;52;58;61;52;53;59;61;52;52;52;54;52;52;53;52;52;52;50;52;56;54;53;54;52;52;52;52;53;52;52;52;52;52;59;56;52;98;59;58;57;68;64;73;73;59;59;95;102;103;68;87;82;64;90;91;97;106)
seed_28_level_6-4,553,7139.724709510803,4092842,2250,(42;42;42;42;42;42;42;42;42;42;42;42;42;42;42;42;42;42;42;42;42;42;42;42;44;44;42;44;42;44;44;44;42;45;45;45;45;45;45;45;45;45;45;48;70;73;74;74;80;84;84;72;53;61;58;55;56;58;57;57;57;57;57;57;57;57;57;57;59;56;55;53;53;55;54;53;53;53;58;55;67;53;57;50;57;56;53;56;56;56;53;55;52;58;52;58;61;52;77;59;52;52;52;54;52;52;54;52;52;52;50;52;53;54;54;54;52;52;52;52;54;52;52;52;52;52;59;59;56;52;98;60;58;57;68;63;73;73;59;68;65;82;88;90;97;89;96;118;77;102)
seed_28_level_6-4,553,7613.833847284317,4331471,2400,(42;42;42;42;42;42;42;42;42;42;42;42;42;42;42;42;42;42;42;42;42;42;42;42;42;42;42;44;44;42;42;42;42;45;45;45;45;45;45;45;45;45;45;48;70;87;73;74;74;80;84;84;53;61;59;55;56;58;57;57;57;57;57;57;57;57;57;53;53;55;53;53;55;54;53;53;55;67;53;57;53;57;56;56;55;53;56;53;53;53;52;57;52;58;61;52;61;58;59;52;52;52;53;52;52;53;52;52;52;50;52;56;53;54;53;52;52;52;52;54;52;52;52;52;52;59;61;56;52;98;58;68;57;60;62;73;74;59;68;78;53;92;82;87;90;90;96;83;73;86)
seed_28_level_6-4,557,8093.802172660828,4602238,2550,(42;66;42;42;44;42;44;42;44;76;42;51;53;53;53;52;57;57;53;57;59;61;52;66;67;42;45;51;53;53;91;82;56;52;52;60;55;58;53;55;53;90;42;53;56;42;56;53;53;53;59;54;59;58;53;57;53;52;56;57;59;53;53;104;57;54;42;60;52;59;59;86;42;90;86;52;65;52;46;53;61;42;73;53;58;56;53;52;68;57;57;52;57;43;107;57;84;46;55;113;91;93;91;55;57;55;42;54;61;54;69;57;58;57;57;67;42;57;82;56;65;42;52;57;56;56;65;42;86;96;71;42;58;57;96;57;42;44;56;42;90;60;76;56;77;53;52;57;57;53)
seed_28_level_6-4,557,8561.571731090546,4874102,2695,(43;43;43;66;42;66;51;44;51;53;87;50;56;53;61;72;58;61;54;97;50;63;52;58;42;52;69;57;42;52;68;60;56;57;62;57;52;54;68;53;57;52;52;91;57;44;59;42;57;89;57;59;42;54;53;53;52;88;67;57;75;64;63;57;57;62;69;59;52;44;96;71;53;53;54;76;52;53;59;53;56;59;75;56;92;42;90;53;42;43;59;77;57;66;52;52;52;52;60;75;61;64;54;73;99;53;52;67;55;53;92;66;67;58;91;57;52;64;58;52;42;42;42;75;52;53;57;43;53;87;65;60;58;53;56;51;81;58;57;71;92;82;88;88;49)
seed_28_level_6-4,557,9044.909603834152,5170425,2843,(66;53;64;54;52;52;42;57;57;87;52;51;57;73;61;69;73;57;58;62;55;84;57;57;87;53;58;97;52;57;53;56;56;79;60;65;54;63;53;75;53;57;43;57;53;69;60;61;57;52;91;70;42;74;44;65;87;52;53;52;52;58;57;63;52;56;77;54;72;52;55;67;51;52;93;53;52;52;55;57;75;53;61;53;53;53;63;82;65;53;53;106;64;73;52;57;89;100;57;49;52;57;57;99;56;59;99;42;59;97;42;103;59;59;55;53;59;60;67;61;53;58;57;57;57;92;73;61;57;53;56;53;80;74;52;93;53;67;63;57;52;88;52;52;57;90;55;52)
seed_28_level_6-4,557,9525.549348831177,5466224,2991,(76;59;58;56;59;85;61;77;60;53;43;53;43;73;53;74;53;77;52;57;53;100;73;42;90;60;60;54;87;61;53;53;53;63;93;53;57;57;61;57;57;57;61;66;57;69;55;55;59;57;82;66;66;56;55;52;52;52;53;63;52;87;53;52;53;53;87;62;52;52;43;56;57;97;42;52;56;56;42;56;88;53;53;57;59;90;61;53;53;74;79;53;76;66;55;44;103;106;42;75;52;56;52;57;89;52;53;91;59;57;67;78;61;55;87;57;60;42;52;55;51;73;75;61;42;64;42;86;119;57;53;55;52;53;90;54;71;54;59;58;42;74;57;67;62;80;52;52)
seed_28_level_6-4,1171,10011.010108709335,5794657,3139,(56;59;57;55;63;53;57;61;51;49;73;77;58;59;53;57;42;200;67;81;96;52;52;103;60;73;52;89;64;57;66;89;52;56;52;56;87;59;42;53;52;53;90;53;52;61;53;52;57;88;55;53;53;54;52;57;93;93;57;52;59;58;56;57;61;57;59;52;51;57;61;57;75;53;56;51;50;57;92;43;53;89;57;76;62;59;106;57;42;57;57;64;57;57;89;58;62;53;57;90;57;52;96;42;42;42;89;65;54;95;52;52;52;88;54;52;53;93;90;78;67;80;55;43;52;89;58;57;57;94;97;59;59;90;52;52;84;88;65;72;56;82;65;72;55;78;65;58)
seed_28_level_6-4,1196,10472.788855552673,6115872,3284,(53;57;53;56;56;56;82;42;42;47;42;42;55;53;50;56;57;90;55;106;45;61;57;57;207;57;73;59;99;67;42;49;59;75;62;54;57;52;77;77;60;104;53;52;57;57;57;51;75;57;57;57;53;55;75;61;88;74;54;57;42;59;59;42;54;73;52;56;75;52;57;43;93;59;57;42;52;60;59;57;61;95;58;57;61;53;52;52;52;69;93;58;57;78;53;57;53;85;57;89;57;43;66;52;58;51;57;53;89;56;57;52;87;53;53;53;63;90;52;90;86;55;104;59;42;42;73;66;52;69;42;62;52;55;43;94;77;86;52;52;211;52;57;59;55)
seed_28_level_6-4,1196,10950.582441091537,6429519,3433,(84;73;60;54;92;57;67;52;92;52;52;52;73;52;57;43;78;58;62;75;88;52;91;42;62;57;42;54;53;43;54;59;57;43;50;105;57;52;53;44;57;59;52;53;57;62;42;57;57;46;80;76;52;52;53;42;60;53;57;90;49;88;56;50;52;57;86;75;59;57;61;64;44;57;53;62;75;97;51;60;42;56;56;60;74;54;57;58;61;57;53;57;106;117;53;75;44;89;51;65;87;52;63;57;83;63;52;57;52;52;93;66;54;62;75;93;69;60;42;77;75;84;57;57;44;52;58;58;42;86;90;52;53;52;57;44;53;59;211;88;52;43;58;58;52;60;57;52;52)
seed_28_level_6-4,1196,11416.248147010803,6709771,3578,(53;53;53;42;56;75;75;56;42;42;44;42;52;83;52;57;57;53;42;46;57;69;52;64;52;57;58;53;86;52;88;57;56;56;53;55;56;43;90;73;53;90;56;51;58;57;95;72;75;49;77;107;57;57;52;49;53;43;77;53;53;52;69;57;53;56;57;73;55;57;74;52;52;90;52;46;73;52;93;57;55;52;87;74;52;89;53;60;52;52;86;52;57;52;52;59;53;93;57;57;44;44;53;53;52;55;82;53;49;46;57;42;42;93;52;77;90;42;62;80;44;53;56;62;53;88;55;57;53;55;51;57;118;57;57;88;77;63;62;42;88;103;60;42;44)
seed_28_level_6-4,1196,11901.724327802658,7027643,3727,(89;52;57;62;43;42;85;42;92;42;59;42;83;72;46;53;57;57;44;44;53;93;57;94;63;55;53;57;62;93;51;74;75;57;57;59;93;75;63;63;88;57;107;106;75;61;77;59;62;74;52;57;57;53;59;52;88;57;57;87;52;95;87;53;95;59;54;95;55;75;55;93;42;42;63;90;66;87;74;67;54;53;82;86;64;52;57;42;64;62;50;59;52;88;77;57;53;46;42;53;125;43;57;89;53;88;52;52;52;77;56;56;56;53;56;86;43;52;52;52;52;52;51;51;60;42;52;87;53;42;53;52;56;89;53;52;56;111;55;54;90;57;59;56;74;54;56;56;58)
seed_28_level_6-4,1302,12394.605459213257,7360503,3879,(82;53;93;43;42;55;59;57;76;56;53;53;53;43;53;91;82;90;46;46;61;52;42;46;42;87;52;52;62;57;51;52;55;52;90;52;58;73;61;58;52;59;89;42;53;52;76;57;57;78;57;53;89;78;57;42;46;58;57;66;75;63;68;53;52;87;74;74;57;42;54;57;78;59;58;60;51;56;56;62;56;59;52;57;88;59;56;91;53;75;53;75;57;53;57;59;90;70;56;46;55;56;52;59;43;55;56;76;86;63;53;60;64;58;67;64;53;70;88;228;49;102;77;76;44;42;56;56;105;91;54;52;79;42;56;104;91;74;106;46;90;54;62;87;55;73;57;57;56;53;57;52)
seed_28_level_6-4,1302,12890.456892967224,7682694,4031,(70;57;55;77;56;56;53;53;93;53;62;57;77;52;53;57;57;63;63;52;56;53;74;52;56;52;53;52;76;53;54;52;46;77;44;57;52;52;56;75;52;46;52;46;46;78;79;43;78;78;46;93;49;78;79;56;49;57;56;99;63;78;81;90;53;77;57;87;77;60;42;52;61;76;57;56;57;57;77;96;57;56;82;86;52;52;43;53;107;53;56;52;53;53;86;57;75;95;67;76;52;51;58;74;87;42;104;88;52;53;88;61;55;87;52;53;42;44;57;42;52;63;53;92;91;52;61;90;93;52;49;81;53;59;59;58;59;105;94;53;85;55;53;55;44;43;51;104;67;52;102;53)
seed_28_level_6-4,1302,13380.751257658005,7999147,4183,(89;56;56;89;96;43;57;89;52;43;77;75;42;52;57;91;54;56;65;44;43;57;75;92;57;52;42;57;101;75;51;86;69;76;88;53;53;52;99;52;53;61;57;58;78;57;78;88;60;87;80;44;91;75;53;80;63;57;55;56;133;53;42;107;63;75;63;56;57;88;62;56;52;53;52;52;52;53;57;53;57;56;93;57;63;52;74;57;52;69;56;56;79;42;90;58;72;52;61;42;61;53;52;59;60;61;65;56;86;54;53;53;52;51;88;86;57;53;52;59;57;53;54;116;53;54;46;54;46;42;42;42;57;42;46;44;104;80;61;57;44;75;44;91;56;52;44;53;56;86;57;57)
seed_28_level_6-4,1302,13859.110291957855,8352314,4329,(95;51;42;55;54;54;92;103;75;58;76;85;52;53;87;53;87;75;52;53;74;57;52;76;46;51;52;84;52;51;57;57;52;53;73;52;91;86;57;52;63;43;46;58;57;53;57;52;86;90;80;57;49;67;57;86;77;134;51;54;53;59;59;88;89;56;62;90;88;92;54;57;70;51;56;50;53;104;57;60;53;71;106;93;73;59;57;53;59;57;75;54;96;92;57;52;58;52;52;53;63;52;44;58;88;90;93;74;52;52;52;102;158;55;52;52;51;52;52;75;88;62;76;53;89;63;53;57;88;86;57;49;133;53;74;56;98;52;52;109;58;52;113;56;79;63)
seed_28_level_6-4,1302,14341.853574514389,8705595,4476,(89;61;56;64;90;55;58;57;52;43;53;133;90;77;61;80;52;44;57;54;60;55;57;89;84;60;42;42;91;57;59;59;102;82;67;202;77;52;73;93;60;53;77;57;59;75;42;105;93;52;52;77;52;43;58;52;60;57;57;58;201;52;52;52;52;52;52;51;52;52;52;52;52;62;92;42;55;44;61;92;90;52;106;57;59;75;93;52;52;75;96;91;58;85;57;57;58;53;44;63;88;56;57;74;93;88;65;61;53;57;57;55;57;57;53;57;52;82;63;55;59;57;52;56;78;58;53;86;90;56;87;52;53;53;52;56;88;90;52;57;55;61;76;52;55;75;42)
seed_28_level_6-4,1302,14838.194979667664,9050387,4627,(92;56;52;58;70;52;78;52;56;96;57;90;77;42;76;93;91;42;43;42;61;80;54;134;52;52;88;104;53;75;53;57;59;120;55;74;57;63;88;64;61;64;60;56;56;62;52;56;52;53;89;51;88;58;42;46;82;46;46;88;58;53;87;52;52;42;88;86;71;52;42;57;56;52;42;68;66;57;89;51;55;63;90;52;55;57;67;55;52;60;88;80;52;88;77;63;53;52;53;53;63;55;88;86;55;103;52;53;52;52;53;53;52;58;58;55;86;76;57;91;91;90;91;54;57;61;57;53;57;88;85;53;52;104;107;102;78;54;56;61;52;53;52;53;57;75;42;65;73;88;100)
seed_28_level_6-4,1302,15320.108798980713,9392536,4775,(87;59;58;53;56;57;74;52;52;56;59;58;86;75;88;88;91;46;53;61;113;58;89;90;63;54;53;74;64;49;51;75;42;54;89;60;88;53;58;73;90;89;59;55;55;53;51;201;93;57;52;75;53;56;57;62;59;52;57;62;73;52;88;86;57;86;86;57;52;52;52;52;52;88;59;57;107;56;62;43;63;42;57;57;80;74;56;90;74;53;52;52;58;53;53;52;53;55;77;53;53;58;61;53;73;74;89;73;107;76;42;57;55;73;89;57;91;73;134;43;58;59;44;44;57;59;91;57;52;54;42;116;78;44;52;67;58;65;52;74;52;53;77;61;57;52;64;52)
seed_28_level_6-4,1302,15811.47569513321,9720738,4927,(91;61;54;58;90;53;60;88;90;89;42;134;55;44;57;79;43;57;57;59;57;56;63;80;73;78;75;67;53;53;77;55;54;64;53;53;54;58;74;80;76;79;59;43;56;56;63;56;60;57;56;63;67;60;53;61;54;58;56;56;54;59;73;52;73;52;75;53;52;52;86;103;52;66;58;90;90;59;52;76;58;62;81;43;59;59;58;58;54;42;51;53;73;63;60;86;89;52;57;52;75;106;122;44;102;77;55;57;57;59;46;52;43;53;59;46;75;73;66;52;115;56;53;52;56;52;52;73;76;74;53;89;57;46;88;42;42;73;75;88;91;62;54;59;55;56;58;100;60;55;57;43)
seed_28_level_6-4,1302,16308.225514888763,10083049,5080,(141;59;43;57;71;53;76;81;80;94;60;75;75;79;92;68;43;90;58;57;77;86;57;57;57;46;53;53;46;46;90;57;69;57;56;75;74;60;107;74;42;53;59;60;57;42;55;56;59;143;88;56;42;42;61;53;73;53;74;57;76;52;73;78;91;56;55;90;84;81;52;53;52;52;52;53;53;42;53;87;53;87;75;57;56;57;52;57;57;57;85;53;70;44;55;79;55;75;53;91;75;52;58;91;60;73;63;103;52;95;52;60;53;86;53;74;54;85;120;75;86;54;76;86;42;86;86;80;102;58;77;57;42;55;58;66;102;91;53;59;56;75;88;42;51;54;76;89;67;90;61;42;50)
seed_28_level_6-4,1302,16799.91703081131,10497458,5232,(88;53;57;57;55;44;59;44;57;52;61;46;93;46;53;134;56;78;56;80;203;103;44;66;79;125;58;62;73;200;54;44;98;90;61;53;77;97;44;93;78;46;76;43;77;46;57;88;88;51;61;76;92;60;88;54;84;87;50;61;74;53;93;59;74;58;69;52;52;77;56;52;52;53;52;52;93;52;85;82;77;61;58;90;61;60;59;57;90;61;90;57;60;75;46;61;77;202;129;90;52;42;56;56;53;56;93;107;81;53;67;52;54;83;79;73;57;76;55;50;52;52;60;52;66;57;92;52;59;52;53;52;72;59;57;74;59;55;56;57;57;52;91;86;73;87;80;74;83;89;57;75)
seed_28_level_6-4,1302,17291.77482867241,10918348,5381,(77;46;75;81;62;53;56;62;56;46;44;53;46;53;89;59;52;58;108;102;88;74;73;59;82;91;55;90;92;112;67;86;52;63;62;52;49;52;52;52;53;87;61;74;87;56;56;60;55;52;56;104;57;64;73;52;52;83;53;54;86;203;53;58;52;92;56;56;93;93;90;202;57;52;90;55;78;131;74;83;88;103;75;57;52;92;58;86;88;46;73;53;88;75;75;68;57;53;73;59;58;88;59;75;89;53;88;76;49;59;75;82;107;59;107;84;57;52;57;75;75;60;61;75;53;74;60;61;58;92;90;200;52;80;46;74;57;51;78;53;57;56;55;56;57;78;88;62;72)
seed_28_level_6-4,1302,17790.013526916504,11352448,5532,(88;46;57;53;53;53;57;96;88;43;74;53;57;118;42;52;104;59;62;79;56;53;53;43;74;64;56;58;53;91;80;59;62;53;52;79;51;85;58;99;62;54;106;63;63;60;42;58;87;76;90;92;88;57;90;84;50;62;104;88;50;54;88;54;55;77;88;59;61;75;110;76;53;61;89;57;75;92;60;61;61;62;74;74;88;107;63;53;61;77;57;53;56;85;86;102;87;60;59;75;102;106;44;121;70;68;54;44;66;57;93;53;57;58;57;57;46;90;59;204;57;61;59;61;90;58;53;58;76;203;59;73;74;60;51;73;77;203;89;59;79;57;88;56;106;55;90;59;56;88;88)
seed_28_level_6-4,1302,18284.278926849365,11790288,5682,(74;52;54;80;52;42;61;54;56;52;56;108;88;90;53;54;88;83;69;85;67;44;54;53;56;88;70;88;53;57;61;57;78;58;56;59;61;57;78;52;56;78;62;56;80;94;91;59;54;57;53;93;89;59;91;52;54;57;91;59;78;66;75;86;204;86;53;88;74;104;59;53;61;53;53;61;60;53;53;53;52;42;80;88;104;51;49;54;91;104;86;122;59;59;53;103;102;102;53;76;108;113;106;53;74;107;57;76;53;69;57;60;88;52;107;107;46;74;49;52;50;57;57;61;52;77;107;75;57;74;58;207;55;53;53;89;74;55;86;86;56;88;52;57;207;58;86;79;90;73)
seed_28_level_6-4,1426,18796.875731945038,12308333,5835,(94;57;61;57;90;54;44;76;44;42;57;62;91;243;43;88;57;88;57;69;53;57;52;86;57;52;57;57;57;52;121;90;116;60;76;54;52;53;86;61;87;59;63;51;53;77;80;107;107;76;52;58;63;60;60;88;88;107;59;52;103;88;91;96;61;53;50;106;52;54;52;60;54;52;63;52;53;52;67;59;52;57;88;76;73;88;104;77;53;88;61;74;90;53;91;46;75;75;74;91;202;53;107;75;90;109;76;91;53;87;56;76;69;102;76;90;90;53;90;102;85;104;42;62;53;61;103;90;102;207;81;204;53;202;52;208;74;53;93;75;91;57;52;51;42;53;54;62;52;53;88;52;59)
seed_28_level_6-4,1426,19299.78080701828,12787935,5985,(91;57;56;57;53;63;57;57;63;57;58;74;88;51;77;54;93;102;57;53;54;53;77;88;74;75;52;57;62;57;53;78;42;44;91;52;103;64;105;56;94;44;46;69;76;69;91;106;60;56;54;52;52;75;54;54;52;57;76;59;57;65;93;91;85;63;106;107;88;88;106;59;106;58;76;75;57;57;62;59;75;74;49;107;104;85;54;90;58;76;74;63;58;102;58;94;91;88;107;56;81;59;103;90;69;75;75;90;58;88;91;52;90;53;51;87;87;83;86;57;90;106;204;58;104;109;55;98;88;59;58;49;96;85;170;79;42;202;63;79;82;62;114;46;75;97;53;204;58;74)
seed_28_level_6-4,1426,19798.755402326584,13248502,6135,(94;53;56;58;46;59;59;105;62;74;64;44;42;89;57;75;56;60;57;56;50;60;56;88;56;75;76;57;57;75;92;53;91;54;93;53;57;54;57;50;54;57;57;53;42;53;91;61;74;77;62;73;89;53;62;53;55;63;52;57;77;52;52;75;106;90;74;57;74;59;107;74;107;74;63;90;74;74;108;77;75;107;77;103;86;213;49;58;201;61;102;54;102;52;104;90;102;53;61;49;86;52;52;96;57;93;52;53;53;73;68;56;44;57;53;86;75;75;51;88;87;53;89;58;57;76;202;89;75;53;55;95;62;64;56;56;55;85;53;56;197;131;57;58;44;205;58;94;58;59)
seed_28_level_6-4,1426,20303.796820640564,13723595,6284,(94;54;55;42;102;57;42;72;56;64;52;88;63;92;88;63;53;57;63;93;54;57;53;59;61;57;93;59;55;88;93;54;75;83;53;56;57;53;75;69;63;63;53;53;74;59;51;55;52;57;91;57;81;87;69;53;52;54;59;89;52;96;75;107;95;53;109;57;57;51;77;82;80;53;53;201;56;55;53;53;109;75;202;202;78;96;95;55;49;54;58;64;208;75;91;135;42;70;96;57;57;57;209;44;57;74;62;74;76;75;106;59;106;91;75;78;59;77;74;69;53;107;97;75;74;76;90;116;53;102;90;58;57;74;60;57;52;75;52;77;76;52;52;75;106;53;52;104;85)
seed_28_level_6-4,1426,20805.16146826744,14237215,6436,(89;63;62;56;49;93;46;59;62;75;42;57;59;46;57;93;53;69;61;57;57;59;58;54;58;53;53;58;88;59;52;53;73;73;52;65;102;90;53;63;60;76;73;57;57;87;88;53;103;52;75;57;53;52;53;88;57;95;52;43;57;74;52;104;77;53;74;104;202;98;59;104;88;75;91;74;74;53;59;74;52;54;53;89;90;88;58;53;55;95;91;96;104;95;104;53;108;57;90;61;90;93;66;53;91;106;91;75;56;107;59;74;107;59;53;97;59;53;106;56;56;53;106;63;75;69;57;106;203;42;56;93;50;207;202;66;66;60;59;49;58;95;66;74;72;189;60;201;54;54;73;202)
seed_28_level_6-4,1426,21309.707248210907,14736972,6587,(121;57;44;42;46;44;57;58;57;74;49;56;93;66;49;59;59;57;57;53;75;53;53;109;54;93;57;65;88;90;103;53;76;50;43;57;56;52;53;51;57;49;42;88;102;56;59;62;54;53;52;86;52;52;52;55;52;64;54;42;57;52;90;56;56;106;56;58;57;107;43;53;60;88;97;53;53;106;56;78;53;107;57;63;90;75;77;93;92;104;77;51;76;53;77;54;75;90;77;78;101;91;54;76;202;107;53;112;59;53;55;75;57;80;53;91;90;90;92;53;110;86;108;104;90;91;90;57;93;59;206;65;74;206;54;52;204;94;92;196;57;93;53;92;90;55;96;53;203;94;59)
seed_28_level_6-4,1426,21810.075303792953,15180936,6737,(89;64;57;163;56;53;57;72;44;92;57;65;102;53;63;52;90;73;57;64;75;53;92;59;52;57;52;52;55;75;52;53;56;57;89;52;55;53;58;57;88;62;53;79;58;102;93;57;57;57;52;63;90;76;57;58;63;103;88;74;90;74;90;57;53;107;57;58;53;59;54;58;52;74;74;59;107;53;53;103;61;57;53;57;57;53;104;88;107;55;88;91;57;57;59;53;92;54;61;53;88;77;60;53;77;56;104;54;103;75;74;53;57;53;106;57;55;104;77;91;62;77;61;93;204;88;90;128;54;91;89;209;88;76;60;93;77;72;77;93;183;90;57;57;58;89;59;56;59;57)
seed_28_level_6-4,1426,22293.417615413666,15563456,6886,(91;52;57;53;53;73;43;80;53;52;52;56;52;52;102;58;52;54;64;53;107;74;51;55;57;77;61;54;60;58;57;63;62;57;66;57;89;44;57;60;57;56;57;56;64;57;88;93;57;57;57;90;52;53;100;63;52;53;86;58;90;57;58;107;90;75;57;52;107;63;75;106;87;58;77;74;75;76;88;74;106;53;75;52;53;75;89;92;57;108;57;52;90;90;60;73;61;92;57;58;55;57;108;54;53;90;77;51;54;53;93;54;94;55;104;53;58;57;101;106;51;74;54;74;93;55;164;59;131;49;58;56;60;96;89;103;53;94;80;58;54;63;61;89;60;53;88;60;55)
seed_28_level_6-4,1426,22777.12003350258,15961254,7035,(91;56;53;56;57;57;57;57;53;57;57;62;76;57;74;73;53;60;54;43;89;42;74;63;59;51;90;62;88;92;75;88;57;52;60;63;79;53;96;56;56;52;53;52;57;88;86;52;53;52;53;50;52;56;52;57;86;58;116;52;80;57;90;205;55;53;89;44;53;52;61;93;75;54;46;93;90;43;76;58;74;42;63;202;58;94;106;42;108;66;52;58;61;62;74;42;106;76;56;63;61;104;105;53;58;74;81;73;42;60;52;87;56;92;46;90;76;107;78;63;60;61;54;75;90;61;53;107;58;57;52;75;107;57;106;58;107;107;107;75;52;57;75;75;75;59;74;52;58)
seed_28_level_6-4,1426,23263.29301738739,16439175,7185,(89;57;64;60;64;93;58;91;61;49;57;62;57;109;58;57;76;86;57;87;76;58;69;59;62;42;57;74;53;63;71;52;74;89;60;93;93;57;90;100;57;57;52;59;58;53;52;55;53;62;97;53;52;64;61;205;93;62;57;93;204;207;202;51;90;83;55;215;202;46;52;56;58;60;95;93;59;92;71;76;104;88;106;106;53;53;61;46;63;63;99;86;52;55;53;55;90;53;50;59;52;61;61;57;42;56;64;58;106;58;42;62;52;61;98;42;52;91;93;58;104;58;63;97;78;107;57;53;90;64;76;46;57;58;106;57;107;75;57;56;63;57;57;53;107;53;57;88;61;57)
seed_28_level_6-4,1426,23768.1267952919,17007451,7336,(90;57;57;63;92;57;56;57;62;59;66;88;58;57;78;107;53;76;69;96;113;46;42;62;87;80;44;79;42;43;53;74;52;91;65;67;91;59;73;73;60;76;52;104;88;50;56;53;80;63;52;50;73;53;88;82;79;91;100;57;57;57;53;57;67;57;58;46;58;58;52;57;57;57;57;52;57;75;108;75;77;75;75;57;74;88;57;56;58;75;107;52;107;59;53;58;52;77;107;52;77;53;63;109;88;75;51;53;75;61;112;55;91;106;56;42;46;102;87;75;88;53;205;161;104;60;59;203;234;52;77;108;42;54;89;95;62;94;58;87;62;203;220;107;108;54;266;202;59;202;90)
seed_28_level_6-4,1426,24265.73606109619,17455738,7487,(100;61;77;43;57;53;59;58;57;57;63;59;53;58;59;57;57;80;88;53;62;57;58;42;80;56;57;42;42;87;57;89;76;53;96;56;55;106;56;57;60;74;94;63;74;61;57;57;46;58;60;57;57;88;88;88;92;63;73;90;75;50;53;80;75;60;57;56;51;59;59;59;53;221;55;57;75;89;76;52;88;90;75;59;57;60;88;102;62;54;53;61;53;102;55;77;91;75;56;88;53;107;57;53;59;57;57;57;59;59;107;73;88;57;58;107;79;91;74;90;108;203;111;53;92;101;94;164;52;90;90;93;55;76;158;63;119;86;94;116;63;62;60;58;53;74;102;107;53;66;64)
seed_28_level_6-4,1426,24755.149366378784,17912570,7637,(63;57;98;92;61;57;42;88;57;44;46;58;75;43;57;57;44;44;44;112;53;68;57;56;74;96;86;93;93;84;44;81;55;94;53;108;55;77;107;77;52;74;53;57;54;102;61;64;63;57;53;56;86;57;80;59;53;56;42;58;51;52;53;107;57;107;57;77;88;88;77;113;77;57;57;79;88;53;63;57;57;77;88;57;57;77;107;57;57;102;102;59;52;57;53;52;62;55;102;51;49;102;88;86;102;101;62;49;53;49;55;55;51;49;88;202;63;75;119;206;63;59;59;56;54;60;75;76;93;206;95;77;57;79;58;87;54;88;67;52;54;90;59;62;205;55;164;58;52;53)
seed_28_level_6-4,1426,25265.685524225235,18533812,7787,(102;73;52;52;53;93;57;52;53;74;53;52;76;80;51;53;52;56;86;53;52;51;51;53;52;106;102;75;102;73;74;43;73;75;76;76;87;87;102;57;61;49;75;102;104;49;105;66;86;53;73;49;92;90;200;57;57;107;107;57;63;75;88;107;107;266;107;52;75;57;107;55;88;52;107;57;57;77;57;52;53;55;90;55;91;93;44;90;42;107;95;94;93;79;55;96;99;53;90;207;80;57;107;90;80;109;53;112;58;107;79;207;58;206;53;88;58;74;107;44;53;202;57;204;57;53;55;207;58;59;75;54;53;98;202;53;58;53;44;90;93;58;86;98;56;89;117;202;89;75)
seed_28_level_6-4,1426,25767.173716783524,19086283,7938,(102;58;52;93;61;51;53;59;53;67;58;52;57;53;56;50;52;52;52;58;86;55;61;76;75;73;53;53;86;53;53;55;59;73;44;52;59;52;106;86;87;75;73;55;43;102;102;74;106;101;75;52;51;159;88;57;91;76;55;79;107;57;56;53;64;88;74;53;51;79;58;52;106;52;76;88;53;77;74;74;52;88;103;81;94;52;68;52;88;42;91;96;112;88;77;61;53;91;96;96;111;61;97;59;55;94;88;95;57;42;43;90;94;105;206;59;98;160;163;91;86;75;53;86;88;187;86;86;63;78;204;53;57;78;89;57;52;204;42;206;57;54;94;87;91;57;56;164;50;107;209)
seed_28_level_6-4,1426,26264.103859186172,19555791,8089,(73;52;78;52;52;74;53;57;90;57;73;56;52;52;60;75;52;93;52;63;53;104;77;52;88;88;52;53;53;52;89;85;75;61;44;86;53;77;52;57;102;90;55;58;73;52;88;78;52;106;104;74;60;87;88;59;88;53;58;57;53;52;67;57;60;75;93;52;61;53;106;107;105;94;75;89;88;61;87;106;90;66;57;79;56;56;52;46;42;93;87;43;43;42;61;46;42;81;58;42;43;95;93;42;56;92;42;58;89;42;52;46;162;207;54;53;207;91;203;58;67;61;60;65;91;79;58;105;51;53;96;99;51;92;88;86;98;86;66;66;65;104;205;53;77;90;93;91;56;88;65)
seed_28_level_6-4,1426,26760.56541609764,20096673,8240,(90;54;52;76;67;86;91;77;73;74;66;86;107;113;74;90;96;59;91;106;54;63;54;57;95;74;96;100;84;87;51;89;91;53;58;74;87;79;52;62;53;57;90;56;55;102;53;89;86;96;73;73;46;61;52;62;77;102;77;88;59;51;63;75;52;52;104;90;53;52;88;73;57;52;74;75;93;51;73;88;89;88;59;54;76;57;107;57;57;88;89;75;58;79;88;61;42;77;60;88;65;88;65;90;57;57;58;57;106;88;57;207;82;53;82;205;207;58;57;43;207;53;58;53;44;58;63;202;202;93;58;91;93;54;97;61;53;55;88;74;104;60;206;53;53;107;75;57;58;88;95)
seed_28_level_6-4,1426,27254.8534283638,20591336,8391,(88;53;53;55;107;160;79;53;42;53;88;99;88;59;57;92;59;53;52;88;107;53;86;57;68;88;57;88;76;90;57;77;58;63;86;63;59;71;86;86;59;85;52;53;87;57;52;52;53;52;53;63;104;53;63;51;52;88;102;104;52;56;49;51;51;42;51;52;52;53;51;51;52;62;62;52;86;52;88;56;52;52;58;61;73;91;80;63;58;42;52;66;77;91;63;54;107;96;57;107;63;57;58;57;53;59;88;107;42;155;63;57;42;109;85;58;202;204;202;103;56;53;108;56;77;58;49;53;202;57;96;93;107;49;104;53;53;111;75;75;53;57;62;53;112;118;88;206;91;91;93)
seed_28_level_6-4,1426,27751.305187940598,21098164,8541,(74;86;53;57;88;61;62;86;88;57;57;93;53;53;58;76;73;57;52;52;73;74;95;86;58;56;52;57;110;79;73;63;52;107;53;53;95;82;106;42;75;73;57;80;107;107;42;95;62;79;57;91;53;57;57;107;75;107;57;80;74;91;42;53;107;77;56;88;59;90;88;88;88;97;79;88;88;77;63;88;57;59;56;63;53;53;57;56;94;53;63;76;57;57;59;81;56;107;88;57;86;90;53;52;57;57;187;109;53;107;55;90;67;65;53;92;90;208;74;59;86;58;53;66;202;93;53;95;79;42;202;201;92;56;53;63;57;53;65;207;59;53;52;88;77;49;110;93;62;59)
seed_28_level_6-4,1426,28241.067547798157,21611994,8691,(89;52;53;90;74;74;53;88;90;56;57;57;107;53;86;52;53;73;88;52;53;93;52;56;93;53;61;52;73;96;52;75;59;74;55;79;53;88;52;53;58;87;69;75;75;67;107;76;52;97;66;76;52;79;65;57;70;58;110;91;67;44;62;111;63;57;91;53;81;68;62;107;54;107;75;57;75;107;96;75;53;91;99;65;74;79;79;91;44;75;165;202;88;42;160;64;202;201;57;56;92;59;60;53;59;76;63;53;90;61;57;57;59;61;57;57;57;53;112;64;202;89;63;96;57;55;81;106;88;73;77;202;52;57;52;53;60;102;92;90;91;52;65;159;53;93;96;80;61;52)
seed_28_level_6-4,1426,28736.727554559708,22125453,8840,(90;55;58;86;73;104;52;52;88;90;90;57;74;52;91;62;56;80;77;91;52;79;90;73;52;74;102;53;53;52;52;53;90;96;87;102;106;69;76;52;53;73;68;79;75;43;42;77;53;53;75;59;65;57;80;57;66;59;59;64;89;52;91;91;70;77;52;67;52;107;106;63;80;79;109;54;90;62;58;75;90;73;52;96;42;42;60;58;53;77;53;202;63;105;52;89;59;58;89;70;90;71;105;63;52;108;59;61;90;112;56;58;60;90;116;54;201;88;107;74;103;57;207;208;92;98;62;93;53;58;94;42;74;58;96;59;91;70;58;63;201;59;184;88;93;58;60;58;87)
seed_28_level_6-4,1426,29236.195167541504,22710438,8990,(63;55;58;74;112;62;57;57;71;57;52;52;75;75;75;67;107;68;61;52;63;92;53;44;75;82;44;104;53;53;75;63;75;56;58;44;77;266;61;80;53;90;62;90;68;81;52;56;88;74;73;73;53;53;52;73;58;74;88;86;53;52;56;58;88;44;56;91;73;53;86;52;56;53;56;86;88;53;88;86;73;56;52;53;75;86;62;90;52;58;62;201;202;54;61;166;73;232;56;56;63;201;207;53;104;88;57;53;61;52;74;75;93;63;61;207;53;201;79;82;110;77;43;91;65;51;77;65;77;53;59;93;61;77;73;102;86;91;60;110;84;59;158;59;42;110;201;52;184;50)
seed_28_level_6-4,1426,29728.81871318817,23243454,9139,(104;76;58;57;56;53;56;57;52;57;57;90;75;57;58;88;88;58;89;52;113;158;76;62;52;57;73;57;53;56;57;53;74;56;86;53;57;53;52;53;68;57;52;53;75;53;53;107;69;97;86;57;75;106;42;107;75;79;64;74;53;65;108;88;90;176;57;57;105;89;57;108;53;44;52;65;63;66;63;90;57;52;60;91;84;54;63;93;104;52;53;206;55;52;107;61;90;95;87;57;44;64;90;87;90;202;100;42;50;88;88;89;67;53;57;59;95;52;56;202;73;68;60;201;201;95;64;90;58;44;55;75;60;93;58;55;112;81;53;61;89;89;56;201;111;88;76;42;204)
seed_28_level_6-4,1426,30223.91005063057,23857087,9288,(103;87;57;57;52;88;53;57;60;52;75;52;57;56;52;75;57;88;86;52;52;57;88;62;88;90;53;90;73;53;53;63;89;95;77;86;56;58;56;53;56;53;73;76;90;58;94;54;77;63;88;58;52;107;52;63;56;77;202;57;107;74;75;57;88;43;82;58;52;73;69;88;109;91;93;52;61;54;59;112;75;77;74;53;59;53;107;61;201;75;107;201;134;112;206;90;91;51;86;97;102;103;95;61;52;203;77;92;67;161;58;53;59;104;59;85;54;95;60;100;95;90;52;44;53;88;107;204;206;54;90;89;55;93;56;199;88;95;88;204;88;51;90;107;90;202;76;88;63)
seed_28_level_6-4,1426,30735.940272331238,24542681,9438,(159;88;53;76;57;59;53;55;53;75;52;57;52;90;79;86;57;57;52;53;52;57;55;90;58;74;88;58;90;59;52;90;90;59;53;75;53;42;105;54;93;66;90;57;53;61;57;107;61;53;62;91;107;89;52;74;90;58;53;66;91;56;80;78;42;52;96;58;60;74;107;46;57;42;201;159;88;60;89;112;61;88;55;90;201;43;86;93;56;88;43;56;201;49;52;52;55;208;203;62;86;58;86;90;59;102;159;89;206;52;62;110;94;167;56;202;158;98;52;201;88;63;54;95;59;64;96;79;97;205;91;64;105;94;53;89;207;95;97;78;202;97;93;204;65;75;57;55;94;204)
seed_28_level_6-4,1426,31243.245265960693,25265493,9587,(201;68;54;53;78;44;53;46;106;63;94;53;89;53;107;57;53;57;53;78;75;77;74;234;109;76;206;62;52;44;74;87;102;52;75;102;88;56;90;53;202;53;52;90;52;55;73;56;51;64;73;89;59;53;89;53;86;52;53;52;57;53;74;57;90;53;58;208;73;201;52;96;202;60;64;63;88;51;59;61;206;200;44;107;57;62;115;203;107;62;96;104;202;53;86;46;53;88;58;66;52;95;49;207;92;59;61;59;94;58;53;108;59;204;61;164;202;58;54;206;95;66;64;88;90;61;92;42;96;96;201;52;52;112;89;52;61;90;53;206;165;94;88;52;107;87;58;56;79)
seed_28_level_6-4,1426,31750.0652217865,26053122,9736,(207;52;52;88;86;91;58;74;57;64;52;106;90;53;57;57;86;56;53;90;91;61;88;52;53;106;52;52;95;53;88;52;52;54;60;184;52;109;90;52;52;52;52;54;76;73;57;74;52;52;42;238;57;113;90;58;57;60;81;93;53;115;79;52;57;52;52;42;235;86;91;46;105;53;73;46;208;91;202;81;61;202;54;208;206;74;61;92;93;61;59;202;201;57;206;58;165;202;79;57;92;164;62;89;95;159;60;94;202;203;67;203;53;52;207;56;58;43;64;53;161;54;202;59;52;104;59;60;52;53;90;161;77;52;73;52;52;53;201;58;107;91;60;206;43;42;59;53;89)
seed_28_level_6-4,1426,32273.76740837097,26987189,9885,(89;102;116;162;90;204;53;107;52;55;42;70;73;77;53;111;77;53;89;77;74;88;64;104;52;53;235;88;202;90;86;87;93;202;53;82;52;53;87;56;159;75;90;57;52;58;58;55;92;87;55;93;55;52;207;87;99;89;92;51;52;202;54;54;90;54;43;95;204;59;42;207;61;55;75;60;58;60;93;52;75;61;53;91;59;91;60;206;63;54;209;55;73;208;201;64;158;64;92;118;201;94;206;214;159;43;89;206;206;89;61;206;201;52;52;86;166;202;59;64;166;57;266;75;202;61;61;93;59;63;93;53;76;63;53;203;90;60;63;86;86;68;53;202;53;207;57;91;107)
seed_28_level_6-4,1426,32811.59850883484,27923223,10034,(202;58;61;90;103;53;56;107;56;201;57;64;88;90;53;90;52;56;58;90;68;55;55;52;90;62;88;92;91;89;96;59;52;113;106;93;93;64;64;54;62;75;75;201;77;128;88;74;92;53;102;74;208;105;42;59;54;57;202;108;106;68;91;209;91;58;51;211;75;201;54;93;89;66;95;88;59;97;53;79;206;54;109;53;94;52;266;201;88;202;60;54;59;59;57;158;208;86;204;90;202;202;58;201;56;58;57;53;91;52;104;95;59;202;116;203;87;161;201;89;92;92;52;202;94;201;52;56;97;52;201;61;61;52;158;61;86;46;208;94;202;102;89;52;61;95;42;201;52)
seed_28_level_6-4,1426,33348.54618048668,29046757,10183,(207;53;52;55;61;53;53;88;52;58;82;86;88;52;52;93;76;93;82;58;53;107;86;73;93;59;75;57;96;164;203;103;93;89;64;76;59;91;88;58;76;202;54;200;203;204;122;61;58;91;266;53;207;59;59;203;60;42;83;63;209;42;42;77;203;71;93;75;60;61;62;93;166;201;60;54;106;91;61;77;61;63;106;89;103;204;89;75;201;95;112;90;89;206;201;90;65;89;201;201;60;88;90;88;100;52;88;206;89;201;94;203;86;201;266;205;53;159;107;86;208;91;56;201;202;201;59;202;115;53;77;202;266;88;202;59;58;58;96;86;54;75;208;53;81;266;53;66;58)
seed_28_level_6-4,1426,33886.114939928055,30163583,10332,(202;201;112;57;88;74;88;56;58;55;52;90;52;58;57;53;56;107;79;57;51;93;207;206;54;67;168;203;60;88;58;58;202;66;42;110;79;63;82;208;53;78;55;90;60;75;203;108;59;60;77;109;76;109;105;92;58;90;93;56;93;52;57;108;240;203;109;92;62;207;207;88;90;42;61;58;109;218;99;266;202;57;58;60;52;202;61;73;88;266;65;66;59;202;202;53;59;106;53;44;44;75;61;202;204;105;201;202;61;42;52;202;50;90;266;97;63;205;200;107;90;89;55;201;76;43;201;89;86;201;93;74;201;52;202;90;202;96;201;107;90;89;201;91;107;89;91;94;62)
seed_28_level_6-4,1426,34428.67711400986,31352911,10481,(207;159;90;159;63;60;57;107;104;59;90;207;59;88;55;95;63;90;53;95;57;110;90;207;56;61;203;60;204;95;201;106;209;203;59;54;204;76;42;53;59;203;160;202;91;203;204;204;202;71;77;99;63;52;118;108;82;74;92;83;93;68;55;62;105;242;59;63;115;101;59;62;162;76;61;42;59;67;95;106;266;160;266;89;55;93;86;81;57;44;201;57;57;159;62;86;202;205;53;207;57;52;61;107;59;64;46;93;73;53;63;52;76;201;201;201;201;92;55;55;94;89;57;201;58;42;91;68;206;206;42;158;207;201;52;199;206;110;207;88;52;52;89;63;89;201;206;206;107)
seed_28_level_6-4,1426,34954.98432254791,32226840,10632,(93;159;62;103;87;42;42;212;59;52;160;201;108;54;62;42;207;109;93;57;94;88;84;63;92;73;95;55;90;74;88;90;57;55;90;55;57;88;90;90;58;86;68;90;57;90;93;89;87;90;52;266;43;74;61;74;58;60;202;90;68;90;55;52;203;59;202;69;57;58;90;53;74;52;203;53;52;208;53;64;52;53;201;58;54;51;172;206;167;52;66;91;201;90;52;65;99;65;52;81;88;158;108;65;52;201;95;54;65;58;161;93;73;52;201;243;56;59;108;108;67;42;42;76;54;62;60;54;77;95;108;62;205;42;93;60;92;59;92;210;55;203;60;232;108;202;203;59;103;63;59)
seed_28_level_6-4,1426,35486.46865797043,33189651,10783,(159;75;57;88;53;56;90;57;57;90;75;55;90;58;56;58;90;57;53;54;88;88;53;107;57;53;266;90;100;93;60;88;52;88;88;59;57;53;58;60;93;75;159;118;62;90;90;60;106;202;75;90;57;204;76;74;211;57;202;90;52;94;198;131;109;52;90;89;202;88;62;75;75;187;78;204;42;42;108;69;42;54;63;164;232;55;97;42;70;61;96;209;93;202;54;74;53;210;202;59;42;90;52;53;59;59;55;90;53;91;93;111;58;54;75;75;243;74;98;202;206;42;94;53;75;207;90;106;208;112;109;86;55;55;58;204;52;201;206;201;201;44;93;52;56;207;52;206;201;73;90)
seed_28_level_6-4,1426,36025.642854213715,34384363,10933,(207;90;52;88;56;202;202;202;95;56;90;90;90;57;90;86;88;202;201;62;53;53;52;56;88;62;90;202;92;103;55;108;60;59;202;60;52;55;53;204;54;53;62;91;204;104;92;62;92;67;57;95;203;202;266;202;63;266;61;95;58;61;59;201;52;61;52;115;203;63;117;266;92;202;63;90;61;54;61;202;61;59;57;212;42;203;61;42;94;85;202;216;77;42;93;202;59;68;61;61;52;89;245;122;90;76;55;57;76;67;84;203;63;243;208;201;52;59;95;88;73;52;57;89;201;95;61;53;95;210;207;90;42;73;43;201;77;216;207;88;74;93;51;201;65;73;231;207;207;88)
seed_28_level_6-4,1426,36556.96637701988,35437967,11083,(216;42;52;42;245;42;88;214;71;42;55;42;266;42;42;77;210;42;62;42;52;59;66;266;87;63;42;184;203;52;94;56;60;90;96;108;105;56;55;202;209;56;60;57;112;75;52;206;90;57;74;63;53;90;64;42;201;207;74;107;59;53;202;202;91;56;58;88;85;88;57;74;57;91;55;57;93;90;58;53;90;52;55;88;266;202;90;103;59;73;104;88;52;202;58;93;58;59;219;221;60;201;202;74;201;266;104;59;85;58;204;58;58;201;231;52;42;202;44;202;54;52;59;88;57;52;94;107;201;106;54;93;202;81;90;93;86;52;52;90;57;63;51;66;86;93;201;201;74;61)
seed_28_level_6-4,1426,37102.318595170975,36660135,11232,(266;99;54;58;60;266;59;59;158;58;63;99;42;74;58;213;78;52;216;88;54;54;88;215;59;59;207;204;53;90;53;90;57;104;59;57;53;87;91;57;88;88;90;53;107;60;53;86;53;86;53;53;203;203;161;107;91;91;233;90;202;203;207;87;60;42;102;65;92;90;161;43;49;90;65;56;160;60;42;204;158;201;207;201;89;162;201;158;57;201;108;52;53;88;89;59;204;59;53;204;201;57;77;202;61;62;94;63;201;201;89;90;207;266;90;245;59;87;162;44;93;61;212;201;114;88;57;86;201;59;51;57;85;75;75;58;59;44;59;266;58;59;245;202;202;162;58;58;233)
seed_28_level_6-4,1426,37661.54284262657,37881573,11383,(207;90;57;59;56;90;57;62;202;75;55;57;59;107;77;202;61;100;206;88;51;61;90;59;122;89;56;266;76;44;54;79;203;90;89;51;87;109;60;89;210;87;99;103;254;65;245;88;42;88;203;88;208;93;57;188;202;59;88;52;202;54;59;58;61;60;82;202;127;61;203;54;61;42;90;42;90;52;77;54;203;233;202;59;202;266;201;245;61;59;201;57;58;90;43;57;58;57;104;57;88;61;202;160;202;159;202;81;103;232;76;90;88;59;202;202;89;65;105;42;57;53;73;78;52;202;86;93;64;202;53;107;52;89;164;201;64;204;75;53;96;201;203;63;52;52;201;202;206;209;57)
seed_28_level_6-4,1426,38200.77589559555,38962380,11534,(202;88;202;98;61;55;52;88;58;59;204;66;58;90;88;54;73;57;202;59;107;59;56;88;65;202;202;95;108;219;61;188;203;62;42;53;43;60;99;91;203;163;59;94;202;203;59;90;57;161;55;203;93;202;162;58;87;59;54;42;95;58;58;96;167;52;246;60;161;90;57;54;59;42;54;55;109;66;88;58;98;53;209;60;201;52;201;171;59;52;201;161;199;202;62;62;57;201;60;59;63;99;201;201;89;201;87;52;61;73;53;64;53;61;201;233;53;266;74;74;87;44;75;57;76;57;61;74;61;106;88;57;202;90;117;53;202;58;201;57;61;90;62;91;59;202;159;75;52;59;202)
seed_28_level_6-4,1426,38750.60320234299,40125326,11685,(245;61;55;58;200;42;55;59;59;59;202;63;63;77;207;53;64;101;53;58;68;94;42;74;91;207;55;88;58;56;59;62;93;52;55;53;93;57;90;112;61;88;64;58;95;58;53;204;59;57;59;233;52;91;53;107;57;90;202;73;202;202;86;58;59;57;201;42;104;201;53;57;202;57;201;87;202;201;115;266;202;90;201;89;73;161;52;201;52;73;61;65;58;55;52;230;94;203;52;201;89;73;75;62;201;61;73;201;201;201;201;86;73;73;202;91;201;73;89;161;57;203;52;60;90;53;107;203;56;92;204;55;54;112;61;53;54;57;88;266;89;208;160;202;60;94;88;160;202;203;159)
seed_28_level_6-4,1426,39294.36527776718,41196256,11836,(207;52;93;57;159;93;60;96;66;57;60;61;53;57;58;88;88;57;88;91;88;59;96;213;88;203;63;59;59;96;73;93;53;58;55;52;59;57;59;203;42;59;75;60;74;58;55;89;87;59;202;61;64;59;106;59;57;203;56;53;90;60;61;204;202;61;106;94;201;202;53;53;53;202;202;203;201;88;54;53;53;230;53;205;55;52;201;201;65;199;160;75;65;65;60;89;160;52;91;66;201;61;89;73;61;201;61;201;201;202;210;63;53;202;89;52;233;58;159;74;234;88;91;76;89;201;52;90;90;232;91;202;88;53;62;53;202;90;104;53;53;75;44;55;201;54;117;201;89;73;201)
seed_28_level_6-4,1426,39839.8673889637,42311999,11986,(207;90;59;62;57;60;88;58;202;57;56;57;207;57;57;75;60;204;53;58;55;96;53;55;246;58;88;54;165;163;203;54;61;89;58;54;203;55;54;42;223;211;58;53;54;60;58;203;93;60;59;203;42;44;102;202;91;88;87;60;201;61;89;89;74;57;52;201;62;86;88;89;44;160;202;74;203;42;88;89;233;52;158;89;91;73;91;91;107;233;74;75;60;59;62;202;73;75;57;53;74;107;212;77;201;201;57;231;231;57;201;90;158;201;161;52;214;86;74;57;106;52;53;89;201;57;86;75;86;53;243;42;201;207;52;232;223;73;202;42;108;165;44;52;73;52;73;75;91;52)
seed_28_level_6-4,1426,40421.73723387718,43888862,12136,(207;76;57;52;61;201;159;52;57;88;50;90;107;58;202;77;63;52;59;56;58;55;201;59;52;245;54;55;206;214;247;59;55;55;59;59;204;75;203;61;58;53;212;54;59;61;260;251;53;200;266;203;202;184;202;90;202;201;57;204;203;203;56;210;59;54;202;161;108;204;52;202;206;202;44;204;59;52;87;90;53;204;243;201;202;42;42;201;106;161;215;63;202;85;90;52;75;100;62;59;42;42;75;202;202;201;46;203;44;46;86;44;162;201;208;233;231;52;201;202;201;202;57;203;54;204;203;115;161;56;104;158;202;66;86;87;202;201;202;86;73;82;93;52;162;58;56;159;201;201)
seed_28_level_6-4,1426,40957.84148359299,45025924,12286,(202;53;53;60;57;58;58;57;90;75;88;88;53;95;205;90;59;59;52;63;85;90;57;243;66;203;42;62;42;44;42;210;90;203;87;203;55;52;95;90;89;159;202;201;58;54;86;44;44;52;206;101;81;245;266;54;214;57;60;88;52;56;247;58;60;59;60;53;88;53;117;91;59;90;226;92;103;54;59;108;53;233;210;201;73;85;90;58;52;59;52;221;99;53;234;89;53;86;61;92;59;59;89;97;202;55;94;231;73;201;202;58;57;86;52;90;159;203;202;56;90;93;203;203;89;54;201;202;207;203;53;91;202;201;57;59;78;162;57;52;64;58;202;57;104;86;104;218;42;56)
seed_28_level_6-4,1426,41508.40168786049,46251256,12436,(207;55;62;52;55;53;55;59;59;63;204;88;206;58;266;86;63;90;57;88;88;88;245;87;53;87;202;54;90;55;57;42;161;96;122;60;60;206;108;156;163;63;266;202;54;96;54;92;214;243;199;201;53;201;98;99;101;86;43;43;73;75;75;42;201;53;245;75;63;108;201;202;100;42;52;75;63;160;211;46;233;73;202;53;65;59;201;52;91;202;59;204;52;232;99;202;58;54;58;93;73;53;53;61;59;75;85;86;56;57;202;91;53;88;59;232;202;201;52;102;202;52;209;62;53;201;53;42;93;202;202;202;164;63;89;201;42;91;203;74;53;92;52;64;202;53;52;207;95;56)
seed_28_level_6-4,1426,42048.65768432617,47446811,12587,(203;55;90;202;90;53;90;106;57;58;88;57;108;57;89;59;78;55;202;88;57;202;56;57;233;201;63;202;52;60;266;62;53;59;94;57;201;58;62;61;115;202;61;61;59;75;203;233;89;201;62;234;201;85;201;210;246;218;42;59;54;59;58;88;42;88;54;266;58;59;59;93;213;54;42;266;201;42;87;214;74;91;74;59;200;100;201;73;54;159;93;55;201;86;201;90;57;201;230;104;87;63;89;201;53;63;168;42;107;108;75;86;42;77;89;52;53;218;59;58;203;58;76;102;89;104;43;95;73;107;59;160;93;55;86;77;202;73;59;201;58;52;73;58;90;56;52;52;245;266;62)
seed_28_level_6-4,1426,42574.480593919754,48446382,12737,(159;57;113;90;57;60;104;202;55;58;88;106;58;90;74;56;107;63;55;95;76;53;61;57;88;159;54;209;54;88;206;88;53;202;266;54;53;58;52;88;53;59;211;233;54;76;53;74;76;58;58;88;202;246;52;57;69;52;54;238;93;54;56;203;266;249;52;42;52;52;52;52;159;77;53;52;203;107;53;52;52;83;60;88;73;202;93;43;201;86;75;61;213;86;52;201;93;89;207;91;73;42;53;51;200;91;201;52;74;89;55;87;51;201;202;233;52;62;89;87;90;53;52;94;91;86;52;205;93;234;231;62;52;59;105;86;158;73;90;57;160;57;54;53;91;81;52;57;117;52)
seed_28_level_6-4,1426,43118.63203763962,49614666,12886,(202;50;88;52;73;106;112;57;94;101;90;55;202;88;57;57;204;90;202;90;57;58;106;90;245;53;161;42;106;202;53;87;56;53;55;266;61;54;205;43;52;88;163;91;73;89;202;42;52;266;75;52;42;57;159;202;202;202;74;74;60;112;52;99;74;234;162;77;59;203;74;55;61;73;74;82;52;53;74;102;93;81;86;161;86;107;232;53;246;63;57;91;88;266;54;202;87;58;54;54;63;59;54;117;239;202;90;65;87;92;90;59;79;212;59;204;202;109;61;53;55;86;106;201;91;242;89;42;86;160;201;203;209;201;52;106;61;62;202;222;96;89;89;201;100;89;89;101;59)
seed_28_level_6-4,1426,43676.22680735588,50929621,13035,(246;73;108;88;53;59;52;88;266;202;42;201;203;52;211;204;52;63;202;266;161;222;57;55;202;52;162;200;55;88;86;63;90;201;53;57;90;55;202;76;74;56;59;90;56;90;82;90;106;202;201;63;87;75;159;202;90;74;59;74;57;202;205;93;201;61;110;266;93;53;74;202;77;91;63;44;74;91;91;208;205;57;57;52;239;90;89;211;201;53;89;58;73;57;52;233;56;55;202;76;201;53;64;75;212;55;60;90;54;59;78;64;96;53;243;242;52;72;202;201;100;201;59;42;205;237;53;63;207;210;89;86;62;52;86;73;87;211;170;104;42;53;61;211;203;52;62;59;201)
seed_28_level_6-4,1426,44200.07099151611,51929191,13184,(77;53;53;53;52;58;75;53;53;73;50;202;107;55;90;52;53;88;52;90;74;52;50;53;94;92;89;238;54;88;42;59;58;202;60;42;74;63;42;202;201;54;53;110;171;73;53;60;54;53;75;73;127;55;266;202;93;90;90;107;202;73;88;42;52;93;57;75;59;107;234;91;107;206;102;54;94;53;59;57;62;91;74;202;239;43;106;211;65;201;201;201;60;63;218;205;42;52;46;46;206;98;61;42;65;61;95;61;60;46;65;61;65;210;52;203;78;245;89;58;169;75;52;208;52;52;204;52;64;92;171;56;202;53;54;53;53;53;86;202;54;57;202;52;266;52;202;203;52)
seed_28_level_6-4,1426,44749.423211574554,53227330,13334,(86;76;54;57;109;244;87;213;232;56;56;52;79;52;59;76;56;62;62;55;42;101;206;62;159;73;53;57;53;74;91;218;56;52;62;42;243;210;63;73;94;201;52;74;86;42;218;99;201;205;203;90;204;201;56;69;203;202;202;90;57;73;52;52;159;201;75;201;52;73;163;52;104;53;75;107;60;200;53;266;75;53;202;231;53;75;117;57;74;53;53;53;202;245;160;75;201;57;94;266;52;202;91;57;52;202;207;266;63;53;245;233;204;104;202;76;53;202;52;56;64;88;55;159;53;55;241;56;61;52;68;104;53;202;66;73;55;202;53;204;67;57;53;202;62;68;90;104;73;266)
seed_28_level_6-4,1426,45311.02802658081,54641131,13484,(231;49;59;53;67;212;86;57;63;42;54;267;241;63;73;52;91;75;89;88;75;87;54;60;58;42;82;93;86;231;90;86;233;203;204;54;52;232;202;91;55;73;159;90;58;49;74;266;52;63;204;53;88;53;54;204;266;55;62;53;53;203;62;54;55;201;60;162;159;52;244;231;202;62;91;75;64;90;160;53;90;160;266;57;106;266;53;62;233;202;57;245;266;53;266;61;73;266;106;63;53;75;210;63;57;234;75;88;106;90;244;52;205;205;202;52;159;68;90;107;90;52;201;211;42;107;112;107;55;75;95;67;73;207;52;230;212;211;63;231;73;66;106;63;82;231;160;42;52;75)
seed_28_level_6-4,1452,45807.16383910179,55414935,13634,(55;59;59;201;113;88;54;53;58;63;55;104;52;54;109;42;83;88;202;53;75;57;53;207;43;94;53;56;159;52;58;96;52;80;54;88;59;52;243;54;206;59;76;57;54;204;88;61;75;57;90;62;54;55;54;53;42;202;203;59;88;159;63;73;74;42;56;61;95;246;62;176;53;52;63;52;53;64;53;54;261;202;266;57;54;163;106;53;53;55;53;186;57;52;90;233;58;74;62;52;73;108;73;57;53;75;245;81;73;52;57;234;59;61;59;74;59;106;73;54;81;101;52;75;64;91;52;52;89;52;74;54;52;107;57;88;230;73;91;53;76;61;57;107;52;52;73;74;90;73)
seed_28_level_6-4,1452,46341.52395248413,56409872,13785,(244;86;266;61;43;52;54;79;75;43;59;210;53;110;52;79;89;58;102;58;58;54;76;105;42;209;91;86;90;90;58;169;62;95;53;64;59;53;104;58;87;201;42;212;42;86;73;52;231;77;202;107;57;107;215;75;91;90;61;57;202;77;160;89;57;120;62;62;53;62;81;266;159;209;73;62;107;266;57;62;73;53;84;53;207;43;87;60;202;83;93;57;53;61;106;202;62;62;53;54;53;63;184;54;87;52;53;63;52;204;159;56;77;204;163;63;52;56;57;164;232;73;202;204;262;56;52;59;55;52;53;203;53;88;90;62;58;53;53;53;62;57;203;52;184;52;59;90;53;59;202)
seed_28_level_6-4,1452,46873.62278223038,57543754,13934,(211;62;93;59;59;42;90;250;80;75;59;210;212;59;244;52;42;42;59;75;55;90;53;62;42;74;54;42;86;89;90;238;202;105;42;201;62;92;201;52;201;213;52;90;59;90;57;53;59;53;74;55;54;201;54;53;53;266;54;58;68;58;54;104;55;52;54;201;55;42;56;76;56;47;204;159;203;56;42;204;63;102;225;76;54;54;61;63;87;161;59;52;88;58;76;75;231;58;107;118;91;88;74;202;158;42;89;116;60;91;42;203;107;202;53;87;93;160;234;51;245;159;234;53;221;53;137;93;233;202;107;75;74;202;108;89;85;90;93;57;73;245;230;221;60;53;102;202;52)
seed_28_level_6-4,1587,47411.14767384529,58653597,14084,(77;53;53;203;60;53;53;57;202;52;52;73;204;86;53;88;56;204;54;52;93;204;52;104;65;91;54;203;59;112;53;57;202;53;199;204;56;57;53;202;53;43;59;62;202;104;90;88;74;59;42;42;54;54;94;113;62;106;56;62;42;62;57;266;103;88;89;52;52;92;120;92;201;42;52;220;88;52;240;210;201;43;90;52;202;42;52;53;59;52;62;101;93;235;202;234;202;268;202;42;90;234;53;91;202;87;232;75;264;90;59;78;74;44;96;245;88;164;77;202;57;57;61;92;53;160;57;75;86;53;90;264;91;59;52;208;51;99;88;60;91;52;107;92;88;52;57;234;75;90)
seed_28_level_6-4,1587,47952.91146397591,59844986,14234,(238;42;88;101;57;159;52;201;57;60;62;264;86;53;52;75;56;63;89;161;52;58;86;52;59;89;208;86;213;59;89;55;212;202;262;57;89;106;60;210;58;59;87;57;201;202;53;103;53;201;53;202;110;53;202;57;202;234;54;89;107;203;53;202;74;202;202;202;63;228;264;53;202;61;202;160;60;103;104;238;52;202;98;87;53;56;57;99;103;53;53;232;77;95;89;57;116;57;61;75;75;53;54;53;91;75;74;88;240;61;53;86;57;53;65;107;53;53;53;116;233;98;86;92;75;107;53;106;93;57;245;53;53;245;103;52;106;53;115;53;53;85;57;107;233;235;202;54;73;74)
seed_28_level_6-4,1587,48508.95595240593,61373039,14384,(207;203;202;44;44;91;211;92;65;42;202;55;107;61;88;54;243;204;42;202;233;202;264;93;232;211;264;104;60;53;91;52;61;165;207;42;213;86;46;57;236;161;60;57;264;87;202;161;211;249;245;240;90;53;204;89;59;42;203;212;52;102;59;240;43;264;201;264;213;106;55;202;55;62;42;210;59;56;159;53;63;201;201;65;52;53;89;58;57;87;53;57;69;52;56;86;68;59;162;76;91;52;264;208;202;203;88;92;54;91;264;60;264;59;96;55;52;60;234;202;52;161;264;202;53;103;207;53;244;203;56;50;54;60;57;57;53;107;55;104;57;53;56;42;57;53;53;60;201;160)
seed_28_level_6-4,1587,49031.25993204117,62367589,14534,(91;59;57;86;61;57;53;53;90;63;95;53;52;101;53;207;89;239;90;215;52;160;202;87;233;204;87;88;54;216;54;106;96;64;52;53;91;100;54;59;184;57;211;202;42;72;201;57;247;64;52;49;52;66;202;57;95;54;57;58;54;234;87;52;89;58;91;52;93;55;221;90;201;88;57;57;89;98;42;61;202;246;88;62;60;91;61;42;59;53;59;57;42;58;264;158;56;247;42;61;54;42;53;44;53;101;202;90;63;54;218;234;53;44;44;53;86;61;77;59;159;60;239;54;44;61;42;53;53;88;202;202;61;112;42;55;61;202;43;62;63;63;57;202;80;42;235;88;98;61)
seed_28_level_6-4,1587,49554.03641176224,63457052,14684,(235;86;55;264;203;264;161;90;212;87;74;87;55;235;203;83;53;42;88;65;87;57;42;42;54;264;91;55;91;92;203;210;252;61;53;206;76;75;55;53;59;107;91;52;57;51;235;74;102;46;42;90;57;87;106;63;236;54;53;53;87;93;42;46;61;107;91;80;202;196;107;245;91;203;58;162;52;100;205;53;58;56;59;60;52;63;53;52;80;54;57;53;76;43;201;88;92;75;66;43;63;107;59;55;53;245;58;54;57;55;52;88;53;53;232;42;99;236;53;234;241;61;52;57;107;161;203;44;60;53;100;264;90;93;204;54;52;53;56;61;93;53;204;54;132;106;61;54;204;53)
seed_28_level_6-4,1860,50096.127326250076,64638627,14834,(234;53;57;42;86;202;53;91;161;55;53;58;109;52;200;91;89;91;89;88;77;231;52;264;88;161;104;161;59;88;59;93;93;53;55;57;91;64;52;61;57;202;90;58;91;53;204;90;59;64;79;88;64;54;91;245;57;55;55;57;55;202;109;161;54;203;86;90;53;52;54;75;235;88;46;66;61;234;63;53;65;98;44;53;61;170;207;440;82;53;53;222;44;107;89;75;53;53;111;160;203;233;158;58;200;61;53;52;63;54;286;42;46;89;56;44;65;205;110;67;42;57;91;64;44;213;160;207;236;91;64;53;88;66;95;252;94;53;42;56;46;44;53;75;252;202;259;203;121;208)
seed_28_level_6-4,1860,50626.31695270538,65771814,14984,(234;164;55;202;91;75;53;233;208;44;95;55;226;93;77;101;58;159;220;254;109;59;82;203;205;57;55;55;44;75;59;204;186;56;90;57;93;52;202;53;91;95;54;94;88;203;202;55;56;95;202;88;57;74;52;201;231;55;74;44;202;57;56;105;53;51;202;53;202;53;55;200;82;233;42;57;74;237;76;63;60;60;53;64;90;66;53;68;74;102;63;91;69;205;106;272;86;86;159;60;95;53;86;65;102;240;42;63;74;91;61;59;53;272;91;202;53;61;74;90;245;88;91;44;59;53;76;53;44;44;75;58;66;62;57;202;272;69;91;42;160;65;77;63;44;211;245;102;53;44)
