seed_7_level_4-2,660,495.87769865989685,400654,150,(100;62;100;51;41;57;100;100;100;41;100;40;51;51;49;40;44;43;69;57;41;100;41;51;100;100;100;45;100;41;44;41;100;51;100;100;44;100;100;43;51;59;59;100;100;100;43;100;100;100;44;41;66;45;55;40;43;42;100;100;111;55;100;59;46;100;100;41;49;100;63;100;43;42;62;100;44;40;46;49;100;100;61;44;117;51;51;44;54;44;40;40;48;57;100;47;100;51;44;100;48;41;100;51;41;100;55;100;51;100;41;46;44;39;100;65;48;41;52;100;41;100;100;41;100;52;51;44;41;100;41;41;51;43;150;100;71;48;100;100;48;44;100;100;100;100;46;150;42;51)
seed_7_level_4-2,660,994.8679006099701,807294,302,(100;100;100;100;100;100;100;100;100;100;100;100;100;100;100;100;100;100;100;100;100;100;100;100;100;100;100;100;100;100;100;100;100;100;100;100;100;61;100;100;100;100;100;78;100;100;100;100;100;100;100;100;55;46;43;41;55;44;48;44;51;41;41;51;44;41;51;41;41;51;51;64;46;46;41;42;41;44;51;51;51;41;51;51;41;41;41;41;47;41;47;45;46;40;42;39;50;51;44;56;44;100;41;46;40;40;43;54;44;42;40;55;49;42;40;40;41;44;46;44;71;48;47;48;44;44;59;43;100;62;51;58;41;61;54;51;51;71;54;55;60;57;69;62;150;62;65;150;114;51;111;41)
seed_7_level_4-2,660,1482.6271948814392,1205213,454,(100;100;100;100;100;100;100;100;100;100;100;100;100;100;100;100;100;100;100;100;100;100;100;100;100;100;100;100;100;100;100;100;100;100;100;100;100;100;100;100;100;70;51;66;100;52;100;100;100;100;100;100;55;46;46;43;48;44;48;44;49;51;41;41;51;44;41;51;41;41;51;44;44;41;41;42;44;44;51;51;51;41;51;51;41;41;41;41;41;41;43;54;41;64;45;45;40;42;39;47;100;52;44;52;46;40;40;43;44;40;55;49;51;40;40;41;48;44;44;48;48;45;48;59;56;50;44;44;100;57;49;51;61;54;51;51;71;54;60;58;55;51;69;150;62;62;62;111;45;116;52;150)
seed_7_level_4-2,661,1975.1048030853271,1608073,606,(100;100;100;100;100;100;100;100;100;100;100;100;100;100;100;100;100;100;100;100;100;100;100;100;100;100;100;100;100;100;100;100;100;100;100;100;100;100;100;61;100;100;100;100;100;100;100;100;100;100;55;46;43;43;48;44;48;44;47;45;51;45;41;51;44;44;51;41;41;51;44;41;41;42;48;51;51;42;41;51;51;47;48;41;41;41;41;54;41;47;44;48;100;55;45;40;42;39;58;51;43;44;46;44;40;40;43;44;40;55;49;42;40;40;41;48;44;42;48;44;44;48;48;49;100;59;46;43;50;100;51;61;54;51;51;71;54;60;51;59;55;62;69;150;62;62;65;111;42;114;52;150)
seed_7_level_4-2,661,2462.108077287674,2019810,758,(100;100;100;100;100;100;100;100;100;100;100;100;100;100;100;100;100;100;100;100;100;100;100;100;100;100;100;100;100;100;100;100;100;100;100;100;100;100;100;100;100;100;66;100;52;100;100;100;100;100;100;100;55;46;43;43;48;44;48;44;47;51;51;41;41;51;44;41;51;41;41;51;44;41;41;42;44;51;51;41;51;45;41;44;41;41;54;63;44;64;51;45;40;42;39;41;100;44;52;52;43;44;43;41;56;44;41;57;40;43;44;40;55;44;40;40;40;43;45;44;51;48;44;44;48;48;49;59;43;50;62;51;61;54;51;51;71;54;60;57;58;55;69;150;62;62;60;111;50;117;150;150)
seed_7_level_4-2,661,2954.0190217494965,2416865,910,(100;100;100;100;100;100;100;100;100;100;100;100;100;100;100;100;100;100;100;100;100;100;100;100;100;100;100;100;100;100;100;100;100;100;100;100;100;61;100;100;100;100;100;80;100;100;100;100;100;100;100;55;46;43;41;48;44;48;100;44;47;51;51;41;41;51;44;41;51;41;41;51;49;41;41;42;47;51;51;41;45;51;41;41;41;41;41;43;41;52;41;45;59;45;40;42;39;44;52;43;44;40;43;44;40;55;42;40;40;46;49;41;45;41;44;48;44;45;48;48;49;48;59;49;46;50;41;66;62;41;51;61;51;51;51;71;54;60;54;40;55;51;69;150;65;62;62;117;59;111;41;150)
seed_7_level_4-2,661,3452.2678236961365,2829093,1062,(100;100;100;100;100;100;100;100;100;100;100;100;100;100;100;100;100;100;100;100;100;100;100;100;100;100;100;100;100;100;100;100;100;100;100;100;100;100;100;100;100;100;100;100;100;100;100;100;100;100;55;46;43;41;48;44;48;100;44;47;51;51;41;41;51;44;48;51;41;41;51;41;41;42;51;51;43;51;51;41;41;41;41;41;52;41;51;64;41;44;44;63;44;46;45;40;42;39;61;44;44;52;43;44;46;54;40;43;44;100;55;42;40;41;49;41;57;46;44;48;44;48;48;49;59;43;50;41;46;66;62;54;51;61;51;51;71;54;60;57;59;55;63;150;62;62;65;111;41;117;122;150)
seed_7_level_4-2,661,3947.22035074234,3235558,1214,(100;100;100;100;100;100;100;100;100;100;100;100;100;100;100;100;100;100;100;100;100;100;100;100;100;100;100;100;100;100;100;100;100;100;100;100;100;100;100;100;100;100;100;100;100;100;100;100;100;100;100;55;46;45;41;48;44;48;44;43;49;51;41;41;51;44;51;41;48;51;41;41;42;51;51;51;51;41;41;41;41;41;52;41;51;41;44;51;46;41;41;64;45;40;42;41;46;100;44;52;43;44;46;56;41;40;43;44;55;40;41;49;44;40;44;44;48;44;46;48;49;48;40;59;43;46;44;66;52;41;54;51;61;51;51;67;54;60;58;40;55;57;69;150;57;62;60;111;40;150;123;100)
seed_7_level_4-2,661,4439.416523933411,3636126,1366,(100;100;100;100;100;100;100;100;100;100;100;100;100;100;100;100;100;100;100;100;100;100;100;100;100;100;100;48;100;100;100;100;100;100;100;100;100;100;100;100;100;100;100;100;100;100;100;100;100;100;100;100;55;46;43;41;48;46;48;46;50;51;41;41;51;44;45;41;51;47;41;42;51;45;51;51;41;41;41;41;41;47;41;44;41;44;51;44;41;41;48;44;41;55;45;40;42;39;45;49;44;51;43;44;46;40;41;41;43;41;54;40;43;44;55;42;49;40;40;40;44;43;48;44;48;49;59;46;43;100;54;51;61;51;51;54;60;71;58;62;55;57;69;100;71;150;57;65;62;111;59;150)
seed_7_level_4-2,661,4930.009179353714,4036358,1517,(100;100;100;100;100;100;100;100;100;100;100;100;100;100;100;100;100;100;100;100;100;100;100;100;100;100;100;100;100;100;100;100;100;100;100;100;100;100;100;100;100;100;100;100;100;100;100;100;100;100;100;100;55;46;43;41;48;48;44;44;100;43;41;41;51;44;41;51;41;42;54;51;47;51;41;45;41;41;41;41;41;45;42;44;41;41;63;52;41;41;45;40;42;39;51;47;51;45;51;43;44;46;46;41;40;41;43;40;43;44;55;42;49;40;40;57;45;44;44;48;44;48;44;44;49;44;59;50;43;71;44;62;54;51;61;51;51;54;60;71;58;55;57;69;150;62;62;65;150;111;53)
seed_7_level_4-2,661,5412.679080486298,4419158,1668,(100;100;100;100;100;100;100;100;100;100;100;100;100;100;100;100;100;100;100;100;100;100;100;100;100;100;100;100;100;100;100;100;100;100;100;100;100;100;100;100;100;100;100;66;100;100;51;100;100;100;100;100;100;55;43;43;43;48;48;44;48;49;41;41;51;44;47;51;41;42;51;51;41;41;41;41;41;41;46;41;41;55;41;51;41;51;44;51;45;40;42;39;41;47;44;52;43;44;46;56;41;51;41;40;41;47;40;43;44;55;43;49;40;40;45;44;45;45;44;48;44;48;49;44;59;50;43;51;62;41;54;54;61;51;51;54;53;71;59;57;55;51;62;42;57;62;71;65;111;51;150)
seed_7_level_4-2,661,5897.038298845291,4806896,1819,(100;100;100;100;100;100;100;100;100;100;100;100;100;100;100;100;100;100;100;100;100;100;100;100;100;100;100;100;100;100;100;100;100;100;100;100;100;100;100;61;100;100;100;100;100;100;100;100;100;100;100;55;43;43;41;48;48;46;44;47;41;45;51;44;51;41;42;51;51;41;41;41;41;41;41;44;41;41;64;41;51;41;51;44;47;41;51;44;51;48;45;40;42;39;40;49;52;42;52;47;44;45;48;41;54;56;41;40;43;44;55;49;40;40;46;44;44;48;44;48;49;44;57;46;50;43;100;44;150;100;62;54;61;51;51;57;60;71;58;57;51;40;55;62;62;71;65;69;111;40;42)
seed_7_level_4-2,661,6386.671042919159,5203302,1970,(100;100;100;100;100;100;100;100;100;100;100;100;100;100;100;100;100;100;100;100;100;100;100;100;100;100;100;100;100;100;100;100;100;100;100;100;100;100;100;100;100;100;66;100;100;100;100;100;100;100;100;100;55;46;43;43;55;48;44;49;47;41;51;46;51;41;42;42;51;41;41;41;41;41;41;50;41;42;45;51;41;51;44;41;43;51;47;41;46;55;45;40;42;39;49;61;41;49;51;43;42;63;44;51;63;40;44;46;41;40;43;44;55;49;40;40;44;44;48;44;44;48;44;42;49;48;59;50;43;150;40;55;54;61;51;51;60;71;57;58;76;54;51;69;150;57;62;71;65;111;44)
seed_7_level_4-2,661,6879.346796512604,5588454,2121,(100;100;100;100;100;100;100;100;100;100;100;100;100;100;100;100;100;100;100;100;100;100;100;100;100;100;100;100;100;100;100;100;100;100;100;100;100;100;100;100;100;100;100;100;100;100;100;100;100;100;100;55;46;43;48;45;48;44;46;44;47;41;51;44;51;41;46;51;41;41;41;41;41;41;41;41;51;41;51;44;41;51;41;55;45;41;51;48;43;41;51;45;40;42;39;48;52;61;49;51;43;44;44;44;46;40;54;42;41;40;42;44;55;49;40;43;40;51;48;48;44;48;44;49;46;59;50;43;66;62;41;54;61;51;51;60;71;54;51;59;51;69;55;63;57;62;71;65;111;51;150)
seed_7_level_4-2,661,7365.2759120464325,5990009,2272,(100;100;100;100;100;100;100;100;100;100;100;100;100;100;100;100;100;100;100;100;100;100;100;100;100;100;100;100;100;100;100;100;100;100;100;100;100;100;100;100;100;100;100;100;100;100;100;100;100;100;100;55;43;150;45;41;48;48;44;44;47;46;48;51;44;51;41;51;41;41;64;41;41;45;41;41;45;42;51;44;41;51;46;55;41;51;44;41;51;47;54;51;41;51;45;40;42;39;42;100;49;52;43;44;44;44;46;43;40;56;40;42;41;40;44;55;49;40;40;44;46;48;48;44;48;44;49;59;50;43;100;62;54;61;51;51;60;71;54;51;58;51;55;69;60;62;70;65;111;44;150)
seed_7_level_4-2,661,7854.136471748352,6397726,2423,(100;100;100;100;100;100;100;100;100;100;100;100;100;100;100;100;100;100;100;100;100;100;100;100;100;100;100;100;100;100;100;100;100;100;100;100;100;100;100;100;100;100;100;68;100;100;100;100;100;100;100;100;100;54;46;43;48;48;44;43;44;47;44;41;51;44;51;41;51;41;41;41;41;41;41;51;44;41;51;41;55;41;51;41;51;41;51;41;51;42;45;40;42;39;46;47;51;41;52;49;52;43;41;44;42;46;43;40;150;42;46;40;44;55;49;40;40;44;48;48;44;48;43;49;48;59;46;50;43;62;54;61;51;56;60;71;54;51;51;53;55;44;69;150;62;62;70;65;111;51;150)
seed_7_level_4-2,661,8299.525747060776,6685280,2563,(100;100;100;100;100;100;100;100;100;100;100;100;100;61;100;100;100;100;100;100;100;100;45;100;65;100;61;100;57;100;44;43;38;43;42;44;44;44;100;41;41;41;41;41;47;41;46;51;48;44;54;41;41;51;51;41;41;64;100;41;44;51;51;41;100;51;51;44;44;51;48;42;42;46;100;51;63;41;41;52;41;44;40;62;100;41;41;44;42;40;45;41;46;49;52;40;41;40;45;44;43;49;51;41;41;59;50;50;62;67;41;62;51;71;100;54;41;51;56;59;40;55;39;55;54;69;58;57;57;62;43;71;61;111;41;39;64;40;58;42)
seed_7_level_4-2,661,8828.299094200134,7029328,2728,(100;100;100;100;100;100;100;100;100;100;100;100;100;100;100;100;100;100;45;56;41;71;50;100;100;45;43;45;46;100;46;42;100;41;41;41;41;41;41;41;41;47;46;44;46;62;41;47;51;51;51;54;41;46;41;41;41;41;51;51;100;45;51;52;42;42;100;41;40;41;41;44;41;41;42;100;49;41;45;48;51;45;44;54;41;49;51;52;40;100;46;48;100;100;40;66;100;41;41;45;40;45;60;44;72;48;44;44;100;57;48;41;61;48;100;50;40;54;38;54;150;65;64;100;100;40;115;62;51;59;51;41;54;58;45;44;54;59;41;62;50;48;51;41;48;55;47;44;57;100;66;63;42;63;71;57;61;69;65;51;111;51;41;41;41)
seed_7_level_4-2,662,9308.256762266159,7377407,2880,(100;100;100;100;100;100;100;100;100;100;100;100;100;100;48;64;46;100;42;42;49;100;44;100;42;44;51;47;40;61;42;41;66;48;61;48;66;45;46;41;41;41;41;41;41;59;51;51;41;66;43;45;49;48;40;41;47;100;46;100;47;45;51;50;46;100;57;51;100;48;54;44;44;42;54;100;69;100;55;46;44;55;51;51;45;44;51;100;150;41;55;44;44;49;54;42;100;45;59;44;51;47;62;100;46;46;72;40;51;44;69;68;100;44;54;58;54;62;60;40;62;40;60;41;100;100;71;100;70;40;68;68;59;100;41;51;61;53;48;100;63;69;45;54;115;47;46;74;150;51;137;65)
seed_7_level_4-2,662,9793.423386096954,7735263,3031,(100;100;100;100;100;100;100;100;100;100;100;100;100;100;56;47;46;46;44;44;71;54;47;60;62;64;66;60;40;62;69;100;52;59;54;91;51;42;48;49;53;60;42;42;42;42;40;41;41;42;44;51;52;42;44;42;45;47;42;51;40;54;47;45;132;100;49;46;48;64;41;47;51;49;45;72;51;48;54;100;100;55;114;57;52;52;100;51;100;45;65;51;62;59;41;51;61;48;44;65;48;47;61;100;44;60;67;42;150;45;41;66;100;100;59;150;41;66;51;48;66;150;41;64;49;100;62;59;41;42;59;71;62;75;61;54;63;53;150;42;60;42;100;44;51;44;137;45;44;68;71)
seed_7_level_4-2,973,10259.107493400574,8100204,3175,(100;100;100;100;100;100;100;100;100;100;100;100;54;44;66;64;51;100;64;44;44;51;45;51;61;48;42;42;46;100;43;41;47;47;40;57;44;44;47;100;46;49;42;55;51;100;46;52;52;74;50;40;44;100;46;100;69;100;44;44;61;48;51;52;72;72;60;52;100;51;59;40;51;58;66;43;100;47;65;42;45;41;71;41;56;48;71;41;71;54;59;62;150;63;57;41;59;51;41;54;40;39;64;50;62;58;100;208;60;59;40;66;150;62;44;64;62;67;51;66;59;100;100;58;63;53;119;65;150;45;57;44;150;42;68;44;127;64;46;49;114;55;54;54)
seed_7_level_4-2,973,10761.388571739197,8534499,3330,(100;100;100;100;100;100;100;100;100;100;100;100;47;44;51;44;100;42;62;100;45;51;52;57;60;100;100;66;42;39;42;44;42;43;47;59;44;42;65;46;100;46;47;57;51;44;43;51;44;54;44;42;40;51;46;52;100;51;41;43;71;41;48;61;70;40;57;48;60;61;49;50;54;44;150;65;40;66;62;48;100;69;73;39;71;66;70;72;57;200;52;100;60;72;48;52;59;41;43;64;65;43;150;100;58;41;42;150;52;48;100;50;66;51;100;69;52;60;57;59;100;62;150;51;150;62;48;64;100;100;150;45;66;46;42;132;42;100;51;47;112;54;44;43;43;45;49;43;41;55;150;135;59;47;200)
seed_7_level_4-2,973,11270.5806787014,8959089,3488,(100;100;100;100;100;100;100;100;100;100;64;42;47;47;44;42;46;60;60;100;60;69;44;43;46;74;58;52;47;42;44;44;44;44;47;100;59;100;42;48;44;48;51;47;66;83;56;59;51;45;39;42;71;41;48;52;61;59;72;49;72;42;53;45;59;44;41;41;150;55;61;52;150;59;62;51;59;150;45;150;65;150;41;56;59;51;41;54;63;40;52;44;128;44;49;54;66;41;58;51;51;42;41;54;60;100;150;44;58;40;45;57;70;100;67;51;150;51;51;100;66;66;66;100;65;100;52;51;64;48;64;43;114;42;48;65;150;42;100;100;66;70;63;44;150;127;42;55;200;100;100;51;45;46;51;58;50;56)
seed_7_level_4-2,973,11756.738133430481,9362499,3638,(100;100;100;100;100;100;100;100;100;100;47;62;41;100;69;49;100;150;62;100;46;43;42;47;43;51;76;60;55;46;41;46;44;55;41;100;61;100;51;44;61;42;51;43;57;44;41;41;42;51;100;51;100;150;60;52;51;57;51;64;72;52;45;57;100;51;150;69;75;54;45;62;72;41;51;60;53;65;66;66;58;62;44;48;64;43;41;150;45;48;66;53;66;62;100;46;58;100;47;59;100;46;66;46;61;53;51;63;150;51;61;66;150;40;43;46;43;150;54;49;58;54;69;51;41;132;47;51;100;100;150;41;59;69;65;150;48;41;150;44;114;44;44;51;42;68;51;62;54;41)
seed_7_level_4-2,973,12254.460738182068,9770164,3791,(100;100;100;100;100;100;100;100;51;48;51;43;61;57;63;69;66;46;41;65;100;47;66;59;41;60;52;47;100;61;41;44;100;41;49;45;100;43;100;60;59;47;58;55;44;41;42;72;40;41;47;61;51;47;47;57;63;100;51;58;74;41;48;66;100;41;58;70;60;42;56;69;41;60;54;132;45;100;51;72;73;67;43;64;62;70;40;64;43;43;44;150;53;42;68;150;43;100;60;150;45;48;41;62;59;51;53;150;54;150;52;150;51;44;47;64;59;41;51;114;61;44;41;66;66;51;66;150;40;51;46;42;100;48;62;65;49;43;100;150;54;44;150;150;63;114;42;41;43;150;44;62;44)
seed_7_level_4-2,973,12742.567063570023,10202912,3941,(100;100;100;100;100;100;100;100;47;44;51;42;65;44;43;46;43;100;65;150;62;61;100;45;46;150;51;63;44;100;55;41;48;61;100;56;72;45;51;62;40;48;64;43;62;51;47;41;70;47;100;51;44;43;150;69;50;72;51;100;58;57;150;58;100;57;128;100;48;69;48;150;150;44;51;150;42;48;150;64;48;59;52;41;60;59;100;64;42;100;66;66;51;70;44;43;62;51;64;49;57;41;51;63;61;51;41;150;46;100;114;55;62;40;41;68;51;69;100;50;150;54;66;100;61;66;69;58;63;57;114;45;55;51;51;150;41;62;40;42;114;62;60;42;150;46;68;66;41;100)
seed_7_level_4-2,973,13217.965042829514,10638020,4090,(100;100;100;100;100;100;44;43;58;39;62;65;63;200;81;48;70;100;70;100;61;61;47;42;61;53;100;56;64;51;47;100;55;100;43;100;51;67;45;48;57;53;52;65;51;57;54;45;66;61;51;66;72;51;40;47;59;41;63;68;69;100;62;100;66;40;66;48;150;44;41;53;63;62;44;54;44;150;51;66;100;61;51;60;46;40;51;64;100;41;44;150;48;46;47;150;41;40;57;62;100;48;51;150;66;54;51;66;59;62;45;114;44;44;41;132;51;100;64;150;51;48;51;62;59;59;100;150;48;73;150;65;42;66;150;42;47;79;51;150;100;47;150;114;44;48;75;59;66)
seed_7_level_4-2,973,13706.153445243835,11064284,4239,(100;100;100;100;100;55;56;57;70;52;100;150;46;68;62;62;44;47;41;41;64;41;41;48;100;41;61;50;43;69;47;100;64;53;48;72;47;48;79;63;48;51;56;57;57;53;100;65;41;41;62;100;100;58;51;46;150;51;100;62;62;59;66;99;65;150;51;100;59;42;44;150;58;44;63;41;67;50;66;57;66;72;44;46;150;51;55;57;51;150;47;53;52;46;150;42;100;54;100;64;100;52;51;44;150;100;54;49;43;66;66;51;59;63;45;44;53;132;133;53;67;87;114;48;50;41;41;150;44;64;100;62;114;40;44;66;44;150;47;56;62;46;62;40;60;200;68;60;54)
seed_7_level_4-2,973,14219.351175069809,11545632,4394,(100;100;100;100;100;66;48;57;52;43;42;67;48;69;44;53;100;47;100;150;74;40;51;150;150;100;51;61;51;51;44;72;52;40;48;66;66;62;49;72;48;66;51;58;57;43;150;150;43;59;55;150;59;54;52;64;62;111;48;62;42;67;51;59;41;150;41;54;64;54;59;150;100;65;45;63;57;62;62;64;51;63;48;67;49;50;45;63;67;47;44;51;150;41;62;51;150;62;63;65;57;50;100;150;150;50;100;40;114;58;43;100;62;65;57;100;150;51;100;54;62;65;46;51;114;70;70;47;150;58;42;69;66;150;57;150;59;66;57;50;59;40;41;41;200;48;58;44;48;128;68;52;51;100;63)
seed_7_level_4-2,973,14738.25307059288,12067047,4549,(100;100;100;100;100;53;47;150;41;42;43;45;50;61;44;46;72;51;48;150;51;62;70;46;100;59;42;49;63;100;100;59;40;62;59;59;41;66;51;66;63;52;45;42;200;46;47;51;150;41;51;150;41;54;61;100;150;62;58;64;69;55;53;60;49;75;132;59;45;59;41;59;48;48;150;150;100;62;48;100;114;150;49;53;51;62;45;59;55;44;150;61;44;150;44;150;54;44;43;51;150;52;51;41;60;62;60;100;100;100;59;68;53;66;57;66;51;47;51;40;150;150;56;100;150;150;44;42;39;51;150;150;80;39;62;150;150;45;57;49;114;65;48;46;51;111;66;51;50;62;150;39;41;62;100)
seed_7_level_4-2,973,15228.501140117645,12511355,4699,(100;100;66;100;62;66;84;44;59;40;70;52;53;63;47;41;43;46;42;114;136;44;51;46;41;100;81;47;51;46;150;44;54;42;66;41;40;44;63;52;46;150;44;100;47;59;41;59;41;59;41;42;57;150;79;44;40;150;55;100;41;150;41;56;50;200;44;40;150;51;51;59;69;51;49;41;59;42;59;41;63;100;51;41;150;55;61;40;63;45;40;52;59;57;41;48;66;51;100;48;62;57;60;54;150;59;49;61;114;63;58;45;150;46;51;42;150;60;150;69;62;150;150;59;59;66;66;56;150;51;63;57;114;48;41;150;132;40;40;51;111;51;48;48;150;42;41;48;48;44)
seed_7_level_4-2,973,15726.011884450912,13013821,4850,(100;51;42;40;66;100;100;150;100;45;63;46;44;47;41;100;43;50;100;61;66;100;63;86;100;150;45;40;66;57;53;81;51;44;150;47;150;58;46;150;49;100;63;45;44;62;59;41;51;69;41;44;150;70;43;150;44;45;67;58;49;59;39;62;62;41;43;59;52;39;59;41;41;150;52;100;200;60;40;69;62;57;57;150;41;45;150;77;73;53;62;150;43;44;54;43;150;41;68;41;100;126;45;100;150;42;111;41;60;59;64;150;40;58;46;59;59;41;40;66;41;59;57;61;55;51;150;63;150;150;150;114;51;63;63;62;114;72;44;43;51;150;48;150;64;65;136;51;59;46;66)
seed_7_level_4-2,973,16232.69924902916,13506183,5003,(100;67;64;43;45;47;100;150;44;79;51;51;41;46;61;66;51;61;65;150;64;52;67;70;65;100;100;59;59;44;42;59;41;46;44;72;51;51;46;59;41;44;40;69;57;59;51;63;100;48;47;63;62;68;62;51;61;41;150;51;56;54;150;48;67;48;64;49;57;58;59;100;50;100;52;46;57;53;150;56;62;150;150;46;46;66;150;51;40;51;62;58;45;45;59;150;40;51;150;40;48;41;150;46;53;54;114;40;48;63;60;44;59;41;150;46;150;150;150;66;55;62;200;40;61;44;41;132;42;150;51;131;58;127;51;54;64;54;65;118;51;58;49;114;115;65;70;150;150;100;53;100;100)
seed_7_level_4-2,973,16707.99797153473,13963840,5145,(100;47;70;50;48;59;150;50;150;100;60;61;43;46;46;63;42;49;72;48;48;61;48;53;59;44;41;62;43;52;150;150;41;150;62;52;54;150;51;62;47;60;150;48;52;62;51;63;66;66;100;150;44;54;69;100;42;60;40;54;200;48;51;51;66;51;65;150;54;51;150;64;51;150;100;56;150;64;64;150;69;49;150;46;59;48;60;79;57;67;62;59;100;150;51;40;40;51;63;44;52;44;150;54;53;57;44;111;40;69;46;53;114;48;70;100;44;150;44;54;56;150;124;49;55;48;41;150;43;45;41;82;127;57;44;40;42;112;41;44;40;46)
seed_7_level_4-2,973,17191.953016281128,14464547,5291,(100;47;41;69;57;43;41;61;51;51;51;66;100;100;100;45;44;48;62;42;51;70;63;45;41;47;53;51;48;59;150;41;57;63;150;150;47;150;54;50;65;150;150;100;51;66;68;67;77;59;44;41;59;59;64;41;41;79;55;45;51;114;69;44;46;150;150;41;41;150;57;44;66;150;100;65;45;150;48;60;46;115;42;42;44;61;56;44;41;66;48;51;48;200;100;40;66;44;128;42;100;100;127;42;44;62;150;57;41;50;63;38;48;67;111;51;61;43;59;41;61;150;150;150;51;48;150;44;47;54;150;63;53;44;150;51;150;62;150;54;53;100;53;69;58;200)
seed_7_level_4-2,973,17694.559194803238,15030225,5441,(100;66;45;52;67;51;42;61;51;47;62;44;43;66;48;48;79;70;45;45;41;59;57;62;44;48;200;48;51;52;63;44;51;50;62;43;66;128;100;100;100;50;150;46;54;42;119;150;61;41;150;56;59;52;100;52;51;150;57;54;61;64;63;44;46;47;42;150;67;61;70;63;150;54;42;150;44;150;43;100;100;54;150;50;100;64;65;69;100;51;112;44;150;44;44;150;150;116;100;59;150;57;43;54;51;150;150;52;41;40;200;58;62;57;54;59;41;59;41;59;67;48;45;51;45;150;48;51;51;49;150;51;150;54;59;111;68;67;58;66;127;47;42;350;48;150;60;43;65;64)
seed_7_level_4-2,973,18216.123447418213,15598950,5598,(100;132;100;100;56;150;100;52;150;69;58;66;64;59;100;100;63;70;64;49;100;61;41;41;67;67;114;59;100;63;66;54;48;62;41;51;44;79;54;51;51;63;44;40;53;61;53;48;66;59;60;48;43;45;150;51;71;150;64;44;100;52;59;59;54;41;150;42;100;100;150;56;46;64;200;48;48;48;61;150;42;54;41;62;40;48;55;200;55;66;62;150;53;40;150;41;41;127;66;62;250;150;150;150;68;48;48;52;49;150;170;64;51;59;46;150;60;100;100;70;66;116;52;52;53;41;100;112;43;62;150;57;44;150;48;54;46;44;40;119;51;52;100;100;62;150;44;54;67;44;46;111;41;51;44;66;51)
seed_7_level_4-2,973,18709.761119365692,16068295,5752,(59;44;51;66;38;49;150;51;42;69;100;100;119;65;100;100;100;62;40;48;51;40;59;62;40;150;116;48;100;44;52;59;44;41;58;51;63;65;100;47;48;150;44;47;54;63;70;44;49;57;100;150;57;42;48;65;132;44;100;100;100;114;45;43;100;51;66;44;41;59;43;150;41;50;150;59;200;57;59;51;150;41;39;54;39;59;41;41;58;62;66;66;61;51;48;150;41;53;42;43;111;40;51;51;51;65;76;50;76;56;150;50;51;41;100;150;67;60;100;150;119;100;48;69;69;62;41;56;50;51;112;51;56;57;41;150;44;62;44;42;170;69;41;100;46;52;41;130;114;59;57;62;42;54)
seed_7_level_4-2,973,19190.68590593338,16582908,5898,(79;65;132;45;100;44;44;100;73;100;63;45;68;150;119;65;46;42;55;57;58;58;150;100;45;50;62;39;39;51;59;44;51;40;62;43;41;39;66;42;54;100;48;42;100;150;114;62;46;100;116;150;51;43;150;40;100;150;150;92;200;42;66;51;48;66;49;51;100;62;65;150;150;61;51;150;150;150;53;57;44;66;69;100;54;100;100;45;150;49;46;100;49;48;150;64;150;44;67;63;111;51;60;41;41;62;59;50;46;41;59;170;72;43;41;41;45;112;42;47;56;42;62;200;48;48;48;47;119;69;69;118;69;66;150;41;59;51;54;56;114;114;41;56;62;47)
seed_7_level_4-2,973,19666.859726190567,17058155,6043,(73;51;75;69;67;52;52;150;61;51;67;63;42;150;48;100;52;132;59;57;63;44;39;59;48;41;41;48;150;44;59;150;61;57;47;49;58;61;62;47;39;51;54;200;53;41;64;132;43;44;72;150;50;48;47;48;50;79;150;81;66;51;51;61;66;59;45;43;59;150;150;150;51;44;150;51;150;51;59;115;52;40;51;59;114;150;53;47;100;111;55;62;51;57;150;61;51;51;150;150;51;51;54;54;170;54;51;48;66;150;51;62;51;55;119;48;44;60;42;150;48;46;52;46;45;100;114;67;53;44;48;51;58;118;52;51;62;52;119;41;76;52;69;54;119)
seed_7_level_4-2,973,20164.408551216125,17554424,6195,(150;68;48;50;52;57;57;50;41;59;41;55;48;61;43;66;46;62;58;53;59;73;48;100;65;62;57;47;44;150;47;100;47;69;71;61;59;48;66;66;66;150;59;61;58;59;41;150;44;41;57;81;100;69;41;150;51;60;51;114;51;48;44;41;44;60;41;100;100;150;150;51;57;51;43;119;53;100;59;54;54;150;200;100;100;52;42;132;50;52;41;54;63;200;150;44;41;66;115;44;116;52;39;59;111;49;41;41;63;46;116;41;41;100;100;41;128;100;100;150;150;46;150;51;39;42;50;58;64;100;62;41;100;100;119;67;112;39;45;66;150;41;41;41;46;41;173;51;51;41;59;43)
seed_7_level_4-2,973,20681.63085436821,18041230,6351,(67;100;49;59;50;61;43;100;73;100;42;116;39;100;62;40;150;48;67;118;40;150;43;67;41;51;81;82;150;68;100;114;44;56;49;100;59;55;48;54;48;59;51;44;57;43;57;52;50;51;43;150;41;59;48;150;61;89;41;47;46;114;44;42;41;50;150;51;56;45;60;69;48;100;54;56;50;119;100;49;63;59;150;60;54;48;100;48;150;68;58;55;57;111;150;56;48;62;132;57;100;48;68;122;100;65;58;51;59;46;100;100;100;60;150;100;54;61;55;59;41;61;41;41;200;47;41;40;53;51;150;61;66;47;61;170;41;59;47;51;51;59;150;53;52;61;47;60;60;118;65;119;70;72;66;67)
seed_7_level_4-2,973,21180.794982910156,18533036,6504,(63;100;41;59;100;66;100;48;48;73;52;68;42;69;58;56;48;72;150;51;56;100;49;60;100;51;100;59;52;51;40;50;50;55;41;59;40;40;42;59;44;52;42;61;100;44;44;150;60;100;100;43;100;116;100;100;100;100;39;150;100;41;51;41;41;150;58;43;100;60;63;114;54;150;42;115;54;118;41;62;46;55;57;150;65;150;45;68;100;114;43;45;51;100;62;150;57;100;51;61;41;150;54;42;59;59;52;128;41;150;40;41;100;150;150;51;51;51;41;132;48;50;58;66;61;118;67;48;100;51;68;170;49;59;61;150;41;51;43;111;42;59;53;51;47;119;69;71;66;118;67;70;67)
seed_7_level_4-2,1154,21682.553760528564,19067953,6655,(59;43;41;59;62;41;51;116;41;60;59;39;61;100;41;51;100;63;52;45;100;100;150;41;51;41;42;150;54;100;52;51;150;100;51;62;100;73;48;60;52;68;59;48;41;45;64;150;46;59;55;46;66;57;43;41;42;44;59;58;51;60;41;150;72;100;100;50;150;100;68;63;63;69;100;63;54;100;62;112;42;48;62;57;55;52;118;100;100;43;63;150;48;150;57;41;44;62;54;119;111;62;69;66;122;47;44;119;61;61;100;84;48;56;150;150;49;59;150;171;150;132;61;47;67;150;63;68;170;100;41;59;44;51;50;114;118;118;118;118;117;47;51;66;114;62;62;50;44;222;54)
seed_7_level_4-2,1154,22155.10203933716,19508163,6801,(67;51;52;41;52;41;50;63;69;48;46;41;51;150;100;58;100;73;82;59;41;150;59;49;100;59;100;51;59;118;59;46;51;250;41;150;62;54;52;150;44;150;52;51;39;70;59;59;100;41;41;41;150;48;48;51;48;119;65;53;100;100;100;64;58;39;51;41;41;150;44;62;47;60;42;55;39;62;66;46;49;170;51;48;52;100;60;119;58;57;66;54;42;116;52;114;52;51;100;132;67;43;61;65;44;51;66;47;111;41;51;49;41;66;44;66;62;179;54;47;54;100;54;62;51;45;52;50;56;41;63;54;50;55;42;118;150;51;118;150;45;45;49;47;89;59)
seed_7_level_4-2,1154,22639.410511493683,19952061,6951,(59;41;60;58;150;46;150;42;44;119;63;44;39;56;65;100;55;51;58;48;59;100;66;54;51;150;73;54;57;48;50;55;54;150;50;150;52;150;48;100;100;56;57;58;39;150;39;41;66;114;100;54;48;45;60;100;68;62;66;54;41;49;54;63;49;57;56;64;150;57;42;49;100;50;46;111;51;57;69;51;118;54;48;150;44;51;42;40;48;51;45;57;44;48;53;56;42;55;132;49;52;44;62;68;66;48;118;150;63;51;51;64;51;118;66;118;47;46;51;51;62;57;119;61;51;61;51;100;69;150;59;150;41;42;51;57;170;41;150;46;49;55;53;116;55;112;56;41;53;111)
seed_7_level_4-2,1154,23122.004198789597,20432729,7098,(150;45;51;51;100;69;60;51;45;52;114;41;41;150;57;44;57;63;42;46;44;44;114;59;60;41;43;150;100;66;42;41;41;44;59;150;51;51;40;62;59;150;100;59;51;61;55;119;100;100;67;60;100;150;61;41;150;62;41;150;44;51;150;100;58;150;62;132;46;67;48;50;50;46;114;66;62;51;43;42;150;54;78;150;65;51;60;51;51;57;41;41;150;40;46;150;54;39;40;57;119;100;60;54;100;64;118;51;100;45;51;44;150;41;118;132;48;66;118;118;118;47;111;64;57;41;41;59;58;65;42;170;61;40;41;44;45;45;51;116;51;61;51;100;60;100;42)
seed_7_level_4-2,1154,23595.854388713837,20923987,7243,(150;100;150;63;46;100;119;42;64;42;51;150;61;41;67;64;67;44;60;100;150;51;49;119;44;100;54;100;45;48;116;44;47;41;52;51;43;112;58;41;41;43;61;115;69;52;100;60;100;43;150;100;60;59;52;41;59;132;48;150;48;130;64;150;51;51;51;51;62;40;150;62;150;52;59;42;62;114;44;62;57;47;143;118;45;113;62;51;57;41;46;52;111;46;54;61;44;64;59;41;150;53;39;100;100;51;54;114;40;49;47;41;51;69;114;62;57;44;57;100;100;150;100;150;41;59;50;59;150;52;51;52;51;43;55;118;51;49;65;150;51;150;150;48;117)
seed_7_level_4-2,1154,24073.6745057106,21409828,7389,(69;100;100;66;51;119;100;57;62;57;44;150;41;51;52;67;44;51;150;54;51;41;51;44;42;41;150;57;51;66;57;65;51;57;150;66;100;100;43;114;100;50;116;150;51;55;64;61;42;41;61;41;41;52;59;40;45;42;150;46;46;50;45;58;64;150;100;51;54;52;42;41;150;170;41;41;51;51;41;44;51;111;51;61;150;58;40;54;51;48;66;119;51;66;150;61;43;41;150;150;51;100;42;48;62;47;184;40;48;47;41;41;51;44;118;61;118;200;61;117;118;100;66;113;66;118;114;51;114;51;54;42;64;47;66;114;132;65;51;48;67;65;45;48;150;50)
seed_7_level_4-2,1154,24550.6322183609,21893783,7535,(69;51;100;100;51;100;59;58;50;41;51;41;150;150;54;61;51;44;114;54;150;49;100;100;100;100;100;100;114;47;100;44;47;41;47;150;41;150;45;100;51;45;52;150;41;40;54;51;56;40;150;41;64;62;52;41;51;59;54;184;48;48;48;41;46;47;57;66;150;62;51;52;58;53;51;66;150;132;59;49;100;50;47;47;46;45;170;67;41;51;51;100;65;55;49;66;55;58;52;41;53;41;60;44;111;50;48;60;51;62;66;59;64;119;100;44;66;41;54;48;76;114;150;150;48;118;150;150;117;54;48;51;112;51;117;51;150;65;118;48;51;51;51;118;51;113)
seed_7_level_4-2,1154,25054.533784151077,22429899,7688,(150;100;150;50;150;53;69;100;58;66;100;114;100;51;100;42;41;61;44;132;200;42;100;132;49;47;43;150;150;45;48;51;51;61;44;47;150;47;41;42;46;51;51;39;61;39;59;52;42;39;41;43;119;65;60;82;150;56;59;118;42;150;62;44;44;59;68;49;42;40;150;150;61;46;57;100;55;51;57;57;100;53;50;51;59;41;50;43;44;170;65;46;54;51;42;40;51;43;150;184;44;178;54;61;43;51;45;62;51;114;60;44;54;100;51;54;114;44;111;52;62;100;51;57;51;200;100;60;117;68;118;69;73;48;51;68;50;118;47;51;62;114;114;100;54;150;116;43;47;150;61;62;54)
seed_7_level_4-2,1154,25538.51887869835,22960964,7832,(69;100;100;54;41;45;150;69;42;150;52;57;47;150;64;60;51;40;40;41;60;51;59;150;150;59;150;53;150;150;41;41;150;51;51;52;150;68;51;100;59;62;58;64;111;42;59;66;41;62;44;49;54;150;49;150;59;150;150;59;150;59;150;51;56;58;55;100;150;100;170;69;150;44;51;40;41;51;40;62;51;114;43;48;44;46;44;51;42;114;44;119;66;66;62;66;74;42;67;43;51;132;50;55;49;129;56;67;67;47;118;59;68;150;51;66;65;66;69;65;47;100;177;44;150;42;41;51;51;53;61;51;51;114;43;62;47;150;52;62;62;150;117;150)
seed_7_level_4-2,1154,26020.12408733368,23424188,7981,(150;42;43;48;47;52;48;100;100;49;60;60;112;41;60;39;50;39;41;114;51;42;43;39;43;44;44;62;41;100;150;150;100;48;42;44;54;44;61;42;48;178;51;51;57;62;51;44;68;54;51;69;112;200;51;51;66;60;118;44;40;62;51;150;115;44;62;54;63;58;100;65;55;44;113;100;100;51;69;54;51;61;59;150;57;48;118;150;100;57;118;60;39;61;51;69;47;60;132;49;61;46;51;66;51;100;50;49;45;50;117;42;54;42;41;54;62;42;150;150;62;150;62;114;150;57;100;39;45;43;47;51;39;40;57;150;150;59;40;58;150;41;51;150;56;49;57;45;39)
seed_7_level_4-2,1161,26514.148069143295,23946218,8130,(150;48;100;100;100;58;65;48;46;150;42;54;40;62;40;43;53;48;51;59;40;55;42;150;45;44;50;62;150;132;67;65;47;47;100;69;49;67;51;49;119;44;42;51;72;44;100;44;100;44;51;114;41;44;62;43;79;100;61;62;100;59;112;43;40;41;40;150;112;170;54;59;39;150;49;45;41;49;59;150;150;45;150;59;51;205;51;44;44;44;51;52;44;79;42;52;300;115;62;68;62;58;48;55;72;45;68;55;43;118;113;127;118;66;64;118;66;66;68;117;118;118;111;61;41;69;51;52;53;44;66;41;61;100;117;44;41;61;54;173;114;49;56;62;62;41;62;114;114)
seed_7_level_4-2,1161,26995.944528341293,24371698,8280,(150;41;62;42;44;41;111;41;40;111;100;100;41;66;44;57;41;66;66;58;69;114;54;58;54;43;41;48;62;100;100;44;150;42;43;43;62;40;54;51;40;44;62;132;59;47;49;49;52;44;49;45;67;54;115;63;66;67;115;60;150;150;52;53;53;55;150;41;64;51;38;41;44;40;59;150;150;40;47;41;177;41;51;58;73;54;51;48;46;51;58;44;48;69;66;170;42;150;62;41;100;39;40;57;150;40;112;45;43;52;173;62;44;54;114;114;54;59;41;61;50;72;62;44;56;62;49;58;47;127;118;65;51;61;64;117;66;66;43;41;66;66;69;51;68;65;48;118;59;54)
seed_7_level_4-2,1161,27478.66500544548,24849419,8429,(114;66;40;60;51;52;63;49;116;59;47;45;150;57;54;39;53;62;59;58;52;57;62;59;132;68;52;47;49;67;65;52;150;64;51;41;111;100;44;66;57;65;61;57;42;71;40;68;51;150;59;40;150;59;66;59;58;150;41;150;59;150;178;61;48;47;57;52;58;150;66;51;70;48;51;51;170;40;51;150;42;41;39;111;112;70;60;60;52;43;112;57;112;173;62;114;62;54;40;42;51;75;44;44;114;59;52;59;61;62;52;49;127;114;121;46;55;64;71;48;119;127;47;67;117;66;120;118;118;44;66;51;115;66;57;55;65;66;63;43;60;100;50;65;46;59;55;64;150)
seed_7_level_4-2,1161,27956.78290128708,25352833,8577,(118;51;41;48;61;57;66;66;66;48;51;48;150;44;62;55;42;150;54;40;50;63;45;62;63;178;48;48;45;150;150;68;66;48;44;100;47;48;132;45;52;150;50;49;45;47;44;51;49;65;67;115;45;55;44;58;51;58;55;43;55;100;47;150;63;41;61;114;62;41;119;45;62;43;40;57;41;43;47;54;173;117;113;62;62;111;114;115;122;62;150;100;79;150;150;55;44;150;40;51;41;41;45;100;41;59;48;55;40;51;41;170;40;51;43;150;39;100;40;57;112;62;111;200;45;41;44;42;39;112;59;119;150;119;44;57;65;118;118;69;65;69;66;65;48;47;150;65)
seed_7_level_4-2,1166,28461.972148656845,25949596,8726,(150;150;150;40;41;59;58;40;51;43;41;51;132;150;41;64;50;49;41;46;50;49;67;150;115;59;150;52;59;63;58;58;58;66;150;60;50;60;60;111;51;69;54;54;44;66;66;51;51;66;51;48;178;44;66;150;51;47;51;57;47;44;61;44;51;51;150;100;150;61;62;45;43;45;150;51;40;54;62;40;150;43;100;51;58;39;45;59;47;45;53;124;64;61;170;53;52;40;172;52;39;40;51;111;48;51;171;59;114;111;42;115;118;150;118;69;123;71;118;45;100;112;51;113;51;116;65;118;82;173;150;150;188;73;235;150;62;41;62;150;59;62;125;61;59;62;45;71;114)
seed_7_level_4-2,1166,28953.342255353928,26493084,8877,(150;150;60;39;150;58;51;150;150;43;62;46;40;60;59;52;100;100;42;100;47;51;112;49;100;64;178;49;51;44;44;48;48;61;47;62;47;54;60;150;58;51;57;59;54;150;59;41;40;55;41;41;111;51;150;51;64;51;51;57;51;59;51;61;132;51;49;55;63;59;44;41;64;48;49;58;48;115;112;66;52;52;50;62;59;61;63;150;60;112;62;41;52;171;39;41;41;54;41;114;53;150;112;42;59;40;150;150;42;150;150;118;66;59;67;71;61;118;66;119;71;118;65;67;121;66;118;118;43;47;119;52;150;54;50;62;62;59;56;54;61;52;47;117;100;56;51;177;213;150;57)
seed_7_level_4-2,1166,29462.67660999298,27091928,9028,(112;150;113;74;55;150;67;46;49;100;60;47;59;132;41;150;66;47;59;69;150;41;56;42;41;49;40;49;178;61;42;57;150;47;67;53;65;61;150;68;62;48;41;150;52;51;40;150;59;44;51;44;57;60;100;58;100;47;42;54;112;58;44;61;112;52;150;150;52;62;52;46;58;112;51;115;68;51;54;58;52;150;79;100;211;41;112;56;51;59;53;204;40;150;63;100;40;54;42;178;57;100;42;112;150;171;150;112;44;54;45;43;54;54;47;111;51;114;46;150;164;41;41;114;44;41;44;118;49;120;69;44;65;117;47;49;118;118;118;65;65;47;43;54;45;65;119;120;118;118;119)
seed_7_level_4-2,1166,29951.742969751358,27645444,9177,(150;42;150;60;52;150;61;59;58;51;57;53;59;51;51;132;150;59;45;47;69;47;55;48;59;50;48;49;150;68;49;178;51;66;54;54;45;51;100;51;61;150;183;61;41;66;54;112;44;48;111;48;150;58;52;113;150;42;49;64;60;41;100;112;62;40;41;150;54;51;52;53;57;42;114;52;53;52;42;150;68;54;45;56;53;59;209;62;44;174;150;111;150;43;43;200;54;41;42;57;60;58;178;114;54;171;51;54;43;43;61;54;170;66;57;44;43;42;39;41;54;41;150;41;41;50;118;66;69;45;50;64;118;58;42;100;67;118;51;118;47;118;69;68;118;72;118;118;53)
seed_7_level_4-2,1166,30438.90726542473,28226627,9325,(132;57;66;49;42;67;67;52;100;100;66;59;58;65;58;150;57;58;61;150;48;41;48;46;54;53;150;200;43;54;54;112;54;41;150;150;54;54;51;114;62;55;60;52;53;41;54;112;112;62;170;59;41;39;39;62;40;63;54;41;41;150;41;41;64;150;59;57;55;112;42;50;52;59;54;43;54;52;46;41;43;112;41;44;42;42;183;42;44;62;51;51;51;150;60;66;42;50;45;51;54;42;51;118;56;65;72;47;60;65;118;41;119;78;119;69;69;66;118;51;39;48;150;51;41;209;58;150;112;59;115;300;52;54;59;150;64;60;150;56;225;150;114;176;62;150;61;61)
seed_7_level_4-2,1166,30932.38231611252,28850651,9473,(112;62;52;58;60;100;63;65;59;42;41;41;66;150;43;132;100;48;58;45;44;45;100;54;58;45;47;52;55;183;68;44;67;62;68;51;61;44;51;44;42;61;62;53;177;150;150;57;66;150;46;42;51;43;63;150;47;47;60;62;170;59;171;54;150;43;171;150;111;52;100;150;61;59;150;39;40;118;118;120;118;75;66;69;119;66;66;118;62;118;70;67;118;39;53;66;118;51;112;67;54;54;150;111;114;54;44;51;54;114;114;54;44;114;174;60;111;54;209;112;111;150;59;150;150;71;40;42;42;59;42;71;60;174;59;42;42;41;44;229;62;41;39;42;54;117;40;171)
seed_7_level_4-2,1234,31437.382147073746,29527891,9622,(112;41;150;150;41;54;41;41;43;150;41;111;55;41;42;42;54;150;40;53;100;53;60;53;54;150;54;43;150;41;43;62;43;54;183;44;51;200;51;43;61;41;51;51;44;51;44;42;200;54;44;51;209;150;62;41;39;150;41;43;118;206;111;41;150;50;42;62;174;300;112;62;40;41;171;59;150;58;51;169;171;100;115;45;150;50;100;41;54;111;54;150;54;41;41;41;114;39;51;59;48;62;174;42;58;150;54;42;44;114;44;57;114;44;61;150;54;60;54;52;62;54;61;112;114;118;118;118;65;185;65;65;118;65;119;66;65;69;118;66;69;67;69;71;65;118;118;65;118)
seed_7_level_4-2,1234,31950.509831428528,30335400,9771,(150;51;150;62;150;150;62;45;42;54;150;200;62;49;62;62;183;43;44;61;48;61;44;61;43;45;39;40;51;51;300;150;45;112;42;41;40;63;42;150;114;41;43;116;44;43;66;112;150;100;150;173;63;41;59;171;52;50;41;54;150;111;150;50;62;42;150;50;62;59;51;115;174;41;114;114;62;54;62;112;180;44;114;54;178;114;44;54;46;51;150;52;174;62;185;69;179;118;65;66;68;54;128;55;69;47;188;150;66;118;66;65;47;118;66;100;180;118;83;150;300;62;48;171;62;182;100;150;51;56;54;150;39;111;43;62;60;150;100;40;114;59;60;150;111;63;111;57;39)
seed_7_level_4-2,1234,32466.31185555458,31069408,9921,(183;55;67;41;44;69;61;200;44;47;118;47;41;118;66;51;63;200;53;53;58;51;53;72;100;72;111;41;300;111;65;76;76;43;100;150;150;59;54;44;100;62;48;54;57;48;150;41;55;54;67;150;150;171;43;59;42;43;150;187;150;40;111;59;47;66;49;172;52;112;62;42;44;51;150;300;51;54;59;59;41;59;40;51;111;59;62;150;60;39;40;100;66;48;55;42;59;54;62;59;59;185;69;69;70;66;56;60;188;118;179;118;125;118;200;61;70;66;67;60;61;66;65;66;50;66;174;114;172;54;114;54;44;54;44;41;117;180;44;44;174;114;54;52;150;54;150;112;114;41)
seed_7_level_4-2,1234,32967.16332435608,31768966,10070,(150;51;59;63;59;58;43;57;64;46;59;52;51;61;43;54;57;44;74;40;113;44;62;57;41;111;44;61;111;55;150;41;40;114;111;111;150;150;150;57;41;300;39;300;42;46;51;49;41;51;41;41;54;59;42;51;39;48;39;60;46;174;58;62;40;62;172;50;146;59;59;60;40;115;59;41;62;111;40;59;114;54;150;150;150;51;42;150;174;150;50;200;125;72;51;118;71;66;178;69;118;42;60;69;67;182;150;60;47;69;200;44;44;63;66;178;66;179;55;42;174;62;53;180;44;114;150;61;54;44;41;112;52;174;41;60;52;62;45;54;44;114;55;150;56;54;52;42;178)
seed_7_level_4-2,1234,33491.6108751297,32678134,10220,(300;125;47;44;54;42;59;300;100;42;350;150;50;45;41;183;62;47;48;217;62;42;51;150;41;111;41;47;44;60;41;150;51;41;44;111;111;54;41;41;41;41;44;44;47;118;59;44;57;44;100;114;174;42;150;150;44;150;114;150;62;174;174;42;51;62;114;54;150;114;115;44;41;62;150;174;114;114;54;114;62;52;41;52;174;51;41;62;56;111;60;60;40;54;150;150;150;52;55;55;100;59;59;41;150;116;100;150;100;51;53;66;70;63;62;200;66;178;53;66;118;300;65;66;182;66;60;150;118;80;69;68;60;65;65;178;121;53;65;179;150;118;66;69;208;118;197;69;65;120)
seed_7_level_4-2,1234,33997.35094833374,33541345,10370,(111;175;41;51;51;42;41;41;42;62;100;46;111;47;51;41;52;41;150;45;50;41;41;61;57;172;59;100;53;59;150;43;100;100;57;90;51;63;54;43;150;59;54;53;53;150;150;72;56;150;300;66;300;59;48;114;150;43;62;59;51;150;56;41;62;62;40;39;60;39;46;43;41;41;48;71;214;53;59;150;172;174;150;53;57;44;54;54;44;60;42;114;41;114;150;44;54;114;54;54;150;62;44;44;44;150;174;67;54;150;54;114;44;300;128;114;118;48;111;150;66;121;55;60;59;127;66;200;150;69;300;66;74;66;44;100;46;134;119;150;218;279;215;69;44;120;119;120;67;119)
seed_7_level_4-2,1234,34508.33647108078,34301646,10520,(175;41;40;46;60;45;59;57;59;42;150;111;58;150;40;57;50;61;41;68;59;50;74;41;197;150;100;51;54;62;100;100;45;100;62;64;51;54;40;62;52;40;62;44;150;41;52;59;117;100;300;54;54;48;41;114;111;44;62;51;59;174;40;41;61;51;43;174;50;114;48;118;43;199;46;62;44;174;150;174;114;54;54;54;150;57;174;53;150;150;150;100;45;54;54;44;44;54;114;150;51;62;150;62;150;46;54;62;41;57;54;280;54;300;119;120;119;68;66;65;67;60;67;78;128;66;66;69;65;66;65;70;150;68;70;116;100;150;66;118;114;50;178;250;118;118;73;60;42;41)
seed_7_level_4-2,1330,35011.74263381958,35059754,10670,(207;100;46;100;61;52;150;52;55;44;100;54;46;114;46;150;100;52;100;150;60;150;46;62;44;175;52;59;59;100;68;58;41;54;114;41;59;42;59;111;41;150;55;50;41;41;41;41;59;54;174;65;54;44;44;44;42;112;54;44;54;54;117;150;150;46;55;150;62;54;41;52;44;53;62;54;54;54;44;114;300;44;59;45;41;45;62;40;119;56;54;174;62;300;56;54;150;59;53;44;62;111;49;66;62;114;41;46;48;48;61;62;280;55;234;65;326;114;62;300;62;179;100;100;150;62;69;69;62;41;62;53;78;62;41;118;57;70;75;121;100;72;50;62;150;65;125;150;69;100)
seed_7_level_4-2,1330,35530.93560743332,35888924,10819,(207;42;85;53;62;100;43;100;150;100;144;53;112;60;67;51;119;100;100;62;46;59;100;150;175;41;53;169;43;59;53;122;42;41;50;41;172;171;50;58;41;41;41;150;150;41;150;111;54;111;174;300;42;51;54;114;54;112;182;150;44;54;62;42;114;54;150;54;48;54;117;51;65;44;54;150;114;44;150;57;118;114;112;111;59;150;51;51;171;174;48;42;293;41;59;43;60;118;51;66;114;114;42;62;54;43;54;62;111;111;150;59;326;179;65;61;67;100;93;63;69;69;69;69;180;66;100;69;120;65;66;68;67;100;178;69;60;118;69;150;42;66;71;66;66;178;119;133;100)
seed_7_level_4-2,1330,36035.62902998924,36573562,10969,(197;150;150;50;57;100;56;62;100;100;57;53;100;43;150;100;100;52;135;72;63;70;150;172;100;150;40;57;59;111;59;64;59;111;41;150;62;55;41;100;150;66;172;59;41;62;52;42;41;150;62;300;54;114;54;60;114;42;42;53;114;114;42;172;52;62;54;53;42;41;174;60;41;52;174;52;150;48;120;52;117;326;118;94;65;73;66;71;49;178;55;67;66;66;66;100;67;120;100;120;100;70;62;55;51;42;69;67;61;67;65;67;100;67;65;120;293;41;54;42;44;51;59;60;42;66;51;44;62;57;41;48;51;65;62;54;52;44;54;150;48;59;59;48;52;111;48;59;53;114)
seed_7_level_4-2,1330,36551.30309534073,37348524,11119,(193;54;100;57;41;58;100;100;53;150;58;150;56;117;59;59;100;100;59;42;84;59;58;56;293;48;100;176;67;111;186;44;41;63;41;65;41;44;45;48;54;60;124;62;111;44;49;41;41;57;58;150;114;52;172;54;53;52;54;114;49;44;150;150;59;41;171;41;112;150;50;63;41;61;59;150;43;52;59;100;48;150;59;217;68;65;68;67;65;180;190;65;58;71;50;119;68;65;216;66;65;126;65;65;118;67;120;42;65;65;66;179;128;200;59;120;300;174;42;62;44;184;300;52;54;42;52;54;54;54;54;62;54;115;150;62;115;172;52;57;41;54;60;54;44;62;52;54;54;114)
seed_7_level_4-2,1330,37071.15267252922,38265700,11268,(193;100;100;150;150;100;54;52;150;112;100;55;60;150;100;44;81;51;150;59;46;58;46;172;57;63;51;150;41;66;171;58;150;150;51;41;150;41;150;51;174;59;55;180;49;41;300;51;150;132;54;293;174;48;112;150;114;210;174;114;42;48;59;150;172;42;62;42;62;74;50;114;67;49;114;52;124;44;128;114;150;42;210;114;52;51;51;43;52;62;54;42;61;42;55;62;62;53;150;60;52;50;53;60;54;150;60;44;44;52;51;52;42;326;67;118;65;66;114;66;180;118;100;65;50;118;118;118;66;179;181;66;66;118;119;43;116;118;66;300;66;150;60;66;116;114;113;119;65)
seed_7_level_4-2,1330,37585.604744672775,39005467,11419,(207;60;57;114;100;100;46;59;150;62;112;45;44;48;51;100;63;100;59;150;112;56;210;60;44;54;52;44;62;114;44;42;56;62;112;62;62;54;114;42;181;54;53;54;42;150;150;54;53;41;300;49;59;44;52;52;150;111;58;41;42;50;112;50;41;150;50;54;150;51;41;54;53;47;63;50;63;124;121;60;54;62;66;59;150;64;39;150;59;39;57;51;42;51;174;66;100;41;62;61;150;75;49;150;48;59;48;54;62;41;48;51;43;326;118;68;180;65;62;65;65;66;100;114;67;100;100;48;118;77;61;46;150;69;114;113;58;121;66;200;126;117;185;300;69;100;150;100;120;42;70)
seed_7_level_4-2,1330,38088.10546588898,39703284,11568,(174;150;128;59;51;150;58;113;60;150;54;59;100;113;59;150;51;41;62;150;59;63;173;66;44;56;51;111;215;197;67;56;59;60;150;122;59;59;52;118;58;112;150;45;59;62;53;112;52;49;100;44;51;300;125;65;124;51;41;52;59;54;59;51;45;150;62;61;54;42;51;62;51;67;111;43;51;63;62;53;42;59;150;62;53;62;44;42;114;54;44;54;56;100;62;54;44;54;62;58;44;44;150;178;62;54;54;62;44;114;67;326;77;52;59;119;79;119;61;150;42;100;200;67;118;51;118;126;119;100;118;125;59;67;62;71;65;79;58;100;68;118;179;63;118;69;66;50;114)
seed_7_level_4-2,1330,38618.81893372536,40616174,11717,(178;67;52;112;42;54;114;54;174;114;52;42;150;60;54;44;57;114;42;174;174;174;150;63;54;40;44;300;150;114;42;42;44;122;59;150;111;150;43;41;57;150;150;150;52;52;41;51;54;43;44;111;150;54;100;197;100;100;60;100;45;100;200;112;59;67;100;114;150;129;66;65;59;113;58;54;58;199;50;41;150;60;326;58;45;190;150;43;119;179;65;124;150;113;66;118;45;150;69;79;66;187;65;65;150;178;65;67;67;50;70;67;118;66;119;150;45;61;215;111;62;111;111;57;62;55;57;42;57;65;57;48;41;233;52;114;150;51;174;300;62;44;54;114;59;48;42;43;114)
seed_7_level_4-2,1330,39141.88163328171,41445260,11867,(300;66;50;41;49;150;45;44;150;42;54;67;41;54;49;44;49;51;111;100;58;46;45;150;65;181;67;41;150;54;150;124;60;51;127;150;40;150;50;114;50;174;54;150;114;114;114;100;150;114;62;54;44;112;41;43;114;174;54;62;54;42;62;52;54;70;172;54;41;114;51;150;150;174;114;114;54;192;112;111;60;49;54;62;53;174;54;42;52;150;114;326;51;57;121;176;73;175;81;66;124;150;68;67;46;67;65;44;66;120;66;65;79;59;150;44;150;68;67;213;78;119;118;130;100;150;50;49;100;49;40;128;79;65;49;66;65;131;150;42;200;60;65;67;65;65;93;150;184;67)
seed_7_level_4-2,1330,39649.44412946701,42154350,12017,(300;111;150;150;62;150;150;150;52;59;150;69;59;150;68;42;53;150;52;44;46;48;41;44;44;44;62;41;111;53;122;44;54;150;169;59;65;59;64;174;41;44;51;326;150;100;125;118;100;118;46;45;67;150;67;100;46;67;119;79;40;68;118;60;67;54;65;119;51;77;66;84;150;124;75;66;61;150;47;53;42;68;42;68;54;113;112;53;57;119;60;100;61;100;69;51;200;297;54;114;62;54;44;62;57;44;115;43;57;41;43;150;61;55;114;44;44;44;150;54;172;54;44;54;61;114;54;41;52;49;54;54;44;174;174;54;54;55;42;42;47;41;62;62;63;150;62;41;54;60)
seed_7_level_4-2,1330,40166.25091099739,42857761,12167,(326;65;71;50;67;72;50;100;79;42;66;65;48;79;66;138;61;43;73;66;73;118;79;118;66;119;180;77;47;114;61;100;64;150;79;185;51;60;71;150;79;53;100;150;52;60;48;60;150;79;118;118;66;69;150;67;180;62;85;179;200;63;58;121;66;119;66;118;67;50;57;57;118;53;67;67;63;150;50;44;114;51;41;62;150;150;41;59;50;51;111;60;59;51;150;41;50;171;124;41;59;41;150;51;41;41;150;51;150;49;111;171;40;45;150;150;41;111;150;170;58;50;41;59;53;111;62;50;50;41;50;41;50;50;60;51;41;57;100;41;150;111;50;51;52;150;122;150;124;41)
seed_7_level_4-2,1330,40684.942836761475,43597480,12317,(171;111;118;41;54;41;55;117;52;150;41;44;114;150;58;42;68;59;62;50;170;53;150;41;47;64;114;59;41;59;150;115;62;150;150;60;50;54;41;114;114;67;150;51;69;126;40;51;44;59;111;62;51;55;42;127;150;150;41;53;123;47;200;41;150;59;150;64;100;111;50;42;326;122;51;118;100;118;67;46;100;100;185;122;61;66;116;118;53;150;66;71;40;60;150;180;79;58;67;61;150;58;68;45;179;61;70;118;181;100;79;51;42;59;100;66;150;119;53;65;51;66;74;118;48;49;60;49;67;43;41;66;150;67;69;57;119;118;58;57;200;118;76;58;118;150;61;100;66;118)
seed_7_level_4-2,1330,41204.41679024696,44354247,12467,(150;150;150;62;100;112;57;41;54;59;41;67;40;114;62;128;150;66;111;62;41;53;118;65;150;59;66;42;42;59;41;65;43;133;111;150;111;43;62;59;41;44;66;41;64;150;59;44;112;62;50;65;150;62;182;67;41;59;44;114;150;111;115;62;114;41;54;41;44;150;114;150;48;326;62;100;100;150;45;44;68;66;43;119;62;67;100;66;65;119;200;66;120;100;50;66;46;51;65;114;67;42;72;100;65;179;61;100;179;71;66;66;118;64;179;63;65;65;61;53;118;66;100;51;119;179;80;56;63;59;44;67;116;68;51;300;100;53;300;150;69;61;119;52;72;118;45;124;66;66)
seed_7_level_4-2,1330,41730.880335092545,45181017,12617,(182;50;59;40;150;62;50;181;56;52;111;70;150;41;119;47;41;41;49;59;41;62;113;57;41;150;59;62;44;60;59;41;41;45;100;62;173;48;62;51;150;54;63;114;150;59;150;45;57;41;150;44;48;40;62;150;54;42;114;43;63;41;47;41;41;62;150;50;62;42;42;50;42;59;326;67;55;119;122;119;65;65;174;50;179;118;150;150;67;66;50;100;67;56;300;119;116;198;63;150;67;67;83;100;100;118;68;179;48;52;310;41;67;179;47;44;119;127;41;67;62;79;118;150;52;61;66;150;48;45;66;100;119;68;57;100;65;61;118;119;150;66;52;66;118;67;52;179;182;300)
seed_7_level_4-2,1330,42270.27690529823,46117627,12767,(182;44;46;44;150;41;41;114;55;200;44;42;70;47;41;57;300;150;115;111;41;51;44;51;150;53;41;39;62;150;59;44;58;150;41;111;114;41;60;100;150;150;59;51;51;59;44;48;150;41;53;62;200;62;121;200;44;113;59;58;111;44;46;41;44;150;114;41;326;120;119;66;65;59;58;118;150;195;118;62;68;200;118;100;180;100;66;150;150;178;58;62;66;175;120;118;73;66;57;67;123;60;76;67;65;118;128;51;58;61;47;114;67;66;60;58;179;50;200;67;66;62;118;185;67;62;180;61;66;66;64;118;61;65;120;192;119;118;54;150;79;80;100;339;150;186;185;118;118;60)
seed_7_level_4-2,1330,42820.59321928024,47148436,12917,(150;53;53;117;45;45;150;44;57;150;150;53;62;350;150;66;42;62;55;51;173;58;150;43;200;66;150;47;150;114;150;59;42;300;59;150;58;44;53;66;56;114;62;250;44;62;54;150;300;111;150;135;53;59;52;47;41;52;111;300;41;52;41;39;326;178;65;183;100;100;200;67;121;66;118;50;68;76;100;66;118;48;119;119;45;51;67;150;70;150;51;118;300;70;66;66;51;79;100;67;66;119;150;66;126;100;79;118;58;57;65;150;69;150;100;123;42;69;150;183;66;150;66;62;58;67;54;120;79;67;100;120;49;100;80;58;119;123;114;41;67;100;53;200;178;57;118;114;135;66)
seed_7_level_4-2,1330,43345.204649448395,47918406,13067,(178;46;48;48;58;51;45;150;44;59;41;112;41;52;51;44;41;57;114;40;40;150;59;111;41;39;111;64;52;42;62;111;41;180;51;41;52;51;62;41;150;41;100;171;59;59;66;50;41;111;61;41;46;52;59;59;41;41;172;57;42;172;119;41;114;111;59;66;326;100;62;111;68;119;72;100;123;119;119;120;112;119;58;79;150;79;180;150;118;65;51;120;250;66;56;179;62;66;114;80;62;100;67;150;79;68;52;131;181;66;100;66;68;61;52;66;61;79;42;183;350;64;118;51;65;79;181;150;67;54;52;67;63;66;100;100;71;80;118;61;80;185;65;79;65;69;123;79;66;150)
seed_7_level_4-2,1330,43855.84984469414,48756055,13217,(172;46;62;47;114;41;44;150;150;41;59;41;41;41;40;39;41;43;80;41;44;54;41;42;46;150;49;41;41;44;114;41;56;41;150;55;44;42;41;44;114;59;54;57;84;62;65;48;41;58;100;41;114;42;51;150;44;52;57;150;41;50;43;41;42;61;41;326;100;150;66;57;121;150;189;67;62;124;185;46;120;119;66;300;73;100;289;128;53;113;79;53;57;350;65;100;65;65;66;118;60;73;180;61;51;52;68;119;62;62;180;48;66;51;51;150;118;100;66;57;118;66;150;41;187;79;61;57;67;56;179;120;150;66;200;57;178;179;61;62;179;100;200;51;48;220;65;114;66;49)
seed_7_level_4-2,1330,44376.47077012062,49682996,13367,(264;150;100;44;41;43;52;100;50;41;126;40;150;44;43;41;46;212;44;62;47;51;42;60;51;100;47;114;44;42;44;100;118;150;51;150;114;150;67;150;44;40;111;250;51;100;42;41;41;57;42;40;42;39;65;60;41;60;44;42;326;43;100;100;58;182;179;150;59;118;300;72;81;61;57;100;62;68;68;66;66;66;100;69;68;125;67;61;62;53;118;300;100;180;66;66;150;67;66;100;66;150;300;52;67;57;67;67;118;120;100;61;49;150;59;185;114;68;118;52;300;68;66;119;119;115;67;180;68;180;61;67;60;65;57;213;58;66;66;66;66;51;66;113;200;118;180;150;58;100)
seed_7_level_4-2,1330,44901.34782290459,50495905,13517,(212;53;114;46;42;42;150;54;44;61;51;41;42;150;41;62;41;41;150;44;41;57;150;150;54;41;114;52;40;41;74;62;42;53;150;44;42;39;46;60;59;41;64;66;114;53;42;41;150;114;55;100;150;150;150;59;48;100;44;326;60;59;67;61;234;118;114;61;100;67;66;54;52;65;119;55;174;67;65;61;66;150;69;115;67;200;120;66;66;150;51;66;65;114;118;122;66;181;66;178;71;79;62;150;100;66;53;47;118;175;119;69;300;66;176;70;59;119;67;51;52;182;118;67;150;67;67;51;120;119;119;100;66;51;100;178;66;72;62;180;150;121;75;150;66;74;67;182;49;100)
seed_7_level_4-2,1330,45430.59965181351,51377712,13667,(114;114;59;60;150;47;65;150;150;150;44;44;100;69;150;150;46;114;45;112;57;56;59;63;69;111;62;150;63;55;62;177;150;111;68;53;42;61;48;46;51;60;41;200;52;59;150;59;62;51;150;250;62;150;44;46;62;150;44;100;326;77;65;150;47;118;66;114;66;54;51;71;52;118;62;119;123;179;61;67;65;67;118;66;150;118;51;178;118;66;114;62;67;66;67;73;118;118;46;150;55;66;59;47;100;59;300;150;42;70;66;41;125;118;127;118;47;120;66;44;124;66;67;100;100;100;61;55;48;122;61;66;250;66;68;175;69;65;51;179;150;66;58;195;159;300;51;150;52;66)
seed_7_level_4-2,1330,45951.45919728279,52204336,13817,(150;55;59;54;42;150;42;41;63;46;150;63;150;150;54;40;59;65;43;150;47;150;67;45;54;56;41;58;177;42;42;100;150;150;111;50;111;61;43;115;100;150;41;44;63;49;62;150;111;51;46;41;41;44;41;100;40;41;59;41;114;41;45;183;41;41;50;42;41;41;41;42;48;51;41;326;66;118;67;53;60;150;44;60;119;49;42;62;128;51;62;118;100;66;52;128;61;67;236;182;118;198;67;57;55;58;43;69;69;65;118;66;75;179;60;119;203;187;62;119;51;61;114;118;150;183;100;187;49;100;66;67;300;61;150;41;119;54;66;203;40;55;179;119;241;179;66;43;177;119)
seed_7_level_4-2,1330,46457.64606332779,52914136,13967,(183;41;49;150;41;44;54;41;59;67;46;47;54;60;111;64;51;65;44;111;41;44;171;41;59;41;51;114;41;42;114;42;55;51;40;41;56;48;42;59;41;41;41;150;62;46;66;112;150;150;44;41;111;39;40;48;52;48;41;41;150;114;217;53;59;122;210;174;150;179;39;54;63;150;65;56;150;62;118;66;200;47;123;44;119;100;300;50;115;67;67;52;116;61;59;150;59;40;67;200;42;66;100;100;100;41;47;44;67;119;65;150;62;118;61;66;184;184;67;67;58;100;53;66;43;80;43;128;100;100;67;118;53;178;299;67;100;100;59;63;48;51;55;100;62;100;79;42;55;79)
seed_7_level_4-2,1330,46978.117747306824,53724751,14117,(183;43;44;42;41;44;150;59;172;177;150;62;150;150;150;41;63;200;48;41;42;114;150;150;44;150;58;54;111;48;177;41;113;150;100;39;150;112;41;60;40;100;114;100;111;150;43;150;41;41;41;41;150;58;150;41;41;114;44;111;41;52;62;61;150;299;67;184;66;77;51;51;65;114;41;119;65;39;66;100;100;150;100;100;203;66;73;54;55;67;100;65;67;118;61;66;150;60;118;55;43;50;60;53;67;150;100;174;118;79;118;52;50;227;118;178;150;60;118;67;179;62;55;68;46;51;67;47;69;55;119;179;100;150;66;65;51;66;60;118;59;51;61;119;69;100;53;62;100;200)
seed_7_level_4-2,1330,47491.85715055466,54474608,14267,(183;150;44;100;150;113;45;150;44;45;62;43;52;42;64;150;150;41;44;59;60;120;68;44;44;52;150;41;42;118;44;55;43;150;43;150;150;44;48;150;41;150;60;41;150;150;41;52;100;150;63;150;51;150;48;150;112;113;150;41;41;112;111;112;173;112;63;112;41;299;68;120;49;62;65;67;118;200;65;65;119;47;51;53;66;187;69;67;99;66;66;97;44;57;47;118;57;51;118;86;59;118;66;80;51;42;51;100;44;119;118;69;51;51;124;118;130;66;73;66;300;119;69;61;51;60;51;46;113;59;100;100;51;118;100;55;51;118;65;51;100;66;218;66;41;119;119;51;51;118)
seed_7_level_4-2,1330,48017.22717308998,55406491,14417,(183;41;41;111;44;59;44;100;300;112;44;42;42;150;42;41;114;114;100;150;112;41;46;150;44;66;60;55;41;114;58;48;150;42;42;45;53;41;100;112;150;114;44;114;112;221;41;112;51;55;42;100;100;150;41;60;114;42;52;150;150;150;42;150;114;58;43;58;44;128;42;299;150;41;80;66;100;118;100;64;119;100;185;100;62;150;66;119;119;118;55;250;198;66;66;125;185;46;100;67;119;51;73;100;63;118;122;51;179;65;66;55;119;54;52;100;67;178;51;57;115;79;100;300;118;129;72;118;65;66;50;136;53;41;150;150;179;42;118;300;64;68;47;79;52;73;150;118;118;179)
seed_7_level_4-2,1330,48519.491674900055,56210951,14567,(221;54;51;114;41;42;48;52;41;44;43;51;55;48;60;42;62;54;43;114;150;150;48;52;62;54;44;41;52;44;69;40;150;42;51;100;54;150;150;48;41;114;41;63;41;53;44;66;100;150;150;64;52;42;41;114;100;48;59;200;60;44;42;112;63;111;114;44;60;300;67;60;100;74;69;124;67;71;66;132;114;65;178;119;53;51;100;188;118;65;184;57;150;65;150;100;42;65;56;150;100;57;66;180;52;300;45;250;100;65;125;66;118;64;54;69;183;53;182;66;118;150;119;60;119;123;118;62;65;56;100;189;66;185;112;184;121;71;80;185;61;65;118;118;51;100;51;61;69;55)
seed_7_level_4-2,1410,49060.79065537453,57256301,14717,(221;45;41;52;43;63;41;59;42;64;174;41;44;41;41;150;172;100;63;138;114;150;112;115;54;150;150;60;51;42;62;42;112;150;58;58;42;114;150;41;54;41;111;44;200;100;114;58;114;67;114;114;114;60;41;112;150;115;57;111;42;114;42;150;300;58;100;67;67;119;55;43;63;66;187;78;100;150;186;100;150;199;51;64;66;43;66;65;55;187;100;50;65;400;100;55;62;150;66;219;47;114;118;41;177;120;180;66;51;100;69;76;300;200;153;100;73;49;64;66;350;150;73;71;118;69;69;68;100;119;117;200;79;118;150;65;67;65;58;66;65;69;65;182;124;300;51;79;69;65)
seed_7_level_4-2,1410,49580.99289035797,58098264,14867,(221;112;64;112;46;44;180;62;41;150;100;150;44;112;112;150;41;112;150;150;150;112;52;62;111;41;150;100;150;112;58;44;48;58;42;62;100;63;150;44;41;41;54;40;180;41;57;42;150;42;67;62;114;150;114;46;100;112;44;62;42;44;150;112;111;61;150;61;113;118;65;67;68;66;65;62;66;52;150;74;300;224;60;68;69;300;69;53;51;65;55;44;73;200;66;200;66;150;50;66;62;150;51;86;61;67;69;231;65;60;40;118;70;198;49;112;69;66;100;59;150;66;67;174;62;100;65;60;187;71;66;48;120;66;178;51;65;72;114;52;65;61;119;69;61;178;150;65;66;118)
seed_7_level_4-2,1410,50087.83616757393,58907877,15017,(221;57;64;44;62;54;58;350;200;60;114;114;150;100;300;100;55;150;51;54;111;62;44;70;52;44;55;150;44;111;44;44;112;62;172;44;112;171;112;58;44;150;114;44;41;42;150;60;150;51;41;51;62;62;50;114;55;44;44;44;114;60;55;60;114;114;42;112;279;44;231;60;67;45;65;67;51;120;47;52;42;69;60;67;51;115;51;63;66;69;41;61;66;100;70;69;72;66;66;46;150;41;66;61;66;67;186;250;66;93;65;100;51;200;124;72;53;66;118;150;67;49;51;66;46;126;118;67;178;68;65;118;64;122;57;61;52;205;100;49;43;42;124;65;120;118;70;144;176;66)
