seed_26_level_5-1,803,491.6042528152466,402875,150,(250;100;100;28;30;83;252;18;67;18;71;33;83;100;33;126;78;84;25;73;83;200;29;100;59;59;100;29;22;25;71;34;44;92;48;84;200;58;42;14;200;59;57;21;100;23;63;57;100;31;103;70;51;55;116;30;18;61;31;54;21;22;42;23;93;15;71;32;62;31;35;27;27;24;57;84;50;29;41;100;19;25;31;21;21;28;71;39;164;35;23;100;57;60;26;63;67;35;71;43;94;111;30;100;22;32;19;36;24;79;92;49;28;100;36;17;21;45;47;28;77;48;28;83;33;78;33;31;111;25;24;16;15;40;42;48;100;66;100;57;24;200;22;47;82;18;19;81;37;49)
seed_26_level_5-1,809,1125.386340379715,884991,345,(100;67;100;100;100;54;100;77;100;100;91;60;68;39;50;44;100;100;73;52;100;100;93;100;78;75;50;100;92;114;50;47;70;73;40;21;50;27;63;56;71;39;50;22;24;17;29;50;19;52;53;39;17;53;62;35;35;31;32;100;208;14;26;16;64;28;57;32;29;26;22;37;35;35;31;21;36;14;20;25;200;57;27;28;31;45;24;17;30;14;30;31;23;34;16;29;32;16;24;24;54;25;17;31;35;37;53;17;32;24;26;29;34;100;58;69;150;100;75;117;51;17;100;22;33;38;34;29;63;39;40;40;37;114;71;27;64;90;200;47;61;25;24;30;28;30;71;56;19;23;37;37;28;19;82;19;110;200;26;77;57;30;39;35;16;84;25;32;38;46;14;200;77;30;34;28;82;57;56;105;26;92;80;200;50;15;57;110;83;200;33;57;39;252;113)
seed_26_level_5-1,810,1651.1149122714996,1314095,508,(100;100;73;70;100;100;100;100;52;45;100;45;100;46;100;100;52;100;73;100;50;41;44;55;93;67;67;90;58;100;31;62;100;89;45;200;22;19;18;26;26;34;19;50;64;13;115;50;63;67;23;105;41;31;68;41;54;39;49;23;25;56;63;24;47;88;31;32;57;37;39;47;29;21;30;25;33;39;33;80;26;15;28;24;150;200;24;21;115;49;35;20;23;41;18;24;35;32;37;86;40;48;80;29;32;55;23;57;26;105;26;21;54;26;25;15;47;35;22;35;33;19;126;33;33;30;31;30;50;58;40;58;41;57;84;34;40;57;112;200;100;61;61;25;200;41;16;80;24;25;221;28;41;200;52;58;54;77;41;41;200;208;27)
seed_26_level_5-1,810,2164.4022455215454,1701200,668,(69;100;77;77;100;44;100;48;100;52;100;100;47;100;83;99;46;52;65;65;54;48;100;70;100;45;76;45;36;47;97;44;150;73;85;37;38;30;92;26;47;32;64;32;24;16;17;54;26;39;48;83;24;51;44;28;45;44;34;22;300;28;18;24;54;16;16;31;37;86;41;36;33;28;36;24;57;34;15;42;37;34;18;57;17;23;22;34;20;19;23;21;50;56;62;36;30;39;38;31;16;42;15;57;29;24;34;81;73;57;30;26;57;33;36;20;27;37;133;39;43;15;72;122;50;27;47;49;27;19;50;30;23;200;200;91;91;26;200;31;25;86;20;200;85;84;40;79;36;49;59;26;18;37;78;48;133;200;60;21)
seed_26_level_5-1,810,2664.9455828666687,2031739,825,(68;100;100;56;61;100;67;98;100;100;53;91;100;100;100;104;100;66;73;100;100;70;52;63;49;47;59;49;100;26;29;19;24;47;48;34;100;17;16;48;73;167;54;34;21;38;57;57;43;32;87;34;15;26;148;67;45;24;31;22;100;31;29;59;25;62;25;91;49;32;38;27;26;21;22;58;27;27;29;16;40;41;22;26;28;16;34;39;55;56;42;35;34;35;35;67;30;23;52;55;34;44;54;23;34;35;19;26;25;24;17;23;37;27;35;60;30;32;46;100;28;68;50;30;25;34;38;33;53;24;29;47;49;46;200;66;128;139;16;32;28;122;91;87;56;49;84;22;200;53;200;25;93;25;40;80;53)
seed_26_level_5-1,810,3172.836482524872,2386012,983,(100;73;100;52;100;100;68;73;100;46;50;71;100;100;66;67;100;63;100;100;100;42;96;47;85;42;53;100;77;106;30;33;21;65;67;67;84;22;37;56;25;21;31;16;29;34;200;81;35;45;52;17;24;142;14;14;37;27;29;104;18;38;40;20;35;17;27;97;85;60;31;55;26;38;29;38;19;56;36;32;33;50;32;15;77;33;134;57;41;22;24;40;71;18;45;29;17;109;71;74;43;69;45;50;34;24;47;57;63;49;17;25;32;80;19;17;18;26;32;31;37;130;64;39;18;50;47;88;66;32;23;23;55;27;26;33;47;31;102;25;30;110;36;84;104;174;91;83;55;61;150;100;112;112;26;32;200;58)
seed_26_level_5-1,810,3671.0964493751526,2707843,1139,(50;100;81;47;41;100;100;100;100;45;52;71;100;100;52;53;49;100;55;85;46;98;100;100;97;100;41;88;71;41;36;76;47;57;47;40;59;50;37;22;13;29;72;76;23;41;15;24;26;54;24;50;77;88;45;36;36;29;35;20;29;25;24;66;111;68;18;37;105;16;32;21;28;68;54;14;70;38;119;27;24;25;46;79;58;24;54;26;26;18;32;67;21;23;57;33;32;29;30;21;48;25;38;29;71;52;30;25;47;57;21;16;31;300;34;91;26;54;134;65;85;33;36;22;18;82;32;200;21;28;31;62;33;22;25;200;23;20;28;24;52;18;47;24;28;79;21;29;58;33;79;57;53;100;19;27)
seed_26_level_5-1,810,4164.087226390839,3004389,1295,(100;71;71;84;100;51;100;100;100;50;88;100;98;100;100;90;100;76;56;36;49;46;83;100;84;52;65;100;65;46;100;38;78;72;27;76;109;15;39;19;57;100;17;21;71;15;17;36;28;144;24;110;34;20;18;16;57;31;42;29;35;46;35;19;31;36;70;15;21;32;47;20;19;84;35;32;57;35;24;18;23;18;47;40;23;28;22;56;29;62;14;26;18;26;34;57;34;28;34;16;34;36;26;47;23;150;31;77;38;39;32;46;22;16;55;36;26;36;31;17;14;29;26;41;13;30;23;34;50;110;28;63;31;57;48;33;100;37;79;20;300;80;35;110;18;25;38;124;77;22;27;15;25;34;22;30)
seed_26_level_5-1,810,4645.7029139995575,3364453,1448,(100;61;53;71;100;100;100;100;41;100;100;71;92;100;41;74;76;30;100;100;51;87;100;49;90;49;78;150;67;200;105;24;112;32;61;39;25;38;19;27;35;111;88;46;31;13;29;83;57;18;34;18;29;34;15;28;33;100;28;57;33;34;30;78;24;47;61;25;94;54;17;23;120;38;54;96;59;132;51;28;35;40;28;37;33;39;22;87;57;47;53;41;19;34;36;23;71;33;48;31;59;18;21;34;39;33;98;54;20;39;32;21;20;25;14;26;57;42;22;92;23;27;35;19;34;36;94;110;48;57;63;200;30;64;41;37;30;29;30;30;49;185;200;76;106;48;57;124;81;77;30;123;59)
seed_26_level_5-1,810,5144.414468050003,3645243,1603,(68;100;41;100;100;100;41;100;83;100;98;100;41;67;50;68;45;100;40;100;96;100;100;47;71;100;90;80;34;34;36;19;40;22;27;22;78;88;81;24;82;26;22;29;18;114;17;99;34;19;33;21;55;61;22;48;23;32;20;22;28;35;24;42;29;56;37;57;20;41;82;44;82;57;23;54;22;25;81;62;32;33;68;20;22;14;43;27;19;17;18;32;18;54;23;37;67;52;35;17;14;24;35;21;35;35;17;24;35;29;33;26;31;33;55;250;20;28;31;35;56;120;29;62;18;57;64;54;24;38;23;14;57;63;35;81;106;47;38;34;76;127;20;31;108;29;85;21;100;59;25;108;30;58;79)
seed_26_level_5-1,811,5633.569429159164,3959748,1758,(100;46;100;100;74;100;71;95;71;77;100;62;55;100;77;100;100;100;90;53;100;100;65;51;100;52;91;62;47;70;100;36;57;24;22;100;24;18;42;47;79;86;17;27;64;28;50;17;58;49;57;19;30;32;18;41;50;200;57;26;25;24;69;34;35;38;28;31;19;18;22;44;40;15;16;24;23;50;56;23;34;20;57;37;29;13;39;28;27;38;26;31;33;23;34;37;16;26;126;19;40;38;269;56;22;80;19;27;25;100;54;25;35;31;21;25;33;86;32;95;29;49;54;62;49;74;26;47;36;198;50;54;31;109;54;35;33;40;28;35;79;25;30;28;22;33;107;54;25;98;35;56;42;94;21)
seed_26_level_5-1,811,6126.839412927628,4314070,1913,(100;100;100;71;100;100;89;100;100;100;100;97;100;100;98;100;100;100;100;69;100;100;53;60;54;71;100;70;100;100;59;150;28;200;81;29;81;29;76;38;19;34;24;38;76;15;83;20;43;79;100;13;34;42;28;36;97;112;23;18;40;17;18;17;63;24;28;30;34;57;200;29;27;26;18;49;58;54;54;33;19;15;81;14;52;24;29;31;80;27;24;29;32;34;41;26;24;36;26;21;24;28;24;23;27;30;40;47;17;25;33;23;23;22;33;19;37;55;55;48;16;56;52;35;57;143;57;28;25;17;41;20;26;31;48;71;57;124;27;114;110;23;21;35;57;94;55;200;22;93;66;128;22;32;100)
seed_26_level_5-1,811,6628.954289197922,4669424,2070,(67;75;70;100;100;98;100;100;90;61;100;71;99;100;40;78;100;100;66;42;100;83;100;56;55;71;96;52;53;34;31;39;35;150;40;39;50;21;100;94;61;52;77;24;22;32;29;25;30;23;14;14;35;33;31;38;60;38;200;67;103;24;14;36;39;99;24;85;14;17;30;39;93;33;57;92;24;35;59;27;42;150;190;76;23;37;25;56;26;28;21;39;18;54;37;15;47;26;39;33;19;67;250;60;28;33;54;18;30;31;32;47;28;29;27;16;29;41;15;17;31;29;61;41;88;50;79;44;23;84;54;115;14;24;50;62;24;38;36;106;157;39;37;31;30;32;83;85;133;28;107;22;100;31;44;54;32)
seed_26_level_5-1,811,7118.740154266357,5047566,2224,(100;77;100;100;100;100;84;47;100;100;100;100;100;35;92;41;100;124;100;67;70;100;88;100;73;93;40;52;45;96;160;35;102;48;75;27;22;90;17;23;26;23;32;19;52;34;27;153;51;76;21;31;24;38;14;41;111;29;28;29;54;41;53;24;16;21;16;32;70;22;35;29;26;27;29;19;24;97;28;25;20;26;16;20;31;50;216;33;45;79;24;34;32;54;77;17;64;50;32;52;59;70;21;39;30;33;44;38;29;40;26;19;34;30;111;26;34;23;42;15;200;121;67;38;55;58;62;57;23;32;47;33;30;36;80;58;14;108;27;56;60;32;89;16;17;300;137;53;28;15;133;35;132;26)
seed_26_level_5-1,811,7622.13169670105,5389672,2381,(64;100;94;43;100;46;100;100;99;68;100;100;100;70;78;100;56;44;73;100;39;47;47;100;58;100;32;100;100;70;200;94;49;150;48;27;100;33;82;22;57;49;23;108;34;16;23;35;84;27;35;13;22;37;57;37;37;35;15;34;32;77;58;57;30;16;22;17;34;25;29;35;30;33;35;36;39;30;57;33;23;15;14;41;28;31;38;32;54;26;34;19;47;14;41;45;45;59;46;33;62;56;110;27;30;33;27;22;13;33;27;26;19;28;87;34;72;33;30;25;25;45;21;66;120;47;59;42;200;54;30;50;18;39;23;28;166;79;113;27;26;200;46;65;18;78;47;152;200;63;50;34;60;29;24;24;18)
seed_26_level_5-1,811,8121.159173965454,5719106,2536,(100;100;46;100;73;61;100;100;98;44;100;61;46;100;60;66;28;56;67;87;53;82;53;39;111;62;66;34;79;100;79;86;15;21;25;41;59;16;35;21;31;18;19;45;131;52;33;23;70;210;50;77;30;24;29;92;24;24;100;15;58;31;25;37;29;54;87;17;25;22;39;88;200;33;29;36;66;16;16;31;87;46;32;37;19;32;20;127;23;54;30;16;29;28;26;49;36;35;45;27;26;50;110;14;18;85;34;17;24;31;48;165;28;21;17;26;27;30;14;25;28;28;28;71;104;28;54;31;33;52;34;47;25;41;37;25;58;32;34;50;47;24;47;81;200;46;151;27;78;37;22;91;36;200;83)
seed_26_level_5-1,811,8684.593745470047,6063059,2716,(68;60;100;99;46;77;72;100;100;100;107;141;37;50;82;90;91;64;17;35;17;32;36;65;100;48;16;16;29;38;54;24;16;30;18;35;39;104;35;77;25;30;20;18;40;26;36;34;50;24;36;52;83;19;200;100;30;35;25;50;31;50;57;53;14;35;37;18;34;25;18;128;19;24;25;38;28;30;33;50;59;37;15;17;24;19;15;15;32;32;83;200;37;100;16;62;32;17;67;26;21;32;21;19;15;41;31;47;38;25;30;50;24;78;46;33;33;100;87;27;31;100;22;109;185;111;30;47;47;27;31;24;35;34;18;126;77;15;100;22;29;100;34;56;100;52;54;24;25;41;22;57;24;21;57;28;41;62;57;50;52;29;37;200;49;20;33;28;21;81;27;27;78;200;29;29;23;41;57;28)
seed_26_level_5-1,811,9175.621948480606,6409411,2872,(100;46;66;100;98;46;100;22;100;44;100;82;40;100;43;32;28;84;60;61;48;47;49;38;32;42;16;14;17;200;25;26;23;74;66;50;60;32;37;62;18;25;34;22;39;29;92;34;14;34;35;50;63;35;17;34;56;36;37;63;189;23;40;138;27;164;32;35;36;200;27;100;42;26;26;34;78;29;28;105;33;14;34;31;14;47;36;37;31;39;21;37;18;24;35;79;37;40;57;22;17;28;26;54;18;19;30;17;47;47;50;56;35;58;17;43;67;40;54;15;28;64;200;200;41;25;31;27;19;200;35;30;63;201;24;80;18;27;27;28;27;79;112;46;57;92;50;25;26;32;150;23;90;24;34;59)
seed_26_level_5-1,811,9690.076392173767,6691716,3036,(49;72;66;100;100;41;200;38;75;93;113;34;34;60;35;51;59;21;46;26;43;89;20;24;57;25;15;25;18;75;77;88;31;30;32;17;26;38;84;86;54;45;117;33;31;26;26;36;14;27;34;50;30;43;91;33;59;19;19;29;28;28;21;26;59;19;23;27;73;44;22;21;37;33;24;49;27;32;26;14;48;45;64;19;37;46;78;30;22;58;30;24;56;100;27;57;49;33;41;98;19;31;18;26;34;35;19;81;54;32;22;50;18;51;100;134;200;24;66;73;37;47;24;13;54;38;24;26;47;27;33;36;49;109;22;149;27;24;22;63;25;36;16;47;24;56;16;61;18;60;16;37;21;112;109;200;17;15;37;47;100;130;37;31)
seed_26_level_5-1,812,10188.293054103851,7043510,3192,(51;35;100;89;50;28;81;113;14;132;31;40;32;29;26;56;56;56;32;26;49;37;19;39;38;25;44;200;20;47;30;16;42;26;51;28;25;19;108;59;88;26;33;57;50;20;69;83;77;27;25;30;82;150;16;16;18;24;24;32;32;33;113;25;60;25;24;200;47;51;59;33;25;38;82;38;61;50;97;93;111;22;28;15;23;19;19;22;56;36;22;24;16;60;35;36;30;26;70;41;66;25;113;20;38;34;24;109;33;100;89;35;18;27;42;47;31;114;51;80;107;27;59;91;28;36;63;29;23;105;59;100;75;81;27;41;87;190;55;31;115;58;115;47;34;50;216;97;54;33;34;100;55;200;34;20)
seed_26_level_5-1,812,10657.451850414276,7322761,3341,(60;100;44;55;61;35;53;100;28;31;50;37;21;32;55;16;30;38;31;28;25;26;28;25;87;18;29;32;28;23;54;37;23;17;37;57;25;33;36;31;22;16;47;14;47;28;19;27;30;23;67;25;37;49;35;66;26;18;53;20;29;22;53;38;40;33;26;22;37;14;35;24;109;60;167;26;35;47;55;34;50;15;21;23;110;27;28;200;65;17;30;39;15;24;57;55;50;47;22;39;39;22;30;200;31;203;28;105;37;118;114;183;71;49;33;24;55;26;40;126;79;78;35;23;54;79;66;36;171;38;31;28;31;30;58;47;27;47;19;58;54;34;23;181;22;34;16;113;35)
seed_26_level_5-1,812,11131.31666302681,7616500,3491,(49;35;100;32;64;80;73;43;34;24;29;63;32;26;51;100;73;100;27;18;37;15;48;23;19;14;35;35;48;56;32;105;37;50;41;79;37;15;23;54;33;23;18;200;67;30;22;89;17;28;24;24;23;57;82;22;69;50;14;59;47;30;56;110;34;26;30;30;74;42;24;39;25;108;86;200;55;23;31;20;36;53;49;20;30;26;37;18;23;56;26;33;56;39;90;53;44;47;50;23;16;50;200;40;24;29;47;25;78;32;34;35;25;23;38;23;158;16;39;33;18;50;23;86;62;54;38;21;52;54;32;24;80;27;100;200;14;23;85;56;100;31;179;105;47;20;51;108;111;50)
seed_26_level_5-1,1009,11594.259971857071,7951450,3638,(87;66;95;100;14;67;55;107;22;16;63;30;32;100;49;32;47;33;57;23;24;62;73;37;28;26;38;57;24;26;39;21;38;28;16;55;47;50;79;38;30;36;47;28;40;56;57;36;30;56;18;61;24;23;67;200;56;22;34;26;99;44;114;53;38;39;30;16;48;32;31;59;25;62;78;21;57;47;33;200;22;16;32;85;73;177;62;84;100;49;31;24;16;35;56;81;32;50;31;95;27;28;38;47;25;200;57;33;40;21;40;79;27;42;27;87;90;36;64;30;31;116;200;19;100;100;54;29;59;25;55;14;16;22;220;37;81;77;61;35;30;71;34;80;80;20;193)
seed_26_level_5-1,1009,12051.048977851868,8300140,3785,(81;36;100;50;31;100;150;26;47;34;18;77;16;26;25;40;24;27;29;27;79;24;21;20;24;24;73;28;45;21;20;50;33;32;27;15;33;16;23;79;100;85;40;46;43;19;30;38;24;29;54;61;200;32;35;116;25;22;36;35;38;57;84;23;111;28;22;15;52;36;56;60;106;44;36;57;32;50;54;49;45;49;44;100;134;34;27;24;37;59;26;81;17;41;47;19;250;50;53;29;31;31;55;31;28;34;79;31;98;142;52;47;200;200;32;14;33;50;87;55;52;19;200;200;17;27;58;44;105;56;26;49;31;16;200;25;62;35;86;24;66;62;25;49;74;29;34)
seed_26_level_5-1,1009,12489.441045284271,8648139,3926,(100;93;100;35;41;27;32;38;17;32;34;35;52;15;34;31;26;34;100;20;34;24;29;28;37;32;33;20;92;52;33;19;207;36;47;47;17;47;82;34;63;200;28;67;59;17;23;34;50;26;81;50;38;32;58;16;47;65;200;109;57;84;54;44;29;39;18;37;66;38;21;46;37;21;82;46;36;25;40;57;25;21;200;33;18;54;46;50;22;31;47;18;52;62;57;20;102;55;24;39;194;100;40;28;57;50;189;24;26;64;148;130;26;34;41;23;200;126;26;32;32;150;53;115;80;42;28;32;20;50;57;26;24;200;29;16;16;33;51;34;113)
seed_26_level_5-1,1009,12938.430901050568,9016221,4070,(100;100;111;200;29;26;19;23;46;26;24;28;31;19;39;21;36;50;48;18;18;27;17;33;23;50;71;79;36;16;31;25;36;33;36;34;32;43;70;87;25;21;21;20;49;147;38;34;35;26;77;117;81;30;53;30;32;52;200;26;24;34;43;37;28;43;73;38;51;51;85;200;15;200;23;39;200;117;30;31;52;39;24;21;129;37;27;56;33;200;36;116;32;200;25;22;51;36;196;54;57;77;56;47;59;60;57;30;30;32;54;49;39;86;36;20;28;81;34;31;30;50;100;50;33;13;163;86;54;77;16;79;36;50;114;47;19;35;47;30;168;33;36;34)
seed_26_level_5-1,1009,13396.594443798065,9389014,4218,(62;100;100;20;26;22;38;25;24;54;29;51;72;55;37;34;54;32;35;26;29;36;18;65;24;36;27;28;48;71;33;24;250;100;35;36;41;50;108;30;21;28;16;32;52;28;43;55;27;31;70;33;32;22;23;20;42;100;32;14;24;25;161;47;31;15;39;57;25;30;39;74;38;33;30;113;79;28;32;23;22;38;39;35;21;55;87;26;19;20;15;53;59;160;85;200;20;200;57;43;37;29;83;37;30;26;28;50;32;54;30;80;30;50;63;200;38;15;15;200;150;31;38;271;40;16;105;47;47;49;79;34;29;32;38;133;54;151;48;130;100;114;35;20;21;96;69;32)
seed_26_level_5-1,1009,13855.196454048157,9751594,4361,(66;63;38;29;17;34;36;31;80;105;32;86;17;39;26;42;82;57;36;93;34;14;24;20;22;24;32;26;38;200;31;36;26;77;108;23;30;24;16;33;28;200;54;77;36;18;34;22;47;79;22;47;34;65;32;20;18;18;30;99;200;19;33;36;59;87;47;58;27;54;37;100;54;32;64;52;37;26;21;54;28;31;16;23;17;27;26;28;28;31;43;52;48;35;34;87;115;47;31;87;40;51;28;129;35;200;200;126;27;21;26;139;57;53;37;200;28;34;80;109;57;21;108;100;81;97;32;143;100;38;76;37;42;88;200;105;29;33;72;49;91;89;56)
seed_26_level_5-1,1009,14307.607281923294,10079806,4505,(100;82;23;37;28;26;33;43;28;19;47;24;21;54;31;26;50;28;37;35;54;17;38;33;57;29;24;26;29;24;33;22;34;15;28;39;15;14;21;40;200;17;28;77;113;23;25;24;87;35;200;84;105;48;21;153;30;31;77;30;47;31;50;25;27;36;54;77;37;110;105;24;108;30;48;50;106;26;27;25;250;78;53;56;47;22;35;24;67;35;42;53;58;124;77;54;57;77;57;24;56;160;31;136;114;65;29;36;38;17;93;18;46;56;28;57;57;85;28;80;200;31;22;36;200;30;24;15;16;24;47;27;47;27;28;83;89;37;24;20;36;25;150;36)
seed_26_level_5-1,1012,14783.732498407364,10524692,4652,(100;66;57;18;26;46;35;18;23;31;126;46;200;50;26;22;57;57;35;32;18;26;19;200;133;19;23;36;32;18;25;32;24;31;19;40;26;57;21;100;200;59;81;36;35;22;50;26;61;20;57;36;115;47;26;26;30;22;22;17;58;35;28;31;39;30;17;13;21;28;27;31;128;50;150;100;21;30;21;54;19;58;59;83;100;26;35;57;30;77;29;30;130;35;17;47;31;29;100;23;109;23;18;19;122;105;54;71;36;27;200;250;31;37;34;113;27;87;41;60;100;37;126;172;25;109;80;50;29;47;54;105;57;71;87;276;82;25;167;61;200;91;200;14;31;47;15)
seed_26_level_5-1,1012,15243.561530590057,10832865,4802,(85;30;33;30;26;21;19;16;66;32;14;30;83;61;32;23;25;27;52;47;24;25;59;28;16;19;18;52;70;29;34;100;22;50;30;34;39;54;35;23;31;28;45;27;100;76;47;45;17;100;27;28;33;54;25;29;29;54;36;35;36;37;100;50;150;96;56;32;38;40;61;57;29;110;58;19;50;57;32;69;27;26;77;34;23;110;18;47;28;86;44;30;32;36;77;27;57;18;38;124;47;48;22;105;23;27;54;200;79;30;71;113;105;40;47;37;50;126;200;27;78;28;17;51;34;57;53;83;20;18;27;37;52;110;200;42;47;19;24;19;38;54;26;200;25;56;47;68;200;77)
seed_26_level_5-1,1012,15700.817868947983,11253184,4945,(54;28;15;39;110;15;61;16;50;21;28;18;18;16;91;61;17;47;85;14;32;59;39;20;30;77;54;53;23;140;58;100;14;27;25;29;24;196;98;26;38;34;35;32;66;19;14;100;30;20;61;21;26;24;42;70;57;19;200;133;28;19;17;141;17;21;23;106;39;37;84;58;75;28;37;22;54;200;16;25;50;200;33;32;86;27;23;23;17;24;200;32;17;47;22;54;39;36;25;19;31;40;39;128;40;28;22;33;100;250;84;200;15;24;47;200;47;47;200;100;84;20;200;97;47;19;57;83;21;38;77;78;57;200;30;77;99;35;31;29;35;86;32)
seed_26_level_5-1,1012,16174.990375518799,11702031,5092,(20;24;18;34;28;150;100;27;50;26;28;24;30;33;31;150;47;18;24;24;30;79;75;54;29;57;37;27;57;31;83;50;100;83;44;100;24;17;47;24;38;57;87;66;83;38;40;57;27;52;19;28;31;67;69;39;29;28;53;255;33;26;32;82;27;53;92;36;37;24;35;31;50;29;22;200;81;27;57;100;105;120;36;17;27;17;119;200;49;25;15;200;57;50;36;31;29;85;25;57;200;28;25;57;22;54;24;200;150;59;19;195;58;55;195;51;31;133;47;40;30;30;34;22;17;77;27;77;116;47;105;95;77;25;19;14;159;24;25;83;105;200;89;25;28;30;200)
seed_26_level_5-1,1012,16645.03369474411,12113286,5243,(14;35;124;57;21;16;24;32;50;50;19;22;22;36;106;47;45;200;30;66;200;33;33;50;200;30;30;200;27;100;54;32;24;16;38;14;16;33;25;27;32;14;25;29;23;25;39;18;47;59;32;32;29;28;66;56;35;113;32;28;37;29;55;50;200;86;116;26;31;158;32;24;23;82;50;32;200;200;44;28;32;50;21;23;80;24;54;20;41;150;71;31;43;87;119;30;24;15;22;200;47;35;200;20;105;14;40;76;28;47;29;99;38;20;47;132;100;50;29;58;27;118;132;37;30;28;200;34;33;28;34;36;26;108;105;30;29;85;54;54;22;110;32;34;25;18;41;24;29;34;40)
seed_26_level_5-1,1012,17120.658571720123,12624586,5390,(65;78;17;94;19;37;24;27;32;22;15;34;31;15;34;28;26;41;21;26;33;114;15;28;60;19;350;32;40;26;23;21;56;35;66;36;57;27;63;38;112;53;49;32;163;47;55;75;44;46;50;22;22;32;83;29;57;29;19;200;49;147;200;26;35;18;27;60;24;30;62;26;48;52;25;50;200;200;50;32;33;27;200;200;105;176;24;22;24;199;32;17;26;200;130;166;46;25;27;30;18;41;47;118;31;25;55;32;89;141;32;116;47;25;130;47;24;77;51;193;18;40;25;25;28;54;52;16;14;18;200;26;115;70;29;100;36;36;36;133;18;19;200;15;107;37;61)
seed_26_level_5-1,1012,17606.794113874435,13145046,5542,(150;85;100;41;36;15;40;25;54;24;44;24;81;72;34;32;14;41;23;34;18;66;29;33;51;51;54;54;63;13;37;64;92;35;24;36;27;22;26;20;24;32;18;35;32;79;42;34;81;35;150;23;87;28;29;28;55;75;49;84;37;87;100;52;54;72;40;200;34;150;25;113;111;84;57;250;36;100;100;50;26;105;95;50;189;17;200;19;47;79;19;25;59;17;19;123;108;100;24;42;88;23;200;87;17;200;200;200;30;58;50;24;78;77;32;21;48;28;26;145;35;17;18;164;200;77;38;81;200;28;91;104;31;24;194;127;35;200;24;76;31;47;14;47;113;23;49;28;56;22;70;38)
seed_26_level_5-1,1012,18083.917234420776,13633641,5691,(20;29;95;22;24;33;32;38;32;117;19;15;19;16;32;16;25;19;27;150;150;35;40;56;31;54;36;28;47;36;47;20;30;36;81;17;17;36;29;28;34;52;25;33;19;53;60;31;28;28;100;40;49;39;18;27;24;33;200;80;33;195;28;16;18;98;200;38;19;35;58;61;131;62;16;37;27;15;19;105;31;32;29;96;15;54;54;23;40;54;57;23;34;38;138;80;200;66;25;27;26;57;35;37;200;19;25;19;17;22;200;57;50;23;200;200;22;51;41;105;215;127;31;54;47;37;18;33;27;200;63;250;149;31;29;23;36;48;32;15;23;200;200;25;200;20;33;200;18)
seed_26_level_5-1,1012,18567.589712381363,14164603,5840,(27;31;22;56;29;100;34;65;24;100;36;23;66;15;66;16;28;28;100;18;50;48;51;25;24;57;84;42;38;137;24;150;200;200;77;16;38;37;34;28;200;77;105;80;67;16;67;39;77;146;23;15;16;19;26;29;84;57;34;23;57;37;24;54;24;149;36;36;92;32;57;54;57;46;37;200;124;85;300;47;69;200;30;82;87;130;17;52;55;29;57;57;13;28;51;29;50;207;57;29;61;58;54;30;85;65;32;37;80;24;16;200;34;47;23;34;48;200;20;200;31;200;38;79;23;200;30;83;30;71;25;28;51;54;109;78;56;25;200;200;15;27;28;77;79;48;34;32;32)
seed_26_level_5-1,1012,19028.262573242188,14691440,5985,(24;22;42;77;71;32;33;33;35;39;31;35;81;52;30;15;34;25;25;82;55;55;33;54;57;40;75;57;25;54;57;33;45;18;97;38;89;122;41;26;51;83;25;86;54;57;161;200;25;21;200;76;14;33;37;47;200;79;61;117;50;15;47;34;208;54;110;200;24;18;32;35;80;40;30;19;36;36;38;34;39;27;53;31;41;28;33;39;57;31;41;55;50;51;83;35;57;200;250;47;77;14;87;30;200;200;30;52;31;200;35;127;21;33;27;21;33;40;200;84;79;77;200;17;32;28;21;18;200;30;20;47;200;36;47;200;18;250;88;16;63;100;36;21;77)
seed_26_level_5-1,1012,19512.843759536743,15401164,6132,(40;132;66;56;39;83;21;22;15;26;31;31;272;129;96;59;24;40;30;39;30;25;26;50;26;19;136;25;200;129;41;23;55;82;55;34;22;69;16;84;85;16;83;51;91;77;118;30;54;79;34;57;39;51;37;50;29;54;39;56;57;31;34;32;29;81;22;200;47;200;28;200;200;200;200;200;30;18;54;54;83;57;54;200;24;25;163;22;31;200;200;39;47;39;34;24;77;150;105;100;47;34;150;200;200;54;27;147;35;200;37;52;163;105;200;200;200;30;47;14;200;47;200;97;29;54;74;26;89;100;104;33;98;22;33;35;22;42;172;33;139;24;79;154;37;47;87)
seed_26_level_5-1,1012,19996.106192827225,15992787,6281,(22;41;30;33;26;28;100;18;31;69;100;15;31;36;52;39;36;17;214;57;57;87;83;23;200;37;80;54;26;82;16;26;80;92;21;31;26;88;138;24;56;200;54;20;54;159;54;57;50;63;151;52;54;87;23;200;32;38;77;200;81;31;49;200;105;79;33;27;25;24;66;24;21;200;108;30;25;26;52;51;100;32;148;77;22;43;62;24;28;43;20;39;100;51;29;77;27;200;22;35;37;51;23;30;34;29;84;54;201;22;30;22;29;100;192;54;100;37;200;105;15;200;200;14;15;54;49;34;28;82;32;32;200;130;200;200;39;51;50;200;30;84;23;32;24;133;200;19;55)
seed_26_level_5-1,1359,20478.877355337143,16570682,6428,(28;150;33;34;32;31;24;23;100;30;27;37;157;47;83;35;54;47;43;51;52;200;57;62;17;55;116;38;38;26;111;35;57;25;57;57;43;38;56;41;33;57;200;18;51;27;57;317;34;28;161;169;81;87;36;36;30;28;115;30;57;40;36;29;15;54;200;37;50;200;47;18;48;21;19;105;49;47;19;107;55;78;200;19;38;68;117;17;200;28;67;104;27;47;31;200;79;47;28;33;200;20;26;22;18;30;25;52;68;100;64;116;58;37;18;56;65;87;28;200;26;25;20;47;75;200;27;56;49;39;200;200;52;77;51;32;51;38;56;52;54;83;200;30;200;25;200)
seed_26_level_5-1,1359,20961.305124282837,17109070,6576,(51;32;29;32;32;38;27;149;100;101;100;61;54;28;54;42;34;40;54;36;100;26;38;29;87;87;33;40;81;31;28;40;23;105;71;35;16;34;36;30;77;18;200;77;52;43;57;62;200;15;33;47;121;14;36;31;55;87;39;103;28;121;22;94;179;81;45;87;25;42;100;59;56;200;40;16;72;38;55;61;37;30;67;23;27;62;33;30;83;110;59;32;77;20;36;17;200;78;22;20;51;21;108;34;200;107;107;156;86;33;47;19;200;106;34;84;38;51;49;79;24;24;200;22;49;47;167;200;50;200;23;200;50;87;90;33;200;141;31;65;41;125;238;54;77;17;16;83)
seed_26_level_5-1,1359,21449.8531999588,17664663,6729,(51;53;87;41;50;31;65;27;64;34;54;27;57;54;33;23;38;65;161;46;40;22;72;13;43;38;28;54;35;100;200;32;51;61;37;34;89;27;46;84;113;37;30;33;31;57;32;87;29;36;36;38;200;52;22;200;148;41;54;85;200;83;35;78;51;27;58;32;89;28;86;129;83;34;27;40;28;37;37;21;25;38;28;34;64;83;58;39;26;145;18;17;14;26;24;14;27;53;72;116;37;51;17;58;31;32;200;47;17;22;77;18;26;64;37;57;200;59;47;200;100;65;105;29;200;139;150;29;70;33;35;321;38;150;300;150;26;28;25;130;39;57;105;16;13;84;49;79;21;51;200;116;109)
seed_26_level_5-1,1359,21939.224875211716,18254546,6879,(81;39;34;26;33;150;100;38;152;21;30;49;25;32;29;22;24;22;200;17;200;109;161;63;59;15;48;25;18;33;57;57;22;57;57;58;100;54;200;95;73;39;58;31;37;40;46;58;25;113;28;33;54;87;25;64;200;57;57;32;40;142;183;37;202;30;31;94;43;47;138;30;24;145;245;34;49;83;62;58;59;150;240;73;63;162;64;54;105;77;47;105;19;68;28;106;50;36;26;30;21;58;222;26;33;47;20;84;154;54;77;27;33;67;25;27;79;34;200;27;32;176;27;47;47;85;200;25;37;31;220;200;47;28;64;56;51;27;25;56;34;101;54;36;40;28;95;33;150;36)
seed_26_level_5-1,1359,22421.894640684128,18784982,7029,(41;37;46;26;25;44;23;100;115;100;56;36;154;50;100;198;56;24;28;84;54;25;150;54;62;57;54;95;26;43;150;36;21;35;121;47;31;67;107;38;43;44;42;200;200;36;88;132;33;31;200;43;26;36;212;34;33;52;23;52;24;20;57;54;21;106;35;76;47;30;20;52;93;134;200;22;19;47;23;47;42;19;19;68;200;18;47;29;21;26;18;54;28;24;23;224;126;32;24;87;24;31;109;19;37;30;32;51;96;154;63;100;121;26;113;38;250;47;38;50;38;220;172;35;28;55;18;45;20;53;248;57;33;17;25;47;57;47;29;31;22;21;19;31;200;38;21;27;16;47)
seed_26_level_5-1,1359,22917.60730624199,19409609,7180,(31;22;95;166;17;26;66;200;53;106;16;31;23;80;19;16;21;18;63;186;25;87;27;57;31;32;20;40;221;68;57;41;57;113;38;36;54;55;34;29;54;57;41;54;54;25;17;159;19;35;60;58;25;32;28;32;28;62;133;38;33;20;35;18;190;16;50;96;189;55;140;35;55;55;182;300;251;48;30;43;48;250;28;37;350;30;28;22;38;235;18;26;128;54;25;24;54;27;200;31;57;81;19;54;35;47;17;189;16;18;47;17;27;25;27;57;21;16;105;39;43;27;200;29;33;30;61;22;200;30;40;49;87;40;18;56;200;69;153;30;26;79;58;51;25;83;200;33;14;24;42)
seed_26_level_5-1,1359,23414.556740522385,19971060,7332,(200;79;26;20;134;20;19;35;33;14;27;77;136;32;19;179;82;23;45;54;86;49;131;20;37;60;66;27;32;40;49;121;19;91;18;25;22;100;48;19;18;65;200;19;37;92;56;29;102;36;119;67;26;49;39;38;27;27;37;46;86;97;57;54;21;24;19;30;100;205;89;54;54;250;54;54;44;100;41;200;36;57;99;54;31;87;54;25;200;19;54;115;34;66;25;28;126;26;42;113;57;51;77;81;41;34;61;38;34;35;39;200;37;35;200;47;60;24;25;31;37;57;20;24;47;36;79;50;79;24;124;109;25;84;150;24;96;150;150;45;35;61;60;31;250;70;34;250;100;250;58;31)
seed_26_level_5-1,1359,23922.66804099083,20645341,7485,(52;21;41;39;57;36;54;16;92;35;50;25;200;82;250;90;200;29;23;155;300;25;100;34;53;103;35;93;40;119;121;27;25;173;24;100;150;42;63;48;144;57;53;57;66;29;160;149;26;27;48;21;116;79;160;40;61;59;200;59;54;200;23;44;54;188;218;24;19;25;25;79;34;125;56;36;53;36;32;134;122;50;28;116;58;71;77;20;77;26;47;164;89;33;21;28;64;49;54;46;19;79;200;20;200;77;25;189;39;21;107;84;86;18;17;32;31;14;36;83;51;50;21;29;85;40;54;108;27;24;27;40;87;31;200;39;137;67;196;171;69;24;39;196;87;25;40;150;100;43;125;46;17)
seed_26_level_5-1,1410,24433.981560230255,21541005,7636,(106;200;21;150;78;150;54;68;18;150;35;83;350;112;100;51;36;62;35;132;54;123;32;22;45;16;21;200;77;18;47;17;27;48;115;31;66;58;57;25;26;36;34;19;47;54;28;55;250;19;250;46;100;150;85;45;400;350;31;300;76;92;136;100;32;250;200;150;87;36;100;31;70;23;34;40;67;156;47;63;29;149;90;177;100;117;100;28;79;192;26;154;16;200;32;50;21;48;20;20;35;24;57;37;24;111;36;79;188;25;189;27;29;107;108;31;200;47;47;28;77;59;30;77;30;108;52;77;22;44;130;18;28;200;26;57;33;35;36;51;34;24;40;62;119;79;63;30;52;200;200)
seed_26_level_5-1,1410,24924.90738606453,22122801,7785,(201;156;27;145;59;150;47;70;141;100;100;25;27;61;81;38;33;37;21;30;20;27;24;38;110;17;41;63;27;40;34;54;24;18;70;32;101;52;26;56;31;51;200;25;28;35;23;77;32;56;20;27;17;34;20;37;113;100;50;86;57;37;54;70;150;150;146;58;57;21;54;108;54;54;22;200;156;19;24;30;28;35;160;38;86;20;50;38;27;200;37;24;50;24;15;198;178;100;91;54;43;100;300;95;49;92;250;121;76;86;200;100;32;150;112;33;21;49;36;85;91;24;43;147;23;25;24;105;105;47;48;47;49;200;77;30;81;25;48;32;119;76;57;42;107;124;30;65;105)
seed_26_level_5-1,1410,25434.516972780228,22979173,7934,(59;100;116;150;38;38;31;60;39;53;40;23;61;52;100;158;100;126;48;40;118;67;250;71;70;19;117;81;56;34;184;22;200;100;28;350;56;21;36;29;36;50;24;18;15;27;29;23;100;56;24;87;22;17;350;153;50;86;19;100;107;54;191;62;60;29;118;35;37;97;29;30;62;37;22;166;39;35;112;40;52;250;100;42;22;100;41;57;148;22;242;40;177;39;91;193;33;25;40;42;53;67;28;30;208;171;87;65;32;266;20;54;200;38;18;28;31;50;115;79;187;141;109;49;57;108;27;20;207;132;21;16;25;47;34;58;19;200;200;65;107;14;350;133;52;48;25;200;35)
seed_26_level_5-1,1410,25935.760395765305,23703331,8083,(38;66;35;34;137;32;123;23;38;21;49;184;15;30;36;51;23;101;25;112;150;72;23;33;28;83;45;117;68;14;116;34;22;27;22;57;247;84;82;114;156;54;57;56;15;58;115;27;29;200;106;134;40;171;200;73;55;135;200;28;83;350;250;100;200;100;30;100;100;300;39;31;43;83;40;41;31;41;100;24;58;24;66;24;40;100;56;33;55;39;39;171;150;41;100;19;200;100;200;30;22;54;50;18;131;70;37;126;140;77;81;103;192;97;65;96;29;25;41;48;34;124;27;23;130;61;132;134;108;25;200;79;62;47;47;97;28;39;133;47;48;108;66;36;22;18;47;23;16)
seed_26_level_5-1,1410,26410.056063890457,24183735,8232,(23;36;55;42;44;30;250;26;58;67;66;100;97;95;30;65;34;59;62;92;39;38;32;83;61;60;54;34;47;42;24;41;38;34;140;206;49;43;86;63;99;240;69;35;70;111;36;20;27;50;48;250;103;54;47;54;100;29;44;91;85;36;82;25;80;37;31;64;57;57;130;109;37;200;58;73;58;31;32;91;122;57;30;34;50;27;32;24;32;50;29;50;150;16;102;41;30;41;33;20;41;38;123;78;41;23;29;38;58;58;100;57;100;110;35;34;31;84;118;15;50;21;48;117;110;32;77;105;48;138;99;34;47;50;24;47;33;25;77;200;30;24;57;210;28;19;51;100;183)
seed_26_level_5-1,1410,26909.354189395905,24864315,8383,(250;250;101;100;250;234;24;200;173;28;200;28;30;86;74;32;102;30;100;250;200;56;250;26;58;33;67;77;33;27;71;41;31;35;24;36;57;250;100;67;39;100;140;54;52;30;77;22;29;38;30;17;22;50;32;57;54;42;44;35;61;37;58;150;37;25;60;130;57;50;129;37;26;27;30;31;40;65;22;25;36;27;99;21;34;72;123;87;30;36;25;45;37;54;41;206;40;37;69;30;47;50;26;50;100;54;126;38;41;84;31;29;50;25;40;93;24;31;48;47;47;200;16;47;47;16;200;63;100;119;19;133;47;61;200;47;77;145;77;47;200;50;296;47;47;24;17;23;48;54;77)
seed_26_level_5-1,1410,27433.784137010574,26116756,8534,(116;200;250;100;54;20;54;54;84;29;66;60;54;54;200;68;21;200;54;231;33;54;200;28;54;200;143;114;29;40;18;33;35;50;208;50;21;57;57;25;50;50;54;36;192;38;200;83;229;37;18;55;41;250;18;26;31;25;28;19;41;36;126;231;30;40;24;26;98;19;32;24;22;26;24;57;25;81;28;16;33;200;46;31;200;200;38;250;36;89;121;38;1001;70;100;94;70;40;178;53;150;57;100;70;98;118;200;57;200;42;100;54;24;200;28;109;50;47;13;79;55;200;79;34;34;25;35;14;59;20;182;30;19;18;110;47;32;20;47;24;51;31;57;200;124;50;134;58;21;47;105)
seed_26_level_5-1,1410,27922.872503995895,26741595,8684,(25;24;100;30;83;71;25;31;24;62;18;57;29;38;37;49;57;73;200;36;24;33;29;57;26;34;28;21;188;26;23;36;92;200;47;40;142;65;102;27;171;19;77;40;250;33;27;97;21;90;40;200;66;31;100;250;40;163;78;100;86;89;83;37;22;89;60;49;83;58;57;50;168;104;54;234;40;25;63;240;37;41;136;87;29;22;14;17;27;50;139;40;50;33;22;41;53;21;50;50;113;17;40;17;54;25;48;200;250;17;44;23;58;81;54;69;29;65;87;200;50;32;45;149;38;17;19;37;50;23;61;54;54;350;52;45;36;88;58;18;30;100;25;63;30;250;57;54;57;32)
seed_26_level_5-1,1410,28388.712079763412,27196007,8834,(30;17;28;16;28;40;26;42;38;32;84;35;29;30;23;57;32;29;17;32;26;33;129;27;36;25;33;18;24;29;30;30;30;200;200;54;84;59;33;30;112;52;25;43;350;21;27;53;41;32;38;57;60;19;19;50;25;54;28;19;28;150;92;57;115;36;71;19;47;100;50;29;41;80;17;100;31;54;62;54;59;39;36;34;57;300;161;59;47;19;54;19;34;159;32;79;57;49;84;25;29;32;200;20;108;200;81;21;33;24;27;34;208;37;14;118;33;17;25;57;60;79;28;160;38;50;34;32;83;27;108;21;25;83;84;54;41;17;38;38;19;79;54;112;200;17;33;47;38;58)
seed_26_level_5-1,1410,28854.820046424866,27672369,8985,(200;38;59;40;150;60;29;33;36;57;37;40;43;33;46;51;120;57;67;29;54;26;150;53;251;113;84;150;54;77;57;49;23;79;300;88;19;32;116;51;31;51;47;78;18;32;47;30;64;250;63;43;70;40;31;200;79;41;63;48;30;116;86;29;33;98;26;26;200;31;169;32;56;115;17;58;40;36;27;30;150;37;26;36;200;23;29;27;109;37;39;35;19;38;51;34;57;56;31;50;49;58;15;36;31;47;47;40;18;26;47;29;17;33;27;40;39;32;25;36;30;113;200;18;40;31;42;30;77;18;79;50;31;21;36;18;55;17;39;34;35;109;90;54;37;32;26;217;25;38;114)
seed_26_level_5-1,1410,29338.76549100876,28252627,9135,(26;25;18;26;32;87;29;27;84;59;28;20;137;104;53;92;116;35;41;53;67;32;31;87;41;29;84;44;200;25;114;22;27;51;22;57;83;200;30;82;62;40;30;22;33;69;25;150;71;20;31;31;73;63;57;26;31;103;57;32;64;116;31;25;100;40;33;30;86;36;37;24;131;54;41;84;52;49;37;54;27;200;18;37;282;100;66;103;27;51;100;53;23;92;117;100;95;62;98;50;54;36;100;33;111;36;28;52;54;54;200;54;36;32;50;65;23;200;81;92;51;26;200;61;31;51;48;17;36;157;100;35;175;121;21;64;54;100;126;22;26;22;54;22;54;47;51;27;450;200)
seed_26_level_5-1,1410,29822.798531770706,28756191,9285,(165;38;33;21;27;80;39;38;37;40;24;200;83;73;23;67;94;101;36;250;52;98;25;100;25;83;25;47;38;72;29;62;31;67;57;34;25;23;43;35;29;126;34;58;16;51;30;34;25;33;62;24;23;64;44;31;37;19;33;16;54;51;44;38;58;48;32;200;104;30;45;36;33;66;27;18;29;19;200;34;100;59;17;29;35;37;108;50;51;54;100;109;150;60;200;145;76;26;57;53;19;20;52;28;83;50;133;16;82;100;200;67;40;31;200;33;53;100;38;31;150;29;200;19;27;50;100;59;15;43;200;88;56;88;18;76;38;200;69;77;64;57;54;200;20;76;79;150;128;31)
seed_26_level_5-1,1410,30313.105201482773,29390882,9435,(177;29;47;24;250;99;109;54;71;45;56;61;84;82;93;48;200;77;20;14;153;85;183;130;34;27;139;24;175;27;130;27;118;41;142;26;35;37;24;47;94;174;47;53;46;90;91;30;61;139;19;47;22;33;54;133;30;101;82;131;27;62;94;66;44;50;77;49;86;18;106;92;24;30;73;39;79;25;49;200;55;18;47;52;168;30;24;36;55;200;36;142;62;48;69;63;116;37;80;57;28;19;23;31;57;95;200;25;16;38;29;33;57;73;36;127;96;100;52;22;78;50;48;250;16;200;37;200;200;190;34;74;38;47;200;24;38;34;47;196;25;47;36;50;15;100;29;66;57;129)
seed_26_level_5-1,1410,30820.136014938354,30241466,9585,(184;33;79;76;107;100;117;27;33;35;86;93;17;50;23;250;60;29;40;152;30;26;100;250;24;75;150;25;28;72;87;26;45;57;32;32;62;71;14;204;197;27;17;100;59;20;400;21;157;200;100;100;238;60;100;47;26;41;200;53;18;43;35;66;75;90;19;79;58;56;72;64;25;30;36;50;200;45;21;35;133;35;37;192;200;54;31;47;21;316;400;97;141;21;18;27;80;34;35;54;200;58;56;200;200;113;109;39;41;27;32;50;200;54;19;15;29;31;53;17;26;164;81;28;150;35;100;100;35;54;115;55;36;51;65;57;57;50;48;120;87;47;50;36;150;67;200;47;52;27)
seed_26_level_5-1,1410,31311.21959710121,30954844,9735,(200;100;40;57;136;150;30;24;43;23;65;115;100;16;27;122;89;54;20;63;107;72;81;100;100;161;140;33;26;336;186;172;113;63;28;200;93;35;63;116;100;169;113;94;66;41;100;35;84;27;96;300;100;91;45;28;29;170;29;21;50;30;91;32;24;13;25;57;57;33;14;22;109;28;68;54;42;200;18;36;19;14;54;77;14;400;23;53;53;27;32;50;20;17;209;57;200;200;28;50;47;57;50;36;70;30;37;19;15;50;57;36;41;29;34;74;31;213;36;36;34;78;78;16;60;83;53;200;83;200;14;42;23;85;33;43;28;23;47;27;39;145;76;51;19;31;200;36;49;71)
seed_26_level_5-1,1410,31806.561424016953,31580281,9885,(200;39;53;87;40;38;22;105;64;16;19;35;27;34;26;200;30;81;57;54;42;31;62;18;75;44;57;100;32;105;57;77;37;83;34;35;77;39;250;200;137;99;28;47;25;92;75;54;31;37;100;108;27;39;56;69;287;61;27;57;250;165;47;23;52;100;47;35;57;100;100;47;23;99;77;200;250;39;39;32;85;200;200;100;69;100;61;32;39;30;50;57;200;200;87;200;30;25;35;33;63;53;83;53;47;87;120;51;49;200;57;52;64;37;39;19;22;115;55;109;19;55;38;27;23;109;57;110;57;52;57;50;28;51;81;69;61;85;22;85;30;18;38;134;28;200;57;25;51;57)
seed_26_level_5-1,1410,32298.209928035736,32113293,10035,(200;113;105;41;200;35;83;250;26;54;32;88;16;54;29;41;33;29;54;15;26;77;26;52;32;48;54;31;77;54;55;55;26;18;89;37;43;17;200;77;200;80;47;94;51;33;94;22;131;63;54;27;39;24;54;119;59;21;77;215;32;200;24;129;60;57;38;150;28;27;52;65;41;200;94;43;125;25;51;37;36;200;25;84;22;126;24;38;52;28;149;59;64;200;87;22;54;115;29;34;29;25;19;28;26;79;38;47;34;23;55;22;84;38;218;83;27;29;20;200;28;152;84;17;33;54;22;77;106;22;61;38;57;81;26;54;17;38;114;83;35;18;19;200;38;54;34;83;27;84)
seed_26_level_5-1,1410,32785.96543288231,32707075,10185,(58;143;200;250;43;100;200;107;38;116;53;24;37;200;33;98;24;54;50;112;99;29;27;39;135;54;100;54;26;66;85;28;200;68;19;47;200;40;38;169;24;50;62;79;37;32;200;36;29;57;83;36;35;100;29;100;81;26;29;34;19;68;59;57;25;24;30;48;18;200;200;84;29;31;57;105;96;35;23;13;52;79;63;35;53;16;28;31;41;28;83;114;20;33;81;136;54;83;36;217;50;51;51;200;31;86;18;54;25;32;22;200;40;33;24;105;21;200;115;38;79;43;47;18;91;200;200;54;31;28;54;105;20;29;38;36;83;83;36;38;200;35;34;26;52;37;24;59;149;37)
seed_26_level_5-1,1410,33267.65313410759,33312539,10335,(25;57;20;59;37;23;32;54;133;100;32;142;87;14;78;50;37;28;400;49;37;106;66;100;56;100;57;30;200;84;33;23;146;120;25;23;17;115;23;57;250;32;57;129;23;20;29;57;22;23;18;36;31;121;200;29;200;47;27;59;22;150;22;77;38;23;94;22;142;40;41;54;41;52;43;53;32;49;29;200;33;16;41;23;37;250;87;54;54;57;113;54;50;27;36;40;40;77;113;68;23;54;66;31;21;85;26;38;121;122;56;36;200;54;25;51;29;71;110;55;51;204;35;21;37;58;33;250;54;182;36;208;29;95;35;23;52;54;38;16;37;33;33;112;39;150;23;83;57;37)
seed_26_level_5-1,1410,33752.67703771591,33902096,10485,(20;37;200;31;83;200;41;50;47;18;23;41;16;36;83;22;53;200;42;57;21;31;105;25;31;28;36;32;17;37;34;82;28;29;36;22;35;200;33;54;27;20;38;25;53;26;16;37;36;86;119;116;27;47;54;35;100;18;34;37;82;34;50;36;57;30;20;21;52;15;23;28;79;48;110;106;79;24;70;200;90;33;47;79;117;84;26;34;200;142;77;31;61;50;38;52;54;26;200;200;200;37;28;38;200;49;52;54;300;200;80;24;20;200;48;50;200;213;22;58;23;54;109;47;21;66;100;192;52;164;116;35;137;79;53;22;48;105;28;18;115;49;16;40;161;34;51;32;107;98)
seed_26_level_5-1,1410,34249.13950896263,34565253,10635,(115;37;33;25;32;31;52;28;25;249;99;28;23;54;209;47;30;83;200;27;24;37;59;20;81;62;82;56;14;37;32;29;22;32;22;34;200;52;56;35;23;47;31;50;18;57;47;57;24;68;250;27;33;146;27;16;200;47;33;139;21;18;14;57;18;24;21;47;37;82;300;200;17;76;85;14;110;26;200;50;58;150;26;200;74;200;41;79;19;51;200;36;20;19;200;69;52;50;28;49;26;102;79;200;21;38;126;57;17;198;79;85;212;18;47;55;54;53;22;33;135;31;126;76;21;49;17;200;20;21;112;59;150;47;54;37;200;37;110;39;27;29;200;76;172;31;77;51;19;35)
seed_26_level_5-1,1410,34735.843433618546,35129254,10785,(200;33;20;200;77;200;17;27;23;35;61;83;100;34;25;107;84;24;200;30;54;200;27;47;27;61;17;77;17;20;30;47;19;33;140;73;37;200;25;16;113;200;200;113;31;27;60;109;200;111;56;38;200;200;58;54;58;51;27;40;33;64;30;15;32;22;18;23;56;17;41;24;47;35;22;97;69;34;25;20;37;17;58;47;158;25;28;200;24;34;60;99;37;33;139;62;30;19;28;54;54;53;51;64;105;38;62;200;38;51;36;16;79;33;56;36;200;40;18;250;79;43;54;21;33;117;15;39;51;31;114;50;48;61;22;19;28;50;65;83;47;74;81;47;111;200;19;114;29;163)
seed_26_level_5-1,1410,35227.348007917404,35736332,10935,(56;57;22;122;26;85;105;56;18;80;116;151;34;92;21;33;48;18;35;115;34;108;22;23;55;200;49;56;35;32;22;109;86;21;31;109;40;250;77;33;62;81;19;20;17;200;193;80;54;51;100;47;21;64;49;49;203;50;36;200;37;21;76;17;50;80;48;60;52;79;28;42;83;200;82;31;19;31;47;34;87;32;33;26;57;49;35;32;29;33;80;28;30;25;25;27;41;91;20;49;28;54;34;16;51;200;64;84;300;96;18;29;27;51;93;61;84;25;21;33;60;23;32;145;34;200;18;79;32;57;23;25;200;200;147;27;200;112;19;21;88;62;28;200;34;56;200;200;200;35)
seed_26_level_5-1,1410,35695.250759124756,36269309,11085,(200;19;28;100;26;200;15;36;34;38;200;14;139;28;33;200;27;23;22;200;55;105;200;28;200;26;30;62;250;29;56;41;27;100;18;36;40;131;41;39;24;16;200;29;29;200;23;14;57;57;31;57;34;23;52;40;32;133;54;54;200;150;57;38;110;68;200;44;31;54;34;23;30;33;57;200;28;32;122;33;26;35;71;28;32;47;48;50;37;25;85;84;20;72;35;19;34;50;36;200;28;43;18;35;92;50;118;51;33;39;54;50;39;103;200;17;65;33;79;40;55;50;33;22;31;52;24;41;136;115;77;35;110;39;32;52;87;39;28;29;108;82;36;28;36;50;26;52;122;55)
seed_26_level_5-1,1410,36173.850667238235,36803260,11235,(138;36;27;26;24;37;55;29;25;36;135;47;34;47;20;88;200;51;192;57;39;114;24;50;36;207;40;23;39;90;135;23;88;200;73;31;80;39;50;25;47;28;150;59;54;35;83;150;55;35;32;32;51;50;26;24;54;31;204;82;54;35;69;200;49;61;36;108;57;33;24;37;57;76;27;193;87;103;29;30;30;57;30;25;33;29;30;17;60;30;50;57;200;24;31;57;23;40;19;82;54;112;30;86;26;27;47;200;19;50;200;50;102;115;200;79;27;55;32;24;200;200;83;83;33;33;53;56;29;39;25;56;30;36;39;36;200;14;19;200;40;21;200;57;18;56;39;32;29;31)
seed_26_level_5-1,1410,36664.414836883545,37421033,11385,(18;47;200;17;100;42;22;19;37;28;40;19;57;200;15;57;40;13;54;30;24;54;18;24;31;89;200;28;14;57;53;200;19;74;41;105;26;200;27;132;16;30;50;57;35;18;24;19;22;26;33;200;15;24;13;200;108;110;39;83;26;57;31;22;23;113;15;200;24;200;18;30;46;57;113;36;57;18;54;79;200;58;40;24;29;34;25;33;200;33;54;138;110;15;109;87;80;77;41;54;24;86;19;130;97;20;23;51;25;25;34;35;27;16;191;212;51;65;35;200;105;29;25;30;200;32;200;41;200;89;200;200;22;33;33;20;38;37;23;36;200;152;51;41;51;79;36;17;61;228)
seed_26_level_5-1,1410,37138.36653280258,37934904,11535,(200;29;100;31;31;30;57;19;200;30;57;54;116;38;18;23;28;28;105;21;27;50;27;22;77;39;76;58;40;33;200;32;28;25;17;35;21;81;17;16;200;136;81;24;18;103;18;100;23;28;200;55;115;47;91;19;40;38;27;200;24;23;59;34;31;79;200;61;46;17;28;47;200;51;101;19;24;23;200;100;101;31;39;30;62;108;198;31;42;54;78;79;59;105;98;79;16;53;200;28;27;36;20;59;22;53;50;31;150;50;50;38;39;200;21;34;108;39;53;50;49;33;17;17;59;19;22;18;36;38;20;56;44;37;200;23;42;48;27;35;200;176;35;33;130;24;21;51;200;33)
seed_26_level_5-1,1410,37607.10161805153,38453074,11685,(19;25;68;29;23;32;27;32;57;79;200;33;36;27;64;34;73;19;21;57;33;38;18;85;34;37;29;27;98;21;29;25;200;37;23;113;35;27;26;21;34;57;17;38;37;16;200;25;34;31;25;200;44;29;30;25;17;17;29;53;34;200;200;141;24;22;50;200;200;149;200;182;21;25;34;38;21;200;100;30;29;100;36;46;22;53;78;200;54;122;47;109;29;80;25;51;36;36;25;42;114;200;26;23;58;19;35;77;15;57;23;39;53;33;48;26;33;58;55;58;37;36;53;200;16;43;100;22;31;38;109;80;27;200;35;200;35;80;47;57;22;117;30;28;200;123;37;25;48;48)
seed_26_level_5-1,1410,38105.54741716385,39095111,11835,(32;31;57;53;18;113;200;57;83;200;22;52;41;64;150;61;47;33;200;32;27;200;32;76;36;137;147;30;13;29;40;34;20;19;51;77;38;200;79;57;79;200;27;77;77;24;200;92;183;57;24;52;15;19;15;82;57;28;100;30;17;111;21;30;23;30;17;250;19;36;54;26;26;24;24;22;57;100;19;26;61;40;34;153;200;54;17;105;29;28;20;200;83;99;133;34;57;191;50;147;78;36;109;80;108;50;18;200;26;16;188;15;26;27;87;90;27;50;41;22;25;200;41;52;40;84;24;200;27;54;36;108;27;50;51;57;18;37;200;79;93;19;200;40;40;47;110;200;22;200)
seed_26_level_5-1,1410,38589.14252305031,39702084,11985,(19;28;32;32;31;51;36;58;30;56;17;200;85;35;200;28;40;42;28;31;57;31;21;300;34;52;64;36;108;22;200;16;34;27;300;54;50;112;81;96;25;20;111;29;111;38;20;32;21;32;16;54;29;29;99;22;17;29;200;23;54;82;200;40;37;87;109;50;105;23;60;200;54;77;40;37;37;141;200;80;130;47;23;22;24;36;21;18;89;35;79;59;149;32;44;37;48;19;16;79;87;116;250;50;59;34;18;29;31;200;17;37;54;39;22;93;129;200;121;25;200;54;50;16;25;36;51;100;16;156;53;42;31;39;51;16;87;28;35;50;50;200;29;39;16;17;57;50;200;200)
seed_26_level_5-1,1410,39089.608345746994,40367305,12135,(200;33;200;23;19;27;111;200;30;20;200;150;39;200;27;200;36;200;34;93;250;39;34;51;17;119;19;26;200;20;54;32;42;35;57;34;100;55;200;200;100;25;47;47;111;30;39;30;50;47;19;51;54;54;52;33;57;55;45;26;74;29;20;50;24;200;200;41;59;109;42;47;173;37;110;54;54;105;68;38;200;32;24;48;21;59;33;50;78;72;40;25;36;37;200;200;34;84;23;70;47;140;86;57;25;18;30;34;79;110;17;105;83;79;57;121;51;17;62;32;200;200;18;80;195;87;29;41;54;58;54;29;37;20;74;200;39;35;40;36;41;29;85;200;89;112;22;74;24;87)
seed_26_level_5-1,1410,39592.371212244034,41146519,12285,(36;22;26;200;36;54;72;200;26;52;200;105;120;19;57;54;24;200;250;53;200;29;31;28;138;58;31;31;200;122;36;31;55;27;18;30;200;25;33;14;16;103;27;110;23;200;57;41;40;28;200;200;17;200;30;14;53;36;152;200;31;62;111;22;200;115;54;33;140;50;63;26;80;113;199;37;17;17;200;135;33;37;138;33;29;51;200;77;77;57;195;143;54;50;168;200;25;18;49;37;57;25;62;31;112;20;35;79;26;33;55;200;80;39;40;46;40;58;88;87;54;24;109;30;37;91;144;50;34;39;63;30;200;111;55;129;201;19;66;200;33;83;208;31;62;48;200;18;57;79)
seed_26_level_5-1,1410,40068.40158057213,41692318,12435,(34;39;50;82;38;52;33;17;27;110;79;30;26;54;52;33;150;35;28;35;200;54;38;56;50;51;82;99;30;37;200;77;112;65;71;56;100;26;26;109;36;200;38;26;17;36;22;200;54;100;35;73;57;50;34;200;200;27;26;109;56;35;25;33;35;26;23;200;38;18;35;141;21;54;80;36;29;60;124;36;16;56;38;48;37;26;21;200;17;137;28;211;31;128;200;100;41;81;54;20;200;27;39;36;141;37;57;34;57;195;27;42;79;25;14;36;44;220;105;35;33;34;135;19;52;57;79;58;50;39;122;36;59;36;51;36;128;40;202;58;29;23;49;27;18;25;22;22;35;212)
seed_26_level_5-1,1991,40548.99271798134,42306902,12585,(37;200;24;19;31;18;25;32;14;18;200;35;57;200;19;37;30;35;55;200;56;116;58;77;79;19;30;52;23;50;41;57;56;44;39;33;54;57;84;19;28;38;17;28;49;36;100;34;31;23;21;47;200;17;200;200;54;35;79;200;29;33;53;200;200;41;36;61;32;38;55;51;113;40;196;79;79;54;37;35;133;57;38;32;84;153;42;36;57;57;26;33;85;126;113;197;26;80;57;57;17;41;23;36;28;40;35;150;23;59;38;141;92;129;39;23;50;84;33;21;37;25;31;109;60;37;196;54;41;24;39;90;212;33;62;200;139;60;100;53;384;27;61;38;73;36;115;38;29;113)
seed_26_level_5-1,1991,41037.81603193283,43008862,12735,(27;56;43;37;29;200;57;33;52;15;35;18;200;30;38;31;200;22;19;21;34;28;57;200;51;83;33;49;80;200;33;21;37;81;30;34;37;85;200;39;31;21;33;46;20;48;57;56;28;27;20;47;30;200;20;200;31;200;18;36;200;33;38;57;200;22;36;56;383;26;57;24;209;30;203;39;33;100;63;200;163;212;95;43;200;23;35;86;40;87;40;56;36;28;50;148;161;40;17;197;23;29;21;24;38;26;19;50;17;38;115;83;36;18;50;23;53;26;31;200;63;64;40;50;27;148;35;185;40;39;105;47;200;37;34;23;200;41;30;50;164;60;28;37;38;191;122;29;53;19)
seed_26_level_5-1,1991,41524.13957428932,43653987,12885,(21;116;200;19;34;26;17;28;79;200;18;38;147;200;200;85;28;200;25;200;25;47;26;58;42;200;31;200;51;37;55;32;23;22;83;21;17;15;20;19;77;200;49;39;30;29;200;13;200;27;25;49;25;18;81;20;91;18;200;200;36;28;56;17;22;53;133;23;19;34;38;191;93;17;32;24;39;83;16;59;200;26;24;59;33;129;57;82;17;220;17;41;60;35;200;18;159;81;87;191;38;17;34;33;33;83;38;54;34;62;151;57;20;153;28;25;200;18;26;38;54;182;200;32;55;57;57;144;25;35;37;57;210;50;30;30;32;35;200;22;32;55;17;37;33;25;22;54;22;36)
seed_26_level_5-1,1991,42030.589435338974,44462918,13035,(23;54;32;33;34;197;54;198;37;28;121;57;27;28;54;77;37;192;36;26;34;31;60;34;195;200;57;54;86;57;16;19;36;80;38;25;109;50;33;55;137;298;200;26;86;108;54;30;23;30;17;200;42;200;54;28;200;29;113;50;69;41;38;33;24;200;181;61;54;200;31;34;37;112;25;40;19;84;32;56;56;29;62;17;18;23;64;19;80;250;54;250;54;200;93;28;38;63;112;200;90;51;41;35;40;52;125;30;200;95;17;38;21;200;200;23;49;79;40;56;200;200;15;20;82;37;56;200;118;79;67;83;56;56;22;38;19;200;31;250;19;19;77;250;200;20;200;57;31;30)
seed_26_level_5-1,1991,42528.49361920357,45189700,13185,(102;38;33;200;24;20;200;83;57;55;18;30;36;24;65;200;200;20;50;200;200;17;200;20;57;61;100;56;50;30;16;56;200;100;200;200;200;38;200;23;54;31;16;37;30;13;54;35;56;57;33;200;18;67;22;88;73;200;200;106;33;100;81;55;28;23;57;47;200;18;34;105;105;113;38;83;81;90;24;45;33;30;200;29;17;142;57;87;200;77;26;31;27;53;51;200;108;54;150;128;33;36;62;40;27;110;200;34;21;32;54;56;18;36;24;40;29;18;34;50;41;187;61;34;57;58;36;191;83;32;35;55;82;134;41;170;54;32;23;56;36;116;127;200;38;154;200;113;36;30)
seed_26_level_5-1,1991,43033.92406487465,46007479,13335,(111;20;61;110;146;20;58;68;35;59;200;43;200;17;200;28;20;28;200;200;24;200;18;21;116;53;44;109;200;57;38;28;34;25;24;28;200;36;21;23;54;18;24;17;19;200;200;98;200;200;22;25;200;29;38;41;30;54;29;54;44;31;35;23;79;20;200;200;36;57;28;52;24;18;176;24;56;22;57;16;27;54;54;160;56;58;85;67;16;48;51;53;39;30;27;54;22;77;99;38;29;45;190;154;113;133;28;183;56;115;149;39;30;76;54;39;61;27;200;46;27;200;24;41;200;85;25;29;83;34;192;105;450;26;32;188;24;206;38;197;67;31;49;18;39;200;63;50;132;31)
seed_26_level_5-1,1991,43525.56559205055,46672231,13485,(59;29;200;146;47;135;26;55;51;37;89;21;27;200;26;24;20;51;54;109;21;35;28;114;32;200;24;59;32;28;200;86;27;51;32;21;26;200;34;22;22;36;55;16;200;24;200;200;25;55;36;21;200;23;60;200;32;21;28;55;29;34;200;34;71;109;78;200;20;200;200;200;50;49;50;57;25;30;22;41;141;81;244;79;35;33;37;47;138;19;191;45;36;82;52;95;111;46;31;21;200;53;50;57;80;82;86;21;193;200;38;128;21;60;54;24;28;82;41;47;82;31;37;37;56;167;58;41;40;27;37;27;37;91;30;30;26;24;224;48;200;129;22;34;18;39;20;57;66;29)
seed_26_level_5-1,1991,44013.229452610016,47330240,13635,(38;142;31;28;25;39;33;27;18;23;19;39;23;200;142;63;21;31;28;38;189;43;18;105;18;162;40;23;40;55;37;204;87;224;37;218;77;189;22;22;69;14;66;23;167;151;89;42;25;38;45;200;35;38;47;36;189;102;56;50;59;182;33;34;29;39;37;38;129;54;66;54;39;190;31;34;200;22;20;57;37;84;29;58;200;18;200;50;33;35;57;32;37;65;34;50;59;21;200;29;21;30;57;20;200;51;145;15;65;29;200;19;57;39;21;200;30;54;37;40;58;20;200;58;27;47;35;26;29;111;200;200;65;37;201;34;21;27;23;57;72;38;59;109;36;17;57;21;200;200)
seed_26_level_5-1,1991,44524.93468046188,48228451,13785,(190;15;35;37;37;28;57;76;212;36;136;79;93;57;31;34;87;36;80;151;25;36;27;45;41;112;56;65;60;43;25;190;33;174;199;88;91;137;81;35;35;33;93;24;20;155;193;63;37;132;118;20;38;50;41;108;31;53;34;134;212;28;152;38;23;121;38;200;25;24;54;152;47;47;19;109;26;52;105;15;200;18;17;125;47;200;17;33;200;200;23;200;200;200;113;22;200;35;200;147;25;54;26;105;200;200;31;25;200;79;126;200;105;31;20;105;160;200;200;23;27;200;18;47;26;200;109;24;57;21;29;153;127;30;105;93;24;35;200;200;27;54;54;200;17;26;28;49;200;200)
seed_26_level_5-1,1991,45022.63575363159,48915414,13935,(35;57;27;188;42;198;64;200;213;70;60;29;57;78;93;34;50;25;29;29;77;65;31;100;41;23;51;33;50;51;36;82;60;85;128;162;208;36;131;17;30;136;28;81;145;51;145;105;184;26;46;96;30;29;54;18;65;30;100;31;40;98;134;87;26;83;38;33;37;212;200;25;28;200;18;200;73;17;26;32;79;28;17;200;31;28;38;105;200;109;53;16;60;50;27;200;19;250;65;23;56;35;32;53;18;19;200;57;82;250;27;28;17;61;200;23;24;200;114;27;27;26;17;200;17;23;200;38;36;32;19;40;19;110;22;49;33;200;62;19;63;26;24;28;31;38;22;49;25;200)
seed_26_level_5-1,1991,45520.299406051636,49722836,14085,(200;200;200;38;19;80;37;200;60;143;54;26;35;59;300;200;29;16;64;77;113;200;200;15;53;200;27;200;100;105;28;29;65;28;200;250;17;200;36;200;37;53;37;51;65;200;200;216;120;200;32;147;77;56;53;158;30;33;34;49;27;66;40;37;64;200;57;55;78;18;38;25;200;200;37;200;30;62;28;114;119;22;25;39;36;200;16;36;43;32;34;16;24;121;200;18;83;26;17;26;134;17;36;47;28;39;37;38;39;85;33;41;30;34;57;33;124;37;31;29;35;31;174;40;28;24;18;61;200;40;34;25;57;23;56;21;46;24;189;18;157;207;118;29;38;51;36;21;146;21)
seed_26_level_5-1,1991,46010.848173856735,50457619,14235,(81;36;26;114;57;149;33;131;162;145;36;54;80;196;29;25;81;21;58;21;80;25;36;19;29;32;18;62;36;22;26;19;24;30;200;38;28;18;50;18;28;25;106;54;33;33;27;34;51;60;25;50;38;200;19;50;33;26;23;200;125;25;17;60;24;200;44;34;200;33;36;52;33;150;77;200;109;200;21;53;37;26;32;38;19;19;51;35;200;38;112;97;200;200;84;200;147;42;55;41;57;200;200;22;23;54;22;24;200;62;27;200;23;35;54;49;65;66;121;51;25;112;200;200;200;19;30;80;200;47;30;35;200;26;18;200;60;17;26;19;114;200;18;41;17;45;38;300;200;16)
seed_26_level_5-1,1991,46512.808888196945,51194449,14385,(195;198;19;36;34;31;17;54;67;18;200;40;35;54;30;100;36;27;32;31;54;30;28;115;31;37;200;33;30;36;19;64;61;151;82;47;39;148;36;54;48;209;148;30;127;31;114;37;32;64;32;128;87;109;33;36;210;16;50;26;56;54;61;33;49;200;57;200;147;54;36;18;115;33;123;87;18;200;57;55;51;149;26;29;25;200;33;30;28;28;200;53;55;32;83;59;200;200;200;30;28;57;80;200;31;111;200;17;57;200;200;33;50;20;21;32;16;84;200;200;57;24;17;26;108;79;23;136;110;54;33;200;18;38;200;17;56;200;23;57;200;200;19;30;20;32;79;30;21;18)
seed_26_level_5-1,1991,46978.344620227814,51649420,14535,(25;25;30;40;51;37;57;36;59;25;51;29;37;47;54;189;47;40;34;41;24;39;57;41;22;150;24;52;32;35;33;17;54;144;29;148;35;37;83;47;41;28;83;204;30;63;33;57;200;37;29;63;54;54;195;31;37;37;30;30;54;23;86;40;38;23;115;34;18;26;59;39;50;39;200;29;40;200;200;54;35;84;34;55;59;52;17;18;26;31;33;57;39;52;50;52;22;200;33;21;27;77;40;22;56;32;19;55;57;14;19;34;40;108;200;34;36;200;19;26;57;26;49;56;50;200;60;20;20;21;105;98;55;38;54;18;200;34;200;38;105;34;19;79;31;47;78;40;57;200)
seed_26_level_5-1,1991,47462.768674612045,52322743,14685,(57;50;64;26;40;34;192;38;29;58;144;26;74;54;54;32;63;30;37;114;62;199;31;16;57;128;192;30;33;26;52;35;33;13;54;53;27;33;32;84;56;25;181;57;25;163;197;56;14;84;121;31;26;54;38;17;28;40;41;126;13;31;27;205;31;38;28;14;26;32;28;32;67;37;84;200;53;35;57;39;34;50;31;15;77;75;54;37;81;200;200;33;36;39;36;200;23;48;22;40;16;39;27;200;47;200;38;40;50;78;30;30;57;18;31;200;57;25;29;200;51;28;200;57;200;36;22;18;29;200;33;200;30;35;113;200;131;200;36;35;200;200;200;145;23;34;200;34;200;24)
seed_26_level_5-1,1991,47956.12627911568,52893328,14835,(204;29;97;14;26;200;46;21;47;35;57;26;29;39;150;182;200;55;70;76;209;89;25;57;16;56;154;54;26;35;16;54;39;64;27;57;54;105;28;35;36;53;200;77;17;84;20;59;149;149;137;28;21;28;31;39;21;21;205;195;116;37;76;47;33;37;27;80;18;27;18;49;100;50;64;200;30;30;83;26;18;81;27;55;49;19;200;135;70;52;74;200;23;33;57;48;32;100;33;28;82;21;56;29;29;19;200;81;109;33;36;35;15;94;200;27;57;25;31;57;27;52;50;51;33;109;57;200;29;116;53;34;54;200;33;53;50;28;31;54;27;27;15;34;100;21;20;200;200;33)
seed_26_level_5-1,1991,48433.745411872864,53480761,14985,(20;36;57;17;57;109;50;57;54;51;57;49;200;200;109;100;35;47;200;20;26;59;22;108;34;56;27;28;200;200;30;200;148;50;50;36;47;27;37;52;109;27;21;200;28;168;59;200;33;30;32;31;38;28;22;34;19;51;34;200;200;200;50;21;34;19;36;108;27;24;31;20;54;50;183;126;24;54;31;126;54;23;43;28;84;38;54;32;21;151;34;133;57;17;60;24;54;137;24;28;205;31;200;57;25;37;40;34;14;54;94;36;54;51;34;144;22;81;200;53;57;50;38;62;22;17;57;36;33;54;16;47;188;40;36;47;41;32;113;29;300;37;27;37;38;127;52;29;57;27)
seed_26_level_5-1,1991,48917.27750110626,54126140,15135,(84;98;57;100;36;61;23;36;54;24;97;132;20;26;34;57;122;137;200;27;26;38;54;37;47;137;100;31;52;164;60;208;200;189;37;200;25;73;18;29;39;43;24;54;39;193;34;28;38;30;83;40;57;31;113;84;18;25;24;126;84;24;200;36;87;114;57;34;29;57;26;54;54;26;27;168;38;57;51;200;39;30;33;34;51;51;20;200;17;21;25;16;26;27;55;27;200;26;57;33;22;200;27;81;50;26;111;21;25;34;34;34;33;200;22;109;109;200;23;17;82;26;37;200;26;22;31;28;200;51;49;54;200;28;57;21;200;92;215;28;200;200;200;23;57;55;81;36;57;27)
