seed_3_level_4-1,2411,539.7814750671387,1195265,150,(420;42;48;299;465;43;77;90;205;46;46;205;318;701;100;100;78;102;100;42;100;42;100;100;100;100;100;47;100;42;42;42;100;66;42;45;43;100;100;77;42;100;100;100;95;100;100;42;100;51;100;65;47;78;100;100;100;42;100;100;74;42;42;100;66;100;100;66;100;100;55;47;100;42;42;59;43;100;100;100;42;100;238;42;42;100;64;42;59;71;100;78;100;100;100;66;45;100;42;100;42;100;100;100;79;100;66;42;100;96;100;42;45;114;42;226;100;100;66;100;42;100;100;100;100;100;100;43;42;100;42;100;100;100;67;100;100;100;67;42;460;100;100;100;45;45;102;62;100;42)
seed_3_level_4-1,2411,1074.071885585785,1756730,306,(42;42;42;42;42;42;42;43;42;42;42;42;42;42;42;42;43;42;42;42;42;43;42;42;42;42;42;42;43;43;43;42;45;47;47;45;45;45;45;45;47;47;51;55;55;59;59;62;66;66;66;66;66;68;62;78;78;78;79;100;100;100;100;100;100;100;100;100;100;100;100;100;100;100;100;100;100;100;100;100;112;100;100;100;100;100;100;100;100;114;100;100;100;100;100;100;100;100;100;100;100;100;100;100;100;100;100;100;100;100;100;100;100;100;67;100;100;100;100;100;100;100;100;100;100;100;100;100;100;100;101;100;105;100;114;227;100;64;67;107;95;100;96;93;102;100;100;100;42;100;62;102;100;65;100;100)
seed_3_level_4-1,2411,1597.6442213058472,2454873,457,(43;43;42;42;42;42;42;42;42;42;42;42;42;42;42;42;43;42;42;42;42;42;42;42;42;43;43;42;42;42;42;43;45;45;45;47;45;45;45;47;46;45;51;55;51;59;59;62;77;66;66;66;66;66;67;100;78;78;78;79;100;100;100;100;100;100;100;100;100;100;100;100;100;100;100;100;100;100;100;100;100;100;100;100;100;100;100;100;100;100;100;100;100;100;100;100;100;100;100;100;100;100;100;100;100;100;100;100;100;100;100;100;100;100;100;100;100;100;102;100;100;100;100;100;100;100;100;100;111;97;100;100;100;226;102;65;64;67;116;114;496;100;69;100;65;228;100;96;67;225;107)
seed_3_level_4-1,2411,2147.603569984436,3239644,611,(42;42;42;42;42;42;42;42;42;42;42;42;42;42;42;42;42;42;42;42;42;42;42;42;43;42;42;43;43;42;42;42;47;47;47;47;47;47;47;47;47;45;50;51;55;59;59;62;66;66;66;66;66;68;62;78;78;78;79;100;238;100;100;100;100;100;100;100;100;100;100;100;100;100;100;100;100;100;100;100;100;100;100;100;100;100;100;100;100;100;100;100;100;100;100;100;100;100;100;100;100;100;100;100;100;100;100;100;100;100;100;100;100;100;100;100;100;100;100;100;100;100;100;100;100;100;100;100;102;100;100;100;100;93;100;64;67;100;504;102;103;71;100;67;96;100;227;100;437;100;100;100;71;70)
seed_3_level_4-1,2411,2676.9910995960236,3939088,765,(42;42;42;42;42;42;42;42;42;42;42;42;42;42;42;42;42;42;42;42;42;42;42;43;42;43;43;43;43;43;42;43;45;45;45;45;45;45;47;45;47;47;51;55;55;59;59;62;62;66;66;66;66;66;67;78;78;78;79;97;100;100;100;100;100;100;100;100;100;100;100;100;100;100;100;100;100;100;100;100;100;100;100;100;100;100;100;100;100;100;100;100;100;100;100;100;100;100;100;100;100;100;100;100;100;100;100;100;100;100;100;100;100;100;100;100;100;100;100;100;100;100;100;100;100;100;100;100;95;100;109;100;100;102;100;100;78;134;234;93;236;67;76;100;96;67;65;100;62;100;100;100;504;100)
seed_3_level_4-1,2411,3202.128963947296,4649127,918,(42;42;42;42;42;42;42;42;42;42;43;42;42;42;42;42;42;42;42;42;42;42;42;42;42;43;42;43;42;43;42;43;45;47;45;47;45;45;47;47;47;47;50;55;55;59;59;62;62;66;66;66;66;66;68;78;78;78;79;97;100;100;100;100;100;100;100;100;100;100;100;100;100;100;100;100;100;100;100;100;100;100;100;100;100;100;100;100;100;100;100;100;100;100;100;100;100;100;100;100;100;100;100;100;100;100;100;100;100;100;60;100;100;100;100;100;100;100;100;100;100;100;100;100;100;100;100;100;100;100;100;100;100;100;83;227;227;114;93;95;226;100;93;109;100;96;71;504;100;64;100;106;43)
seed_3_level_4-1,2411,3744.7840077877045,5579998,1072,(42;42;42;42;42;42;42;42;42;42;42;42;42;42;42;42;42;42;42;42;42;43;43;43;42;42;42;42;42;42;42;42;45;47;47;47;47;45;45;45;46;47;50;55;51;59;59;62;62;66;66;66;66;66;68;78;78;78;79;64;106;100;100;100;100;100;100;100;100;100;100;100;100;100;100;100;100;100;100;100;100;100;100;100;100;100;100;100;100;100;100;100;100;100;100;100;100;100;100;100;100;100;100;100;100;100;100;100;100;100;100;100;100;100;100;100;100;100;100;100;100;100;100;100;100;100;100;100;100;460;105;100;60;100;100;65;234;100;496;85;114;95;93;68;100;96;504;242;62;49;225;78;100;100)
seed_3_level_4-1,2411,4284.731197357178,6298918,1227,(42;42;42;42;42;42;42;42;42;42;42;42;42;42;42;42;42;42;42;42;42;42;43;42;42;43;43;43;42;42;43;42;45;45;47;45;47;47;47;47;45;47;51;55;55;59;59;62;77;66;66;66;66;66;67;78;78;78;62;79;100;100;100;100;100;100;100;100;100;100;100;100;100;100;100;100;100;100;100;100;100;100;100;100;100;100;100;100;100;100;100;100;100;100;100;100;100;100;100;100;100;100;100;100;100;100;100;100;100;100;100;100;100;100;100;100;100;100;100;100;100;100;100;100;100;100;100;100;100;77;95;100;108;64;106;102;101;93;100;71;107;102;76;105;96;225;74;234;103;504;224;100;64;72;117)
seed_3_level_4-1,2411,4815.576662778854,6893172,1380,(42;42;42;42;42;42;42;42;42;42;42;42;42;42;42;42;42;42;42;42;42;42;43;42;42;42;43;42;43;42;42;43;45;47;47;47;47;47;47;47;47;45;50;55;55;59;59;62;66;66;66;66;66;67;62;78;78;78;79;100;100;100;100;100;100;100;100;100;100;100;100;100;100;100;100;100;100;100;100;100;100;100;100;100;100;100;100;100;100;100;100;100;100;100;100;100;100;100;100;100;100;100;100;100;100;100;100;100;100;100;100;100;100;100;100;100;100;100;100;100;100;100;100;100;100;100;100;100;100;100;100;100;62;239;114;69;100;241;97;95;93;100;100;101;100;96;102;227;71;64;100;65;100)
seed_3_level_4-1,2411,5355.259512424469,7722937,1533,(42;42;42;42;42;42;42;42;42;42;42;42;42;42;42;42;42;42;42;42;42;42;43;42;43;42;42;43;42;42;43;43;47;47;45;47;47;47;47;45;47;47;50;55;55;59;59;62;77;66;66;66;66;66;67;78;78;78;79;97;100;100;100;100;100;100;100;100;100;100;100;100;100;100;100;100;100;100;100;100;100;100;100;100;100;100;100;100;100;100;100;100;100;100;100;100;100;100;100;100;100;100;100;100;100;100;100;100;100;100;100;100;100;100;100;100;100;100;100;100;100;100;100;100;100;100;100;100;100;103;100;100;238;100;108;60;106;64;504;93;437;114;79;95;67;96;67;65;240;226;100;241;100)
seed_3_level_4-1,2411,5908.2097091674805,8535679,1689,(42;42;42;42;42;42;42;42;42;42;42;42;42;42;42;42;42;42;42;42;42;42;42;42;42;42;43;42;42;42;42;43;45;47;47;45;47;47;45;47;47;47;50;55;55;59;59;62;66;66;66;66;66;67;62;78;78;78;79;72;460;100;100;100;100;100;100;100;100;100;100;100;100;100;100;100;100;100;100;100;100;100;100;100;100;100;100;100;100;100;100;100;100;100;100;100;100;100;100;100;100;100;100;100;100;100;100;100;100;100;100;100;100;100;100;100;100;100;100;100;100;100;100;100;100;100;100;100;100;100;102;65;100;234;101;93;95;114;100;72;69;100;100;96;100;232;71;64;223;100;238;79;437;100;65;100)
seed_3_level_4-1,2411,6447.570470571518,9337173,1845,(42;42;42;42;42;42;42;42;42;42;42;42;42;42;42;42;42;42;42;42;42;43;42;43;43;43;42;43;42;43;42;42;45;47;45;47;45;45;45;46;47;47;51;55;51;59;59;62;77;66;66;66;66;66;67;78;78;78;79;100;100;100;100;100;100;100;100;100;100;100;100;100;100;100;100;100;100;100;100;100;100;100;100;100;100;100;100;100;100;100;100;100;100;100;100;100;100;100;100;100;100;100;100;100;100;100;100;100;100;100;100;100;100;100;100;100;100;100;100;100;100;100;100;100;100;100;100;100;100;100;100;100;102;504;72;69;71;100;100;71;95;93;100;96;100;100;240;62;109;66;227;80;64;100;100;460)
seed_3_level_4-1,2411,7001.079337596893,10183355,1999,(42;42;42;42;42;42;42;42;42;42;42;42;42;42;42;42;42;42;42;42;42;42;43;43;43;42;42;43;42;43;43;43;45;45;47;47;47;46;47;47;47;47;50;51;55;59;59;62;66;66;66;66;66;67;62;78;78;78;79;100;100;100;100;100;100;100;100;100;100;100;100;100;100;100;100;100;100;100;100;100;100;100;100;100;100;100;100;100;100;100;100;100;100;100;100;100;100;100;100;100;100;100;100;100;100;100;100;100;100;100;100;100;100;100;100;100;100;100;100;100;100;100;100;100;100;100;71;100;100;100;100;117;65;95;100;100;109;64;100;107;93;241;114;102;67;96;240;100;226;46;60;60;504;518)
seed_3_level_4-1,2411,7543.547135591507,10858677,2154,(42;42;42;42;42;42;42;42;42;42;42;42;42;42;42;42;42;42;42;42;42;43;43;42;43;42;42;43;43;42;42;42;47;47;47;45;45;47;47;45;47;45;51;51;55;59;59;62;77;66;66;66;66;66;67;78;78;78;79;100;100;100;100;100;100;100;100;100;100;100;100;100;100;100;100;100;100;100;100;100;100;100;100;100;100;100;100;100;100;100;100;100;100;100;100;100;100;100;100;100;100;100;100;100;100;100;100;100;100;100;100;100;100;100;100;100;100;100;100;100;100;100;100;100;100;100;100;102;100;109;100;100;101;100;445;100;234;109;100;100;100;114;103;60;96;67;62;51;240;67;71;71;113;101;100)
seed_3_level_4-1,2411,8082.5069625377655,11490907,2308,(42;42;42;42;42;42;42;42;42;42;42;42;42;42;42;42;42;42;42;42;42;42;42;43;43;42;43;43;43;43;43;42;47;45;47;47;45;47;46;45;45;47;50;51;55;59;59;62;66;66;66;66;66;68;77;78;78;78;79;62;100;100;100;100;100;100;100;100;100;100;100;100;100;100;100;100;100;100;100;100;100;100;100;100;100;100;100;100;100;100;100;100;100;100;100;100;100;100;100;100;100;100;100;100;100;100;100;100;100;100;100;100;100;100;100;100;100;100;100;100;100;100;100;100;100;100;100;100;122;100;76;100;100;71;106;100;101;232;241;102;67;66;61;108;67;96;110;223;97;64;100;60;226;228)
seed_3_level_4-1,2411,8622.301910161972,12135434,2462,(42;42;42;42;42;42;42;42;42;42;42;42;42;42;42;42;42;42;42;42;42;43;42;43;43;42;43;42;42;42;43;43;45;45;47;47;46;45;45;45;45;47;51;51;55;59;59;62;66;66;66;66;66;67;62;78;78;78;79;100;100;100;100;100;100;100;100;100;100;100;100;100;100;100;100;100;100;100;100;100;100;100;100;100;100;100;100;100;100;100;100;100;100;100;100;100;100;100;100;100;100;100;100;100;100;100;100;100;100;100;100;100;100;100;100;100;100;100;100;100;100;100;100;100;100;100;100;100;100;65;100;100;234;103;227;78;233;120;100;100;102;107;77;108;66;96;223;100;100;100;60;100;241;101)
seed_3_level_4-1,2411,9195.533902406693,13162328,2621,(43;42;42;100;42;100;42;100;42;51;43;43;43;62;47;66;47;69;45;100;47;42;47;69;45;51;47;78;51;100;68;100;226;100;47;100;42;68;100;61;99;51;100;100;100;69;100;52;100;43;100;100;100;100;488;100;73;100;101;75;80;241;100;60;224;100;100;100;103;100;100;100;100;71;100;382;52;100;106;130;100;42;61;228;100;62;100;100;106;100;100;51;99;100;100;100;69;101;100;42;93;51;65;45;78;76;223;49;100;69;100;100;100;103;100;76;227;241;100;100;100;65;344;240;100;100;100;65;100;234;100;100;100;103;249;100;100;60;61;100;100;100;100;100;62;100;113;47;100;72;103;51;49;55;100;43;69;49;100)
seed_3_level_4-1,2411,9745.847853899002,14164751,2770,(42;47;51;62;66;69;52;79;100;100;100;100;79;100;43;100;100;47;42;60;100;42;55;100;100;42;100;100;43;67;52;64;69;50;103;64;45;51;47;66;100;100;95;100;100;99;51;78;65;78;219;102;100;100;100;100;100;106;100;80;52;43;241;99;62;100;100;106;79;100;100;100;63;104;100;100;100;250;100;64;101;100;225;90;100;69;100;100;100;100;100;100;100;100;100;77;100;100;100;100;224;100;100;100;100;237;100;100;225;488;100;100;100;78;45;47;234;100;424;100;100;100;75;100;100;100;77;235;100;100;66;100;100;42;100;245;100;100;75;73;100;100;71;73;100;100;100;100;100)
seed_3_level_4-1,2411,10300.233639240265,15339010,2919,(43;45;47;51;100;52;100;62;66;66;100;100;42;69;78;100;100;100;100;100;93;100;100;100;100;100;50;100;100;100;100;102;100;100;100;100;64;113;100;100;103;100;226;100;62;100;100;100;49;100;100;100;100;100;43;100;100;100;226;100;46;100;100;227;78;226;335;100;100;104;100;100;100;100;106;100;100;100;100;242;100;42;100;225;100;100;103;100;100;100;64;100;75;100;113;65;100;100;61;100;100;100;100;100;64;71;100;100;100;100;100;77;237;64;100;95;504;100;100;117;460;100;100;52;100;488;100;100;100;100;100;77;100;47;103;81;104;100;75;125;104;100;100;64;67;63;100;100;79)
seed_3_level_4-1,2411,10856.949275255203,16576290,3067,(43;66;78;100;100;42;100;78;42;100;100;82;42;100;47;55;74;66;67;100;100;42;100;100;100;100;100;100;100;61;100;100;100;100;100;100;242;234;100;100;100;100;100;102;100;100;100;78;100;42;100;42;100;100;100;85;100;100;100;42;100;100;67;100;100;93;104;91;42;226;100;102;100;100;100;100;100;67;100;77;504;42;98;100;100;229;100;488;55;79;100;45;100;100;100;460;100;225;110;103;100;100;100;100;100;100;101;64;71;95;100;237;100;100;100;100;226;72;100;53;226;100;65;100;42;100;107;81;76;234;100;100;100;100;78;100;229;335;71;64;100;100;100;100;100;68;226;100)
seed_3_level_4-1,2411,11396.053884744644,17461977,3213,(43;100;100;100;47;230;100;100;100;100;68;100;100;43;100;100;42;100;66;100;52;120;51;100;79;100;100;81;100;42;100;54;42;100;100;100;100;70;100;67;100;100;42;100;100;83;100;61;100;100;43;100;100;100;100;223;100;50;71;100;100;100;106;100;100;100;100;65;102;100;109;96;64;100;42;226;100;113;100;100;100;100;100;226;100;100;64;100;328;100;100;230;226;79;100;124;100;100;100;164;100;100;100;238;103;100;100;100;100;100;100;105;96;78;100;64;113;47;100;226;100;100;100;100;100;100;100;101;100;103;100;100;100;60;100;100;101;100;238;100;99;100;101;100;100;100)
seed_3_level_4-1,2411,11961.378050804138,18703946,3364,(100;100;100;100;100;100;45;52;100;62;100;100;53;100;100;100;78;100;78;70;100;100;100;100;100;100;100;43;43;100;97;43;43;42;113;100;100;100;67;100;100;100;66;68;67;460;100;100;226;100;100;100;101;45;60;104;100;100;100;100;100;100;112;101;409;100;100;69;100;100;103;100;100;100;335;100;105;100;414;100;66;100;460;66;70;100;51;45;100;100;100;81;100;103;100;113;100;100;100;100;100;47;100;51;226;100;100;100;100;100;100;239;99;101;100;100;100;61;107;74;76;100;100;226;108;104;93;100;59;100;75;100;78;79;99;100;328;64;83;100;228;229;101;64;100;62;65;100;100;64;226)
seed_3_level_4-1,2411,12546.66772031784,20289206,3517,(100;95;66;78;42;43;100;100;42;66;100;241;100;100;100;59;100;55;100;100;98;54;94;100;100;100;100;96;100;120;42;49;100;42;100;59;100;59;42;79;100;79;98;70;50;99;100;100;60;52;100;63;100;100;100;51;100;100;100;100;100;42;100;100;100;100;100;100;100;66;66;226;105;100;104;100;100;102;108;226;218;71;240;64;100;60;100;80;93;69;556;219;42;62;100;100;460;100;98;104;510;100;64;100;100;100;100;238;100;100;100;100;226;100;460;100;100;47;100;100;45;42;43;100;100;328;100;496;229;100;228;113;100;329;103;100;318;80;100;67;243;100;42;100;100;100;42;42;42;100;100;100;66)
seed_3_level_4-1,2411,13132.311928749084,21753783,3668,(110;100;100;100;42;100;122;92;100;42;100;69;100;100;100;100;69;100;42;100;98;100;53;100;101;100;100;100;100;100;100;100;100;100;100;100;58;100;57;102;59;78;66;100;100;100;100;460;67;100;100;243;111;105;64;113;98;42;95;100;100;97;68;47;116;42;68;100;100;99;63;100;66;100;96;100;42;70;72;100;100;100;100;100;100;100;99;254;238;79;106;102;236;100;100;100;76;100;66;100;100;42;469;223;263;100;70;239;100;104;100;100;226;100;65;100;100;100;59;510;221;100;66;100;226;226;517;101;100;100;100;43;100;78;64;226;100;100;196;77;320;226;100;67;64;75;77;64;227;77;96)
seed_3_level_4-1,2411,13720.88564491272,23477662,3820,(100;100;100;42;100;100;100;97;100;100;100;100;100;100;100;100;100;101;91;121;100;100;75;100;74;95;100;100;100;100;97;122;47;100;103;104;100;103;233;100;94;97;100;100;100;100;43;100;64;100;100;42;51;42;42;97;102;51;100;99;100;51;100;100;100;66;77;100;77;227;240;100;100;59;100;100;100;100;243;97;101;234;100;65;42;235;100;460;78;226;100;100;100;72;100;100;320;107;64;100;47;68;415;228;102;100;361;100;64;100;64;254;100;100;253;243;98;100;249;100;69;100;70;100;100;100;76;109;70;100;100;100;100;215;100;100;510;504;109;71;100;100;111;100;100;100;105;98;551;100;404;92)
seed_3_level_4-1,2411,14305.997746944427,25126292,3970,(97;100;100;42;100;100;100;61;100;246;100;100;100;42;100;101;100;100;101;100;121;100;100;100;100;100;100;78;64;100;100;97;68;100;100;69;42;236;100;100;100;100;94;118;104;42;100;66;67;42;100;121;100;69;240;45;100;100;70;100;104;100;100;110;101;92;100;101;226;65;100;100;226;242;100;247;100;100;460;103;262;358;103;100;100;244;103;66;59;100;60;59;77;100;63;100;228;254;241;73;101;75;102;71;100;100;117;100;105;100;243;490;102;100;100;100;100;100;100;100;100;65;100;42;52;353;67;42;405;460;77;100;42;69;73;100;504;100;222;101;42;62;100;333;67;86;100;100;100;65)
seed_3_level_4-1,2411,14879.273716926575,26502900,4116,(105;100;100;42;51;96;100;100;100;100;100;42;70;100;59;100;100;100;99;68;54;100;100;121;117;102;100;100;100;100;100;100;100;100;118;124;73;87;70;120;100;72;45;100;100;100;79;100;100;228;219;100;100;244;59;221;57;246;100;100;100;43;100;100;240;117;100;100;100;100;100;100;232;219;100;223;435;219;100;100;102;100;240;100;70;100;100;100;100;100;67;75;100;490;108;100;78;100;238;102;100;80;42;100;100;100;119;460;100;119;100;98;98;100;42;100;100;100;100;65;103;100;101;100;100;100;100;100;100;105;100;93;97;243;100;100;260;100;103;100;227;229;333;100;64;100)
seed_3_level_4-1,2411,15457.017283439636,27900710,4264,(72;66;100;100;100;104;103;100;100;100;100;100;100;42;248;100;100;100;107;100;108;66;65;72;100;78;72;100;120;100;100;106;100;100;100;64;226;227;69;77;100;100;66;100;47;96;100;100;100;100;245;240;100;100;61;100;100;101;70;236;100;246;100;66;101;100;100;100;78;103;79;100;100;94;100;100;63;102;100;460;100;100;122;100;100;102;100;100;240;64;100;100;98;100;100;100;116;490;100;100;100;228;101;226;226;66;130;100;333;100;64;246;239;100;239;100;227;236;100;104;100;239;228;100;100;59;241;100;100;100;100;95;96;100;103;101;100;226;100;100;61;100;100;100;100;95;101;100)
seed_3_level_4-1,2411,16043.93760228157,29525262,4412,(107;100;69;100;84;100;253;113;51;100;100;100;59;100;101;100;100;109;99;102;100;47;80;100;98;68;100;67;97;100;100;100;100;117;100;42;100;100;43;226;100;247;103;100;66;224;100;100;226;100;104;47;100;42;42;100;249;65;229;100;66;42;100;240;100;65;237;80;64;100;100;100;65;241;105;104;106;100;100;562;235;240;120;98;100;100;100;100;116;100;100;504;42;100;63;100;100;460;43;228;42;81;100;62;130;73;117;76;72;100;98;100;100;100;100;96;100;100;123;100;490;238;103;64;100;104;100;100;67;83;239;100;103;333;100;103;245;100;100;226;226;99;100;66;100;239;100;103)
seed_3_level_4-1,2411,16636.11091184616,31112885,4563,(104;100;100;100;100;100;76;101;100;100;61;113;68;63;100;234;100;100;100;100;100;100;100;100;60;109;100;100;100;118;100;51;68;100;89;97;100;100;95;100;100;100;100;100;100;253;102;100;125;45;100;106;131;71;240;81;45;118;120;42;77;100;120;100;100;246;63;223;226;100;80;504;100;240;100;101;67;100;101;100;100;117;101;100;65;227;66;100;100;100;100;42;68;104;490;100;100;64;232;103;226;240;100;103;113;100;100;460;100;226;64;100;100;79;100;100;100;224;64;70;42;100;333;100;100;100;287;100;83;100;111;64;100;100;100;100;110;562;109;100;88;66;226;70;47;103;65;100;100;100;237)
seed_3_level_4-1,2907,17263.33984184265,33172488,4716,(76;135;100;100;53;100;101;100;60;328;64;75;100;101;100;100;233;101;100;68;95;103;100;100;226;100;100;61;100;100;57;100;100;100;242;104;105;100;100;100;65;100;227;42;78;42;100;51;100;100;53;226;104;100;648;102;232;96;245;102;226;102;240;96;66;110;42;122;102;47;102;253;74;352;72;100;102;111;96;116;102;240;240;237;102;102;101;102;67;67;237;234;111;102;102;102;65;102;333;65;102;102;75;102;102;102;236;119;102;102;102;249;102;101;102;228;390;508;239;65;67;104;102;102;490;101;352;102;102;331;108;234;236;117;234;102;102;102;78;102;101;102;102;352;102;104;221;108;104;102;102;102;103)
seed_3_level_4-1,2907,17899.833889961243,35491211,4867,(227;102;102;102;102;103;102;116;374;51;102;102;104;56;45;102;115;240;120;99;114;102;102;102;47;242;102;219;102;102;102;219;57;116;104;59;75;102;102;226;102;104;233;102;102;42;102;102;104;102;333;243;102;236;102;238;60;102;102;235;73;102;102;102;104;102;111;114;102;67;102;95;102;102;241;67;43;352;104;401;65;102;275;102;65;102;240;102;352;55;102;411;226;248;230;252;251;240;102;112;102;240;102;66;102;62;100;102;490;103;101;64;102;102;331;83;102;42;101;94;246;102;363;487;45;101;103;102;100;223;475;114;102;102;102;59;93;648;102;107;103;47;55;223;67;222;102;226;102;60;102)
seed_3_level_4-1,2907,18493.592261075974,37171749,5015,(104;69;102;102;72;97;102;102;102;102;102;63;237;64;102;227;102;102;226;102;72;100;102;102;102;102;240;517;102;102;120;101;102;227;102;102;106;102;65;102;103;240;244;240;102;100;102;352;76;101;102;102;102;77;102;102;81;102;102;374;51;53;102;102;102;102;102;103;68;102;100;42;226;102;222;102;102;102;65;102;102;102;104;102;65;102;100;100;57;59;65;233;102;99;102;221;102;229;52;102;281;70;89;101;93;103;81;102;102;102;490;243;235;101;102;102;102;102;102;319;103;105;103;333;60;236;71;245;229;226;103;102;226;219;102;227;124;102;102;102;102;102;74;102;102;76;53;245)
seed_3_level_4-1,2907,19094.645848751068,38840175,5165,(240;69;78;102;97;276;102;104;80;42;102;42;102;224;102;102;98;102;100;62;102;102;93;102;98;80;85;90;93;113;102;79;241;102;102;231;226;115;85;248;103;103;103;374;102;102;99;287;45;102;102;227;102;102;71;102;102;102;102;226;222;121;235;102;102;102;78;240;104;74;229;42;79;102;227;103;93;102;226;67;107;58;57;102;66;58;65;59;102;102;102;102;42;42;42;236;102;74;80;100;102;102;117;103;102;78;102;98;102;102;490;128;237;84;102;102;102;105;103;411;103;101;102;84;102;65;102;240;102;102;102;411;241;102;341;102;333;64;103;102;226;239;102;102;60;102;102;226;98;236)
seed_3_level_4-1,2907,19674.591229200363,40566526,5313,(104;102;102;102;236;226;102;42;42;102;42;96;219;102;102;102;234;102;102;122;74;100;243;102;42;102;103;61;102;102;102;103;102;102;224;45;273;43;102;102;102;226;106;102;102;67;102;102;102;100;117;241;51;100;102;68;121;103;102;102;102;102;78;78;57;102;102;102;102;226;63;102;102;102;102;451;52;227;102;103;118;102;109;102;242;102;102;102;60;92;102;103;65;102;68;515;226;102;47;490;102;102;102;102;228;102;64;60;102;103;64;227;102;65;102;352;102;62;102;103;98;411;102;102;102;64;64;102;352;102;239;103;102;232;102;103;517;64;226;102;103;100;102;79;102;116;78;102)
seed_3_level_4-1,2907,20278.05633354187,42503553,5461,(57;236;271;102;78;102;102;102;102;102;102;102;64;104;102;102;102;59;244;106;102;103;99;52;102;105;67;102;411;102;102;102;102;102;102;226;102;102;99;57;42;82;57;226;116;102;100;116;107;100;102;71;243;102;102;102;102;85;102;102;77;99;227;103;102;45;53;352;104;352;102;102;102;102;42;264;165;102;61;102;102;102;102;328;102;101;102;101;102;102;102;515;65;104;225;105;102;82;63;100;102;59;102;102;57;102;102;58;102;57;102;490;352;102;103;228;104;487;228;102;102;102;102;517;102;224;227;106;102;63;77;102;102;237;98;102;102;525;102;102;60;102;102;236;102;60;67;103)
seed_3_level_4-1,2907,20868.36053133011,44341816,5610,(102;102;102;57;102;102;102;96;104;42;102;77;42;102;102;103;78;102;61;432;77;102;42;108;102;76;102;243;102;226;111;102;227;101;220;42;86;105;54;102;62;102;65;329;102;559;71;102;102;78;102;77;102;102;59;102;102;102;102;102;73;241;69;102;233;102;92;105;71;102;248;103;102;67;102;100;102;100;104;114;102;102;102;102;103;103;60;243;102;102;102;236;264;102;102;68;249;102;227;108;102;352;110;102;97;45;102;102;102;51;102;53;64;102;102;78;102;102;102;69;102;102;67;517;102;64;64;102;408;124;102;101;102;522;102;490;66;102;107;226;66;115;102;103;77;229;102;352;114)
seed_3_level_4-1,2907,21474.18715405464,46409125,5757,(104;47;51;67;102;105;102;102;65;102;102;100;64;102;102;102;102;102;104;102;102;102;97;92;61;106;102;102;59;96;102;102;95;96;101;102;102;72;102;87;102;102;99;242;42;253;116;42;42;106;226;68;102;96;102;63;102;68;102;236;64;231;102;102;64;229;102;102;102;102;240;93;70;117;102;116;67;102;67;102;75;76;92;102;102;96;102;226;242;559;102;102;411;102;102;102;102;102;102;102;227;81;431;82;102;113;257;106;102;137;102;490;411;102;411;104;226;102;77;411;102;102;411;102;220;226;102;102;64;219;101;102;64;227;522;239;411;102;102;102;226;57;240;236;67;67;67)
seed_3_level_4-1,2907,22071.668704748154,48239908,5907,(105;69;102;102;100;225;102;102;65;102;100;68;102;102;102;62;99;99;102;51;102;102;54;51;102;104;78;102;102;102;102;102;102;96;97;61;59;102;100;102;102;241;78;102;102;69;102;108;248;71;226;102;102;102;102;238;102;64;76;102;95;102;242;102;120;240;67;227;102;238;102;79;103;102;66;102;236;235;236;102;234;64;74;229;102;91;102;102;102;102;102;238;117;102;102;102;102;102;227;102;219;99;263;95;66;114;117;325;243;59;217;102;102;70;102;102;61;102;102;116;101;522;42;102;102;102;102;102;65;226;102;226;102;241;102;490;352;67;226;411;352;104;102;228;102;102;411;67;103;226)
seed_3_level_4-1,2907,22679.30746459961,50191531,6056,(99;102;99;96;102;239;104;78;79;102;51;103;101;107;100;103;242;102;100;102;49;102;102;102;96;102;223;102;59;102;221;238;102;102;102;98;102;102;102;236;102;217;102;102;102;102;226;102;102;102;102;226;102;228;70;102;335;240;258;42;106;102;233;59;68;112;69;352;102;102;105;102;116;102;102;102;100;226;102;102;102;411;64;115;102;102;242;102;102;240;42;240;86;42;102;67;244;102;352;66;102;102;67;67;102;103;64;223;107;102;235;102;235;242;102;64;64;102;102;98;64;411;102;235;268;102;102;233;95;102;102;102;60;490;352;106;102;342;64;102;42;97;102;411;400;111;63;102;103)
seed_3_level_4-1,2907,23285.95949602127,52161198,6205,(105;102;102;104;105;102;102;102;67;66;227;102;102;76;102;102;102;102;59;102;102;102;102;115;101;102;73;102;71;102;250;102;102;101;102;239;102;102;113;237;115;54;102;243;102;102;74;240;102;101;238;102;102;235;102;109;62;102;102;102;102;71;102;102;242;244;102;102;102;102;102;83;102;102;102;266;102;102;64;226;227;102;226;247;245;387;43;118;76;71;102;112;98;116;102;411;229;102;102;116;102;103;61;59;102;104;60;61;102;102;59;411;110;94;102;231;64;102;238;101;517;102;42;490;42;240;352;102;68;352;411;102;90;226;101;105;352;102;335;102;60;102;229;67;102;102;67;102;102)
seed_3_level_4-1,2907,23919.489040136337,54279879,6358,(102;51;102;102;54;67;102;231;102;102;96;102;102;76;115;79;102;98;62;100;102;115;105;102;42;67;102;42;104;62;561;244;102;102;233;234;107;103;102;103;227;102;102;114;250;102;102;102;102;102;235;98;335;102;102;102;64;102;102;102;67;102;244;102;74;102;242;102;100;102;100;102;102;102;102;102;102;100;72;102;243;102;102;102;42;102;229;42;102;102;118;117;102;102;517;99;138;102;102;102;226;226;102;226;234;226;102;352;102;102;102;102;102;102;243;73;224;112;79;102;96;250;102;250;84;456;72;102;228;102;92;95;102;233;451;102;239;490;102;102;102;227;104;239;103;102;245;102;102;400;100;80;253)
seed_3_level_4-1,2907,24508.27138018608,56048670,6505,(100;111;102;102;102;105;102;42;102;102;100;257;102;102;102;102;102;62;61;102;102;102;102;102;229;102;102;102;42;242;102;234;102;240;65;102;102;102;116;102;226;96;320;102;227;102;102;230;78;102;102;244;102;102;77;111;102;102;102;102;79;74;102;102;102;102;102;102;65;65;66;102;102;42;102;42;42;67;68;98;42;517;102;102;117;102;102;102;102;226;102;102;102;250;225;99;102;104;102;226;62;98;74;236;95;490;72;225;419;102;352;67;242;102;103;352;102;102;240;102;451;102;352;234;94;234;102;95;102;101;102;94;104;102;102;67;236;104;98;101;102;102;102;102;94;98;102)
seed_3_level_4-1,2907,25109.570608377457,58029124,6652,(98;102;102;96;239;102;102;102;115;102;102;102;102;102;102;102;102;102;102;102;102;102;100;102;102;102;352;102;242;240;102;102;102;228;239;78;63;257;82;102;237;102;102;102;102;65;102;102;105;65;102;102;65;222;64;102;517;102;102;102;72;102;102;102;411;226;102;230;229;102;102;102;225;102;66;105;72;320;64;103;102;102;102;102;102;102;228;103;64;105;243;104;102;411;42;236;42;264;102;110;250;64;102;137;102;237;102;231;102;80;102;102;103;94;225;108;100;100;102;42;102;102;102;251;102;102;100;275;102;490;234;228;518;319;102;102;102;94;97;102;102;100;229;226;89;102;61)
seed_3_level_4-1,2907,25700.455641508102,59714935,6804,(235;102;102;102;102;102;98;113;102;117;102;102;102;102;102;240;104;102;66;227;102;102;102;102;239;102;102;102;411;102;102;110;96;102;62;65;102;233;102;126;102;97;102;90;102;411;257;102;102;102;102;81;100;102;102;69;66;106;66;110;68;102;102;236;102;102;102;102;227;102;102;113;222;237;62;320;102;102;102;102;352;102;57;228;63;64;102;229;104;75;66;116;102;59;102;102;102;241;102;102;42;45;45;102;102;98;102;42;58;47;102;517;77;102;66;103;103;105;102;103;102;102;103;228;104;116;102;104;102;104;70;102;69;106;102;564;333;102;103;104;257;243;102;99;64;103;102;102;42;103;102;242)
seed_3_level_4-1,2907,26314.502916574478,61873800,6955,(71;42;69;42;42;102;238;102;234;106;68;64;75;102;102;74;102;102;102;42;96;352;102;103;102;102;102;98;100;115;102;106;93;97;102;102;102;111;99;245;102;517;102;67;103;102;96;115;102;105;106;99;102;229;102;64;67;237;229;102;104;102;102;102;102;102;223;517;487;103;102;102;192;103;66;102;411;64;102;352;229;120;69;520;102;423;411;104;102;102;102;102;103;226;411;103;102;102;102;102;67;103;102;67;102;101;102;103;102;406;102;102;352;102;226;103;102;102;102;102;234;76;225;222;104;137;102;102;102;100;79;62;102;42;102;79;105;62;103;79;103;66;62;102;77;226;62;434;102;42;65)
seed_3_level_4-1,2907,26935.12832760811,64116255,7106,(106;64;68;102;102;102;102;104;102;226;59;102;225;102;102;102;224;102;102;101;102;237;42;42;102;67;235;102;243;102;102;112;352;102;102;103;232;102;371;103;411;65;102;432;419;42;102;221;226;112;103;114;114;42;102;94;42;520;237;102;90;68;115;101;50;79;102;112;129;236;113;98;64;229;102;80;102;77;102;97;64;64;226;102;102;102;67;102;320;102;65;320;227;100;102;102;102;320;102;102;102;102;112;352;102;102;98;102;75;94;248;98;102;102;102;98;100;97;102;107;104;102;411;103;102;264;72;231;517;102;74;102;517;415;68;103;229;64;64;102;66;102;76;102;102;102;226;102;229;67;102)
seed_3_level_4-1,2907,27545.345485448837,66132944,7256,(64;104;107;77;65;102;265;102;229;226;102;102;259;83;226;102;65;94;103;97;230;352;102;62;102;102;102;411;102;102;102;228;269;102;102;72;42;42;102;102;42;42;58;102;102;70;42;226;102;93;226;102;102;109;102;240;227;102;352;224;102;73;102;98;102;102;95;239;102;71;93;71;102;102;97;42;42;320;322;226;102;413;102;103;318;352;102;102;320;102;320;102;102;352;102;64;67;103;103;102;115;102;102;77;411;411;102;67;102;64;103;102;102;103;52;102;103;319;230;102;228;42;42;103;42;227;94;77;237;52;236;50;102;371;102;102;102;102;102;102;66;102;68;102;102;102;248;102;102;102)
seed_3_level_4-1,2907,28191.75152850151,68964569,7406,(239;239;102;102;102;244;102;110;100;107;102;42;102;102;102;371;102;105;102;102;238;103;219;102;318;109;103;102;108;179;307;102;265;103;64;240;102;104;102;104;244;102;64;104;411;226;102;102;102;102;100;102;242;117;102;423;102;102;226;102;318;103;77;319;102;97;103;104;96;227;102;102;114;105;77;65;42;102;102;102;496;229;319;91;74;102;102;102;61;42;102;102;102;97;102;226;102;102;102;102;102;229;102;352;104;70;102;106;106;102;137;225;379;63;102;226;65;64;239;79;102;102;103;106;320;526;352;226;411;102;519;352;226;102;102;110;322;406;625;320;232;102;102;42;59;102;406;102;102;102)
seed_3_level_4-1,2907,28848.976776838303,71954428,7557,(229;102;102;102;102;336;102;102;226;226;103;59;102;98;226;102;352;110;436;102;102;242;73;102;102;102;222;230;102;241;379;102;102;102;227;352;319;85;120;73;102;102;102;116;115;120;67;100;226;237;73;77;102;102;77;104;102;102;109;102;235;98;102;102;352;65;77;411;102;403;64;62;77;102;64;102;240;102;436;64;79;102;102;318;119;102;98;98;102;102;103;352;260;102;65;102;476;63;102;102;411;102;423;102;352;102;64;352;102;102;102;103;102;102;103;102;103;102;103;103;240;102;526;103;320;352;103;518;231;102;102;523;331;352;102;102;352;57;239;102;102;332;102;95;102;102;226;102;102;102;102)
seed_3_level_4-1,2907,29452.98392176628,73872759,7707,(237;102;102;102;102;102;247;232;68;110;102;108;102;67;99;102;103;64;411;116;103;102;102;103;103;102;102;102;67;103;100;421;42;105;236;78;104;42;102;102;42;102;111;226;57;102;110;114;42;336;65;352;77;102;101;63;103;102;439;102;102;226;102;102;111;102;379;102;78;68;101;101;102;102;102;102;261;102;102;137;240;102;77;66;476;102;102;98;65;114;102;102;102;102;102;102;102;352;102;102;102;327;224;102;104;225;42;102;102;103;102;42;103;97;58;97;102;102;108;45;102;104;104;95;102;95;227;411;106;102;102;102;102;95;226;117;411;102;102;227;226;102;102;102;102;226;102;102;414;102)
seed_3_level_4-1,2907,30064.7254652977,76308019,7856,(225;411;108;59;103;102;102;96;102;66;282;102;106;102;331;100;463;64;102;100;103;102;102;124;114;122;102;102;102;98;226;103;403;103;103;101;96;94;66;116;78;42;78;229;102;103;226;102;71;67;67;234;247;102;226;102;67;46;104;105;67;102;70;66;102;102;237;68;102;70;67;102;107;69;73;102;394;67;102;69;102;102;476;352;100;102;62;102;411;238;100;236;71;352;107;102;102;500;99;102;352;42;66;102;102;228;232;102;102;102;102;102;102;65;102;101;102;225;102;117;443;102;103;414;102;102;102;411;102;102;352;102;63;102;65;102;102;102;103;102;231;411;102;517;226;226;102;97;96)
seed_3_level_4-1,2907,30709.334048748016,79108799,8007,(394;102;83;109;230;102;248;102;102;102;102;102;102;69;240;262;100;102;103;102;102;103;240;102;102;101;66;102;249;373;96;114;102;76;103;84;352;47;532;100;42;42;102;102;84;226;102;463;67;548;102;103;102;102;106;64;119;121;320;102;82;102;102;103;102;102;118;73;226;85;65;101;468;42;106;102;411;102;102;237;227;102;100;102;331;102;241;116;103;102;112;237;102;102;102;54;102;102;102;248;411;102;414;102;227;352;102;102;226;108;102;102;102;102;449;411;67;102;352;342;227;102;102;102;426;411;77;476;102;102;102;102;129;103;102;102;226;102;57;102;102;62;102;102;102;102;102;102;102;352;102)
seed_3_level_4-1,2907,31341.54891347885,81778195,8158,(476;102;102;411;102;352;102;234;102;68;102;102;102;102;99;102;102;102;102;73;68;102;102;102;109;109;102;102;327;110;64;103;352;102;532;43;102;42;102;45;78;102;102;102;226;102;102;318;43;411;102;240;64;103;98;102;116;73;102;102;102;102;102;411;68;64;254;103;67;77;94;413;452;411;67;64;66;110;102;65;102;69;102;352;102;103;331;449;234;352;102;69;103;42;115;103;102;102;103;240;84;69;102;102;71;468;411;102;102;102;102;80;102;102;67;108;102;101;102;67;65;236;102;226;102;414;102;102;102;51;352;102;102;226;318;102;318;102;102;102;411;235;104;102;102;227;226;102;102;101;227)
seed_3_level_4-1,2907,31957.413128614426,84073302,8307,(73;102;102;104;100;68;106;105;65;109;102;134;106;102;106;105;102;68;411;64;102;61;100;65;102;102;102;102;333;223;242;112;102;103;102;102;503;90;102;102;102;52;246;102;62;62;42;63;65;102;332;62;64;102;45;79;476;102;410;102;60;102;102;229;102;245;102;102;102;102;352;102;102;102;226;102;352;452;102;227;100;102;226;102;103;64;67;102;102;64;411;67;102;331;226;102;64;103;449;84;103;103;100;236;102;102;102;104;352;238;102;78;102;243;102;101;102;103;101;108;102;102;102;102;102;226;226;226;103;386;102;226;102;102;331;67;227;226;78;102;95;102;67;101;67;114;410;102;320)
seed_3_level_4-1,2931,32594.378368139267,87085008,8457,(66;67;239;66;102;102;102;102;102;106;102;411;336;103;666;102;102;64;468;102;103;102;102;45;68;47;42;364;102;62;60;102;315;411;230;102;101;102;102;333;102;89;227;102;226;411;61;260;227;102;108;443;102;102;137;64;58;84;96;226;102;102;102;452;226;444;102;102;103;103;102;67;96;103;226;66;103;102;66;227;102;333;102;64;102;352;102;102;525;352;476;102;89;66;60;62;122;65;102;99;352;74;102;102;75;102;119;102;102;102;102;102;102;102;42;115;226;102;410;105;487;332;102;228;102;245;102;102;102;102;102;102;226;105;102;320;511;101;101;104;241;101;101;95;102;227;101;104;101;320)
seed_3_level_4-1,2931,33191.1896443367,89126382,8607,(355;103;99;43;119;232;101;227;101;101;101;101;101;101;101;104;101;320;326;101;101;101;101;355;82;55;101;62;101;101;101;101;101;107;101;101;60;101;101;101;101;101;78;102;66;320;101;103;66;101;355;103;103;101;67;66;89;249;64;101;243;76;101;101;101;64;321;57;227;101;101;224;101;101;101;236;100;101;72;61;236;104;101;115;320;101;101;101;121;101;102;67;67;101;103;100;101;101;67;101;67;329;101;331;101;241;67;67;67;50;101;64;60;397;67;45;101;343;67;511;118;101;241;101;320;101;101;318;101;104;67;101;65;103;103;234;101;355;101;320;104;101;320;101;67;104;355;234;72;320)
seed_3_level_4-1,2931,33797.29433012009,91281306,8757,(397;103;45;103;101;103;101;101;397;101;101;67;103;116;226;103;329;103;103;226;101;105;101;117;104;101;101;103;355;101;203;69;101;232;68;101;101;110;101;355;101;226;101;68;70;101;101;70;67;101;67;101;72;101;355;238;225;45;43;101;101;238;101;92;320;101;69;321;42;232;59;42;104;223;101;101;226;101;101;101;101;101;321;226;101;101;79;101;79;314;101;78;69;315;226;226;101;223;101;101;65;71;64;101;67;101;101;100;79;101;68;511;101;101;101;246;101;320;101;101;72;318;318;95;101;101;101;270;101;101;320;226;101;95;101;101;101;226;101;101;238;423;101;102;101;64;101;355;101;101)
seed_3_level_4-1,2931,34406.62880682945,93334778,8906,(355;118;226;101;102;320;101;101;108;71;71;108;234;70;64;101;70;114;101;101;101;101;320;101;242;60;101;78;101;101;101;101;77;226;108;101;101;101;224;101;101;101;101;72;66;101;108;101;321;226;101;62;108;355;228;320;42;53;101;320;61;101;224;101;101;101;101;101;54;101;355;101;62;101;42;101;96;101;102;101;101;101;397;100;100;64;64;64;320;47;103;320;95;104;101;101;141;101;101;101;320;103;101;261;229;64;101;101;320;226;64;96;78;226;236;397;232;101;101;318;101;97;100;101;226;101;331;397;101;101;105;101;101;104;101;72;101;101;101;103;320;101;101;101;229;102;398;101;65)
seed_3_level_4-1,2931,34996.49182987213,95107339,9055,(104;101;101;101;103;103;96;102;101;76;100;102;101;100;102;66;97;101;224;101;236;102;226;101;227;101;355;126;104;330;108;102;98;64;99;101;76;101;101;53;102;63;239;254;101;101;120;101;101;101;101;101;101;355;101;101;64;101;101;107;68;101;101;69;101;102;49;98;101;101;71;101;101;101;101;61;253;223;73;230;114;101;320;45;101;324;320;103;226;101;104;47;101;101;101;226;101;67;320;101;320;355;64;101;64;226;103;89;320;101;103;100;101;104;328;101;227;101;104;101;101;100;101;224;101;226;224;101;78;98;241;320;226;102;226;96;331;105;103;101;116;101;100;101;65;226;100;101;78)
seed_3_level_4-1,2931,35592.460243463516,96917224,9204,(69;101;101;101;101;69;101;320;101;69;101;101;103;242;101;101;101;101;118;70;98;320;101;101;72;355;101;101;66;234;101;102;320;103;101;355;240;64;60;234;101;101;330;101;101;106;101;336;65;63;93;226;101;55;100;101;63;117;101;105;85;225;120;79;237;316;226;101;101;101;101;78;78;106;101;78;119;101;331;101;101;101;96;101;101;117;95;101;101;241;95;101;101;101;104;102;101;230;101;320;241;104;328;226;73;101;101;226;101;114;101;101;114;101;64;320;226;64;103;64;65;109;64;235;67;101;67;101;101;101;355;101;320;77;101;101;101;101;101;101;101;111;101;235;101;249;101;65;323)
seed_3_level_4-1,2931,36184.67710137367,98867855,9354,(320;101;101;236;101;102;101;101;101;105;74;101;101;365;101;230;101;231;66;320;101;101;242;102;103;320;245;243;68;101;102;101;226;245;106;101;90;101;101;60;315;226;62;101;101;102;78;108;98;227;101;101;67;226;355;101;101;108;101;100;101;241;101;101;226;331;71;101;320;101;101;227;101;101;320;121;101;57;101;101;320;101;101;101;101;98;114;101;67;101;101;101;100;101;226;101;101;104;101;101;60;101;101;355;100;241;397;234;336;101;101;101;101;101;72;102;106;101;101;57;320;101;101;101;65;78;107;63;101;101;101;226;101;66;232;244;101;101;226;101;93;355;101;101;101;66;98;101;103;101)
seed_3_level_4-1,2931,36764.78733062744,100531611,9504,(320;101;355;101;101;101;101;101;101;101;101;130;248;232;320;55;42;72;82;101;101;101;101;221;57;101;101;320;69;101;101;101;101;42;224;101;106;101;241;100;101;101;101;77;101;332;101;101;321;241;101;101;78;101;64;101;101;101;100;101;100;77;66;101;101;227;241;101;101;227;117;101;102;97;105;101;101;101;103;95;118;232;102;101;101;355;101;101;101;228;242;101;101;101;69;101;101;120;65;320;114;81;226;101;101;101;74;101;72;113;101;97;101;100;398;107;226;236;101;101;126;101;101;101;101;101;106;101;101;101;101;101;101;101;228;101;101;72;98;355;68;101;102;101;235;101;101;101;68;320)
seed_3_level_4-1,2931,37359.51587820053,102328445,9655,(320;101;101;42;109;45;101;101;320;233;75;57;101;226;101;102;101;101;101;43;78;229;101;129;101;101;101;130;101;101;81;101;101;101;101;101;101;320;101;101;114;227;101;346;101;320;114;95;320;101;101;320;92;101;98;101;101;355;118;101;102;101;96;101;101;224;69;57;101;318;102;101;228;59;101;240;101;101;104;101;320;101;237;101;101;64;180;247;319;320;355;79;101;99;65;119;101;101;101;101;101;226;355;101;101;77;124;101;243;79;101;65;101;398;101;101;66;101;101;110;98;101;70;101;64;101;101;64;101;101;101;235;101;106;68;320;101;101;101;101;101;101;68;101;102;101;101;101;101;103;101)
seed_3_level_4-1,2931,37957.54096078873,104388679,9805,(365;355;226;69;104;67;101;101;101;70;102;237;98;320;67;101;64;101;101;101;101;101;101;101;105;60;101;64;67;104;106;67;101;117;101;101;101;64;254;103;101;101;237;226;70;100;101;101;101;101;101;101;101;226;64;101;95;43;226;60;101;101;226;101;320;101;104;319;223;101;101;320;320;227;101;67;105;101;126;243;101;102;98;66;101;228;226;335;237;101;113;118;102;101;226;103;101;320;108;101;102;101;103;101;101;108;233;101;114;224;96;320;320;320;108;320;73;101;101;95;115;109;101;320;108;320;320;101;101;118;75;95;114;53;96;60;334;101;95;101;101;320;101;365;101;117;331;101;114;114)
seed_3_level_4-1,2931,38585.75939822197,106768257,9955,(398;101;115;258;101;355;60;227;45;112;116;101;94;69;226;320;101;102;109;68;236;245;101;232;397;101;64;227;78;64;101;62;71;229;101;101;233;101;65;320;101;101;95;320;101;101;101;68;65;226;101;226;101;101;101;102;101;104;101;112;101;107;117;101;319;101;320;101;104;371;101;223;320;355;101;80;102;237;320;227;101;226;101;101;79;101;101;226;102;70;101;320;119;101;228;228;101;101;101;101;226;101;101;101;226;227;114;320;114;397;101;101;101;397;100;101;320;101;101;101;101;248;101;101;114;224;101;101;355;78;114;108;114;114;101;101;101;320;67;101;101;257;101;234;102;320;226;104;104;101)
seed_3_level_4-1,2931,39193.52425742149,109028250,10105,(320;101;101;101;101;101;101;101;101;101;101;62;101;75;101;102;240;107;101;101;320;101;101;101;101;67;42;101;108;66;101;68;108;101;101;235;320;101;65;101;101;398;101;91;94;122;101;97;63;101;105;230;355;245;224;246;101;70;101;109;99;320;101;245;317;226;222;232;105;101;101;101;101;72;242;65;108;356;101;67;101;61;101;101;101;355;98;101;222;111;60;371;67;108;101;104;226;101;101;226;95;101;101;226;101;334;101;320;320;105;104;357;101;320;101;101;43;253;101;226;101;226;101;318;101;105;355;228;101;320;103;355;101;101;101;101;226;78;234;101;101;101;101;320;233;101;101;102;101;243)
seed_3_level_4-1,2931,39797.37777686119,111315379,10255,(365;101;69;355;101;101;226;101;103;101;101;101;98;97;101;243;101;101;113;108;101;57;101;67;101;235;66;64;101;226;231;78;101;101;101;365;101;84;101;43;101;103;101;101;66;101;85;244;219;101;76;101;101;101;101;101;64;101;226;101;237;79;101;101;101;222;101;101;115;101;101;371;320;101;320;104;101;104;101;108;229;101;101;101;226;87;320;101;355;59;247;108;101;105;101;101;101;101;104;104;101;113;355;320;101;226;320;102;240;105;105;228;101;101;76;105;328;101;320;356;92;320;355;69;226;101;101;79;226;82;103;320;101;226;102;234;101;320;101;366;101;104;320;116;340;78;65;101;321;64)
seed_3_level_4-1,2931,40397.790503025055,113522301,10405,(100;68;105;101;89;101;101;101;238;101;72;101;122;226;57;259;236;42;101;78;320;101;237;101;101;100;101;101;100;101;119;96;101;101;101;237;101;101;80;101;101;243;101;60;75;101;101;101;110;101;320;101;242;101;101;231;100;101;244;101;222;57;73;101;371;320;320;228;101;101;113;226;101;355;228;362;226;226;223;226;101;97;99;320;103;101;101;101;124;113;101;101;101;101;320;320;67;227;101;101;101;101;101;101;228;101;103;65;104;79;101;101;101;117;335;105;230;125;105;101;101;78;101;355;345;101;106;101;101;104;79;355;244;101;397;320;226;101;227;320;101;78;108;226;97;237;226;101;101;66)
seed_3_level_4-1,2931,41009.976058244705,115943953,10555,(320;355;101;224;235;222;101;101;97;101;101;101;101;101;242;101;245;101;218;102;226;354;101;101;100;101;60;64;101;101;329;101;101;222;64;232;95;118;101;101;232;101;101;101;101;238;332;101;101;101;60;101;60;101;234;320;70;101;60;101;101;101;101;371;103;101;99;101;335;101;104;355;101;105;103;103;107;101;101;227;101;355;227;126;43;357;101;65;229;332;78;101;108;245;226;61;104;101;321;101;226;258;63;66;228;355;223;234;78;92;77;226;101;43;98;226;60;329;101;107;101;101;78;320;101;101;101;101;226;237;335;101;226;226;320;101;227;241;101;101;101;103;116;355;101;98;226;101;101;320)
seed_3_level_4-1,2931,41588.521052122116,117771478,10705,(354;101;92;101;321;101;101;101;101;101;101;97;101;101;227;74;101;101;111;105;101;355;328;101;234;101;101;112;101;101;101;101;101;101;355;101;101;101;101;231;101;98;243;101;101;108;102;101;320;101;222;101;101;111;60;101;101;101;234;243;101;101;101;101;104;371;104;43;101;236;106;101;69;320;101;101;101;101;104;101;65;101;103;355;234;101;253;228;101;101;95;95;105;101;241;101;230;101;65;226;101;234;241;373;99;104;78;226;101;101;101;103;228;101;101;101;102;227;219;114;105;66;101;228;101;101;101;101;320;99;101;101;86;101;101;101;57;101;101;96;227;109;68;118;102;101;101;226;101;101)
seed_3_level_4-1,2931,42175.980605602264,119755760,10855,(354;103;355;100;101;130;96;101;101;101;70;93;101;70;101;226;101;62;95;101;101;101;101;101;75;101;227;224;101;101;101;101;109;107;101;227;225;101;101;242;101;101;103;114;101;101;101;224;111;101;84;101;239;320;101;333;101;249;226;101;101;104;101;100;60;100;101;101;239;69;101;43;116;101;101;101;101;228;101;105;104;42;328;104;101;228;230;234;320;320;68;227;320;104;105;103;101;112;101;101;228;230;102;101;220;101;42;77;101;248;42;246;104;101;101;95;101;101;67;320;42;101;236;100;67;228;354;228;104;226;43;43;68;42;226;101;225;67;102;42;242;320;234;355;227;42;226;43;234;104)
seed_3_level_4-1,2931,42787.19533061981,122068223,11005,(354;101;223;232;68;102;231;43;227;330;101;101;72;70;328;101;238;232;101;72;101;101;101;123;320;69;65;68;101;320;101;259;101;101;99;110;64;227;125;107;101;64;101;112;101;101;230;101;103;225;320;243;101;101;101;252;99;104;101;101;101;355;101;241;101;226;101;62;101;102;328;231;226;101;101;101;227;101;355;101;102;101;226;101;103;105;101;333;105;227;101;101;101;320;342;226;228;69;101;354;101;101;65;104;101;65;101;328;101;79;101;101;104;101;320;101;81;114;227;101;101;101;328;257;101;101;101;229;101;226;101;101;101;101;320;84;320;362;67;68;42;101;79;320;101;104;101;101;322;105)
seed_3_level_4-1,2931,43430.17806005478,124983825,11155,(354;101;95;101;98;227;225;101;101;108;72;101;97;101;101;101;101;320;101;101;101;52;112;101;101;101;101;228;355;226;118;101;113;101;228;98;74;286;101;234;101;102;226;101;123;137;67;102;96;101;101;101;232;222;101;121;101;101;96;42;101;103;101;73;101;101;73;64;101;226;57;362;327;320;228;101;230;327;101;226;67;105;103;42;101;355;101;229;226;230;103;42;67;68;227;101;320;355;101;355;331;226;321;101;228;355;320;355;101;338;334;101;227;228;332;226;101;230;226;42;225;226;227;101;355;226;67;355;103;101;355;328;227;101;101;67;228;355;103;227;355;101;102;101;228;318;108;320;227;355)
seed_3_level_4-1,2931,44057.021181583405,127605432,11305,(354;42;74;101;101;123;230;101;105;72;222;47;320;329;117;398;101;65;101;233;101;228;101;238;103;320;101;101;71;240;246;237;68;101;64;65;101;101;76;101;101;101;56;101;101;101;101;106;75;101;101;226;320;71;101;68;74;233;328;87;224;361;69;101;245;318;226;101;230;65;101;226;104;227;64;227;101;226;101;101;332;227;101;339;101;101;108;69;227;328;226;228;66;101;66;104;101;101;101;226;67;226;448;101;101;103;226;83;101;226;101;226;101;66;43;68;328;101;229;104;101;355;78;320;101;101;230;355;101;104;101;101;101;226;320;355;67;101;330;230;329;228;104;68;101;397;101;355;101;104)
seed_3_level_4-1,2931,44694.49823617935,130347645,11455,(398;101;101;355;101;119;101;226;101;102;96;320;57;101;327;101;101;101;320;101;101;101;101;101;320;101;101;72;101;113;106;101;101;101;323;101;66;227;101;101;232;101;227;57;234;101;101;334;59;232;226;101;225;101;101;101;62;320;246;101;227;101;101;448;355;101;108;101;226;230;101;101;68;229;104;327;64;101;318;101;230;320;104;225;320;249;355;319;103;228;355;231;65;68;328;101;104;230;101;355;101;115;101;323;320;228;105;64;104;101;65;327;226;106;101;228;228;66;243;320;101;42;340;99;101;101;226;330;230;232;103;229;65;68;102;103;107;78;101;101;217;77;67;222;66;101;69;226;101;242)
seed_3_level_4-1,2931,45346.573872327805,133535750,11605,(398;101;320;64;357;328;101;224;68;101;320;96;101;320;101;69;101;101;101;96;103;101;224;101;101;101;101;101;101;105;107;241;101;101;101;226;101;101;320;101;100;101;101;222;101;101;94;101;101;330;95;320;97;327;101;356;101;242;101;229;227;355;101;225;448;104;230;101;101;101;356;64;65;101;320;328;67;226;229;262;328;355;320;226;101;231;105;101;231;75;355;328;42;132;397;228;320;228;104;226;227;101;101;320;101;101;101;73;101;101;104;101;321;67;101;101;328;362;101;101;355;228;101;104;105;127;104;328;101;355;104;103;104;229;415;226;101;72;229;101;101;110;333;227;102;101;101;359;355;355)
seed_3_level_4-1,2931,45993.801852464676,136501947,11755,(398;57;103;74;226;231;101;243;101;116;101;101;101;101;101;101;355;101;102;256;225;109;57;101;101;238;320;67;101;102;101;101;101;320;101;355;101;101;97;101;101;101;226;101;101;101;101;226;320;101;355;225;64;101;101;101;101;101;101;101;101;101;101;97;101;101;101;226;322;101;226;227;330;355;101;355;64;355;42;66;64;75;228;103;229;336;355;105;355;343;244;86;101;108;355;101;101;101;338;101;227;226;101;104;101;230;101;227;114;228;321;364;101;226;226;230;66;320;322;101;101;322;355;355;101;226;329;221;101;104;321;101;230;101;101;101;237;101;101;230;67;328;65;227;328;102;101;320;231;224)
seed_3_level_4-1,2931,46641.46361160278,139539631,11905,(398;226;320;101;226;320;101;101;101;231;231;101;101;103;231;101;101;232;112;69;98;101;101;101;64;71;112;101;227;101;239;94;101;101;101;101;101;101;69;101;101;64;101;227;320;101;226;101;64;52;63;113;100;245;320;101;101;237;64;101;101;364;321;104;228;228;101;101;69;320;320;226;101;448;355;104;101;101;116;101;331;101;101;320;229;230;64;229;227;103;320;101;104;42;227;226;330;228;67;65;101;323;329;105;101;101;101;226;321;355;322;330;101;101;228;104;355;320;69;226;230;329;328;322;226;69;237;226;355;101;67;64;65;228;228;320;227;231;69;69;101;226;101;226;320;101;328;64;355;101)
seed_3_level_4-1,2931,47268.44349718094,142159228,12055,(398;101;101;240;101;320;238;101;78;101;101;101;101;80;101;355;101;226;101;226;355;101;104;101;97;103;94;119;101;59;101;101;101;78;124;69;89;101;60;101;101;101;75;101;101;101;101;101;103;245;101;73;226;101;101;320;101;238;226;448;65;65;226;355;42;101;320;101;322;226;104;105;101;229;69;65;322;101;101;101;329;226;101;322;42;320;43;322;101;101;226;231;226;101;322;227;92;107;234;101;69;227;101;66;105;101;105;67;101;101;101;42;65;101;229;321;320;320;103;101;330;397;101;101;101;318;42;69;320;101;320;321;101;101;227;108;101;105;43;101;104;320;69;322;329;91;69;320;228;320)
seed_3_level_4-1,2931,47912.1594619751,145099061,12205,(398;226;329;231;226;101;243;232;103;101;66;112;355;101;101;101;101;101;101;52;103;87;101;101;101;105;101;101;101;101;233;101;101;101;355;61;42;320;42;226;355;101;116;226;101;96;101;66;320;102;101;355;94;101;101;101;101;320;121;219;448;335;101;227;226;101;249;101;112;101;68;319;101;320;101;226;101;68;68;66;101;69;65;227;320;320;101;114;101;320;101;104;322;66;101;320;226;101;355;320;67;226;229;320;227;328;101;101;227;101;67;227;320;228;101;321;318;355;101;101;101;101;322;228;101;321;226;67;68;102;101;105;226;101;229;320;226;229;321;66;67;67;66;101;101;320;101;226;322;228)
seed_3_level_4-1,2931,48542.007710933685,147758084,12355,(398;101;64;226;101;101;101;101;101;95;64;101;75;101;229;101;238;355;101;61;101;230;101;109;101;61;226;225;355;106;90;318;222;100;101;101;101;101;65;355;101;355;101;101;101;101;101;355;101;101;89;101;117;231;101;101;101;77;101;355;95;101;448;101;101;101;227;320;78;355;69;101;228;318;42;105;67;320;226;116;101;104;101;101;100;226;101;101;69;228;114;101;404;227;68;65;329;101;228;101;230;231;101;228;67;103;101;234;69;105;227;230;320;320;101;101;228;101;105;68;69;68;397;231;69;68;228;101;319;228;101;322;225;101;66;320;101;101;232;320;244;355;67;116;227;101;68;321;226;66)
seed_3_level_4-1,2931,49189.971714019775,150754740,12505,(398;116;101;224;101;226;101;101;101;103;101;101;101;224;101;101;320;101;61;101;101;318;101;103;101;101;101;101;101;95;77;225;360;101;101;64;101;231;327;355;64;226;101;311;59;220;101;226;101;101;46;101;101;393;101;226;227;320;87;101;101;222;226;101;69;68;320;318;328;105;227;448;320;103;101;328;101;104;68;362;226;103;101;101;101;233;101;101;65;65;330;104;102;91;226;101;42;104;101;448;101;101;131;320;68;101;69;105;101;322;101;228;230;239;226;101;320;116;101;229;230;101;101;243;328;415;104;397;397;230;355;333;42;101;104;68;101;273;322;320;101;101;101;320;43;318;227;104;123;69)
seed_3_level_4-1,2931,49819.39510989189,153528917,12655,(101;42;355;101;101;328;101;320;59;101;101;101;106;234;65;355;101;317;101;355;101;320;320;101;101;103;45;355;101;101;107;332;101;101;101;101;101;225;102;67;101;99;234;101;70;101;101;102;101;101;101;64;226;43;101;245;101;225;101;109;113;101;94;101;101;415;358;101;101;68;448;371;320;101;243;101;101;226;65;64;103;425;101;103;69;355;101;101;78;66;104;355;101;102;101;101;68;101;329;67;355;228;69;229;67;103;226;103;101;105;101;66;228;101;69;67;320;101;105;446;226;227;320;226;101;101;448;67;101;355;230;101;105;101;69;104;226;226;69;67;320;397;101;66;226;65;103;67;226;330)
seed_3_level_4-1,2931,50420.89664673805,155739782,12805,(328;101;101;230;101;101;101;101;101;236;101;120;226;101;226;101;119;101;355;318;226;226;107;101;226;320;101;101;101;101;78;101;101;100;42;83;101;355;101;226;101;320;101;75;101;101;226;101;101;101;355;107;101;101;102;101;226;101;101;101;328;62;228;101;446;67;101;101;101;101;101;64;67;244;101;226;64;229;67;226;320;297;64;101;91;78;101;237;101;228;101;229;229;101;328;101;101;101;67;101;117;77;101;103;101;228;101;101;246;320;64;101;231;91;67;68;101;104;101;78;226;67;117;226;320;64;103;92;320;397;101;101;226;104;64;226;237;101;101;227;101;101;52;101;103;245;101;101;227;235)
seed_3_level_4-1,2931,51046.70429158211,158147229,12955,(328;226;355;68;320;101;101;101;101;325;101;101;101;320;101;111;101;101;101;101;101;96;101;101;101;101;101;225;67;101;318;101;101;103;219;101;103;101;224;101;224;101;101;78;320;446;101;226;101;67;67;101;101;67;226;228;64;103;229;226;103;320;320;320;66;101;101;320;103;237;228;448;67;101;227;90;103;101;105;320;226;113;226;226;290;101;226;226;226;101;320;105;236;103;226;101;78;228;101;227;381;104;101;101;101;320;114;67;101;320;318;101;227;101;101;62;103;101;101;101;64;101;101;101;328;355;101;101;60;101;103;97;101;101;101;66;330;101;62;107;101;101;98;101;101;101;101;103;101;57)
seed_3_level_4-1,2931,51666.726070165634,160553962,13105,(101;101;101;320;101;94;101;102;101;101;101;101;101;328;101;105;101;59;74;320;318;331;101;64;96;98;101;318;101;101;101;101;101;320;101;224;101;232;67;320;101;101;101;325;101;320;98;101;101;101;101;224;113;101;355;355;101;101;101;101;100;101;264;318;101;101;355;101;355;101;61;101;101;355;355;318;102;101;321;228;234;226;101;101;101;101;104;114;228;226;320;101;101;101;104;67;64;101;320;226;101;355;101;320;104;67;101;101;68;101;101;101;67;67;67;227;101;104;91;101;101;101;228;226;226;101;228;101;226;226;226;101;74;101;101;67;229;230;101;101;103;243;246;346;101;101;101;66;67;226)
seed_3_level_4-1,2931,52267.49982404709,162817601,13254,(101;101;101;328;101;101;101;235;112;108;226;101;101;101;63;101;446;105;99;103;42;239;101;68;67;85;224;226;101;101;101;226;230;101;71;101;101;66;104;320;226;69;355;101;106;101;226;101;78;229;67;66;101;101;320;67;101;103;65;65;320;101;78;231;245;101;101;227;318;78;67;101;333;101;226;244;103;101;247;101;114;101;331;226;101;320;101;101;320;101;101;101;226;101;101;101;60;101;66;320;101;222;63;235;101;65;101;101;320;101;318;101;101;101;320;101;101;229;101;101;101;101;64;231;101;320;320;85;247;101;101;355;101;101;355;103;101;93;101;226;64;326;103;101;224;101;101;224;101)
seed_3_level_4-1,2931,52890.70551943779,165428237,13404,(103;226;101;226;101;101;91;101;101;101;101;112;101;101;226;225;101;101;101;101;101;101;112;101;103;318;224;64;101;446;106;229;320;101;66;227;229;101;320;102;101;232;67;329;65;101;101;66;65;78;67;355;101;320;227;67;101;66;101;101;101;226;66;106;104;101;318;67;101;328;65;227;101;85;229;65;107;101;108;320;103;101;320;101;101;72;320;314;65;331;101;328;85;101;101;320;101;101;101;326;224;101;101;101;101;73;328;355;226;226;356;101;320;101;101;101;320;318;84;101;101;328;101;101;226;74;101;355;101;101;101;224;115;355;101;101;328;101;328;320;101;224;355;103;61;101;90;97;101;74)
seed_3_level_4-1,2931,53533.59485721588,168231892,13554,(318;226;226;226;101;101;112;101;101;101;103;101;240;101;101;101;101;320;101;101;112;112;226;231;320;101;226;110;93;101;117;101;320;446;68;65;101;226;227;104;355;67;82;320;226;101;241;42;101;98;397;67;320;219;64;64;42;67;101;101;101;64;67;104;105;101;101;232;105;320;66;227;226;226;101;320;223;101;230;67;101;101;101;355;230;91;78;320;228;104;331;101;328;103;102;320;328;226;99;101;230;226;320;355;67;101;344;64;247;310;219;101;101;96;108;101;101;101;101;103;101;101;101;328;101;62;67;101;101;231;102;101;320;101;65;320;320;103;73;226;331;250;328;320;101;320;97;101;320;65)
seed_3_level_4-1,2931,54173.08778452873,171118666,13703,(318;101;101;320;320;101;64;226;98;101;320;101;101;320;101;115;328;101;226;101;101;87;101;101;101;112;74;101;102;64;85;243;101;101;103;226;101;101;355;446;234;103;318;227;318;66;235;397;77;227;101;232;103;101;67;234;64;320;223;67;101;234;318;320;103;356;101;67;101;101;355;226;103;355;227;226;103;67;78;101;229;226;237;227;64;228;101;230;228;242;64;101;331;227;101;60;101;101;243;226;101;226;101;101;101;62;224;101;101;320;101;101;320;226;101;328;318;104;84;397;122;102;328;101;318;101;101;328;102;101;103;101;101;83;101;101;101;101;103;320;98;101;333;101;237;101;355;104;248)
seed_3_level_4-1,2931,54818.277596473694,174209400,13852,(328;103;101;318;320;223;320;240;320;355;101;320;318;226;101;101;320;232;101;223;101;224;320;101;226;318;320;101;103;219;243;320;101;329;98;328;93;57;101;101;397;101;101;101;101;101;226;101;101;320;234;320;219;328;328;103;328;101;96;320;101;97;101;355;239;112;320;83;101;101;355;101;101;101;101;355;320;64;226;101;101;225;64;101;80;101;101;320;65;101;101;101;321;226;227;103;103;227;104;318;78;101;319;67;69;320;101;65;101;448;114;77;101;101;104;101;226;245;94;320;225;236;101;226;226;113;103;104;226;68;101;229;101;101;101;320;67;64;67;318;103;101;320;101;67;104;101;75;43)
seed_3_level_4-1,2931,55460.03959798813,177074504,14001,(319;68;106;320;101;64;101;318;101;226;94;226;101;67;320;226;109;226;102;101;322;66;397;225;108;101;101;318;101;112;101;224;324;103;101;119;101;98;103;101;101;318;113;98;243;333;101;101;355;112;101;226;101;101;101;101;74;328;355;101;101;101;103;355;234;101;227;328;107;320;101;354;102;101;67;226;69;229;101;101;66;320;318;101;101;101;67;226;67;64;226;226;102;64;67;64;235;226;101;230;355;226;355;235;329;101;101;101;101;226;101;331;226;112;64;226;101;329;329;320;101;101;331;103;320;103;320;230;101;101;103;103;102;101;64;101;101;101;101;243;320;101;328;108;101;101;101;328;239)
seed_3_level_4-1,2931,56124.3099424839,180495826,14150,(397;328;320;355;74;103;101;105;62;355;101;101;101;109;103;328;109;101;101;101;355;101;235;328;114;355;320;101;101;101;99;101;397;355;101;65;96;95;101;64;355;111;101;103;235;84;328;101;329;320;328;101;101;103;101;103;331;328;320;101;101;355;101;101;329;320;101;355;226;226;101;329;101;226;101;101;101;328;103;320;101;62;226;101;226;103;224;328;103;101;226;42;101;101;233;328;67;64;322;101;318;101;65;98;319;320;67;318;318;67;320;319;101;67;319;67;226;67;67;67;328;69;101;101;320;320;318;327;101;235;103;320;104;103;67;319;320;101;101;101;253;320;226;104;101;101;101;244;320)
seed_3_level_4-1,2931,56755.54738140106,183164661,14300,(101;64;101;101;101;222;101;100;101;101;355;101;101;226;235;101;101;320;320;101;101;101;101;101;224;328;101;355;101;64;239;101;355;101;101;355;101;101;101;231;101;101;101;101;101;101;328;329;101;230;101;101;101;101;226;101;102;105;229;88;64;226;320;120;101;103;64;101;101;101;64;103;101;226;101;353;101;101;101;226;320;64;110;101;96;101;101;101;101;224;355;101;320;101;101;101;349;232;68;226;355;71;64;101;67;319;92;226;226;318;67;236;101;320;101;327;226;94;110;67;355;101;227;101;318;228;101;101;101;67;318;67;328;101;101;69;318;318;101;355;101;226;319;101;236;101;78;226;229;227)
seed_3_level_4-1,2931,57410.41509604454,186239618,14450,(328;101;333;130;226;101;101;101;328;355;101;101;101;101;101;101;226;101;229;226;101;101;101;101;101;101;101;226;101;101;101;101;320;320;355;101;101;355;318;226;318;66;101;235;318;329;238;320;232;222;227;101;101;101;101;101;101;101;101;320;79;101;101;101;101;103;101;66;101;101;61;111;101;329;103;320;101;101;224;101;101;103;231;101;101;103;327;233;101;101;230;101;328;106;318;123;318;226;225;101;101;67;226;318;318;328;238;67;67;318;67;243;101;226;224;320;101;67;320;67;67;320;101;228;101;334;231;329;67;320;355;101;101;326;67;236;101;229;68;227;101;320;355;64;67;228;318;228;114;320)
seed_3_level_4-1,2931,58075.73752331734,189602871,14600,(329;101;226;64;101;101;320;101;101;114;101;320;101;101;101;320;105;101;101;64;230;101;101;320;331;224;328;223;101;224;320;101;101;101;101;101;101;329;320;320;328;101;320;328;101;98;320;329;103;101;101;355;101;355;101;113;101;103;101;101;328;231;101;105;101;101;318;101;226;101;96;101;101;101;355;328;331;101;65;226;101;97;101;101;101;101;355;328;67;67;328;318;67;318;91;320;226;227;67;227;101;318;91;101;327;226;67;64;101;328;320;67;318;328;318;328;101;67;318;321;67;67;101;251;318;328;235;67;67;101;66;226;67;67;91;67;318;67;320;101;318;67;67;64;328;320;318;101;328;355)
seed_3_level_4-1,2931,58726.31750750542,192796849,14750,(331;101;231;114;328;101;101;225;101;103;101;320;101;101;226;101;101;226;320;101;101;101;327;355;101;103;105;101;101;101;101;231;101;355;101;317;101;101;101;64;101;226;320;101;101;328;101;318;67;103;103;101;317;101;327;101;101;101;101;226;331;101;101;226;101;229;331;329;101;320;101;101;224;101;329;101;227;101;101;101;64;101;226;101;101;95;320;101;320;250;226;101;219;244;101;328;101;67;320;226;227;320;67;101;229;101;107;230;328;328;226;355;328;75;320;328;229;67;243;328;101;226;101;67;71;318;318;226;67;67;67;318;101;318;105;320;361;67;67;101;319;328;328;103;67;67;76;227;101;328)
seed_3_level_4-1,2931,59381.489961862564,196026389,14900,(331;101;64;101;52;101;355;114;101;101;101;101;83;60;100;355;328;355;64;320;101;101;101;328;331;101;116;224;101;64;355;101;101;101;101;103;355;101;101;101;355;225;328;101;101;101;101;101;101;226;101;329;226;101;331;106;101;106;103;101;99;101;101;227;101;101;112;320;101;100;96;98;101;103;101;327;101;101;101;101;320;331;101;101;329;101;361;318;328;332;328;328;67;101;74;101;216;227;101;355;355;91;355;101;67;67;101;224;67;67;226;332;67;101;101;320;101;227;229;101;226;328;320;328;318;67;320;226;318;318;101;101;67;101;355;101;226;226;328;103;320;101;318;320;67;101;355;229;226;67)
seed_3_level_4-1,2931,60019.33149600029,199063993,15051,(328;101;101;101;101;101;233;101;101;101;101;224;101;354;94;99;101;64;227;355;325;101;101;101;226;101;226;101;328;101;101;101;101;355;106;115;101;101;232;320;226;355;101;103;101;101;114;101;101;101;101;101;117;101;105;101;355;101;328;226;65;114;101;101;101;101;331;80;101;101;330;101;101;101;101;101;101;101;101;101;226;101;355;101;101;320;361;67;318;101;64;92;101;101;227;101;101;101;64;318;318;318;234;67;328;67;334;226;320;101;331;334;320;320;101;66;355;227;351;101;320;328;101;91;103;318;103;318;67;66;320;320;318;67;355;227;320;101;67;227;101;327;103;101;226;101;361;67;101;101;226)
