seed_23_level_1-4,1202,518.9804339408875,536643,150,(52;53;111;53;52;100;100;52;52;52;66;56;58;100;52;53;51;52;56;100;52;109;100;100;57;52;57;100;55;100;57;58;100;100;52;53;100;52;100;57;52;100;100;57;181;55;100;100;58;100;100;52;54;100;100;55;53;100;52;89;52;100;100;100;90;100;52;100;100;57;59;100;150;100;100;100;91;52;55;100;100;100;57;57;100;57;52;100;100;57;52;100;100;100;100;57;100;100;100;100;100;57;53;100;56;57;52;57;55;100;100;100;53;100;123;100;54;52;240;56;52;52;59;100;57;52;100;57;100;56;52;100;57;57;252;57;93;52;55;56;100;52;58;54;52;53;100;59;100;100)
seed_23_level_1-4,1202,1049.2028374671936,1084518,303,(100;100;100;100;100;100;100;100;100;100;100;100;100;100;100;100;100;100;100;100;100;100;100;100;100;100;100;100;100;100;100;100;100;100;100;100;100;100;100;100;100;100;100;100;100;100;100;100;100;100;100;100;100;100;100;100;100;100;100;55;57;58;55;57;57;57;57;57;58;59;57;57;57;57;53;57;58;57;57;57;57;57;58;53;57;52;56;58;53;53;55;56;54;66;51;56;53;53;53;53;53;59;52;56;52;54;52;56;53;56;58;52;52;52;52;52;52;52;52;52;53;52;52;52;52;52;54;52;52;52;52;52;52;52;54;53;53;52;150;89;100;91;53;93;89;111;121;181;115;240;100;252;100)
seed_23_level_1-4,1202,1566.6525542736053,1635216,456,(100;100;100;100;100;100;100;100;100;100;100;100;100;100;100;100;100;100;100;100;100;100;100;100;100;100;100;100;100;100;100;100;100;100;100;100;100;100;100;100;100;100;100;100;100;100;100;100;100;100;100;100;100;100;100;100;100;100;100;55;57;57;55;57;57;57;57;57;59;58;57;57;57;57;57;58;57;57;57;57;57;58;53;53;109;52;55;58;53;53;55;56;88;66;51;53;56;53;53;53;53;58;52;56;52;55;52;56;56;57;52;52;52;52;52;52;52;52;52;53;52;52;52;52;52;53;52;52;52;52;52;52;52;54;57;53;57;52;52;150;89;100;91;93;89;111;121;252;100;240;111;181;53)
seed_23_level_1-4,1202,2087.428735971451,2180719,609,(100;100;100;100;100;100;100;100;100;100;100;100;100;100;100;100;100;100;100;100;100;100;100;100;100;100;100;100;100;100;100;100;100;100;100;100;100;100;100;100;100;100;100;100;100;100;100;100;100;100;100;100;100;100;100;100;100;100;100;55;53;57;55;57;57;57;53;57;59;59;57;57;57;57;57;59;57;57;57;57;57;59;53;53;53;52;56;53;53;55;57;66;51;52;56;53;56;52;57;56;54;58;52;56;52;55;52;56;53;58;58;52;52;52;52;52;52;52;52;52;53;52;52;52;52;52;53;52;52;52;52;52;52;52;54;53;52;150;89;100;91;109;87;88;89;111;121;181;53;252;100;240;57)
seed_23_level_1-4,1202,2609.8031799793243,2719382,762,(100;100;100;100;100;100;100;100;100;100;100;100;100;100;100;100;100;100;100;100;100;100;100;100;100;100;100;100;100;100;100;100;100;100;100;100;100;100;100;100;100;100;100;100;100;100;100;100;100;100;100;100;100;100;100;100;100;100;100;55;57;58;55;57;57;57;57;59;59;57;57;57;57;57;58;57;57;57;57;53;59;53;57;52;56;55;55;55;56;66;51;52;53;53;53;53;53;53;54;58;52;53;52;55;52;56;57;58;52;52;52;52;52;52;52;52;52;53;52;52;52;52;52;53;52;52;52;52;52;52;52;54;57;53;53;57;52;150;89;100;91;87;53;54;89;107;123;252;59;181;53;240;102)
seed_23_level_1-4,1202,3126.0300364494324,3260218,915,(100;100;100;100;100;100;100;100;100;100;100;100;100;100;100;100;100;100;100;100;100;100;100;100;100;100;100;100;100;100;100;100;100;100;100;100;100;100;100;100;100;100;100;100;100;100;100;100;100;100;100;100;100;100;100;100;100;100;100;55;57;57;55;57;53;57;57;59;59;57;57;57;57;57;59;57;57;57;57;58;53;57;53;57;53;52;55;53;55;55;57;88;66;51;52;53;56;56;53;56;53;54;59;52;52;55;52;56;57;58;52;52;52;52;52;52;52;52;52;54;52;52;52;52;52;54;52;52;52;52;52;52;52;54;57;53;57;52;53;150;89;100;90;87;89;111;121;181;90;252;58;240;60)
seed_23_level_1-4,1202,3632.399472951889,3828933,1068,(100;100;100;100;100;100;100;100;100;100;100;100;100;100;100;100;100;100;100;100;100;100;100;100;100;100;100;100;100;100;100;100;100;100;100;100;100;100;100;100;100;100;100;100;100;100;100;100;100;100;100;100;100;100;100;100;100;100;100;55;57;58;55;57;57;57;59;59;57;57;57;57;57;58;57;57;57;57;59;57;57;57;53;53;53;52;55;55;53;55;57;58;66;51;53;56;53;53;56;56;53;54;58;52;52;55;52;56;58;52;52;52;52;52;52;52;52;52;53;52;52;52;52;52;54;52;52;52;52;52;52;52;53;53;57;57;52;52;150;89;100;90;93;88;90;111;121;252;58;240;55;181;251)
seed_23_level_1-4,1202,4148.820915699005,4389927,1221,(100;100;100;100;100;100;100;100;100;100;100;100;100;100;100;100;100;100;100;100;100;100;100;100;100;100;100;100;100;100;100;100;100;100;100;100;100;100;100;100;100;100;100;100;100;100;100;100;100;100;100;100;100;100;100;100;100;100;100;55;57;57;55;57;57;57;59;58;57;57;57;57;57;58;57;57;57;57;59;53;53;57;57;57;53;109;52;55;53;55;55;56;66;51;53;53;53;56;52;57;53;56;56;54;58;52;52;55;52;56;58;58;52;52;52;52;52;52;52;52;52;53;52;52;52;52;52;53;52;52;52;52;52;52;52;54;53;52;150;89;100;90;93;54;90;107;123;252;55;240;100;251;87)
seed_23_level_1-4,1202,4660.170971870422,4966340,1374,(100;100;100;100;100;100;100;100;100;100;100;100;100;100;100;100;100;100;100;100;100;100;100;100;100;100;100;100;100;100;100;100;100;100;100;100;100;100;100;100;100;100;100;100;100;100;100;100;100;100;100;100;100;100;100;100;100;100;100;55;53;57;55;57;57;57;59;58;57;57;57;57;57;59;57;57;57;57;59;57;53;57;53;53;52;56;55;55;55;57;54;66;51;52;53;53;52;56;53;53;56;54;59;52;52;55;52;56;57;58;52;52;52;52;52;52;52;52;52;54;52;52;52;52;52;53;52;52;52;52;52;52;52;53;53;57;53;52;150;89;100;91;53;87;89;107;121;240;200;252;121;251;91)
seed_23_level_1-4,1202,5180.303912401199,5521424,1527,(100;100;100;100;100;100;100;100;100;100;100;100;100;100;100;100;100;100;100;100;100;100;100;100;100;100;100;100;100;100;100;100;100;100;100;100;100;100;100;100;100;100;100;100;100;100;100;100;100;100;100;100;100;100;100;100;100;100;100;55;53;58;55;57;57;57;58;58;57;57;57;57;57;58;57;57;57;57;58;53;53;53;53;53;52;56;55;55;55;56;88;66;51;53;56;53;53;53;56;53;53;56;54;59;52;52;54;52;56;58;58;52;52;52;52;52;52;52;52;52;54;52;52;52;52;52;53;52;52;52;52;52;52;52;53;53;53;53;52;150;89;100;90;87;90;111;121;251;52;252;53;240;100)
seed_23_level_1-4,1202,5695.6575429439545,6075593,1680,(100;100;100;100;100;100;100;100;100;100;100;100;100;100;100;100;100;100;100;100;100;100;100;100;100;100;100;100;100;100;100;100;100;100;100;100;100;100;100;100;100;100;100;100;100;100;100;100;100;100;100;100;100;100;100;100;100;100;100;55;57;58;55;57;57;57;59;59;57;57;57;57;57;58;57;57;57;57;59;53;53;52;55;53;53;55;56;66;51;52;53;53;53;53;56;53;53;54;59;52;52;55;52;56;58;58;52;52;52;52;52;52;52;52;52;54;52;52;52;52;52;53;52;52;52;52;52;52;52;54;57;57;53;57;57;57;52;53;150;89;100;91;93;54;89;111;121;240;100;251;52;252;53)
seed_23_level_1-4,1964,6213.195774793625,6731779,1833,(100;100;100;100;100;100;100;100;100;100;100;100;100;100;100;100;100;100;100;100;100;100;100;100;100;100;100;100;100;100;100;100;100;100;100;100;100;100;100;100;100;100;100;100;100;100;100;100;100;100;100;100;100;100;100;100;100;100;100;55;57;58;55;57;57;57;59;59;57;57;57;57;57;59;57;57;57;57;59;53;53;57;57;57;53;109;52;55;53;55;55;56;88;66;51;52;56;53;53;53;53;53;57;53;58;52;52;55;52;56;57;58;52;52;52;52;52;52;52;52;52;53;52;52;52;52;52;53;52;52;52;52;52;52;52;54;53;52;52;150;89;99;91;93;90;111;121;240;53;252;448;251;57)
seed_23_level_1-4,1964,6728.738943576813,7358342,1987,(100;100;100;100;100;100;100;100;100;100;100;100;100;100;100;100;100;100;100;100;100;100;100;100;100;100;100;100;100;100;100;100;100;100;100;100;100;100;100;100;100;100;100;100;100;100;100;100;100;100;100;100;100;100;100;100;100;100;100;55;57;58;55;57;57;57;58;59;57;57;57;57;57;58;57;57;57;57;59;57;53;57;53;53;52;55;53;53;55;56;66;51;52;56;53;56;53;53;52;56;54;58;52;52;54;52;56;57;58;52;52;52;52;52;52;52;52;52;53;52;52;52;52;52;54;52;52;52;52;52;52;52;53;53;53;57;52;150;89;91;109;100;87;88;89;111;121;251;56;240;53;448;52;53)
seed_23_level_1-4,1964,7236.432710170746,7926637,2140,(100;100;100;100;100;100;100;100;100;100;100;100;100;100;100;100;100;100;100;100;100;100;100;100;100;100;100;100;100;100;100;100;100;100;100;100;100;100;100;100;100;100;100;100;100;100;100;100;100;100;100;100;100;100;100;100;100;100;100;55;57;58;55;57;57;57;59;59;57;57;57;57;57;58;57;57;57;57;58;57;57;53;53;52;55;53;53;55;57;58;66;51;52;53;56;56;53;57;56;56;53;54;59;52;52;54;52;56;58;52;52;52;52;52;52;52;52;52;53;52;52;52;52;52;53;52;52;52;52;52;52;52;54;53;57;57;52;150;89;99;90;93;53;88;89;111;121;240;88;251;52;297;59)
seed_23_level_1-4,1964,7756.6742877960205,8577966,2293,(100;100;100;100;100;100;100;100;100;100;100;100;100;100;100;100;100;100;100;100;100;100;100;100;100;100;100;100;100;100;100;100;100;100;100;100;100;100;100;100;100;100;100;100;100;100;100;100;100;100;100;100;100;100;100;100;100;100;100;55;53;57;55;57;57;57;59;58;57;57;57;57;57;58;57;57;57;57;58;57;53;53;57;53;57;53;52;56;53;53;55;56;58;66;51;52;53;56;56;56;56;56;53;59;52;52;54;52;56;57;52;52;52;52;52;52;52;52;52;53;52;52;52;52;52;54;52;52;52;52;52;52;52;54;57;53;52;53;150;89;90;99;93;88;90;111;121;251;52;240;74;450;242)
seed_23_level_1-4,1964,8282.377837896347,9233501,2447,(100;100;100;100;100;100;100;100;100;100;100;100;100;100;100;100;100;100;100;100;100;100;100;100;100;100;100;100;100;100;100;100;100;100;100;100;100;100;100;100;100;100;100;100;100;100;100;100;100;100;100;100;100;100;100;100;100;100;100;55;57;57;55;57;57;57;58;59;57;57;57;57;57;59;57;57;57;57;58;53;53;53;53;57;109;52;55;55;53;55;57;58;66;51;53;56;53;53;56;56;53;53;58;52;52;54;52;56;58;52;52;52;52;52;52;52;52;52;53;52;52;52;52;52;53;52;52;52;52;52;52;52;54;53;53;57;52;52;150;89;90;100;93;88;89;107;121;251;49;240;53;450;244;56)
seed_23_level_1-4,1964,8819.815426826477,10052676,2602,(100;100;100;100;100;100;100;100;100;100;100;100;100;100;100;100;100;50;100;100;100;100;100;57;57;56;100;53;58;109;52;53;52;56;59;57;57;52;52;100;55;53;54;56;52;90;51;259;53;57;52;100;100;57;55;53;54;178;57;53;57;53;53;57;52;57;100;52;100;52;100;127;56;100;52;100;51;52;88;55;59;105;58;57;53;58;57;60;121;102;92;52;83;53;52;54;49;57;53;100;251;53;52;87;67;52;53;107;106;53;86;52;56;87;90;240;100;100;100;100;100;100;88;60;56;56;100;94;54;100;297;350;216;245;107;107;57;240;57;120;104;59;244;133;150;54;100;104;57;88;78;109;264;57;53)
seed_23_level_1-4,2213,9313.281931638718,10647679,2752,(100;100;100;100;100;50;52;87;52;52;53;52;52;53;52;52;52;52;52;100;52;54;53;57;53;58;100;57;52;86;58;100;100;68;93;100;52;56;100;53;53;56;57;52;53;53;52;57;52;53;88;96;54;53;100;88;57;55;57;53;53;96;100;109;53;54;57;51;53;52;51;90;57;53;251;86;56;57;86;53;82;55;107;52;52;92;52;53;52;56;102;85;102;178;57;53;57;52;52;57;57;52;53;52;54;57;260;54;58;57;88;63;54;54;53;53;54;49;57;53;478;244;56;57;93;53;130;57;100;57;57;118;153;59;57;53;56;53;232;104;57;62;59;55;88;56;89;57;57;57)
seed_23_level_1-4,2213,9810.62588095665,11223447,2900,(100;100;100;52;100;61;88;93;64;53;53;100;100;55;52;100;100;57;100;57;52;54;52;53;52;57;52;52;53;52;52;54;52;52;57;53;90;100;53;57;53;100;52;86;52;55;52;52;57;93;58;52;87;49;100;52;87;53;56;58;54;109;187;102;91;52;101;52;52;86;52;53;52;178;128;57;59;76;103;56;54;52;52;52;52;88;100;259;54;53;90;56;52;150;52;57;52;63;54;86;53;57;87;251;88;86;104;52;55;49;100;54;102;50;52;52;50;107;65;86;86;86;297;57;57;57;55;57;59;59;78;57;61;61;55;108;100;251;100;57;61;59;150;59;112;53;254;53)
seed_23_level_1-4,2213,10315.355011224747,11892382,3050,(100;52;100;100;57;93;100;100;100;52;88;58;150;52;52;53;51;52;100;53;52;54;54;57;53;52;52;52;53;52;52;59;52;87;100;56;59;52;53;57;52;56;100;95;88;65;58;91;100;90;93;86;53;92;53;240;93;103;52;103;86;260;52;71;52;58;53;54;52;53;51;60;90;239;59;52;90;178;53;52;53;53;53;52;143;52;56;56;52;100;76;57;129;296;117;57;240;90;59;108;56;92;53;113;59;116;140;55;264;115;93;142;104;69;57;251;52;76;86;107;52;52;86;88;86;52;50;78;52;57;86;142;53;87;187;52;52;52;75;51;91;52;92;52;52;54;104;52;52;52)
seed_23_level_1-4,2213,10839.964189529419,12718532,3201,(52;53;52;53;58;87;52;59;100;100;54;87;59;100;52;54;54;100;53;57;100;53;53;53;93;100;100;100;102;100;100;79;53;100;89;53;54;108;150;86;106;98;58;56;187;54;56;239;59;54;55;88;102;55;55;52;58;103;114;53;178;52;100;52;53;57;131;57;100;143;52;52;53;54;90;86;260;56;58;53;57;130;64;52;53;115;54;53;56;53;313;53;251;52;91;102;55;247;88;102;86;87;52;87;52;52;90;52;87;55;102;240;100;52;300;86;53;52;52;192;54;100;52;57;100;52;52;477;53;57;53;59;57;57;57;60;52;76;57;57;54;57;78;57;88;244;53;53;57;52;117)
seed_23_level_1-4,2213,11347.196649551392,13437177,3348,(102;100;52;100;53;56;108;120;56;87;89;53;79;59;53;52;58;89;54;53;57;56;56;52;52;52;52;178;52;52;52;137;100;57;57;55;58;57;57;91;57;148;104;66;88;90;58;100;53;58;55;137;59;100;52;300;91;52;100;100;102;58;57;52;57;52;57;57;100;95;51;59;297;54;57;52;53;53;57;109;76;56;57;182;53;59;110;108;57;90;57;54;238;313;54;57;59;53;52;101;52;52;103;107;57;63;177;200;53;53;240;51;52;100;52;54;52;52;150;88;56;105;53;90;54;52;52;251;53;55;238;177;107;130;101;53;107;55;102;52;55;52;100;102;102;52;87)
seed_23_level_1-4,2213,11877.539483070374,14349514,3498,(53;52;53;56;84;53;53;53;100;102;100;102;52;172;150;120;54;52;57;91;300;52;52;52;57;83;57;58;52;52;52;53;117;63;93;137;100;53;52;107;55;114;61;52;71;52;100;200;106;90;56;58;63;53;100;60;52;100;59;53;52;240;100;57;111;100;93;89;54;54;100;100;52;52;105;150;52;178;94;226;53;240;100;57;55;53;59;104;100;106;148;313;59;60;53;58;53;53;78;88;311;57;52;53;116;52;240;54;57;297;215;54;100;152;100;52;53;57;58;52;130;100;54;128;56;104;156;84;105;251;53;57;52;100;92;129;53;52;150;52;53;57;150;56;106;244;238;86;86;87)
seed_23_level_1-4,2213,12396.762530565262,15171065,3647,(89;100;53;106;54;91;59;90;100;52;84;57;91;93;57;57;56;116;56;57;239;52;55;54;53;100;54;150;125;86;54;54;52;107;137;54;52;111;52;248;52;150;52;106;116;90;52;300;52;209;100;52;57;95;52;116;59;107;57;57;52;172;96;52;52;200;150;170;53;53;53;52;52;58;450;57;100;100;53;93;93;118;107;102;106;53;53;55;83;55;112;57;53;311;118;56;53;54;59;56;97;100;56;100;59;89;57;62;53;102;57;57;251;88;100;52;55;52;58;53;62;100;52;102;55;55;84;51;79;52;86;86;226;107;52;53;59;57;57;57;57;57;57;53;101;238;107;53;52)
seed_23_level_1-4,2213,12912.0755443573,15989029,3796,(106;100;59;87;100;100;58;88;90;59;58;56;311;57;59;53;57;88;86;119;100;120;104;60;52;53;53;53;94;58;116;53;53;56;93;93;53;111;106;58;57;84;100;240;55;55;59;53;150;51;56;52;123;89;52;100;52;53;102;170;89;52;52;106;55;106;52;108;52;58;53;100;52;55;52;221;52;56;100;238;86;238;55;52;61;58;56;54;133;52;88;52;62;52;133;297;182;100;116;107;67;111;57;57;53;89;93;57;100;285;109;112;113;150;52;300;52;52;52;52;71;100;100;88;50;109;52;58;86;106;107;58;248;266;52;102;52;52;52;52;106;52;100;88;52;113;52;57;59)
seed_23_level_1-4,2213,13428.761277914047,16998583,3944,(106;55;103;57;56;53;55;51;88;96;53;106;53;57;107;56;57;93;60;107;56;57;93;116;58;170;88;53;55;55;52;55;58;56;52;180;100;56;52;52;239;124;89;240;52;54;106;53;56;102;89;52;52;106;84;300;52;52;107;92;87;200;208;52;90;59;77;90;53;52;88;311;64;100;124;52;107;99;100;53;50;53;87;56;53;100;100;250;266;188;104;53;52;222;52;88;106;177;88;53;52;107;52;58;52;217;221;52;132;53;76;107;53;57;105;238;57;113;104;55;88;238;91;56;55;78;450;53;85;245;58;104;106;57;55;58;114;62;239;239;58;53;69;57;53;53;111;59)
seed_23_level_1-4,2213,13944.72410273552,17841314,4092,(106;57;53;86;57;91;56;56;56;88;89;57;180;52;53;54;107;52;52;52;238;55;106;81;222;188;106;57;57;59;57;105;152;57;57;57;57;57;57;311;57;100;57;59;57;53;94;54;84;135;116;55;86;57;239;150;52;52;53;100;52;59;62;52;150;109;54;58;59;100;104;300;52;58;49;77;219;57;57;57;208;57;76;52;55;52;52;53;297;93;161;57;100;240;52;57;57;59;93;57;113;80;53;53;57;58;105;57;119;226;88;52;54;238;52;55;52;57;238;88;52;52;52;57;52;114;91;52;267;57;86;77;93;57;78;62;100;55;107;54;104;52;53;78;57;78;64;238)
seed_23_level_1-4,2213,14459.982605457306,18681062,4241,(106;116;58;57;53;55;57;57;57;244;57;57;57;100;57;240;52;52;84;53;54;54;54;53;239;103;55;218;54;52;54;53;104;107;88;100;52;61;52;92;53;53;67;53;61;103;53;85;93;100;100;100;62;100;253;97;100;97;100;56;55;62;100;150;57;267;216;53;104;57;59;177;56;107;239;106;52;256;98;97;211;53;53;104;52;77;59;300;56;52;50;52;76;51;56;251;57;52;92;58;52;56;52;86;52;100;52;221;79;56;182;240;57;53;57;57;106;51;55;54;53;86;58;106;57;57;58;111;222;52;52;181;52;84;87;180;52;52;52;63;52;52;62;53;53;121;58;52;52)
seed_23_level_1-4,2213,14975.206270933151,19528821,4390,(128;100;58;89;64;57;67;63;100;100;115;88;74;100;106;66;104;91;58;57;57;52;52;54;53;93;50;100;56;59;244;240;57;137;57;53;54;53;84;51;56;93;111;89;57;89;300;50;62;52;52;52;56;53;53;52;52;52;100;52;52;52;52;52;56;222;108;106;57;71;55;52;58;52;52;57;108;228;86;56;110;90;52;53;84;226;53;57;59;59;55;57;82;106;57;263;52;57;56;93;52;150;53;57;54;218;54;88;150;87;54;91;53;53;100;52;53;102;150;57;239;53;186;53;267;57;52;100;88;53;100;60;272;88;57;53;114;53;54;238;104;223;164;77;53;240;52;57;240)
seed_23_level_1-4,2213,15491.727181196213,20356275,4539,(253;100;61;53;100;100;53;100;52;57;53;100;100;100;56;106;55;60;190;100;58;100;53;55;53;55;52;58;300;52;52;52;100;52;52;52;52;52;106;55;52;55;55;92;226;88;138;56;56;57;77;56;78;96;57;57;55;57;88;57;88;54;58;222;52;56;57;118;94;55;150;60;116;122;53;56;102;57;52;100;56;139;54;106;218;54;52;54;59;53;53;97;88;60;108;100;150;53;103;118;52;52;77;52;244;90;243;240;57;90;58;57;57;100;212;100;100;54;57;100;57;57;57;267;237;106;54;93;217;53;52;52;57;53;86;53;76;86;53;224;53;88;180;239;59;106;90;128;53)
seed_23_level_1-4,2213,16008.224796056747,21135258,4689,(253;100;57;53;100;57;57;99;98;53;107;150;54;190;55;55;53;59;96;58;52;53;57;55;56;53;89;300;52;52;113;76;76;52;111;52;52;52;52;56;57;52;52;52;218;134;59;107;53;103;54;78;100;59;53;54;77;53;52;54;54;51;53;222;89;107;53;53;55;51;54;52;119;52;53;130;177;52;53;106;97;52;62;226;53;53;78;112;57;57;83;52;53;89;57;91;60;58;131;57;88;57;94;212;150;150;57;57;57;53;57;150;56;57;90;106;89;257;142;100;57;130;110;266;144;200;86;88;51;150;87;88;86;86;53;200;78;87;106;52;210;55;128;116;78;114;102;52;52;52)
seed_23_level_1-4,2213,16517.97103214264,21852752,4841,(190;53;55;53;52;57;52;56;81;53;53;93;84;53;69;253;57;55;100;52;57;240;56;86;58;65;53;53;88;78;218;56;52;53;239;54;53;53;77;58;54;59;54;150;53;56;106;52;300;52;52;58;53;52;54;52;51;238;53;53;50;62;56;50;86;210;226;57;58;54;52;53;55;107;63;53;59;88;61;57;57;54;53;52;52;222;53;53;84;110;121;52;52;52;52;91;96;67;125;52;56;53;119;118;127;52;212;90;52;65;57;56;100;78;57;66;88;57;60;100;100;100;64;53;57;100;57;267;78;53;256;52;60;57;52;52;86;87;52;88;53;52;90;178;53;53;52;88;100;57;102;106)
seed_23_level_1-4,2213,17038.21333003044,22693652,4990,(212;150;100;107;57;57;56;106;114;57;57;57;255;57;110;57;91;100;57;226;57;52;210;106;53;52;53;243;58;122;57;250;57;88;57;57;52;53;190;57;53;58;53;55;57;56;53;53;56;52;98;57;53;100;92;53;219;106;150;100;88;104;58;59;61;104;57;54;76;59;104;52;53;58;118;54;53;222;52;97;52;52;57;53;52;57;180;132;106;105;53;53;52;118;90;56;99;53;53;52;300;217;52;86;53;57;56;55;53;53;52;86;52;52;53;52;57;53;129;52;132;52;266;100;88;100;107;226;240;57;183;100;83;100;86;116;53;59;55;99;86;100;54;112;60;242;116;104;53)
seed_23_level_1-4,2213,17562.258103609085,23600197,5138,(190;93;55;53;56;56;56;52;52;57;55;53;53;49;52;100;219;87;89;87;54;53;66;90;54;150;54;58;252;53;58;53;98;53;54;107;300;53;53;57;56;251;61;56;51;53;52;56;52;52;52;53;88;56;147;81;54;222;52;125;250;113;100;52;113;100;52;107;117;52;57;179;98;62;86;52;90;180;54;212;241;55;149;150;240;57;57;100;150;100;57;92;150;240;150;239;99;100;92;266;155;59;59;59;51;88;93;57;260;53;86;52;52;88;53;86;88;112;102;114;86;90;52;51;57;226;52;106;57;102;57;53;57;57;54;93;58;56;81;118;57;240;55;90;54;54;53;59)
seed_23_level_1-4,2213,18083.742642641068,24442603,5287,(190;93;80;57;236;100;300;55;100;53;55;53;56;57;57;300;55;52;53;58;108;88;191;200;55;52;181;88;52;214;53;52;93;53;53;226;89;77;93;55;88;58;57;53;112;100;57;57;53;58;57;90;92;90;53;54;219;53;55;54;150;240;135;51;52;54;52;54;54;100;100;89;53;150;104;53;61;267;54;88;59;53;87;106;90;90;53;52;58;59;77;52;53;57;55;150;62;88;112;51;239;222;53;110;52;107;52;57;93;86;52;90;51;182;53;97;52;52;87;55;100;54;52;90;54;212;222;150;105;85;57;57;57;58;57;57;57;240;66;57;57;57;113;113;57;57;58;57;100)
seed_23_level_1-4,2213,18620.869699716568,25478338,5437,(226;117;94;94;53;57;53;62;52;53;58;57;55;53;59;112;95;53;56;53;219;152;57;57;107;53;56;78;208;240;56;54;150;89;53;92;105;160;150;53;222;102;100;53;100;90;100;108;119;100;390;259;181;100;100;62;55;109;86;212;74;87;212;56;110;88;52;57;57;244;99;91;91;100;52;57;57;100;100;109;100;57;254;57;57;267;240;216;52;92;88;52;112;226;52;107;88;52;86;86;119;57;133;104;53;87;90;59;300;100;54;57;90;100;100;100;58;56;100;114;93;54;58;88;64;60;53;300;106;52;57;52;57;52;52;53;57;100;52;52;53;52;91;139;52;104;229;100;100;55)
seed_23_level_1-4,2213,19159.73921394348,26492417,5588,(300;100;56;108;100;63;90;58;57;88;92;53;57;88;62;90;55;226;77;129;57;57;55;57;54;52;104;53;53;244;53;90;152;57;93;105;300;197;56;52;59;57;220;135;55;240;53;55;84;52;208;53;52;54;52;57;59;212;57;57;100;150;57;57;57;57;240;57;88;240;116;56;240;55;57;106;100;104;57;222;96;108;222;231;57;55;52;111;55;100;57;107;106;102;88;60;52;120;119;211;56;100;219;100;240;64;54;262;111;52;52;200;108;54;52;52;52;52;53;100;53;97;102;57;54;267;100;53;116;102;182;52;52;117;55;59;100;78;58;93;81;110;49;107;54;53;51;90;54;90;176)
seed_23_level_1-4,2213,19699.154762506485,27500666,5739,(300;52;53;109;100;56;58;53;53;88;88;53;57;53;57;90;53;54;218;132;54;54;147;150;254;239;240;88;100;91;243;89;105;239;100;149;53;87;54;266;52;53;52;88;53;90;52;91;52;90;111;58;52;108;106;86;52;53;52;53;100;49;226;78;57;88;57;57;88;57;55;111;57;57;58;265;106;97;114;56;53;57;212;104;57;104;57;100;97;52;241;200;62;88;57;240;57;100;86;57;243;109;57;104;78;300;129;104;53;88;53;86;52;78;52;181;88;291;57;52;76;56;210;52;53;53;52;231;56;106;52;261;86;52;83;88;102;52;52;52;52;57;53;52;52;52;52;52;56;52;92)
seed_23_level_1-4,2213,20230.083645105362,28568681,5890,(300;51;90;100;102;53;100;90;50;77;91;58;104;88;57;56;53;267;112;106;115;106;53;109;53;53;92;53;118;218;54;100;86;107;107;90;52;231;177;54;57;53;53;284;57;238;57;59;57;55;57;52;53;102;53;52;100;107;221;53;57;59;57;57;232;57;52;52;51;53;57;90;87;57;53;57;57;57;58;400;100;52;53;57;112;52;57;94;57;120;52;56;53;52;57;52;53;58;52;245;57;52;212;57;57;150;57;57;57;57;53;57;57;53;150;57;52;57;107;116;109;89;125;150;109;57;218;145;53;52;132;104;130;129;54;53;87;100;53;253;610;52;242;53;54;55;54;53;53;51;54)
seed_23_level_1-4,2213,20764.233087539673,29671949,6040,(226;55;94;62;59;57;88;104;91;102;100;57;53;55;150;98;94;59;57;89;212;123;110;110;104;241;57;57;56;88;250;108;227;89;88;52;57;59;104;57;57;300;53;57;53;57;200;90;57;57;56;54;104;52;56;54;56;53;50;400;60;57;55;54;100;67;57;52;57;115;52;57;57;56;52;53;53;52;56;57;285;52;124;84;53;99;87;253;54;52;53;53;58;108;120;116;208;56;54;107;141;91;52;218;95;53;100;54;246;91;108;87;150;226;110;185;50;99;103;207;130;90;86;53;104;83;88;266;55;104;100;106;112;240;106;88;223;55;112;211;54;310;88;107;240;88;112;114;55;88)
seed_23_level_1-4,2213,21302.840337991714,30784987,6189,(400;54;58;58;55;100;88;57;57;55;59;100;53;56;100;100;53;157;300;93;105;104;100;108;92;52;53;53;53;150;145;52;56;60;88;226;90;100;107;88;53;53;87;53;185;57;60;105;57;90;78;100;54;285;62;56;87;121;53;57;103;271;54;58;52;126;92;187;53;53;268;52;53;123;52;212;150;56;100;240;52;240;88;88;57;57;107;243;260;240;57;150;200;53;100;57;100;150;226;150;150;100;100;51;63;50;54;56;54;53;88;91;54;57;90;64;200;150;200;54;87;262;138;266;234;114;103;53;53;78;54;104;104;107;116;107;53;55;53;78;54;52;52;103;54;55;146;54;88)
seed_23_level_1-4,2213,21856.539660930634,31981880,6339,(400;51;52;52;52;57;53;191;100;56;52;58;55;53;52;183;58;51;57;100;225;105;54;450;103;117;150;150;64;242;189;55;237;85;53;105;150;89;77;95;240;260;53;88;241;300;112;99;53;57;57;56;56;100;55;104;52;100;150;147;72;57;107;57;65;109;267;112;53;106;54;55;58;61;57;78;102;139;54;52;53;52;90;194;268;104;51;52;57;88;52;52;88;54;57;284;107;251;53;152;54;56;263;121;116;53;61;57;97;59;53;107;106;93;211;52;53;189;107;54;110;212;264;57;57;57;88;57;100;57;110;108;57;100;57;57;57;58;57;106;109;57;251;100;57;100;57;57;104;57)
seed_23_level_1-4,2213,22400.81139755249,33244834,6490,(300;62;88;100;55;100;57;115;52;111;102;57;88;58;66;106;106;55;55;104;291;90;52;53;59;100;116;100;52;57;52;193;238;52;77;52;56;76;106;121;200;212;100;150;252;54;103;57;88;57;60;54;57;242;104;57;60;100;110;97;100;100;91;251;108;150;266;58;102;53;57;102;52;61;88;93;58;52;61;246;86;51;86;57;78;90;54;52;52;52;102;53;284;63;241;112;59;112;122;239;58;125;53;187;116;53;52;57;55;53;57;138;57;57;267;53;242;108;58;274;450;132;54;187;59;77;89;61;59;234;88;250;87;56;58;87;245;239;61;90;53;140;222;177;90;200;58;59;129;59;115)
seed_23_level_1-4,2213,22954.715185403824,34384491,6642,(300;86;54;55;105;100;106;62;86;88;53;58;106;58;104;51;89;110;58;106;56;266;88;88;108;208;100;102;100;52;112;52;263;57;62;248;52;86;86;52;107;86;88;53;251;57;53;95;88;53;54;57;139;57;57;57;210;58;57;57;53;106;53;241;57;88;57;53;400;100;120;100;76;52;86;57;52;103;52;100;55;228;52;137;54;113;52;57;52;57;191;284;58;129;240;107;57;108;53;56;59;57;117;57;53;109;239;62;114;261;54;116;126;54;239;106;241;97;54;98;292;53;252;53;148;200;53;94;109;56;149;54;59;104;58;107;88;223;59;55;53;141;88;210;59;52;59;90;59;132;52;100)
seed_23_level_1-4,2213,23507.282123088837,35815981,6793,(300;89;52;56;84;53;104;146;62;110;57;88;53;90;105;59;55;53;86;104;108;55;251;57;90;57;254;56;88;52;57;53;100;90;88;89;109;57;88;211;253;88;150;57;57;400;52;278;52;53;52;53;52;76;181;52;52;228;210;110;52;200;52;76;52;100;100;52;56;450;109;54;59;57;53;53;239;112;150;59;217;131;200;253;58;56;55;129;57;57;239;238;88;52;133;53;264;266;54;61;88;88;52;100;100;100;238;88;238;52;150;100;138;63;59;53;56;100;53;240;88;93;284;124;238;113;119;58;109;116;53;117;253;107;52;52;259;250;59;246;53;57;241;92;58;54;208;102;60;53;119)
seed_23_level_1-4,2213,24058.27276825905,37059269,6945,(300;58;57;88;85;102;98;53;90;57;100;104;53;113;130;100;52;53;53;55;52;267;57;88;104;106;53;83;120;58;112;53;100;238;130;100;52;52;250;53;53;53;100;86;150;269;77;107;107;107;53;150;56;150;57;91;150;57;95;115;54;252;57;115;107;53;90;107;291;100;53;57;58;52;181;92;52;52;52;52;78;76;52;210;52;52;86;52;56;57;52;55;142;450;58;241;109;88;54;100;54;221;53;148;181;53;239;114;94;54;600;61;114;58;109;52;87;89;114;104;193;113;284;54;53;59;108;55;238;100;54;60;117;128;112;98;57;90;55;54;54;119;54;52;104;93;53;53;166;60;52;118)
seed_23_level_1-4,2213,24593.56698679924,38204413,7096,(300;86;53;88;57;76;55;57;59;53;104;55;95;102;55;210;107;56;91;57;291;77;62;52;52;210;52;76;90;52;50;56;100;56;91;104;82;53;56;56;52;53;208;100;284;98;92;122;239;90;117;53;63;52;95;55;90;57;52;52;59;54;238;54;97;52;57;256;58;53;122;266;52;52;90;53;86;57;88;102;52;52;102;199;52;52;52;57;51;88;253;53;53;104;90;269;57;55;70;88;57;100;53;52;100;250;132;57;57;57;240;177;100;57;53;57;53;243;100;57;450;183;225;54;108;148;108;52;59;211;111;53;57;54;59;127;59;59;59;105;59;242;163;61;249;57;58;222;238;53;54)
seed_23_level_1-4,2213,25159.635407686234,39616587,7248,(269;57;57;86;281;77;88;104;238;57;252;200;86;220;100;253;60;100;89;57;57;100;104;240;291;52;52;52;55;52;52;52;53;52;53;100;52;76;54;87;56;52;181;52;100;52;52;300;53;58;53;52;91;53;109;100;115;104;52;57;88;53;56;58;90;52;99;106;54;266;88;53;58;109;90;178;57;239;138;124;239;78;240;219;58;218;100;52;52;53;107;206;55;53;285;54;273;53;53;56;225;59;117;53;53;53;122;115;62;53;55;239;116;248;238;52;86;59;59;114;450;59;59;53;59;223;59;54;53;139;129;207;130;229;86;100;90;176;209;262;59;87;128;223;89;105;251;190;58;58;109;58)
seed_23_level_1-4,2213,25688.31987118721,40644381,7397,(400;150;52;57;52;56;90;52;55;52;52;76;180;88;270;60;108;52;57;300;221;55;63;52;53;150;56;76;93;55;104;55;53;67;56;52;52;56;54;284;57;53;59;54;53;58;261;52;57;87;101;57;107;61;105;116;57;52;59;53;108;124;59;125;238;100;100;53;242;100;57;90;57;110;91;105;57;57;104;57;209;53;53;66;54;100;89;226;100;89;266;107;133;119;100;90;62;78;112;88;55;52;102;106;52;53;53;53;78;52;53;52;53;57;100;100;52;59;450;51;53;227;59;194;78;107;52;150;58;54;200;54;54;59;85;102;59;59;52;58;86;129;100;238;130;139;100;109;100)
seed_23_level_1-4,2213,26241.5022149086,41988570,7546,(266;239;53;53;90;59;100;57;225;129;88;100;104;100;77;211;86;88;90;55;53;88;56;90;53;300;52;178;106;53;92;106;53;91;56;89;108;53;85;94;58;100;51;52;57;57;285;51;55;240;55;57;91;52;53;124;53;57;59;53;248;54;57;123;58;229;53;94;56;87;242;57;107;53;135;107;57;57;107;88;56;150;150;88;150;221;56;100;223;107;56;107;98;106;110;450;78;103;58;59;90;59;244;54;221;59;224;107;200;133;57;108;550;54;104;111;54;228;52;86;53;114;59;102;58;500;89;57;97;182;94;53;53;57;100;100;62;100;206;100;52;100;55;76;104;52;52;57;86)
seed_23_level_1-4,2213,26791.69504570961,43392257,7696,(400;57;52;57;52;59;56;53;59;52;90;57;238;57;52;52;52;209;56;55;52;52;57;62;88;49;60;284;57;58;52;54;53;121;95;105;58;59;52;94;95;57;107;107;59;51;222;53;52;52;58;58;123;52;106;266;238;212;90;54;57;100;224;52;51;62;65;59;116;56;104;57;240;210;54;238;90;102;57;88;52;238;52;100;242;249;57;210;103;57;57;108;265;118;88;57;58;111;100;61;57;127;53;100;52;57;113;57;63;57;94;52;106;114;293;216;56;56;111;58;350;91;111;58;238;88;58;100;59;64;53;134;150;61;427;86;58;239;256;350;106;86;228;54;213;100;400;100;53;221)
seed_23_level_1-4,2213,27342.344706058502,44686225,7845,(400;52;100;89;55;53;57;52;52;52;52;52;77;230;238;52;100;56;100;100;100;57;52;100;55;285;242;107;57;57;122;179;57;108;52;94;51;56;107;124;125;240;125;125;53;105;120;53;53;59;59;242;110;220;100;52;57;88;100;57;100;97;91;251;98;100;100;150;150;56;115;100;108;100;57;240;254;100;100;113;267;208;90;240;54;114;100;116;57;104;53;90;116;112;90;58;91;239;88;78;53;90;57;90;220;247;113;238;258;53;88;107;284;58;56;54;57;130;100;87;255;52;53;104;221;102;112;200;57;100;54;54;150;87;56;87;58;53;58;55;230;53;88;58;251;59;195;150;216)
seed_23_level_1-4,2213,27895.376326322556,46073840,7994,(400;52;53;52;56;233;100;61;56;52;219;108;86;111;55;52;56;59;76;82;100;57;214;242;107;234;235;107;57;57;107;240;100;53;97;233;110;67;51;107;56;100;315;150;98;100;264;57;52;100;100;283;251;52;240;550;58;59;146;86;53;53;91;52;87;53;94;56;129;54;59;259;105;194;103;55;59;93;59;54;105;226;53;59;53;284;57;53;125;97;52;97;57;53;54;53;57;53;108;54;52;113;123;54;55;120;139;57;107;54;57;53;59;113;267;251;107;90;53;90;53;250;114;54;204;113;53;104;53;57;57;190;109;116;81;58;59;104;106;57;52;240;238;78;114;107;251;146;122)
seed_23_level_1-4,2213,28473.89434170723,47615589,8143,(284;56;57;57;53;205;58;56;52;52;57;57;117;88;58;120;58;59;107;186;118;126;52;53;59;115;112;56;55;108;283;87;59;54;52;142;222;251;59;54;95;55;54;52;52;209;264;132;61;87;53;104;216;94;59;266;90;57;227;52;62;54;57;87;59;90;221;52;222;263;58;91;249;109;233;55;100;262;256;233;246;100;239;59;251;97;88;67;262;90;129;219;100;107;109;52;88;150;121;57;119;239;107;57;104;124;267;57;57;51;54;53;107;238;90;90;57;52;57;259;181;93;104;104;57;259;238;90;240;259;239;249;238;53;250;250;211;52;225;104;100;54;86;53;53;53;53;238;53)
seed_23_level_1-4,2213,29025.878529548645,48982114,8292,(284;109;55;107;261;54;54;57;109;97;54;117;52;63;94;59;56;59;54;253;222;56;57;55;121;121;60;110;59;400;104;107;89;87;100;55;59;59;56;106;58;240;56;53;53;52;53;251;136;53;87;240;53;206;53;216;255;55;259;255;249;76;87;128;64;53;54;233;130;105;57;239;57;100;58;150;109;56;112;58;258;106;107;56;239;114;252;88;109;249;251;63;53;235;109;57;58;89;57;57;56;100;60;100;56;239;105;267;239;59;86;122;57;53;85;57;244;107;57;52;106;112;238;88;238;57;86;61;57;62;88;238;238;56;52;238;109;53;55;53;61;54;212;52;57;100;52;88;52)
seed_23_level_1-4,2213,29588.94582271576,50268601,8442,(285;52;52;55;150;56;91;116;53;57;141;56;52;195;57;53;102;98;53;57;57;107;52;95;58;56;53;88;58;107;125;92;53;60;59;209;58;266;55;240;92;53;57;233;300;350;100;150;53;56;52;53;100;108;100;107;90;111;100;52;150;150;89;53;58;57;150;53;100;100;256;61;58;150;100;76;239;85;150;89;100;85;100;53;52;57;60;100;57;249;61;58;150;53;86;103;350;55;264;60;58;52;238;145;83;83;86;58;56;59;56;216;55;220;59;300;238;109;170;52;54;108;53;254;142;53;52;80;190;106;60;54;86;238;238;252;145;52;56;59;108;88;115;262;52;107;221;54;197;53)
seed_23_level_1-4,2213,30164.86978173256,52018809,8592,(235;100;53;88;116;104;72;150;61;55;52;150;240;88;100;150;141;88;59;90;147;63;265;131;100;54;119;241;102;53;256;53;274;247;100;53;59;56;240;53;254;100;56;58;94;80;100;285;189;122;63;121;52;121;117;200;52;208;57;59;56;140;57;57;58;56;249;125;53;280;52;127;55;255;120;57;88;142;53;124;57;56;240;64;53;59;238;193;57;142;113;400;53;102;155;107;143;53;100;224;58;53;54;238;52;252;58;59;53;52;53;52;58;116;253;533;239;106;52;248;240;64;252;255;107;104;238;108;53;223;53;52;400;240;55;253;57;57;108;87;59;218;88;59;255;64;54;240;104;75)
seed_23_level_1-4,2213,30737.90394258499,53560654,8742,(256;53;53;100;113;52;53;57;324;57;52;56;52;249;150;240;113;70;57;287;108;53;88;112;79;231;150;158;57;138;150;272;200;121;150;90;100;78;239;92;100;100;56;53;53;285;268;52;57;86;112;125;56;240;120;111;53;57;53;56;56;117;56;53;95;239;242;62;57;59;53;53;239;114;58;104;52;56;240;56;54;59;104;249;52;61;240;115;53;125;106;57;400;100;88;161;53;57;189;217;86;53;264;251;57;189;233;248;251;110;114;58;57;85;100;100;102;53;181;230;52;58;228;400;59;146;57;91;53;56;264;52;54;54;100;88;51;53;56;104;88;191;115;240;85;88;201;57;107;104)
seed_23_level_1-4,2213,31295.094347953796,54964414,8893,(324;500;107;57;89;247;159;57;53;100;241;93;219;122;119;56;89;52;100;108;120;242;119;253;57;53;88;279;150;267;53;100;248;89;110;57;57;247;149;100;99;150;100;180;100;100;284;99;106;208;88;53;200;56;125;55;52;201;108;53;240;263;52;55;58;53;109;112;53;110;52;55;59;53;52;57;124;52;56;54;155;244;53;53;52;53;117;242;53;53;107;166;52;120;400;84;54;52;58;86;55;105;88;138;86;88;52;53;252;239;59;114;150;57;54;109;56;57;236;52;53;93;53;63;53;249;208;88;54;107;56;54;57;58;88;106;52;52;196;115;107;129;57;59;112;106;53;86;102;100;53)
seed_23_level_1-4,2213,31850.218520879745,56244284,9043,(285;113;57;53;124;222;52;259;53;57;52;53;52;52;58;109;57;100;113;194;52;52;88;53;57;233;52;240;57;57;57;250;92;64;52;125;57;57;57;52;116;142;61;132;90;107;57;155;240;52;179;55;128;62;53;57;53;240;126;109;119;57;53;89;57;89;98;60;57;52;57;341;220;112;57;53;100;249;54;100;92;57;150;128;111;53;85;57;120;239;116;120;100;109;125;100;253;58;193;100;100;150;97;100;58;91;150;100;59;262;245;350;59;97;241;97;100;200;88;125;110;54;55;100;57;59;53;100;239;220;262;57;56;120;57;321;57;100;100;217;57;100;100;115;94;100;52;59;150;100)
seed_23_level_1-4,2213,32411.822740077972,57507005,9193,(284;54;57;53;52;100;244;240;57;124;255;253;53;53;53;57;53;56;100;98;57;53;59;53;238;88;119;57;53;57;57;177;58;203;53;100;59;121;62;59;59;57;52;53;88;57;54;56;239;251;100;107;261;62;59;120;53;57;104;53;100;66;57;52;51;93;132;117;132;108;57;58;316;126;100;109;97;100;117;234;57;60;108;150;266;246;116;57;53;235;324;107;107;100;88;89;57;57;100;100;100;83;117;260;150;92;58;57;67;241;56;240;59;91;101;109;90;222;104;100;113;53;100;100;52;222;107;100;103;55;222;88;91;58;100;200;100;122;110;150;117;273;107;99;254;88;58;107;102;100)
seed_23_level_1-4,2213,32984.12360906601,58951082,9343,(284;52;200;100;88;56;57;106;302;238;113;52;57;53;55;93;53;53;252;54;52;240;52;53;56;106;255;88;89;276;57;55;53;52;120;106;102;250;87;57;57;88;125;106;58;54;57;114;117;248;107;88;131;93;53;57;52;107;239;244;86;107;57;112;53;73;106;240;96;52;266;57;97;60;150;58;57;53;94;450;107;150;100;57;58;53;57;105;107;53;94;57;110;122;156;91;57;53;248;100;88;96;93;58;350;112;52;110;91;240;57;59;100;85;100;100;226;116;164;100;152;100;89;75;150;91;89;109;57;91;223;57;350;100;53;106;107;91;53;57;219;100;100;240;241;57;300;240;254;100)
seed_23_level_1-4,2213,33547.11785054207,60680133,9493,(459;100;240;107;58;52;99;318;239;266;240;57;162;53;57;57;57;60;150;400;53;58;58;122;55;57;53;200;100;57;59;266;57;100;350;97;57;110;88;239;150;59;58;57;100;57;236;242;57;100;88;59;240;150;109;100;304;54;100;300;90;300;88;126;107;350;99;312;227;107;57;400;52;100;122;53;200;284;57;58;107;53;106;57;52;248;129;177;86;57;94;53;84;57;239;93;57;115;244;57;58;52;53;150;128;53;106;88;124;53;53;57;107;248;55;57;128;57;56;87;53;61;53;52;87;264;122;57;52;82;56;57;52;52;90;300;52;56;177;56;97;84;57;400;54;240;52;56;53;56)
seed_23_level_1-4,2213,34108.293778181076,62065425,9643,(400;239;55;53;86;52;117;57;116;52;126;53;162;253;114;239;106;52;238;90;52;112;57;52;53;57;212;239;57;57;88;57;52;93;52;247;88;140;55;58;55;57;202;92;163;52;106;100;106;107;86;52;133;120;52;53;88;122;52;122;59;52;110;86;85;238;208;114;52;57;336;59;58;58;100;119;52;57;241;240;104;55;100;57;57;56;93;57;272;150;242;150;57;92;110;234;100;277;53;57;109;100;150;57;100;150;53;52;100;106;59;336;100;100;100;57;240;150;57;300;100;56;265;88;57;108;246;106;59;242;57;252;100;67;246;52;57;100;100;57;147;100;253;57;54;57;100;57;97;91)
seed_23_level_1-4,2213,34669.01053857803,63451618,9793,(336;100;91;100;100;65;53;183;150;145;100;57;240;57;200;400;240;164;241;57;115;232;100;57;57;57;110;57;100;138;57;239;242;57;242;100;97;90;261;57;350;52;57;56;125;211;121;277;52;110;146;100;100;52;57;100;57;100;100;109;88;100;100;100;100;53;79;90;108;57;111;57;57;134;88;238;400;177;52;52;52;186;129;56;52;238;56;88;52;102;88;88;57;53;56;91;156;52;100;210;53;86;56;88;52;53;54;106;88;56;52;87;52;107;88;257;53;248;114;52;52;52;129;52;116;55;239;86;209;53;104;53;106;253;52;56;52;56;57;104;153;111;177;115;52;108;261;116;129;107)
seed_23_level_1-4,2213,35247.80852270126,65113129,9943,(336;57;106;222;350;109;249;241;100;150;233;94;277;64;52;251;242;57;92;233;100;56;266;147;139;100;57;150;102;110;253;57;206;100;130;218;150;150;58;122;150;53;53;91;53;241;100;53;53;99;53;147;100;57;211;56;105;100;107;144;100;86;281;55;114;150;52;56;210;241;222;350;255;100;400;181;54;52;90;129;56;56;53;100;55;249;53;87;53;57;52;106;53;138;177;103;53;104;56;52;249;130;239;52;52;88;52;273;57;114;52;52;53;53;239;239;52;253;93;114;56;105;56;61;52;282;102;100;107;90;100;208;93;100;210;132;130;52;56;86;52;58;57;92;93;267;201;53;186;57)
seed_23_level_1-4,2213,35810.39363646507,66720559,10093,(400;120;57;57;56;52;52;57;53;100;100;177;53;210;52;56;247;100;208;58;109;100;100;102;53;55;57;270;57;126;114;211;56;57;100;52;100;239;52;129;56;52;52;52;240;129;86;210;53;52;249;238;53;208;250;53;56;53;57;100;52;201;53;62;55;129;119;86;53;128;52;87;240;450;53;58;57;312;266;100;100;265;100;57;255;100;252;88;57;57;100;97;100;100;100;102;56;179;57;56;57;248;450;52;54;57;249;57;51;100;100;150;109;255;100;159;57;239;100;57;57;242;220;56;273;52;235;150;100;106;100;265;53;100;90;100;117;150;100;89;179;100;237;56;57;213;54;52;100;96)
seed_23_level_1-4,2213,36398.71104478836,68489857,10243,(400;102;53;57;129;62;52;100;52;181;100;107;56;53;208;52;239;52;239;52;240;87;52;89;58;52;52;209;53;52;100;238;76;55;53;52;238;90;86;52;52;208;53;210;61;223;57;188;53;52;209;56;52;109;52;52;248;129;52;86;52;56;52;208;52;238;52;52;239;53;113;86;223;91;450;91;264;88;255;88;276;150;57;100;100;91;57;256;87;108;176;224;91;97;57;150;242;129;242;233;150;100;89;110;57;56;267;100;261;109;221;53;57;58;276;262;100;251;57;223;90;240;150;100;108;250;100;150;130;150;150;90;100;57;150;254;100;100;57;268;91;146;241;243;57;100;58;350;126;131)
seed_23_level_1-4,2213,36987.83197450638,70263213,10393,(400;110;86;52;86;239;52;208;67;52;53;58;256;52;208;269;52;52;248;88;88;300;185;238;87;53;103;93;86;52;52;58;211;209;209;52;180;100;249;86;209;223;52;52;134;209;57;113;52;90;129;65;53;129;90;52;115;84;287;53;179;52;53;91;100;129;209;52;195;56;100;232;336;241;57;150;90;243;91;57;100;213;255;235;57;57;52;142;106;200;52;52;150;240;100;92;59;57;110;100;254;218;110;100;102;265;57;57;129;199;245;83;183;100;106;283;89;57;242;57;126;239;100;106;100;57;100;107;100;91;57;243;100;117;59;108;100;57;76;122;53;265;57;100;300;108;147;325;241;285)
seed_23_level_1-4,2213,37589.28016734123,72355698,10543,(450;150;256;56;106;125;52;400;164;100;240;100;150;53;57;255;150;127;100;258;126;53;100;52;107;95;100;91;99;254;264;56;150;53;55;100;121;57;110;121;52;256;241;100;300;241;111;247;256;110;128;122;150;255;350;223;53;150;55;327;106;256;254;111;100;100;264;350;150;281;60;241;229;241;100;400;52;146;52;217;153;55;52;52;52;90;222;100;53;56;97;62;215;208;57;56;210;52;53;241;183;55;100;277;52;104;57;105;106;52;300;52;121;189;52;228;238;53;106;223;128;57;129;52;238;84;56;222;56;57;57;52;59;211;57;52;255;100;111;89;208;143;210;86;57;53;238;52;238;52)
seed_23_level_1-4,2213,38164.516411066055,74101377,10693,(400;53;262;56;223;87;100;57;132;89;106;100;88;53;96;53;52;52;118;53;146;100;62;133;286;200;54;59;88;53;52;56;300;57;106;95;100;57;239;52;56;57;55;117;209;53;53;55;56;53;223;133;56;52;130;57;57;68;249;52;53;55;100;244;56;105;208;53;56;88;53;57;239;336;257;350;316;57;100;150;97;100;279;52;93;120;150;164;300;90;107;239;56;350;254;56;55;150;92;92;243;150;255;52;53;244;100;142;350;56;100;150;57;300;300;150;132;150;73;350;231;219;53;150;57;106;97;97;240;100;67;97;53;88;159;57;100;107;100;100;116;89;56;303;150;87;56;53;57;100)
seed_23_level_1-4,2213,38744.817806482315,75776792,10843,(400;53;132;90;56;53;52;53;53;52;52;53;107;52;56;107;53;100;86;100;200;53;107;300;53;222;88;86;52;53;107;55;84;57;102;53;229;88;210;53;52;59;121;100;57;52;114;100;56;53;56;100;223;107;52;56;52;56;55;53;52;52;52;53;178;97;53;57;105;129;336;56;122;265;56;275;100;56;150;107;150;100;59;100;241;99;90;350;318;100;255;247;53;100;100;262;240;150;53;230;57;100;108;241;131;161;100;56;56;57;57;108;240;241;56;240;350;125;281;242;240;56;242;300;278;252;350;100;52;56;53;57;107;57;57;57;150;56;109;159;100;261;243;109;148;108;241;107;57;109)
seed_23_level_1-4,2213,39314.86164212227,77459464,10993,(400;56;57;56;350;238;88;53;52;52;109;100;151;215;86;56;219;53;128;88;86;57;52;186;86;53;52;55;116;53;52;52;52;88;150;53;111;53;137;58;56;54;59;53;55;56;57;115;209;52;88;52;226;117;106;52;100;56;52;53;52;53;223;107;459;91;278;56;57;53;57;57;100;91;56;148;239;150;253;259;100;250;304;278;100;56;56;56;141;53;350;226;150;53;106;100;242;150;265;91;90;100;100;129;311;100;55;255;110;256;109;100;57;267;53;200;241;244;57;57;125;53;219;57;300;267;100;150;200;58;102;109;150;112;53;57;53;100;53;57;94;140;100;150;350;97;200;53;100;57)
seed_23_level_1-4,2213,39890.02613854408,78927327,11143,(400;211;56;86;55;53;208;90;52;238;56;91;211;53;227;210;53;50;56;53;63;53;53;53;208;269;209;248;52;100;100;53;208;86;128;53;106;56;53;56;56;57;52;100;177;82;53;90;53;56;56;56;77;208;52;100;52;106;57;86;100;52;214;106;100;238;336;150;280;53;300;310;250;92;56;150;242;53;151;159;100;104;150;100;100;93;110;123;100;95;59;150;85;164;150;57;217;58;242;53;100;53;116;126;53;90;66;100;57;100;100;52;240;129;255;59;108;56;108;150;295;58;163;254;58;58;125;108;286;53;141;150;112;58;56;57;114;253;56;150;57;100;100;100;93;108;57;240;52;100)
seed_23_level_1-4,2213,40458.326377391815,80596997,11293,(460;57;89;263;239;233;59;56;142;53;57;287;59;243;255;57;120;350;100;91;57;245;100;57;57;150;57;57;278;88;95;100;107;108;57;108;52;56;218;58;200;248;56;229;52;88;53;114;56;450;56;235;57;150;300;84;109;100;100;106;300;300;312;104;100;56;57;57;107;239;57;57;57;222;260;110;57;113;87;400;208;92;57;52;55;88;62;57;56;233;54;52;210;55;86;52;57;52;52;89;53;57;93;222;90;90;56;246;209;106;52;52;53;53;100;208;57;53;52;52;55;51;88;53;220;53;52;56;212;240;92;51;52;52;82;57;56;112;52;130;238;214;130;59;105;58;227;121;53;52)
seed_23_level_1-4,2213,41045.04340481758,82416263,11443,(400;186;52;62;228;208;112;59;210;52;88;187;233;101;56;208;57;210;115;52;52;181;57;54;54;57;210;134;100;88;240;52;52;53;53;52;117;52;59;56;58;53;52;210;209;238;86;54;186;54;400;88;52;61;59;53;53;89;53;53;57;52;136;53;97;62;57;53;208;56;336;100;266;57;242;57;57;100;53;91;57;106;57;350;262;150;53;150;57;57;273;57;100;350;150;300;281;124;182;125;57;57;117;100;258;57;200;236;150;57;236;241;100;350;57;57;52;163;268;84;114;57;239;257;56;159;150;243;58;108;268;59;255;163;155;150;253;52;150;59;57;57;241;57;59;241;164;107;100;162)
seed_23_level_1-4,2213,41641.42082929611,84405154,11593,(400;77;91;250;54;106;52;234;53;52;86;215;54;209;78;210;111;56;102;52;55;76;57;52;53;100;141;57;57;52;113;52;58;107;90;57;57;107;53;56;90;54;211;57;182;53;215;141;56;57;210;76;215;224;220;54;179;52;57;141;226;52;240;56;114;100;132;53;223;86;53;336;88;57;78;218;253;263;264;243;103;241;241;57;60;100;123;91;57;109;111;52;164;267;242;271;268;56;110;300;57;108;243;300;150;116;109;262;242;150;53;400;100;53;100;117;350;57;350;150;104;350;57;150;53;241;234;57;150;253;106;202;234;53;109;100;57;255;91;57;239;57;260;100;150;264;150;100;100;150)
seed_23_level_1-4,2213,42233.9508664608,86339358,11743,(400;53;57;52;52;88;238;88;239;87;57;57;57;100;102;53;57;246;56;53;52;131;112;53;57;131;57;197;55;55;227;52;52;209;55;211;88;57;57;56;52;57;52;91;210;277;57;77;100;238;213;210;52;120;112;62;55;54;53;52;180;107;210;106;53;57;54;211;109;400;57;63;57;58;238;100;263;53;259;107;272;100;57;350;100;150;243;100;194;240;127;100;88;52;59;264;57;53;324;115;100;52;52;104;300;88;262;100;57;254;121;53;300;220;242;316;350;242;235;100;150;117;59;257;53;253;53;100;107;52;300;217;100;108;243;86;232;300;107;124;234;90;100;57;110;254;108;239;91;90)
seed_23_level_1-4,2213,42814.68922877312,88139936,11893,(400;56;217;244;100;53;178;143;57;239;53;52;57;52;104;54;57;111;53;55;86;53;52;52;56;52;54;54;112;56;52;56;53;53;208;88;53;240;88;52;206;210;90;107;53;57;52;52;52;55;54;150;57;211;90;56;56;216;57;56;85;57;52;57;52;55;54;400;313;150;57;88;107;59;58;57;88;90;107;110;300;107;57;57;52;110;91;264;231;281;300;278;285;107;232;114;123;316;350;57;300;52;216;280;150;249;52;52;56;56;87;57;113;256;52;111;88;240;122;240;56;100;100;57;57;350;241;91;107;228;65;120;107;369;233;110;55;265;234;235;261;87;100;234;89;150;109;88;115;53)
seed_23_level_1-4,2213,43394.9733941555,90088697,12043,(400;80;55;52;52;76;208;86;87;84;53;52;54;52;57;52;112;57;52;56;105;210;52;55;134;57;53;52;76;55;53;61;51;240;52;225;52;52;52;132;52;86;83;52;54;208;238;52;106;56;57;52;55;208;53;56;52;53;106;57;57;400;49;400;53;100;100;52;57;350;100;242;110;52;100;57;235;52;100;227;300;59;400;100;58;240;57;260;57;350;123;121;116;57;57;241;150;108;57;86;243;400;57;150;100;107;57;79;255;56;102;241;100;57;100;240;108;234;108;59;100;150;112;234;316;150;350;52;350;255;100;55;240;218;278;150;53;100;113;100;232;100;300;78;213;263;316;90;61;238)
seed_23_level_1-4,2213,44007.90603995323,92535762,12193,(400;238;238;88;55;52;76;238;222;225;109;51;52;52;208;86;103;57;209;238;238;76;209;130;86;53;52;208;52;208;208;54;53;86;56;238;55;55;53;238;208;210;52;238;52;208;53;220;75;54;102;55;52;57;106;90;53;88;52;53;53;76;400;100;53;265;250;126;91;241;282;600;100;57;200;100;57;243;89;100;122;242;107;234;100;150;118;283;150;57;252;350;52;57;100;240;269;57;242;100;255;241;120;56;91;257;231;150;317;260;400;53;57;302;241;266;57;57;57;57;100;286;255;241;150;254;150;90;241;100;100;100;109;241;260;262;57;57;314;57;350;59;150;57;57;256;88;100;234;88)
seed_23_level_1-4,2213,44603.291420698166,94523959,12343,(400;53;52;57;208;106;86;208;137;52;52;94;55;52;86;52;56;57;249;52;208;52;53;54;54;52;86;52;52;57;52;52;52;86;56;52;56;86;86;54;86;52;147;239;57;109;238;100;52;52;55;208;105;52;55;208;52;56;103;56;53;51;52;55;54;244;238;400;150;56;106;59;100;303;288;350;150;100;62;250;150;254;134;350;109;57;100;57;288;100;100;241;107;316;100;89;100;210;100;141;128;316;100;150;100;307;150;224;100;287;57;52;400;150;100;87;150;239;57;57;242;262;150;88;57;242;350;107;269;91;286;134;108;216;150;240;300;250;108;52;257;150;100;88;88;146;124;134;88;305)
seed_23_level_1-4,2213,45212.40685606003,96887898,12493,(400;55;86;88;91;52;208;55;55;53;225;240;56;208;55;52;177;55;75;55;208;53;52;208;53;52;107;208;53;52;238;113;223;58;53;52;52;51;288;54;106;95;51;52;52;208;55;52;89;117;208;106;53;208;52;59;103;52;208;53;208;52;208;57;400;240;52;90;260;400;350;100;57;57;57;254;350;57;150;350;57;100;231;350;57;57;108;240;241;120;350;255;150;57;225;100;213;213;268;100;53;55;255;52;255;57;100;147;66;234;53;240;261;121;350;236;57;52;52;240;57;100;231;234;121;58;219;121;228;250;233;233;164;284;268;133;400;100;89;211;57;92;229;88;141;400;110;88;234;250)
seed_23_level_1-4,2213,45824.46293139458,99182342,12643,(400;222;180;211;238;52;52;88;52;56;55;56;58;54;107;52;86;55;224;53;51;52;210;238;86;102;56;112;208;52;53;137;53;128;52;89;52;238;91;100;52;102;208;208;52;56;86;106;52;93;56;52;52;52;56;238;53;221;53;300;88;264;86;400;57;350;57;243;241;57;150;57;91;300;100;57;150;57;252;163;100;259;400;400;100;100;234;116;350;150;52;55;53;100;88;57;240;242;119;65;350;350;260;57;100;164;240;107;289;234;100;57;268;100;108;350;100;112;274;57;350;57;88;350;219;242;129;100;62;234;55;53;212;240;57;52;100;57;91;107;57;91;88;350;57;53;400;168;256;254)
seed_23_level_1-4,2213,46432.72911477089,101575231,12793,(400;55;210;187;102;100;53;192;52;100;56;133;57;52;53;52;52;214;55;52;53;52;90;53;115;58;57;261;86;52;108;52;228;52;239;56;53;211;128;52;200;56;52;58;54;52;88;52;52;117;53;53;100;83;211;56;250;208;209;52;54;53;56;52;56;400;350;263;350;107;350;100;150;100;240;350;242;300;57;150;55;108;350;450;118;88;100;121;100;253;234;283;59;262;108;247;57;400;150;88;111;117;234;300;110;244;88;252;95;57;234;237;99;100;150;251;53;263;243;109;100;225;400;56;57;57;242;253;147;105;88;88;198;100;241;57;58;272;272;270;150;100;350;100;150;52;350;100;176;255)
seed_23_level_1-4,2213,47041.369634628296,103850373,12943,(400;52;52;52;107;239;86;54;209;106;57;54;253;90;55;143;53;109;56;105;90;269;53;88;226;52;300;52;239;53;56;89;95;100;108;52;208;57;56;88;52;86;88;90;51;52;52;52;88;93;57;250;52;52;260;55;94;86;256;56;53;400;240;235;448;54;128;243;350;288;135;350;151;53;150;56;234;90;100;100;266;57;284;100;150;268;150;248;251;57;234;200;116;57;78;236;100;350;219;59;251;58;88;115;150;234;150;100;100;51;57;131;149;57;55;240;116;52;350;100;88;58;241;89;100;78;225;55;350;100;150;100;350;59;91;60;300;92;196;93;271;159;134;400;265;350;243;239;100;58)
seed_23_level_1-4,2213,47639.27308297157,105951733,13093,(259;53;58;55;90;53;61;55;219;250;93;110;238;52;223;220;189;208;88;52;57;52;222;88;53;205;109;400;57;52;57;86;53;52;116;52;57;89;52;52;53;109;55;79;192;88;252;53;53;88;70;52;52;52;85;54;90;88;56;52;52;108;119;50;53;54;86;86;86;58;300;84;253;106;300;297;254;108;57;350;239;100;316;88;100;233;350;150;57;300;100;243;93;88;181;150;100;350;89;213;58;257;350;90;57;59;100;58;100;56;57;53;300;316;59;209;94;140;100;316;227;100;262;59;99;100;405;350;262;53;228;219;88;57;100;122;100;264;100;57;100;239;300;105;57;150;286;119;57;400)
seed_23_level_1-4,2213,48232.21946835518,107954623,13243,(400;52;227;52;56;251;222;53;132;86;109;55;53;87;92;55;94;52;208;102;54;55;89;107;264;52;57;100;116;52;106;51;52;57;91;260;133;57;56;400;52;90;53;52;88;53;385;56;140;109;57;195;100;91;109;92;55;201;101;59;56;90;55;136;55;208;100;57;55;191;93;57;238;56;59;142;223;244;225;55;54;240;290;107;350;57;100;52;112;316;217;52;272;53;192;109;59;242;350;100;100;53;350;54;56;57;100;124;100;88;53;100;91;217;254;108;236;241;263;90;252;100;233;242;53;241;223;56;100;57;57;88;107;239;400;57;57;57;54;233;53;57;350;350;57;55;350;236;53;249)
seed_23_level_1-4,2213,48845.53620958328,110231184,13394,(400;233;86;239;53;52;106;129;117;211;53;52;400;52;238;52;102;221;106;86;238;107;52;57;132;53;96;251;56;248;103;209;56;106;52;92;86;52;86;290;57;238;232;87;53;90;52;210;222;57;57;90;52;252;53;58;222;52;225;90;104;55;56;92;57;93;93;57;100;113;121;232;57;57;52;241;212;58;84;56;52;88;92;86;57;86;54;52;284;100;107;115;94;234;100;350;350;142;88;57;88;400;247;89;238;59;57;234;350;250;240;245;108;261;350;100;88;234;93;350;54;55;240;240;350;100;87;239;239;57;240;57;266;350;121;350;236;259;56;238;245;88;57;208;150;57;239;53;240;57;100)
seed_23_level_1-4,2213,49441.98955011368,112302571,13544,(370;52;52;57;211;90;52;53;234;86;134;111;86;52;52;79;134;76;198;90;57;55;235;132;220;54;227;89;210;221;225;255;52;88;225;54;240;233;77;89;276;58;59;86;400;55;56;249;208;56;52;52;52;86;238;53;129;208;56;53;400;188;86;86;223;75;219;56;52;100;116;208;56;100;52;56;106;250;238;52;53;57;106;222;300;52;208;132;283;112;259;88;246;53;240;53;53;400;88;60;287;241;350;57;240;88;53;240;88;89;88;89;240;56;53;88;57;57;240;64;121;120;57;350;240;208;251;57;233;350;57;58;53;237;53;88;58;57;78;350;213;57;94;238;214;59;57;53;100;88)
seed_23_level_1-4,2213,50013.56672549248,114074860,13694,(400;52;52;84;106;129;119;187;100;53;100;52;56;117;52;210;53;53;100;233;52;237;52;56;238;57;52;86;52;238;52;57;52;133;93;241;53;238;88;100;238;54;190;239;56;300;288;53;88;54;51;57;89;53;51;93;90;53;57;52;208;88;86;53;54;220;179;52;52;238;52;233;90;52;235;400;111;52;222;60;400;56;52;76;52;52;52;108;57;86;54;89;111;283;57;258;350;115;264;234;94;107;53;58;53;113;350;115;57;85;100;57;240;53;57;100;88;91;113;57;234;210;53;116;234;243;222;57;57;107;240;124;88;308;53;88;53;57;112;105;57;53;350;88;234;261;57;57;350;57)
seed_23_level_1-4,2213,50581.23877453804,115709327,13843,(284;52;222;91;53;53;50;252;217;265;52;55;88;57;228;88;91;53;55;107;86;52;86;53;55;56;133;62;134;208;57;224;57;52;94;50;208;57;57;57;86;57;77;210;86;86;400;56;57;57;61;88;52;300;53;222;56;181;55;52;97;53;54;239;212;52;239;55;190;53;56;100;220;55;53;181;249;52;52;107;210;128;55;187;53;238;107;53;139;52;53;87;55;400;59;88;57;59;58;245;216;261;57;115;112;52;57;236;88;220;243;88;350;88;52;239;100;240;220;115;350;51;54;123;107;107;107;62;56;115;147;88;118;90;60;115;115;57;57;111;57;57;238;53;115;88;350;234;350)
seed_23_level_1-4,2213,51199.08923983574,118040888,13994,(400;53;52;52;52;211;234;240;239;232;104;52;52;238;53;134;95;186;234;222;92;52;52;52;52;53;238;53;244;58;52;228;107;192;112;220;221;86;129;234;253;229;105;222;220;221;400;54;57;53;52;350;53;86;87;56;55;53;53;53;112;53;88;53;208;208;58;117;208;54;57;52;90;208;221;222;57;52;54;56;86;86;52;52;219;61;57;56;53;208;64;218;100;52;57;400;240;228;91;88;350;57;57;265;350;101;224;240;53;122;272;57;57;57;57;259;57;107;239;242;107;350;88;300;396;88;259;264;240;89;57;218;350;210;243;57;88;91;240;113;208;350;57;53;100;261;94;242;107;223;251)
seed_23_level_1-4,2213,51803.478375673294,120280269,14144,(400;52;208;107;244;61;185;56;220;214;210;55;52;53;52;267;52;97;52;52;132;53;248;57;56;52;52;58;84;52;222;92;52;238;55;56;52;52;112;263;52;86;400;182;300;55;273;90;53;256;54;105;136;134;140;138;53;90;211;250;117;107;118;210;107;199;223;53;108;224;107;183;238;187;228;57;119;108;52;53;239;209;53;252;212;211;53;209;91;57;57;54;400;240;214;88;88;211;210;52;107;350;107;239;53;88;52;59;57;53;350;88;53;57;234;116;90;400;234;240;240;62;86;88;88;394;107;100;400;107;234;210;52;88;90;240;107;120;350;100;57;239;56;88;51;121;112;234;236;350)
seed_23_level_1-4,2213,52386.44840455055,122042069,14293,(400;53;105;219;57;53;53;238;223;52;53;53;57;53;217;52;239;209;210;114;53;57;57;132;61;56;239;130;88;156;208;150;240;52;248;148;138;52;86;209;52;284;300;84;90;232;210;210;106;57;90;53;58;88;267;53;106;54;135;52;53;93;52;52;254;52;139;59;210;114;90;77;232;159;104;252;57;208;80;210;221;57;52;54;57;107;125;88;224;57;56;59;56;400;215;53;113;110;234;57;235;102;110;288;107;88;57;57;105;210;110;52;107;215;53;62;234;107;282;211;55;240;57;113;119;114;95;93;262;52;107;255;53;91;400;107;84;210;88;59;234;53;88;217;57;93;54;225;58)
seed_23_level_1-4,2213,52988.48339223862,124134256,14442,(400;217;228;256;54;56;240;52;59;232;210;57;52;56;232;52;248;89;88;53;208;211;103;91;54;55;51;86;55;53;57;176;88;256;450;50;268;57;238;208;53;132;223;300;210;222;221;240;53;400;86;239;129;52;88;210;57;52;295;107;53;88;57;129;53;55;57;208;106;52;53;61;239;116;209;100;119;52;57;57;227;57;86;88;129;250;52;228;301;52;53;59;220;57;397;58;60;55;221;55;57;234;395;215;85;55;240;91;90;54;209;57;90;57;88;234;53;57;84;300;63;108;234;240;111;58;110;59;108;50;240;93;85;234;249;53;212;400;84;90;234;234;107;88;57;234;53;53;113)
seed_23_level_1-4,2242,53580.26135444641,126102458,14591,(400;57;238;53;180;236;107;238;55;115;78;209;57;57;57;210;53;53;220;95;177;239;52;215;86;53;53;86;52;87;52;57;90;53;57;57;248;57;95;146;57;86;56;433;394;350;107;52;57;350;256;115;95;253;106;53;88;57;211;150;263;88;294;234;53;88;107;57;183;107;240;133;88;88;256;53;234;50;57;58;94;108;400;115;215;240;57;57;57;57;57;84;57;240;54;264;58;400;239;129;86;112;77;210;58;53;210;232;86;54;210;238;104;77;89;91;88;248;233;76;53;93;235;53;106;109;56;105;89;122;238;227;52;58;59;102;107;106;137;210;263;89;52;219;78;57;250;52;223)
seed_23_level_1-4,2416,54164.4270863533,127905511,14742,(434;129;296;52;117;90;244;52;52;127;88;53;86;53;128;57;52;86;53;52;88;86;52;53;139;208;129;108;53;248;52;52;91;53;300;88;120;88;52;86;57;93;104;216;400;350;53;57;234;400;53;180;350;210;56;57;100;90;59;107;93;55;136;241;110;234;56;57;239;93;115;258;111;53;57;243;57;88;57;289;62;88;93;113;52;57;107;51;114;595;400;57;57;53;55;150;59;400;56;53;55;53;54;52;52;57;56;88;261;109;53;91;88;269;88;222;114;109;106;123;52;112;118;211;88;53;54;57;89;87;52;114;90;53;103;91;223;234;167;88;76;109;52;81;213;90;59;256;86;93;53)
seed_23_level_1-4,2416,54746.27109789848,129710930,14892,(107;110;106;109;53;240;131;52;90;90;57;90;300;107;112;106;233;255;77;108;92;53;240;210;57;90;52;211;57;93;53;86;54;210;88;86;59;53;90;267;52;54;233;53;240;97;210;214;226;103;400;86;53;55;86;53;99;91;122;123;52;251;86;52;222;128;52;52;86;52;86;56;53;52;106;86;116;86;53;107;52;140;61;52;86;100;114;129;100;52;128;107;52;57;86;400;107;57;215;240;88;253;57;350;53;57;88;259;88;57;88;116;88;53;57;57;283;57;57;299;52;88;107;90;400;53;91;350;90;285;88;400;234;107;57;281;88;209;57;350;89;57;234;107;115;350;240;150;115;88)
seed_23_level_1-4,2416,55323.16344332695,131468508,15042,(400;53;86;235;87;53;95;57;52;210;57;52;88;56;56;55;76;128;57;234;52;57;87;52;208;129;53;107;86;279;57;89;52;57;215;76;56;238;57;53;52;300;53;53;55;277;249;107;210;53;53;88;53;239;57;52;86;235;53;77;107;117;53;59;238;53;238;210;81;176;56;54;107;249;93;215;53;78;92;57;52;53;121;107;52;53;89;93;92;238;239;57;400;57;57;288;107;57;57;88;211;112;88;108;240;107;61;88;269;281;400;57;57;88;56;350;53;107;58;107;57;400;240;57;57;57;400;114;288;57;57;57;57;57;88;57;57;241;88;57;57;57;53;57;406;54;57;60;239;269)
