seed_3_level_6-2,735,515.413768529892,1158381,150,(1001;42;43;93;69;43;68;62;92;47;47;92;92;59;96;96;187;111;111;43;111;42;111;111;43;111;111;46;111;42;42;42;111;111;42;47;111;111;111;111;42;111;111;111;111;42;69;42;111;55;111;111;47;111;111;111;169;42;111;111;105;42;42;111;116;111;111;111;169;111;71;45;111;42;42;59;43;111;111;111;42;111;200;42;42;111;111;42;111;111;111;105;111;111;111;111;47;111;43;111;111;111;111;111;111;111;111;42;111;111;169;43;45;57;59;70;111;111;111;111;42;111;42;42;111;111;111;55;42;111;42;111;111;111;96;111;111;111;111;42;111;66;111;111;47;50;69;77;59;42)
seed_3_level_6-2,735,1024.0265889167786,1838728,300,(42;42;42;42;42;42;42;42;42;42;42;42;42;43;42;42;43;42;42;42;42;42;42;42;42;42;42;43;43;43;42;43;42;47;47;111;45;45;45;46;45;47;46;55;55;59;59;59;71;75;77;77;105;105;111;111;111;111;111;111;111;111;111;111;111;111;111;111;111;111;111;111;111;111;111;111;111;111;111;111;111;111;111;111;111;111;111;111;111;111;111;111;111;111;111;111;111;111;111;111;111;111;111;111;111;111;111;111;111;111;111;111;111;111;111;111;111;111;111;111;111;111;111;111;111;111;111;111;111;111;111;111;111;111;111;111;116;62;69;59;57;96;66;70;69;169;169;169;200;187)
seed_3_level_6-2,735,1532.8274540901184,2519519,450,(42;42;42;42;42;42;42;42;42;42;42;42;42;42;42;42;42;42;42;42;42;42;42;42;42;42;43;43;43;43;43;43;43;45;47;45;47;47;50;47;47;45;51;60;59;59;59;71;75;77;77;105;105;111;111;111;111;111;111;111;111;111;111;111;111;111;111;111;111;111;111;111;111;111;111;111;111;111;111;111;111;111;111;111;111;111;111;111;111;111;111;111;111;111;111;111;111;111;111;111;111;111;111;111;111;111;111;111;111;111;111;111;111;111;111;111;111;111;111;111;111;111;111;111;111;111;111;111;111;111;111;111;111;111;111;111;116;69;62;59;57;96;66;70;69;169;169;169;200;187)
seed_3_level_6-2,735,2040.6272456645966,3217280,600,(42;42;42;42;42;42;42;42;42;42;42;42;42;42;42;42;42;42;42;42;42;42;42;42;43;42;43;43;43;42;42;42;43;47;45;47;47;47;47;45;45;46;55;59;59;59;55;71;75;77;77;105;105;111;111;111;111;111;111;111;111;111;111;111;111;111;111;111;111;111;111;111;111;111;111;111;111;111;111;111;111;111;111;111;111;111;111;111;111;111;111;111;111;111;111;111;111;111;111;111;111;111;111;111;111;111;111;111;111;111;111;111;111;111;111;111;111;111;111;111;111;111;111;111;111;111;111;111;111;111;111;111;111;111;111;111;116;69;62;59;195;96;66;70;69;169;169;169;200;187)
seed_3_level_6-2,735,2550.13295173645,3905605,750,(43;42;42;42;42;42;43;42;42;42;42;42;42;42;42;42;42;42;42;42;42;42;42;42;42;43;43;43;43;43;42;43;42;45;47;47;46;47;47;45;45;47;51;55;59;59;59;71;75;77;77;105;105;46;111;111;111;111;111;111;111;111;111;111;111;111;111;111;111;111;111;111;111;111;62;111;111;111;111;111;111;111;111;111;111;111;111;111;111;111;111;111;111;111;111;111;111;111;111;111;111;111;111;111;111;111;111;111;111;111;111;111;111;111;111;111;111;111;111;111;111;111;111;111;111;111;111;111;111;111;111;111;111;111;111;111;116;69;62;59;96;66;70;68;169;169;169;195;200;187)
seed_3_level_6-2,735,3063.2233436107635,4581650,900,(42;42;42;42;42;42;42;42;42;42;42;42;42;42;42;42;42;42;42;42;42;42;42;43;43;42;43;42;43;43;43;42;42;45;45;45;50;111;45;47;47;47;46;51;55;59;59;59;62;71;75;77;77;105;105;111;111;111;111;111;111;111;111;111;111;111;111;111;111;111;111;111;111;111;111;111;111;111;111;111;111;111;111;111;111;111;111;111;111;111;111;111;111;111;111;111;111;111;111;111;111;111;111;111;111;111;111;111;111;111;111;111;111;111;111;111;111;111;111;111;111;111;111;111;111;111;111;111;111;111;111;111;111;111;111;111;116;69;62;59;96;66;70;68;169;169;169;57;200;187)
seed_3_level_6-2,735,3575.224668741226,5279829,1050,(42;42;42;42;42;42;42;42;42;42;42;42;42;42;42;42;42;42;42;42;42;42;42;43;42;42;43;43;42;42;43;43;43;47;45;47;47;47;47;47;45;46;55;60;59;59;59;111;71;75;77;77;105;105;111;111;111;111;111;111;111;111;111;111;111;111;111;111;111;111;111;111;111;111;111;111;111;111;111;111;111;111;111;111;111;111;111;111;111;111;111;111;111;111;111;111;111;111;111;111;111;111;111;111;111;111;111;111;111;111;111;111;111;111;111;111;111;111;111;111;111;111;111;111;111;111;111;111;111;111;111;111;111;111;111;111;116;69;62;59;96;195;66;70;69;169;169;169;200;187)
seed_3_level_6-2,735,4085.4487743377686,5960239,1200,(42;42;42;42;42;42;42;42;42;42;42;42;42;42;42;42;42;42;42;42;42;42;43;42;43;42;43;42;43;43;42;42;43;47;47;46;45;47;47;46;47;47;51;59;59;59;55;71;75;77;77;105;105;111;111;111;111;111;111;111;111;111;111;111;111;111;111;111;111;111;111;111;111;111;111;111;111;111;111;111;111;111;111;111;111;111;111;111;111;111;111;111;111;111;111;111;111;111;111;111;111;111;111;111;111;111;111;111;111;111;111;111;111;111;111;111;111;111;111;111;111;111;111;111;111;111;111;111;111;111;111;111;111;111;111;111;116;69;62;59;96;66;70;69;169;169;169;57;200;187)
seed_3_level_6-2,735,4606.33510351181,6649066,1350,(42;42;42;42;42;42;42;42;42;42;42;42;42;42;42;42;42;42;42;42;42;42;43;43;42;43;42;43;42;43;42;43;42;45;47;46;47;47;47;47;45;47;55;60;59;59;59;71;75;77;77;105;105;62;46;111;111;111;111;111;111;111;111;111;111;111;111;111;111;111;111;111;111;111;111;111;111;111;111;111;111;111;111;111;111;111;111;111;111;111;111;111;111;111;111;111;111;111;111;111;111;111;111;111;111;111;111;111;111;111;111;111;111;111;111;111;111;111;111;111;111;111;111;111;111;111;111;111;111;111;111;111;111;111;111;111;116;69;62;59;96;195;66;70;68;169;169;169;200;187)
seed_3_level_6-2,735,5122.602856874466,7342674,1500,(42;42;42;42;42;42;42;42;42;42;42;42;42;42;42;42;42;42;42;42;42;42;43;42;42;43;42;43;42;42;42;43;42;45;45;46;111;47;47;45;45;45;47;55;59;59;59;60;62;71;75;77;77;105;105;111;111;111;111;111;111;111;111;111;111;111;111;111;111;111;111;111;111;111;111;111;111;111;111;111;111;111;111;111;111;111;111;111;111;111;111;111;111;111;111;111;111;111;111;111;111;111;111;111;111;111;111;111;111;111;111;111;111;111;111;111;111;111;111;111;111;111;111;111;111;111;111;111;111;111;111;111;111;111;111;111;116;69;62;59;96;66;70;69;169;169;169;195;200;187)
seed_3_level_6-2,735,5636.564641714096,8018194,1650,(42;42;42;42;42;42;42;42;42;42;42;42;42;42;42;42;42;42;42;42;42;42;43;42;42;42;43;43;42;42;43;43;43;47;47;45;45;45;50;47;45;47;51;59;59;59;60;111;71;75;77;77;105;105;46;111;111;111;111;111;111;111;111;111;111;111;111;111;111;111;111;111;111;111;111;111;111;111;111;111;111;111;111;111;111;111;111;111;111;111;111;111;111;111;111;111;111;111;111;111;111;111;111;111;111;111;111;111;111;111;111;111;111;111;111;111;111;111;111;111;111;111;111;111;111;111;111;111;111;111;111;111;111;111;111;111;116;69;62;59;96;66;70;68;169;169;169;57;200;187)
seed_3_level_6-2,735,6149.394931316376,8711817,1800,(42;42;42;42;42;42;42;42;42;42;42;42;42;42;42;42;42;42;42;42;42;42;43;42;42;42;43;42;42;43;43;43;42;47;47;45;45;111;47;47;46;45;50;55;59;59;59;55;71;75;77;77;105;105;62;111;111;111;111;111;111;111;111;111;111;111;111;111;111;111;111;111;111;111;111;111;111;111;111;111;111;111;111;111;111;111;111;111;111;111;111;111;111;111;111;111;111;111;111;111;111;111;111;111;111;111;111;111;111;111;111;111;111;111;111;111;111;111;111;111;111;111;111;111;111;111;111;111;111;111;111;111;111;111;111;111;116;69;62;59;96;195;66;70;68;169;169;169;200;187)
seed_3_level_6-2,735,6670.533259868622,9383294,1950,(42;42;42;42;42;42;42;42;42;42;42;42;42;42;42;42;42;42;42;42;42;42;42;42;42;43;42;42;43;43;42;43;42;45;45;45;46;47;47;47;47;50;55;60;59;59;59;62;71;75;77;77;105;105;46;111;111;111;111;111;111;111;111;111;111;111;111;111;111;111;111;111;111;111;111;111;111;111;111;111;111;111;111;111;111;111;111;111;111;111;111;111;111;111;111;111;111;111;111;111;111;111;111;111;111;111;111;111;111;111;111;111;111;111;111;111;111;111;111;111;111;111;111;111;111;111;111;111;111;111;111;111;111;111;111;111;116;69;62;59;96;66;70;68;169;169;169;57;200;187)
seed_3_level_6-2,735,7185.1304478645325,10054174,2100,(42;42;42;42;42;42;42;42;42;42;42;42;42;42;42;42;42;42;42;42;42;42;43;43;42;42;42;42;43;42;43;42;43;47;45;45;47;46;47;47;45;47;46;51;59;59;59;55;62;71;75;77;77;105;105;111;111;111;111;111;111;111;111;111;111;111;111;111;111;111;111;111;111;111;111;111;111;111;111;111;111;111;111;111;111;111;111;111;111;111;111;111;111;111;111;111;111;111;111;111;111;111;111;111;111;111;111;111;111;111;111;111;111;111;111;111;111;111;111;111;111;111;111;111;111;111;111;111;111;111;111;111;111;111;111;111;116;69;62;59;96;57;66;70;68;169;169;169;200;187)
seed_3_level_6-2,735,7699.288579463959,10747439,2250,(42;42;42;42;42;42;42;42;42;42;42;42;42;42;42;42;42;42;42;42;42;42;42;42;42;42;43;43;43;43;43;43;42;47;45;47;111;46;47;46;47;45;45;51;55;59;59;59;62;71;75;77;77;105;105;111;111;111;111;111;111;111;111;111;111;111;111;111;111;111;111;111;111;111;111;111;111;111;111;111;111;111;111;111;111;111;111;111;111;111;111;111;111;111;111;111;111;111;111;111;111;111;111;111;111;111;111;111;111;111;111;111;111;111;111;111;111;111;111;111;111;111;111;111;111;111;111;111;111;111;111;111;111;111;111;111;116;69;62;59;96;195;66;70;68;169;169;169;200;187)
seed_3_level_6-2,735,8206.020418167114,11423259,2400,(42;42;42;42;42;42;42;42;42;42;42;42;42;42;42;42;42;42;42;42;42;42;43;42;43;42;42;42;42;43;42;42;42;45;47;45;46;46;47;45;47;47;51;55;59;59;59;62;71;75;77;77;105;105;111;111;111;111;111;111;111;111;111;111;111;111;111;111;111;111;111;111;111;111;111;111;111;111;111;111;111;111;111;111;111;111;111;111;111;111;111;111;111;111;111;111;111;111;111;111;111;111;111;111;111;111;111;111;111;111;111;111;111;111;111;111;111;111;111;111;111;111;111;111;111;111;111;111;111;111;111;111;111;111;111;111;116;69;62;59;96;66;70;68;169;169;169;57;200;187)
seed_3_level_6-2,882,8716.758577346802,12234789,2551,(43;42;43;42;42;79;43;42;42;50;42;42;47;47;96;43;45;45;45;42;60;153;111;47;51;46;111;111;111;63;42;51;47;42;43;42;74;55;47;42;42;42;111;45;111;195;51;111;111;69;195;59;60;111;111;77;111;50;43;43;120;55;111;64;42;200;160;42;111;63;111;111;111;111;66;76;72;111;169;205;506;70;70;117;69;117;66;117;117;100;117;117;66;65;75;117;117;117;117;117;211;72;42;187;45;70;69;117;72;181;117;42;42;42;117;117;47;117;42;117;117;79;42;117;72;117;42;42;45;117;181;47;117;47;181;78;72;181;181;117;70;117;70;117;42;71;117;115;117;47;45)
seed_3_level_6-2,882,9229.146812438965,13099092,2700,(50;42;43;43;51;42;70;42;47;42;43;83;42;117;43;117;117;42;162;54;153;42;117;45;117;117;117;117;117;42;117;64;117;181;42;117;117;57;117;93;117;42;54;59;117;77;177;117;117;69;154;117;82;69;117;117;76;85;94;45;50;75;117;187;70;61;42;117;117;42;51;117;60;117;49;67;65;45;42;59;76;42;117;117;61;54;211;42;42;117;51;117;57;70;117;42;42;42;42;260;117;67;117;117;71;473;72;65;58;181;117;43;68;117;75;211;69;181;73;117;117;117;181;181;75;117;117;62;117;117;117;117;42;117;117;59;117;72;42;69;260;77;117;117;58;60;117;83;66)
seed_3_level_6-2,882,9778.769524812698,14150914,2852,(50;117;51;42;117;51;117;117;117;49;76;117;77;59;45;46;117;162;117;117;117;117;117;117;117;117;117;117;117;117;117;117;42;53;65;117;43;117;153;117;42;78;117;64;184;117;42;117;49;43;117;42;63;117;117;117;117;174;117;117;174;117;117;117;55;117;117;155;70;43;117;117;181;61;74;117;260;117;117;117;228;117;117;117;117;211;117;117;59;117;45;117;59;260;117;73;66;56;42;117;117;58;506;68;66;117;71;73;75;66;117;117;45;68;42;117;83;117;73;117;42;149;117;117;83;117;61;117;42;117;84;45;117;42;51;42;89;181;181;42;43;65;117;211;117;117;117;71;76;181;222;117)
seed_3_level_6-2,882,10332.365265607834,15209797,3003,(117;42;42;42;117;43;193;117;117;117;117;117;117;117;117;117;117;117;117;117;117;117;117;117;117;43;117;117;117;42;117;117;153;117;181;117;117;75;117;234;68;178;117;117;117;70;117;117;117;117;117;117;117;117;58;117;117;62;162;117;52;117;117;75;117;58;64;117;117;47;68;117;117;65;117;117;117;117;117;117;117;473;117;117;117;56;75;42;181;117;117;55;117;71;42;155;117;117;77;117;178;69;181;66;72;42;69;117;211;42;42;71;117;65;75;181;117;74;66;260;117;117;50;117;72;58;61;117;117;74;117;66;211;211;117;62;42;61;45;67;117;117;117;179;42;45;117;61;45;181;61)
seed_3_level_6-2,882,10887.014964103699,16365048,3153,(193;43;42;117;51;43;200;49;117;117;117;117;71;117;117;117;50;42;117;117;61;43;117;181;117;117;117;117;43;117;117;117;117;117;117;117;117;117;117;117;117;117;117;117;117;117;117;117;117;117;117;117;42;117;117;117;61;117;117;42;117;55;194;181;117;117;66;117;151;181;117;117;56;117;117;117;117;65;117;117;117;117;506;68;117;181;71;117;117;42;103;117;117;117;181;117;181;117;43;181;260;117;117;117;117;117;167;117;117;43;71;260;54;72;57;181;117;42;59;234;56;117;117;117;117;117;57;74;117;43;181;117;60;117;117;181;117;117;117;62;166;117;117;43;117;117;42;117;61;60)
seed_3_level_6-2,882,11439.67066526413,17549522,3304,(200;117;42;47;117;52;42;67;47;117;53;181;118;117;67;42;74;181;117;117;117;117;117;117;101;50;117;58;42;129;75;117;60;117;117;117;117;117;179;47;117;117;61;73;47;117;68;42;117;117;117;117;117;58;117;117;117;117;117;53;234;117;62;117;117;170;117;181;120;117;62;181;117;117;43;117;117;117;117;117;117;117;181;167;181;117;117;117;181;152;117;51;117;117;66;42;117;76;117;117;117;81;117;260;114;181;117;117;61;117;117;117;152;42;152;57;117;117;506;181;42;117;117;117;42;117;51;211;57;117;71;42;117;117;64;117;207;211;62;117;117;117;117;53;328;75;68;117;155;61;58)
seed_3_level_6-2,882,11997.825983524323,18793270,3454,(200;42;117;181;52;117;42;42;71;52;181;117;54;211;54;42;54;117;117;42;117;51;60;117;65;65;77;117;81;117;117;117;117;117;117;181;117;117;42;117;181;117;117;117;60;117;58;117;117;117;76;117;117;117;117;117;117;117;117;181;117;260;181;66;55;260;211;117;117;117;181;117;117;117;117;55;117;117;117;117;190;181;62;117;117;117;80;117;181;506;117;61;59;117;59;117;117;54;181;117;117;117;71;117;181;117;117;42;64;61;117;117;181;71;117;117;83;117;104;117;211;43;117;58;181;58;62;117;117;117;60;117;349;59;117;117;194;117;117;62;211;117;59;134;117;117;181;61;74;75)
seed_3_level_6-2,882,12552.795649290085,19973875,3605,(211;117;43;42;59;117;117;42;42;42;117;117;42;52;63;117;42;181;63;226;117;42;181;51;69;76;117;117;117;117;211;117;117;59;77;117;117;117;117;77;62;117;117;117;117;61;117;117;181;181;117;117;117;117;117;117;117;117;117;59;181;117;117;117;117;117;117;117;117;117;117;43;117;58;117;117;117;349;117;64;117;211;59;181;117;59;117;62;51;117;181;117;117;181;181;117;117;117;117;43;42;260;62;117;117;117;117;117;43;117;43;117;51;117;260;117;181;117;117;117;117;117;140;117;117;60;117;117;117;260;117;117;181;117;117;81;260;117;117;117;66;117;117;181;60;211;117;117;61;117;117)
seed_3_level_6-2,1344,13107.36547613144,21177487,3755,(226;97;117;117;117;221;181;117;181;117;134;117;117;78;61;70;42;398;42;227;117;42;163;196;117;227;42;74;117;117;74;117;117;117;117;117;117;117;117;61;46;163;61;117;51;72;117;196;51;51;227;70;227;163;227;117;117;117;117;117;117;196;117;117;42;117;117;117;117;117;117;42;50;117;117;117;42;117;42;117;62;43;117;117;163;62;117;76;117;117;117;117;117;117;117;117;117;163;117;117;117;117;117;58;117;117;117;117;69;117;196;117;68;117;227;163;117;43;117;68;117;117;163;73;117;163;117;52;117;69;117;117;117;117;227;59;59;196;196;117;117;117;117;117;68;56;42;117;117;117)
seed_3_level_6-2,1344,13651.276346683502,22252443,3904,(227;52;117;117;63;79;70;117;74;117;51;46;117;117;117;117;117;80;119;117;117;117;117;54;117;117;227;42;227;117;42;117;117;74;117;42;117;163;117;58;59;117;59;60;163;163;42;117;117;117;68;42;117;62;117;154;117;196;163;163;117;117;117;117;117;117;117;117;117;69;117;117;117;117;117;117;69;117;117;60;117;117;117;73;43;117;227;163;117;117;117;117;117;117;117;117;117;117;117;117;74;117;117;117;117;76;79;117;117;74;163;117;163;196;117;117;117;63;117;117;398;163;42;42;117;117;70;42;117;68;88;117;43;163;42;117;73;117;75;117;117;227;42;117;117;162;85;117;163)
seed_3_level_6-2,1344,14187.716542482376,23308572,4054,(227;75;117;162;80;65;117;76;117;117;117;80;117;61;117;117;62;81;44;75;117;81;71;73;117;227;70;227;117;59;74;117;117;117;163;42;117;75;163;59;55;117;117;227;163;59;117;117;117;163;117;117;117;56;117;163;117;77;61;66;117;68;117;50;59;117;163;75;73;117;117;58;117;59;58;43;117;58;163;117;117;76;117;117;117;76;117;398;42;66;163;117;42;117;117;48;79;117;117;117;51;117;117;74;71;117;117;62;59;117;47;163;117;51;163;137;227;227;117;163;117;117;227;117;117;163;74;70;117;70;80;117;117;117;117;163;117;77;163;71;59;117;163;117;117;50;67;117;117;117)
seed_3_level_6-2,1344,14739.899584293365,24483152,4204,(163;117;70;117;43;117;117;117;117;163;43;84;117;117;117;163;78;163;65;117;131;163;117;117;163;67;117;117;117;398;62;71;196;113;117;117;58;117;117;61;120;163;56;117;59;43;117;117;163;117;59;117;117;117;43;117;178;117;227;82;117;117;117;74;117;68;73;46;52;117;140;78;199;163;70;117;117;82;70;117;227;78;117;117;66;59;119;227;117;71;117;117;117;117;61;117;196;74;196;117;163;79;117;117;163;61;117;55;72;163;74;81;117;196;75;61;59;163;117;227;117;97;117;117;117;59;117;107;117;163;117;117;117;170;117;117;117;117;117;196;117;59;117;117;59;163;245;59;187;72)
seed_3_level_6-2,1344,15292.667827606201,25604445,4353,(163;117;117;117;71;117;163;78;163;117;117;117;117;71;163;42;117;117;58;117;117;117;117;59;117;117;163;66;227;117;199;117;117;117;117;117;117;61;117;66;91;304;65;72;65;117;56;117;117;117;71;63;66;63;117;55;398;117;163;42;117;163;163;117;117;117;117;117;163;117;117;117;117;117;117;196;42;59;117;117;117;62;59;117;61;46;227;53;106;117;75;117;70;62;117;163;117;117;61;117;99;117;117;58;163;163;59;123;117;117;117;163;59;75;117;196;50;245;117;117;163;117;117;117;117;59;117;117;117;163;43;117;117;69;69;117;117;65;163;117;69;163;117;117;163;59;117;117;70)
seed_3_level_6-2,1344,15854.854320287704,26849225,4504,(163;163;117;117;60;69;163;75;117;117;60;117;117;117;62;117;117;67;117;43;117;69;117;67;163;67;117;117;82;209;163;70;117;196;117;117;169;117;117;117;117;117;59;163;117;117;117;117;163;117;163;117;55;117;163;117;117;117;117;117;398;67;117;163;117;117;117;61;117;165;117;43;42;117;43;117;117;117;61;43;117;117;117;43;117;163;163;117;163;117;163;227;117;66;227;117;117;117;59;117;50;163;163;42;117;117;117;163;117;68;42;60;117;73;70;117;117;78;117;117;117;304;59;214;117;117;117;73;117;117;117;63;60;117;117;196;117;177;117;117;108;117;196;117;117;163;69;79;292;212;117)
seed_3_level_6-2,1344,16413.494292736053,28056334,4655,(163;74;117;74;72;117;163;196;163;56;117;117;117;117;117;68;196;117;59;117;163;70;117;83;60;117;117;227;117;117;73;163;117;58;60;163;173;163;76;117;117;65;117;74;163;163;117;56;117;67;117;117;117;117;117;163;398;54;163;163;117;181;117;117;163;42;117;117;196;59;117;117;163;163;43;63;61;58;67;43;74;62;62;43;63;117;245;196;117;69;59;227;227;117;59;117;117;117;117;117;117;117;117;69;117;60;117;117;117;117;163;55;117;59;117;117;163;163;292;117;117;133;77;61;78;163;79;66;117;117;117;227;117;117;117;117;158;80;117;117;46;117;117;66;117;69;163;75;117;117;117)
seed_3_level_6-2,1344,16980.418959379196,29329852,4806,(292;117;117;117;73;42;110;70;46;117;117;42;70;117;117;117;163;73;92;117;236;127;117;59;304;117;73;117;117;117;117;196;59;59;55;196;117;117;117;117;117;78;117;117;71;117;117;117;59;72;163;117;117;227;59;163;117;59;117;398;117;227;117;117;163;42;117;163;117;163;117;117;117;181;117;196;63;163;117;163;61;117;70;42;163;117;117;59;227;117;117;63;117;117;117;117;50;163;189;117;163;163;76;82;117;42;117;117;53;117;117;68;117;65;55;163;117;117;209;117;117;73;117;117;117;117;117;117;61;117;117;117;304;117;117;117;117;117;117;68;117;117;117;163;117;117;117;117;117;117;117)
seed_3_level_6-2,1344,17555.84022951126,30684882,4957,(227;117;117;117;75;59;117;58;117;117;74;117;117;69;59;163;117;117;117;163;117;163;117;117;117;117;117;64;304;163;117;117;117;117;194;117;59;117;166;117;117;140;59;117;117;69;120;117;69;157;308;196;117;67;117;59;117;163;117;227;117;69;117;163;163;163;196;117;60;117;117;95;64;56;117;117;117;59;117;117;117;61;74;117;117;117;163;117;292;73;69;163;73;117;117;117;117;74;117;117;117;73;117;117;117;117;213;117;196;117;70;163;196;73;117;74;192;117;163;59;398;117;62;117;163;117;117;117;196;59;117;196;70;163;117;196;51;42;164;196;117;117;64;163;167;117;117;196;163;61;43)
seed_3_level_6-2,1344,18109.629598379135,31898083,5105,(227;117;76;50;227;117;117;163;117;117;71;163;98;117;42;117;163;227;163;117;163;163;117;105;117;117;117;227;117;74;163;59;117;117;163;117;67;58;163;60;196;196;117;163;117;117;117;163;117;117;70;61;117;117;117;398;59;59;163;117;51;117;163;65;117;117;51;74;117;117;59;48;117;43;42;117;117;117;117;117;192;196;43;219;117;292;117;117;117;70;117;71;68;72;64;73;117;240;117;73;65;117;69;117;117;72;117;117;117;163;117;117;117;117;117;117;308;49;56;86;163;117;59;117;65;117;163;188;117;60;65;117;163;43;69;117;55;117;117;117;117;117;55;66;64;117;117;117)
seed_3_level_6-2,1344,18657.52755856514,33094806,5254,(398;87;196;63;69;48;43;247;42;51;117;97;42;162;51;77;117;66;117;57;47;57;164;42;117;42;66;61;117;308;163;117;117;75;67;59;97;163;163;61;117;59;68;59;117;117;117;117;117;65;117;117;75;71;52;117;163;227;117;292;117;117;176;69;163;49;117;97;78;117;227;73;117;117;78;197;59;172;46;163;117;117;117;117;96;73;117;196;117;227;117;117;117;117;117;113;117;117;70;196;117;117;69;163;117;225;117;59;117;117;117;59;117;163;196;117;163;117;117;227;117;117;117;117;68;117;75;117;117;117;117;70;117;58;117;62;163;117;117;42;74;117;117;117;117;227;74;76;72)
seed_3_level_6-2,1344,19214.441220760345,34322364,5404,(398;80;163;117;43;42;78;60;117;117;163;66;63;227;117;196;42;76;117;117;65;59;72;56;117;62;59;227;117;117;117;117;117;117;227;117;117;70;119;117;117;117;163;117;196;117;117;117;117;163;117;74;196;117;117;117;227;163;117;66;66;117;59;117;117;117;163;59;117;60;117;117;60;163;117;117;59;163;163;163;163;71;163;117;67;225;117;308;117;117;59;117;117;117;117;117;117;163;117;70;59;117;59;117;59;59;117;117;117;117;117;117;117;59;221;59;59;163;292;72;216;117;117;117;67;60;73;78;70;67;168;163;117;69;73;70;182;44;181;70;58;67;73;46;117;163;221;87;117;72)
seed_3_level_6-2,1344,19769.82309603691,35519928,5555,(398;117;117;59;117;89;196;117;117;74;117;43;181;117;167;70;117;53;57;154;117;117;117;117;117;43;196;117;292;73;79;117;117;163;73;117;78;163;74;117;117;42;73;117;117;117;69;69;117;73;195;117;75;59;69;70;117;163;42;227;117;59;50;63;117;117;117;163;227;117;63;78;117;59;117;56;227;117;117;69;163;163;182;117;67;117;75;117;58;308;55;115;117;117;117;117;117;117;163;42;117;117;59;117;117;117;117;117;62;117;63;117;59;117;163;96;52;117;117;227;59;117;117;227;117;117;163;117;117;67;117;117;117;227;59;59;117;61;117;117;117;117;62;117;196;117;117;117;117;117;117)
seed_3_level_6-2,1344,20322.239911556244,36662061,5705,(292;163;117;117;163;73;74;117;163;163;117;79;66;117;117;79;117;69;117;227;59;71;73;117;163;117;117;210;117;83;308;117;117;117;61;42;117;117;117;117;117;117;117;59;117;43;59;117;117;117;117;66;65;96;59;117;117;117;117;227;117;59;117;117;117;60;163;68;117;117;117;59;117;163;117;117;68;117;191;117;117;117;117;117;117;117;117;117;117;117;398;42;117;117;117;231;79;57;117;117;117;117;47;79;60;68;72;43;57;117;196;51;117;117;73;57;117;130;57;227;117;117;59;117;50;117;163;117;227;117;59;117;117;58;117;117;65;63;117;117;117;117;57;117;163;117;65;56;163;117)
seed_3_level_6-2,1344,20887.037066698074,37877383,5857,(398;163;117;87;117;127;117;117;61;117;43;62;163;117;117;117;163;117;117;59;117;166;55;63;163;74;117;117;117;308;117;69;53;117;69;58;117;70;66;117;65;117;117;87;69;117;66;66;68;117;64;70;117;66;96;163;67;117;227;227;117;71;117;163;62;117;117;196;117;117;117;117;117;163;52;117;196;66;117;61;117;176;117;55;63;117;117;117;117;191;163;59;117;117;117;117;117;117;59;163;163;117;70;98;56;163;117;117;117;117;59;59;117;117;74;117;117;163;59;117;292;163;117;117;117;117;163;148;163;117;133;117;117;59;69;117;227;69;117;70;117;163;117;73;193;192;117;172;73;128;117;117)
seed_3_level_6-2,1344,21449.85714864731,39192456,6008,(308;117;69;117;65;227;117;75;163;117;227;117;163;66;117;66;163;117;96;117;117;96;66;163;96;117;117;117;398;163;43;181;43;227;163;117;72;43;117;117;74;61;139;163;117;117;117;162;196;196;196;117;51;163;65;227;191;117;117;117;59;59;117;196;163;117;117;117;117;117;163;69;117;117;69;71;59;61;156;59;117;163;163;61;117;163;227;117;61;61;74;117;117;117;117;117;62;117;117;74;117;69;117;163;163;56;61;163;42;117;227;163;69;117;117;80;117;61;292;117;117;117;60;70;117;117;75;70;163;117;117;59;117;44;117;163;117;117;78;117;117;208;77;97;117;117;70;227;117;117;163)
seed_3_level_6-2,1344,22022.563792943954,40565777,6158,(227;70;117;117;117;163;117;117;274;117;50;117;117;117;60;163;117;60;117;117;117;117;117;117;163;117;117;55;117;58;292;69;117;117;117;304;73;75;80;70;227;117;163;117;117;117;70;117;117;117;117;73;59;117;117;69;163;74;117;117;70;191;117;157;117;213;117;163;74;117;117;196;117;163;227;163;59;196;227;196;163;117;163;192;117;117;59;42;117;61;398;117;163;117;60;163;42;42;117;196;117;117;58;183;117;117;163;117;163;117;43;227;163;117;117;117;117;90;51;76;308;195;42;117;165;117;117;117;117;65;70;42;117;69;117;55;66;117;68;117;117;117;155;59;205;70;117;163;66;65)
seed_3_level_6-2,1344,22586.790756702423,41891157,6307,(274;117;160;117;117;117;163;163;59;163;75;117;117;117;163;117;304;163;163;117;117;59;117;117;117;163;79;55;163;308;117;66;117;117;66;117;165;117;72;117;117;117;75;153;188;117;166;70;75;117;117;117;69;163;59;59;117;117;398;163;163;42;229;51;117;117;117;163;66;42;67;61;117;117;156;77;70;117;117;42;117;142;117;117;163;42;117;292;117;50;74;163;117;73;117;117;69;78;227;117;120;117;117;227;82;69;117;78;61;196;117;196;73;61;69;196;78;213;64;117;117;117;117;117;117;59;117;117;59;117;59;117;117;117;117;163;163;163;59;59;117;58;117;227;59;229;117;117;163)
seed_3_level_6-2,1344,23156.452877998352,43324214,6455,(398;61;59;117;117;117;117;117;117;117;52;163;70;117;117;163;227;42;117;43;304;277;61;196;163;163;117;117;292;163;65;117;117;163;70;71;68;163;72;196;117;117;241;117;117;117;117;117;117;72;117;163;70;117;117;60;117;308;117;117;56;163;117;163;61;163;117;117;117;117;117;59;77;63;163;65;62;59;179;117;75;65;117;59;227;117;117;213;117;117;163;117;117;227;117;227;59;117;59;117;227;117;117;218;117;163;117;117;227;163;117;117;62;117;62;227;117;196;274;69;62;227;117;117;60;59;163;117;66;117;64;117;68;117;117;117;227;58;117;73;196;62;117;56;117;56;117;76)
seed_3_level_6-2,1344,23712.811041355133,44600880,6603,(273;117;163;55;117;209;163;54;163;163;68;117;160;117;117;117;117;117;117;117;117;82;117;117;117;117;117;163;117;308;117;117;66;61;163;117;117;117;117;66;67;184;117;52;69;117;62;163;117;117;117;117;200;64;66;66;148;163;292;196;60;117;61;163;117;117;59;61;117;117;70;75;61;62;117;59;163;70;304;117;117;196;78;76;117;117;398;117;163;117;117;117;57;117;59;163;42;43;164;117;71;117;75;117;117;117;57;163;57;57;117;117;117;42;156;117;213;196;117;117;66;163;117;163;94;117;156;117;227;117;117;163;117;59;59;117;163;117;196;59;59;59;55;196;117;117;117;59)
seed_3_level_6-2,1344,24271.479902505875,45943204,6752,(398;117;117;196;46;117;43;42;117;117;117;67;117;117;117;117;117;72;117;163;117;57;117;117;117;42;117;117;42;308;81;117;66;67;117;117;304;117;117;117;117;117;227;70;117;117;50;117;117;165;65;163;59;56;196;59;196;117;117;273;54;67;117;117;117;117;55;117;163;117;117;69;117;67;67;163;117;227;163;117;117;117;117;53;117;55;68;117;117;292;117;117;117;117;74;76;163;163;78;78;117;163;62;59;70;117;67;209;117;117;146;117;69;117;117;163;150;117;213;66;59;163;117;117;117;304;59;117;117;117;196;117;61;304;59;117;117;117;117;196;196;117;117;117;117;57;196;117;117)
seed_3_level_6-2,1344,24862.07209277153,47438213,6902,(398;72;117;117;196;117;117;117;117;117;117;117;196;163;117;117;163;117;117;163;117;42;117;163;117;58;117;117;148;117;144;117;163;196;273;117;227;117;117;54;117;117;117;117;117;117;117;117;117;56;117;95;117;163;163;117;196;117;117;56;163;117;63;77;117;163;117;117;55;117;44;308;117;117;304;117;117;163;117;304;164;117;227;55;227;117;66;68;166;117;226;59;117;163;145;117;163;117;63;237;66;159;52;117;117;196;66;93;117;203;213;117;117;66;117;59;117;117;117;117;117;60;117;56;117;163;117;233;56;59;117;58;154;217;117;196;117;117;117;163;117;154;117;117;196;163;117;117;117;117)
seed_3_level_6-2,1344,25420.19380044937,48682947,7051,(273;57;117;117;111;117;58;117;169;117;117;163;59;60;117;227;59;117;117;67;163;117;117;62;117;117;75;117;117;117;66;117;163;117;59;398;196;43;117;117;117;61;42;117;43;42;117;117;122;42;117;60;227;52;117;69;117;117;117;117;85;117;163;227;117;117;196;70;196;152;213;117;117;69;163;117;117;304;163;117;196;70;117;117;163;163;117;163;117;65;117;59;117;163;155;117;117;117;117;59;137;117;59;59;117;117;117;117;308;117;60;117;117;50;59;50;66;117;155;117;71;42;117;117;117;117;72;56;117;117;117;163;117;42;72;42;177;117;117;117;117;117;163;117;219;117;117;163;83)
seed_3_level_6-2,1344,25967.475083351135,49872121,7201,(308;76;117;117;77;117;92;59;59;117;59;117;117;163;66;117;117;117;117;117;117;117;117;117;117;117;163;59;117;117;117;128;163;117;117;117;117;196;398;117;117;42;117;163;163;144;117;163;71;42;117;46;117;117;117;43;42;61;42;67;117;117;196;163;117;117;69;163;117;117;61;117;117;163;273;117;68;117;63;53;117;189;63;117;59;57;66;117;70;72;57;117;163;227;72;117;117;117;117;117;117;58;117;117;117;117;117;117;117;163;117;213;117;81;117;117;117;117;42;55;117;163;155;55;117;55;117;117;117;117;117;117;59;79;59;59;117;117;117;69;304;216;120;117;117;227;117;117;117;79)
seed_3_level_6-2,1344,26518.82430624962,51046277,7351,(398;117;227;163;117;117;117;117;76;42;196;84;196;51;163;117;196;117;67;70;117;163;117;117;62;163;163;117;42;196;117;87;117;52;117;273;68;64;52;117;42;117;117;117;117;67;69;82;163;117;58;163;57;117;72;66;42;67;62;117;117;74;60;117;117;68;62;117;163;61;117;117;117;308;117;68;154;196;117;117;65;52;68;71;163;59;71;71;117;117;55;117;117;71;117;117;117;117;117;69;117;117;52;59;117;117;59;52;117;59;117;213;117;117;117;117;163;163;117;117;117;117;61;117;117;163;163;117;117;117;117;59;59;117;62;227;163;117;59;117;55;227;191;117;227;117;117;117;117;117)
seed_3_level_6-2,1344,27076.507550239563,52316057,7501,(273;117;67;117;117;58;117;42;42;117;117;117;117;117;117;117;117;163;117;73;117;42;58;163;117;42;53;117;60;117;117;117;68;117;117;196;308;117;46;163;42;69;66;50;62;227;117;117;117;69;117;75;117;68;117;117;60;69;196;57;42;117;52;43;68;117;227;163;70;58;163;117;117;398;117;119;163;43;61;59;163;196;196;117;304;117;163;163;117;117;117;163;74;196;42;117;117;163;127;42;117;117;117;117;163;117;129;196;42;163;213;117;120;179;58;117;117;117;117;117;117;117;117;70;55;117;117;117;117;61;117;200;117;229;117;58;59;227;117;62;70;117;117;196;117;117;117;117;196;61)
seed_3_level_6-2,1344,27632.403329372406,53531275,7651,(274;117;117;117;117;60;70;163;117;77;163;117;117;117;55;117;117;163;117;117;117;63;117;117;163;117;78;117;117;117;68;67;69;117;308;117;66;117;59;48;117;95;88;76;59;131;75;117;117;117;163;164;59;117;117;65;163;117;73;59;227;117;163;117;117;170;117;75;61;65;213;117;64;117;117;117;163;163;117;117;117;67;117;117;117;117;196;56;117;117;117;117;117;117;117;117;65;117;79;66;163;196;117;117;59;163;61;155;196;227;196;398;117;196;42;67;163;117;87;77;71;117;42;117;42;43;117;117;57;117;42;117;163;163;89;117;163;117;117;163;42;163;196;42;117;117;117;42;117;196)
seed_3_level_6-2,1344,28220.5879175663,55100270,7800,(398;120;117;163;117;117;117;69;163;42;163;117;304;117;163;117;117;159;43;163;117;43;117;304;42;117;163;87;163;163;74;163;74;117;42;117;273;67;47;42;55;117;117;70;163;117;117;196;66;66;117;62;163;117;117;66;196;249;117;117;117;117;117;58;117;117;117;117;163;117;117;308;66;117;58;196;117;117;117;55;63;117;117;163;163;117;163;227;164;117;180;117;227;117;117;117;110;64;163;163;117;117;163;163;43;163;117;227;66;213;196;117;196;197;59;56;117;163;117;117;157;74;227;117;117;117;163;117;117;66;59;117;227;196;117;163;117;117;62;227;117;74;117;304;117;304;196;117;59)
seed_3_level_6-2,1344,28773.412827968597,56271542,7949,(273;163;117;55;117;117;61;117;117;117;117;117;43;117;59;304;196;117;117;117;42;52;117;117;43;70;117;117;55;227;117;70;117;66;398;63;117;74;117;60;117;59;163;42;42;66;117;42;42;117;117;62;117;56;181;58;117;163;163;117;42;117;163;117;117;61;117;137;117;308;117;117;227;117;70;117;117;117;70;65;117;117;117;117;64;67;117;117;117;117;163;117;68;117;117;163;117;66;117;74;117;117;196;81;59;117;61;80;213;117;61;86;117;60;66;117;117;75;117;163;163;117;197;117;59;117;117;58;117;117;163;58;117;57;117;73;117;211;117;227;210;117;59;70;117;117;163;59;117)
seed_3_level_6-2,1344,29335.62683725357,57534927,8100,(398;42;117;163;117;117;117;183;42;51;42;117;196;86;117;163;117;117;42;140;117;47;117;43;117;61;117;196;86;117;162;117;42;56;117;274;117;117;68;63;117;163;117;163;68;117;65;117;73;163;117;117;56;117;117;117;67;117;117;117;163;117;117;117;59;117;57;163;117;66;117;308;67;117;117;117;163;70;117;227;42;117;71;43;117;117;77;117;163;163;66;72;65;163;68;81;72;59;117;196;68;117;117;117;175;117;117;117;163;59;213;227;59;172;117;117;59;59;55;163;304;196;117;117;59;59;117;163;117;117;60;61;163;61;59;55;117;196;59;117;117;227;196;155;196;196;59;117;117;117;51)
seed_3_level_6-2,1344,29898.33896780014,58945397,8249,(398;163;163;43;43;117;196;240;163;67;117;42;163;59;43;42;117;42;117;117;59;196;117;42;124;163;117;117;125;117;117;196;145;227;274;117;117;59;117;57;117;117;117;163;117;117;71;163;117;117;163;66;117;117;59;117;117;117;117;163;117;163;74;65;117;117;64;57;117;308;68;117;65;59;72;67;66;117;65;68;117;117;73;117;163;117;117;117;163;117;117;117;117;117;117;67;66;117;196;117;117;52;163;68;67;196;117;213;59;117;117;117;196;196;163;227;163;163;304;117;117;117;163;61;72;117;304;227;163;163;125;117;117;117;68;60;117;163;163;187;117;117;163;196;59;163;117;163;163)
seed_3_level_6-2,1344,30446.056186437607,60116762,8398,(308;67;163;117;66;117;117;117;117;66;117;117;117;163;117;93;52;65;117;71;117;62;163;117;117;117;227;117;117;117;163;117;55;59;227;69;274;117;163;117;56;73;117;117;56;117;117;76;157;117;117;117;117;117;117;77;117;117;75;72;76;67;66;74;67;117;117;117;117;117;398;117;117;117;117;117;117;125;78;62;163;163;117;50;159;43;59;42;163;117;163;117;117;117;158;61;117;43;199;117;117;42;61;117;117;213;60;117;155;64;117;117;117;210;117;227;117;66;117;59;59;117;59;59;117;155;117;117;117;227;117;117;117;117;227;66;59;117;117;163;117;46;117;163;117;117;60;72;66)
seed_3_level_6-2,1344,31016.970217704773,61446932,8548,(273;117;117;117;95;117;117;62;117;73;117;163;163;117;117;67;72;117;163;117;163;117;117;117;117;56;76;117;42;69;117;117;117;117;75;398;117;61;117;63;117;117;67;117;117;117;117;42;50;217;72;117;117;117;117;196;117;54;163;163;117;117;71;117;117;73;168;42;163;117;117;308;117;117;117;117;196;59;117;163;117;117;117;117;55;117;62;117;59;43;68;59;304;117;196;196;117;59;117;52;68;117;55;117;65;163;74;227;213;117;196;117;130;163;117;46;163;117;215;163;56;59;164;117;304;117;59;117;117;163;57;117;117;195;71;163;117;216;69;59;59;59;163;117;117;117;227;117;214;64)
seed_3_level_6-2,1344,31575.285534620285,62724374,8697,(398;42;42;61;61;117;100;42;51;42;42;42;43;163;117;117;177;163;117;163;61;117;163;117;183;63;61;163;55;61;53;117;163;117;117;51;67;43;198;43;117;56;117;196;117;163;308;69;117;59;96;67;117;117;117;76;65;43;65;55;117;117;117;66;73;117;163;66;70;117;43;71;163;196;94;58;117;87;117;163;67;117;117;77;55;227;227;117;117;117;117;62;117;117;213;163;117;304;163;117;56;117;117;163;117;117;174;163;117;117;163;117;61;227;163;51;163;163;209;117;117;117;163;117;117;165;117;59;163;117;117;117;117;61;117;117;117;117;117;196;117;117;227;196;117;117;195;59;219)
seed_3_level_6-2,1344,32140.579067468643,63946340,8847,(308;208;196;77;66;58;195;59;76;163;69;66;60;117;97;77;117;89;196;117;66;66;70;117;117;117;65;66;57;163;117;65;117;68;67;61;59;203;59;59;117;163;64;66;163;96;54;63;73;117;116;69;66;93;117;117;117;88;117;92;117;65;68;55;117;71;227;117;213;117;55;117;227;117;163;42;163;117;227;59;163;117;117;66;117;184;117;117;117;163;163;59;163;163;117;145;117;117;59;60;117;59;157;163;117;191;60;169;117;55;163;140;117;163;117;227;117;117;196;117;141;163;227;117;83;227;304;59;117;117;117;117;117;59;71;163;117;69;166;117;117;117;117;117;60;163;117;117;117;163)
seed_3_level_6-2,1344,32709.17923927307,65324140,8997,(308;117;117;117;42;163;117;43;117;68;117;117;68;117;227;117;117;163;66;163;163;117;117;211;163;78;55;117;66;163;117;66;227;66;66;163;117;60;144;117;163;117;117;117;56;117;59;42;81;69;117;43;227;227;62;43;117;77;69;56;304;79;117;117;117;117;70;117;72;59;213;117;163;117;196;117;163;117;170;56;117;163;237;163;60;117;55;60;69;117;163;117;227;117;117;196;117;176;117;163;117;227;227;60;117;163;117;55;117;117;52;117;117;117;227;163;196;163;117;62;117;117;163;117;117;117;117;117;117;117;117;117;196;196;174;117;117;61;196;66;117;164;163;117;227;117;163;117;117;163)
seed_3_level_6-2,1344,33270.548814058304,66627145,9147,(308;227;67;117;163;117;117;117;117;117;117;227;67;117;66;117;56;96;117;117;59;163;117;59;117;117;160;117;163;70;65;117;64;196;117;55;227;66;68;66;227;117;117;51;55;63;163;117;117;117;117;72;54;69;66;117;117;66;117;117;117;117;117;52;175;117;163;117;117;117;117;213;59;117;163;42;117;304;117;202;54;76;196;196;59;163;227;117;67;143;55;163;196;62;117;117;163;117;59;117;117;163;117;117;68;163;117;163;117;61;163;117;117;117;117;60;117;117;206;227;117;196;196;196;117;163;163;117;196;117;117;60;61;117;117;117;117;117;117;117;117;117;117;117;68;117;117;117;227;117)
seed_3_level_6-2,1344,33859.10830163956,68167069,9297,(308;42;304;77;117;117;227;117;117;117;69;117;117;42;117;94;196;304;70;59;64;70;117;117;42;52;117;117;117;117;64;54;62;196;163;117;69;117;117;55;42;67;42;42;43;66;62;71;117;117;170;96;117;69;65;55;117;117;117;117;196;196;227;75;81;65;227;117;59;163;163;121;213;117;117;117;155;163;163;163;304;117;117;117;117;66;59;304;163;77;62;196;196;117;59;163;117;117;117;117;117;117;60;163;163;117;42;62;110;55;117;117;163;163;227;117;59;73;304;196;163;163;163;227;64;117;219;163;117;117;304;117;117;304;163;163;163;60;117;163;163;178;196;187;227;117;117;117;117;196)
seed_3_level_6-2,1344,34441.104520082474,69657853,9447,(308;72;66;117;117;196;162;117;227;99;196;163;163;163;117;56;117;163;61;117;204;227;117;65;117;117;117;42;117;77;50;117;69;196;117;117;196;68;66;163;117;117;163;117;64;117;163;227;162;117;60;117;117;304;63;117;117;69;163;67;117;227;117;227;73;73;117;163;163;213;47;117;163;163;163;163;117;196;163;196;117;117;117;304;117;42;117;155;117;196;221;117;209;117;117;304;62;196;117;59;117;163;117;196;42;117;196;165;117;72;66;117;55;117;117;117;163;117;117;196;117;163;60;117;66;64;117;163;117;60;77;164;117;227;117;117;163;73;117;117;117;65;117;117;117;139;69;117;163;117)
seed_3_level_6-2,1344,35003.87143826485,71008708,9597,(213;117;117;196;117;163;65;117;155;67;117;117;79;185;117;117;117;163;70;63;117;163;200;163;117;117;117;163;76;93;155;117;170;117;163;117;117;117;117;163;117;117;117;196;117;117;172;163;117;163;140;117;55;61;117;56;196;117;163;117;70;157;55;117;117;156;69;68;117;192;117;117;58;117;145;59;145;308;117;42;117;210;73;73;61;117;117;167;163;117;74;59;163;227;117;117;117;163;96;117;117;117;117;117;196;117;117;61;67;117;196;117;227;66;117;227;117;117;117;117;42;163;42;117;117;227;170;117;117;56;240;117;222;184;117;117;59;55;62;64;88;117;117;117;196;163;74;163;227;163)
seed_3_level_6-2,1344,35566.56505703926,72449207,9747,(308;227;196;117;42;117;78;163;117;117;163;232;220;117;68;117;61;117;117;163;70;117;163;58;117;117;117;52;59;244;50;117;62;117;66;117;64;117;117;63;50;196;68;117;117;117;61;62;117;162;117;117;227;74;61;72;117;117;117;64;117;42;117;117;117;78;58;169;117;117;117;55;117;117;213;117;117;155;117;59;163;117;145;117;117;163;154;304;117;117;169;163;117;227;117;117;117;227;163;59;117;69;163;117;117;201;117;166;163;117;117;117;227;117;154;131;61;219;196;163;173;117;117;43;117;117;117;170;117;117;182;58;145;304;163;117;121;65;117;227;59;163;117;117;117;304;227;117;60;58)
seed_3_level_6-2,1344,36135.781163454056,73838045,9897,(308;74;117;163;117;69;117;117;226;163;62;117;117;70;59;117;227;117;117;65;117;117;76;117;117;69;72;117;68;160;73;227;117;117;163;117;117;73;117;117;117;55;59;117;196;65;117;42;117;117;66;117;62;61;86;59;117;117;42;117;117;117;117;227;117;52;163;65;94;227;213;163;55;163;117;61;117;117;304;163;219;227;117;117;59;227;117;163;117;227;117;165;139;163;163;196;117;227;163;117;57;163;196;147;117;117;69;59;75;117;117;304;117;74;65;44;59;117;66;117;117;117;93;61;117;196;117;157;117;117;117;117;117;227;117;304;60;60;42;112;227;117;117;74;117;58;42;56;117;304)
seed_3_level_6-2,1344,36702.913234233856,75261723,10047,(308;117;196;117;117;155;44;56;117;117;117;117;117;66;163;63;75;227;81;117;71;117;117;117;66;163;117;196;182;117;117;117;62;117;117;304;58;117;117;62;117;196;117;42;227;227;50;68;43;117;117;103;117;117;62;117;304;163;69;63;163;78;67;117;69;117;196;52;117;213;117;117;227;117;59;196;163;117;117;163;117;117;217;117;61;163;227;203;59;117;66;117;117;163;117;117;59;163;117;163;163;117;55;117;117;227;163;117;196;117;117;117;119;163;185;117;117;117;117;117;117;117;117;117;146;117;61;67;59;163;185;117;117;117;117;59;163;117;117;117;196;117;155;163;117;117;304;117;117;196)
seed_3_level_6-2,1344,37277.07331752777,76631718,10197,(308;117;117;117;66;117;117;70;117;117;159;163;117;163;74;117;62;117;117;76;59;58;117;117;118;55;141;59;117;163;163;163;62;57;117;59;227;117;117;117;117;171;69;117;42;227;117;73;117;163;163;227;117;117;163;198;117;117;66;117;117;163;163;163;117;163;163;75;117;117;213;117;117;117;227;213;117;117;117;117;98;227;117;117;117;163;202;117;117;117;190;227;196;117;163;117;117;117;117;163;117;117;117;117;160;117;117;227;163;196;117;117;61;163;117;151;117;117;163;57;57;88;59;163;117;117;117;117;196;66;70;163;163;59;196;227;163;117;117;59;117;117;59;117;59;67;117;196;117;67)
seed_3_level_6-2,1344,37866.220108270645,78196499,10347,(308;117;117;117;117;76;117;117;59;227;304;67;227;227;117;117;75;80;163;59;51;64;117;163;226;117;117;55;117;65;122;117;117;69;66;67;117;163;196;117;65;163;172;117;161;66;163;59;117;59;66;65;70;117;117;196;59;117;70;163;61;163;43;67;61;117;44;304;227;117;163;117;213;153;117;163;163;163;155;147;163;162;117;196;117;117;117;117;163;196;117;117;117;117;117;117;117;163;117;76;163;117;163;163;59;117;117;227;163;117;304;163;196;117;227;117;196;163;117;163;163;72;227;117;117;224;117;304;163;163;227;117;117;78;146;60;66;117;117;196;117;163;117;117;227;117;117;66;70;163)
seed_3_level_6-2,1344,38439.17901444435,79606662,10497,(308;43;117;117;117;117;59;179;117;209;117;227;115;117;204;196;227;66;165;66;63;117;66;117;42;203;63;227;202;56;59;117;117;117;172;227;65;117;163;117;69;117;63;42;117;65;227;117;233;117;117;117;117;163;43;227;163;117;117;117;117;172;117;65;196;58;117;65;227;76;59;213;117;227;163;163;117;196;140;117;117;163;74;117;59;117;156;227;117;117;117;117;117;163;117;117;117;55;117;109;117;163;117;117;70;117;117;219;151;117;158;71;69;64;178;117;59;117;117;163;117;196;71;68;163;117;59;59;59;117;117;117;227;59;69;117;117;168;117;71;63;60;117;227;59;163;117;257;117;227)
seed_3_level_6-2,1344,39007.6834230423,80882442,10647,(213;59;117;67;117;117;117;59;117;117;117;117;117;163;117;117;117;71;117;227;117;163;117;59;117;163;163;117;109;117;196;117;117;76;60;59;144;196;117;117;59;117;183;75;70;117;117;117;59;117;117;83;227;117;117;59;117;304;117;117;117;55;117;117;55;66;95;117;117;61;149;117;196;70;59;117;163;308;117;117;117;227;66;66;117;117;117;117;59;71;117;117;117;46;181;117;63;117;159;69;117;227;117;117;117;117;117;117;117;52;117;162;117;117;63;117;117;59;163;163;163;117;117;239;409;117;117;65;51;163;117;227;79;117;117;117;64;227;76;163;117;59;117;117;59;117;117;117;67;59)
seed_3_level_6-2,1344,39573.45311808586,82190226,10797,(213;163;117;56;147;117;61;117;227;74;163;42;163;117;304;43;70;117;117;117;304;117;117;46;68;117;196;117;117;86;188;174;117;117;163;64;117;117;117;117;117;56;46;117;117;117;163;163;117;117;163;117;79;52;157;117;65;117;117;59;117;184;117;117;117;69;163;117;117;117;117;117;68;117;117;197;409;163;59;67;117;59;163;73;227;60;117;117;117;96;117;155;117;181;163;66;117;65;163;117;117;64;117;117;117;117;55;117;160;67;117;163;117;64;63;117;117;117;117;163;117;59;117;117;117;117;304;227;163;62;117;117;117;117;117;117;117;117;117;48;151;67;68;117;227;117;117;117;63;78)
seed_3_level_6-2,1344,40144.05757641792,83436505,10947,(213;117;163;117;117;117;117;117;117;59;163;117;196;59;62;46;163;117;117;67;117;163;66;117;117;157;117;117;103;227;117;117;117;117;117;196;117;117;74;117;84;163;117;117;117;61;117;117;163;196;185;69;117;227;163;117;117;196;117;117;55;117;70;59;59;117;117;163;59;178;59;163;196;117;117;409;163;163;117;70;93;117;117;43;117;196;117;117;117;74;117;117;181;117;117;117;117;117;117;73;58;181;117;117;162;72;163;117;117;63;78;68;117;117;57;163;68;163;117;163;117;63;117;117;117;117;117;63;163;163;59;69;117;117;117;117;117;227;94;93;117;117;69;117;117;117;117;117;163;117)
seed_3_level_6-2,1344,40724.96344470978,84986081,11097,(409;117;117;117;241;117;59;117;227;196;58;61;117;117;163;58;117;59;117;117;117;117;60;117;117;69;163;73;117;117;117;59;117;117;196;117;117;167;117;227;70;73;196;117;117;117;117;117;117;117;67;189;117;117;163;117;69;196;227;117;68;196;117;117;163;67;117;117;65;117;65;163;204;196;213;117;117;163;117;117;117;304;60;117;227;117;150;163;117;117;55;117;227;117;117;117;196;304;170;59;117;56;149;117;196;117;60;64;117;117;163;52;117;61;117;173;117;117;61;117;117;178;92;59;60;117;163;117;117;117;117;196;163;163;117;117;227;117;117;117;117;304;227;232;163;227;61;163;117;196)
seed_3_level_6-2,1344,41308.37949824333,86480815,11247,(409;117;304;56;163;117;227;117;117;117;163;117;163;117;62;52;117;66;117;163;117;117;117;117;117;117;117;163;117;117;170;117;117;117;117;117;163;117;196;72;66;183;117;163;163;69;117;117;71;51;117;71;227;163;163;117;117;117;117;65;117;227;227;227;75;163;67;65;78;117;117;227;213;66;157;227;117;304;117;70;68;117;117;117;163;117;59;196;196;117;59;61;60;163;163;61;196;221;117;206;196;55;117;117;61;196;59;117;117;117;59;58;117;60;117;117;178;117;117;117;163;239;117;172;59;117;117;117;180;184;117;58;117;196;55;48;117;196;163;117;196;97;196;56;196;117;117;59;117;62)
seed_3_level_6-2,1344,41888.401636600494,87983270,11397,(409;59;117;117;117;43;58;105;62;117;117;117;117;117;117;163;117;117;117;205;168;117;163;117;181;58;239;61;43;117;117;117;117;43;117;117;69;117;227;117;117;117;117;169;163;164;72;75;227;63;117;163;57;59;117;117;117;42;117;117;53;164;163;117;42;117;69;117;117;117;196;72;196;213;156;163;117;196;117;59;163;178;196;117;163;117;213;65;196;59;227;117;227;117;55;227;117;227;117;117;227;44;56;304;117;117;117;227;163;117;196;112;69;163;117;117;117;61;196;117;117;185;117;117;227;65;163;164;174;196;117;163;61;117;117;196;117;163;117;55;46;117;117;59;227;163;155;59;117;117)
seed_3_level_6-2,1344,42469.47731399536,89396105,11547,(409;117;117;42;212;117;117;117;227;117;117;62;163;117;148;117;117;63;42;68;196;64;57;117;153;117;160;163;73;58;61;196;117;55;49;227;117;117;117;117;117;163;117;117;117;52;163;117;117;184;52;59;117;63;117;60;58;52;117;117;117;117;63;117;59;57;156;196;117;62;163;213;69;117;117;50;117;163;156;117;117;117;114;72;163;117;227;117;155;117;126;196;227;117;117;117;117;227;170;117;155;117;66;63;117;163;117;117;227;117;117;117;59;179;117;185;152;117;196;163;117;163;117;163;55;117;163;163;227;55;117;117;163;117;117;178;304;109;117;163;59;70;43;163;67;227;117;163;185;163)
seed_3_level_6-2,1344,43066.93757534027,91037113,11697,(409;42;169;163;176;117;117;42;117;163;228;227;117;188;42;163;117;117;227;55;52;167;163;67;117;117;159;117;58;227;43;163;117;117;58;163;145;117;141;117;227;42;61;163;117;117;117;163;117;117;163;117;61;59;60;227;117;196;117;117;117;304;117;196;117;117;117;161;227;154;213;66;117;117;117;117;163;117;163;59;56;176;163;424;227;117;117;123;117;151;196;158;163;117;117;117;180;196;117;163;126;98;117;117;117;117;59;117;197;227;117;163;117;51;117;187;163;304;163;117;61;117;66;117;117;144;117;117;163;117;59;66;163;117;117;163;117;117;227;163;163;117;155;117;59;59;140;117;117;117)
seed_3_level_6-2,1344,43666.087101221085,92760172,11847,(409;43;117;124;117;150;117;117;227;76;117;117;117;163;48;227;165;52;143;117;117;73;43;163;117;227;117;117;163;117;117;117;196;117;163;57;227;70;117;117;163;151;164;66;160;117;117;198;304;117;60;227;163;227;227;117;117;225;117;227;117;117;61;42;227;117;117;163;117;117;117;55;424;59;163;304;61;196;117;117;117;227;67;58;66;66;72;117;117;117;96;117;61;117;117;72;117;222;117;117;62;66;172;67;117;117;163;170;117;192;60;117;59;117;117;227;217;170;151;227;61;117;117;117;163;117;60;304;117;117;158;117;117;227;117;157;196;163;61;62;117;117;204;189;272;196;181;117;182;67)
seed_3_level_6-2,1344,44238.09769678116,94252742,11997,(409;196;196;212;55;196;117;117;117;117;54;117;117;227;117;117;179;117;117;163;117;117;117;94;117;117;54;163;61;227;42;52;117;163;117;117;117;59;117;78;117;76;117;163;117;117;117;117;55;117;78;163;63;57;117;163;117;117;117;117;163;117;117;196;246;163;117;117;54;55;140;117;117;195;67;117;117;62;163;117;117;304;304;61;167;163;117;117;163;196;117;177;68;117;304;227;117;158;125;60;296;227;117;117;65;117;66;164;63;69;117;117;66;163;62;185;117;61;117;117;117;117;227;141;117;117;163;117;117;117;276;163;117;59;117;196;117;117;117;71;70;154;42;163;59;117;79;117;117;117)
seed_3_level_6-2,1344,44819.702102184296,95795373,12147,(409;117;196;73;117;70;99;67;117;117;42;117;117;117;163;117;304;163;117;66;73;117;117;52;117;227;117;163;196;117;117;117;117;117;117;117;117;117;117;117;117;117;117;117;56;117;163;42;117;117;117;117;117;227;42;117;117;117;148;117;117;117;55;134;117;98;117;117;47;117;163;117;276;117;117;117;196;163;117;196;117;163;80;170;163;117;196;62;376;163;59;62;62;117;117;163;43;117;71;117;117;163;117;304;196;117;117;227;160;42;163;117;125;163;62;117;117;163;117;60;227;117;163;163;59;117;197;60;145;123;163;197;66;170;227;117;117;227;117;59;117;163;117;169;158;227;146;128;163;157)
seed_3_level_6-2,1344,45414.46961212158,97609127,12297,(409;227;227;117;42;183;117;227;167;69;117;117;59;117;117;117;117;70;117;159;117;43;144;227;117;117;76;227;124;117;62;43;117;54;117;117;163;163;53;163;71;117;117;42;117;69;165;89;117;163;50;117;163;58;227;117;117;55;42;117;61;52;117;146;117;117;117;163;43;376;220;62;163;117;163;233;280;117;196;150;117;163;196;117;163;117;68;117;163;117;157;162;117;163;117;195;213;227;192;288;231;196;137;163;42;216;147;61;163;163;227;163;163;117;213;158;117;196;163;163;117;117;182;304;65;68;117;158;117;163;117;117;163;117;163;67;304;196;163;117;265;163;155;163;117;117;304;117;67;117)
seed_3_level_6-2,1344,46016.51802563667,99419316,12447,(409;227;163;72;227;117;117;61;227;117;117;196;117;68;117;117;117;117;196;43;117;68;62;117;227;227;71;117;227;161;66;156;163;304;117;117;163;43;163;304;196;66;117;42;227;58;117;117;117;227;63;60;117;163;72;117;117;117;163;42;117;92;117;163;117;68;288;163;117;117;227;70;117;117;163;117;163;60;160;42;117;227;117;196;196;117;227;65;117;163;189;80;163;117;304;227;117;170;150;215;117;117;117;163;196;117;196;62;227;78;117;227;170;196;304;164;64;117;163;117;147;117;56;196;62;200;117;117;163;117;158;120;117;117;73;223;117;196;163;168;63;227;227;69;117;117;117;117;196;196)
seed_3_level_6-2,1344,46613.58733129501,101154346,12597,(409;117;163;117;117;57;117;227;47;117;43;117;117;63;117;196;141;117;196;117;227;59;176;117;76;227;145;62;117;43;43;56;112;42;117;196;163;117;117;59;227;59;163;117;196;164;42;162;117;61;152;42;117;117;163;42;163;117;117;59;57;42;219;163;117;227;227;117;288;147;163;226;163;117;117;117;163;74;304;272;163;117;117;117;124;117;136;157;59;117;117;196;163;170;304;163;117;117;171;117;117;117;163;196;117;163;117;117;163;117;227;163;117;304;66;117;117;163;196;117;117;304;196;59;117;163;227;164;163;117;145;117;117;75;163;117;117;117;227;117;158;78;158;230;117;163;163;117;163;117)
seed_3_level_6-2,1344,47201.24107646942,102826196,12747,(409;107;117;117;117;62;42;117;117;117;42;75;65;117;227;42;117;117;60;117;117;147;156;42;59;70;117;117;67;66;65;117;42;59;42;42;117;43;117;52;57;163;117;52;42;59;117;60;117;117;61;163;117;163;234;57;304;54;117;117;117;117;163;117;72;117;117;288;158;304;117;163;117;226;117;50;227;117;226;163;189;163;122;117;158;227;117;163;163;117;163;188;163;163;163;163;147;117;158;170;60;163;157;117;62;228;227;163;62;170;117;123;227;117;163;61;163;163;163;117;195;196;59;163;231;117;163;57;304;67;163;376;59;163;304;155;67;61;227;163;196;163;157;163;283;44;163;62;66;72)
seed_3_level_6-2,1344,47790.12520074844,104462704,12897,(409;146;117;117;117;227;117;58;117;43;43;62;117;94;117;117;117;66;117;117;158;117;95;42;227;117;42;42;227;42;117;117;58;63;54;163;70;71;163;163;117;117;54;117;42;42;76;117;42;163;163;117;42;42;117;117;117;59;117;69;61;117;288;227;218;117;163;117;117;304;62;62;67;117;117;89;140;304;157;189;117;117;69;64;304;117;304;61;170;196;61;65;163;304;163;163;117;67;196;117;117;117;304;196;304;59;179;117;117;196;62;117;196;117;163;117;170;163;67;163;163;170;124;159;193;227;117;61;163;170;158;196;117;61;117;193;163;117;117;163;148;117;98;117;170;117;158;227;117;178)
seed_3_level_6-2,1344,48406.82985162735,106585906,13047,(409;117;196;42;227;163;117;117;163;42;42;63;117;209;66;163;117;117;149;71;227;117;227;117;44;163;71;96;117;65;117;117;117;196;117;196;59;52;163;95;117;117;390;117;60;227;42;55;59;117;115;42;72;117;117;196;73;117;117;53;288;117;227;163;121;163;227;163;170;158;163;227;163;163;227;59;163;183;163;228;227;157;163;197;227;304;163;60;227;72;183;117;239;163;304;163;196;163;163;249;163;59;117;51;117;304;304;304;304;117;59;315;117;304;163;117;163;117;163;163;196;163;304;227;163;117;117;159;117;227;117;163;163;151;158;163;126;163;163;117;163;62;196;117;117;163;177;117;163;59)
seed_3_level_6-2,1344,49011.86329460144,108418070,13197,(409;163;117;42;117;117;163;96;117;120;117;117;117;117;42;61;119;69;117;133;42;143;181;42;117;42;68;117;117;196;163;117;117;62;117;48;117;43;117;163;117;117;60;196;43;65;117;117;89;117;117;163;227;227;117;117;203;163;97;117;52;315;163;181;60;163;227;163;117;163;163;117;61;157;62;163;152;170;129;163;98;117;304;163;117;117;58;196;117;59;117;163;163;117;117;117;304;163;304;117;163;304;227;163;163;117;97;304;117;117;117;117;62;157;227;117;163;304;227;117;283;157;117;185;163;163;163;184;163;187;163;273;163;117;117;187;59;184;163;163;163;163;158;163;150;117;163;163;196;196)
seed_3_level_6-2,1344,49608.62547206879,110364674,13347,(409;117;163;163;50;163;61;117;304;117;117;117;43;117;42;42;196;117;117;76;62;163;65;67;61;117;117;42;163;227;117;163;156;42;304;163;64;66;117;73;117;117;117;43;59;60;227;117;163;163;74;98;57;117;59;117;163;42;59;117;117;117;315;220;163;98;163;117;117;121;65;117;204;163;163;117;117;117;117;117;163;117;117;127;117;196;163;117;227;117;227;163;117;117;227;117;59;163;117;227;117;170;196;117;117;181;112;304;98;163;196;227;160;304;318;117;195;121;223;227;163;163;117;227;163;155;304;227;196;163;117;304;117;117;117;307;65;163;163;117;304;163;42;98;163;304;163;227;163;163)
seed_3_level_6-2,1344,50224.040806770325,112464241,13497,(409;117;117;42;227;62;117;196;73;53;227;42;169;117;59;119;42;117;167;163;117;120;42;55;66;78;65;117;227;117;117;143;117;42;42;66;163;163;163;85;43;117;117;67;227;42;62;117;117;117;163;163;117;163;63;117;117;52;163;117;61;315;163;168;196;117;117;158;217;42;304;227;59;227;227;268;163;180;163;163;193;227;163;304;191;117;196;304;163;227;157;133;130;98;59;163;117;196;227;117;304;117;117;185;117;117;74;117;68;140;304;227;163;196;304;227;227;163;117;196;304;117;117;207;272;221;229;155;163;163;163;163;54;304;158;117;163;117;278;163;98;304;117;163;117;158;58;163;227;163)
seed_3_level_6-2,1344,50809.030714035034,114281875,13647,(409;117;119;117;42;117;156;117;65;117;117;117;42;117;117;122;92;51;117;117;117;117;163;42;117;63;117;117;117;54;163;227;117;167;43;117;117;150;42;196;61;71;71;117;117;227;117;117;64;171;62;42;42;61;153;117;197;70;142;315;163;117;163;227;117;304;170;158;66;117;196;196;163;227;304;163;163;117;60;59;117;227;117;304;163;117;196;304;117;117;57;117;163;117;180;117;304;117;117;227;117;157;59;304;117;131;163;117;98;183;117;227;60;117;163;163;187;163;163;227;74;59;163;117;196;117;188;117;59;117;66;64;117;183;391;227;163;59;59;117;227;59;268;163;163;117;117;163;227;163)
seed_3_level_6-2,1344,51403.366998910904,116145462,13797,(409;117;66;94;101;117;59;156;78;43;117;117;89;163;59;117;117;76;42;117;117;117;117;117;117;59;224;177;117;117;117;68;163;117;69;117;93;117;60;43;125;117;73;117;42;117;43;73;163;163;117;163;70;42;196;117;117;227;117;117;391;117;117;163;163;163;168;59;163;163;304;61;117;117;73;117;304;163;162;163;117;163;227;117;163;196;163;304;304;304;68;75;117;163;117;163;163;196;170;163;117;117;304;196;59;227;202;227;163;163;117;171;72;196;163;158;163;66;163;117;181;163;163;304;117;71;117;163;117;296;125;117;117;163;117;117;163;60;304;117;163;117;185;170;187;196;227;163;117;163)
seed_3_level_6-2,1344,51999.75927376747,118160692,13947,(409;73;58;117;42;42;117;117;117;163;43;163;117;117;70;42;117;117;74;58;59;196;163;60;117;42;196;227;163;117;139;59;117;159;196;119;117;43;163;117;76;163;117;163;42;61;117;43;117;117;117;117;47;227;77;117;117;117;117;52;117;391;42;196;304;304;196;125;211;163;117;117;151;227;117;59;117;76;227;187;117;163;227;163;227;227;156;227;60;158;117;163;64;163;117;59;163;117;304;42;117;170;227;163;163;117;163;304;117;227;163;227;117;163;158;42;227;163;185;196;196;158;196;112;170;163;304;170;227;196;227;117;117;48;196;196;163;290;259;163;60;227;163;163;210;170;304;227;117;163)
seed_3_level_6-2,1344,52571.87338280678,119807094,14097,(409;117;163;117;52;163;117;68;196;55;61;117;88;196;61;117;117;163;117;117;117;117;198;117;117;117;117;117;70;117;117;117;69;117;43;59;58;71;117;117;117;66;132;117;196;117;42;117;117;163;117;117;117;43;68;227;58;117;391;147;154;163;170;227;164;304;163;304;171;117;117;304;117;170;188;117;163;196;42;227;117;117;202;162;180;42;117;117;170;163;42;59;196;117;117;117;196;61;44;163;117;69;117;117;73;117;304;117;304;72;196;117;117;163;163;117;117;56;188;61;72;163;163;163;117;130;195;117;61;117;187;58;117;62;163;55;59;196;117;53;157;117;163;163;177;304;59;117;163;163)
seed_3_level_6-2,1344,53163.021265506744,121675820,14247,(409;163;117;163;48;119;117;117;117;117;53;117;163;148;117;117;76;43;136;71;174;83;117;117;117;117;117;117;196;42;116;112;73;117;117;117;117;117;117;71;227;117;117;69;227;163;117;61;117;117;227;117;199;117;43;117;227;70;117;196;117;117;391;117;117;196;163;74;117;304;117;117;157;163;60;117;117;227;163;60;163;304;117;117;117;227;117;163;163;196;163;117;163;163;163;163;72;197;163;117;163;117;117;163;42;117;163;260;163;141;208;68;117;117;200;122;163;117;227;170;243;117;156;304;152;304;163;117;163;61;163;196;117;117;117;304;163;59;163;117;162;163;158;163;117;304;186;163;196;196)
seed_3_level_6-2,1344,53734.0494761467,123430943,14397,(409;117;117;74;117;117;58;117;151;152;117;67;227;63;117;70;117;148;117;117;117;197;117;52;163;117;117;70;227;64;227;117;149;227;196;227;151;117;177;117;56;60;95;227;117;196;55;117;149;73;163;71;69;117;117;50;117;117;117;64;117;117;61;69;391;169;60;117;117;60;117;167;117;164;117;117;163;304;60;200;121;59;117;163;117;117;153;163;178;196;196;47;117;163;163;163;117;163;170;72;163;199;163;117;304;59;163;163;196;118;117;163;159;163;163;63;117;162;227;304;61;217;163;163;117;225;163;117;117;227;117;174;163;117;140;163;162;117;163;117;65;59;227;66;117;196;182;304;117;158)
seed_3_level_6-2,1344,54322.31687498093,125326016,14547,(409;108;138;117;117;68;68;117;70;117;119;52;117;63;42;117;42;78;117;304;117;73;117;117;163;163;117;117;71;196;117;61;117;59;117;117;203;117;163;67;43;117;117;227;69;117;117;71;227;196;117;196;117;117;55;163;55;117;61;215;117;117;117;69;196;117;196;391;157;163;190;74;64;42;196;173;163;60;304;172;149;163;215;163;304;304;304;163;163;117;304;163;61;117;170;304;261;63;98;227;117;74;163;59;304;163;180;117;169;222;127;196;117;163;160;163;150;196;117;117;117;117;66;61;117;170;163;163;163;117;117;170;117;257;117;163;117;304;163;157;60;110;117;216;219;59;117;117;73;187)
seed_3_level_6-2,1344,54893.846771001816,127147035,14697,(409;63;117;58;60;117;117;117;178;52;117;145;43;117;161;163;73;227;117;117;68;117;56;117;117;117;52;68;73;67;117;117;91;57;117;163;52;65;117;68;117;42;117;51;117;117;304;163;117;117;196;117;117;66;117;66;163;140;117;163;69;57;56;196;63;391;181;304;196;60;304;227;117;163;117;170;227;163;163;219;59;59;227;117;117;163;227;196;227;117;86;117;158;71;158;59;196;117;163;163;163;196;201;304;117;156;117;151;227;163;42;59;163;71;163;59;117;77;117;180;117;163;72;60;227;42;117;117;304;304;196;304;229;304;304;62;163;117;61;227;59;42;59;59;163;227;163;163;163;61)
seed_3_level_6-2,1344,55468.48628997803,129004744,14847,(409;117;43;117;42;117;117;117;117;117;117;63;71;117;117;163;196;196;52;117;80;196;196;113;117;117;77;117;117;99;117;63;117;117;42;117;117;142;117;69;163;117;157;163;117;73;117;117;196;117;117;117;121;117;163;117;163;117;68;196;117;117;52;227;391;227;60;227;227;163;117;117;163;223;304;60;196;60;170;196;163;117;304;42;102;171;304;117;55;44;265;163;304;173;117;117;117;187;62;227;42;304;180;163;227;227;227;196;59;64;163;117;47;227;163;61;163;142;185;176;117;59;61;163;227;208;170;163;163;163;170;49;196;74;163;117;195;163;191;140;117;192;42;202;172;117;227;117;86;42)
seed_3_level_6-2,1344,56059.134885549545,131114231,14997,(409;117;66;117;117;117;117;117;227;117;66;59;117;73;117;117;163;163;163;169;117;117;117;117;117;117;117;74;67;163;227;117;117;196;196;75;166;117;227;68;117;117;68;117;117;51;117;196;117;122;196;117;117;227;196;117;164;196;126;55;117;196;117;391;170;163;163;61;304;117;61;59;170;227;70;42;79;120;157;170;163;163;117;117;163;227;227;196;155;170;61;180;196;227;304;117;163;200;117;42;304;117;304;117;196;163;163;163;209;163;304;227;304;196;117;424;117;117;117;117;66;197;185;163;163;227;62;117;117;163;61;71;117;227;117;196;290;117;424;166;117;198;95;117;117;117;117;163;163;117)
