seed_17_level_5-1,806,578.6339111328125,1851191,150,(19;39;111;28;80;59;41;111;114;85;67;39;20;47;33;30;19;61;33;29;31;47;26;16;18;29;119;68;81;28;69;47;34;25;25;35;121;50;43;25;99;110;24;17;216;14;59;145;79;36;30;109;75;95;30;14;88;85;18;41;137;82;31;25;17;14;27;82;15;24;23;48;54;238;33;38;25;160;130;77;33;17;43;23;48;157;57;57;1001;21;26;18;51;125;44;203;41;23;88;67;27;26;1001;22;18;51;149;32;26;37;70;22;57;60;19;122;1001;23;37;22;51;100;15;103;47;39;37;40;54;35;123;37;28;17;29;28;31;39;52;24;24;62;49;55;32;112;107;29;56;27)
seed_17_level_5-1,809,1386.0882406234741,5873627,347,(54;101;75;61;109;44;102;103;63;138;73;117;65;113;125;93;46;132;125;85;52;42;138;131;23;21;79;57;15;34;38;31;26;17;20;15;31;1001;86;57;47;56;53;86;14;21;28;1001;23;39;61;270;1001;300;22;58;59;26;88;35;19;109;38;25;212;22;30;47;19;22;18;39;31;26;20;31;20;165;17;29;25;26;81;47;16;17;1001;38;32;36;31;119;35;26;30;34;26;26;36;22;24;32;47;84;117;61;37;55;27;34;21;192;85;36;26;163;126;57;38;33;25;1001;28;37;16;29;34;38;17;102;162;73;63;109;74;24;38;79;55;27;34;50;26;47;27;47;32;26;1001;52;102;22;93;47;23;49;28;57;31;24;29;37;44;47;59;60;33;115;136;33;59;156;107;62;95;19;39;77;28;18;24;95;86;109;54;20;81;113;25;14;77;26;126;131;57;48;1001)
seed_17_level_5-1,809,2146.8064522743225,10808457,531,(152;107;99;44;46;83;144;117;73;50;78;139;75;85;147;104;147;137;100;129;160;58;42;33;18;136;34;17;41;204;16;17;24;30;87;31;86;58;57;39;16;20;48;51;32;27;74;26;14;99;50;31;34;33;16;54;80;15;34;1001;36;17;29;73;19;29;30;28;27;25;29;57;38;17;20;49;24;35;26;27;37;21;55;15;45;41;38;113;40;18;16;289;36;57;35;22;30;47;84;67;29;31;25;23;31;79;33;35;17;60;20;35;35;49;25;49;15;34;38;32;15;18;131;28;52;29;35;111;19;24;35;1001;19;28;122;28;39;31;29;19;1001;105;25;77;57;60;1001;1001;1001;105;257;61;83;156;57;1001;1001;36;44;90;100;28;109;14;50;23;132;29;31;39;47;98;1001;58;39;36;90;29;29;38;26;25;34;63)
seed_17_level_5-1,811,2809.758324623108,14800861,691,(63;107;140;107;149;61;139;56;73;47;49;61;57;50;80;159;123;152;154;138;63;78;99;59;149;31;19;27;54;138;25;26;34;17;20;36;16;16;34;35;56;50;20;19;26;62;15;34;25;27;17;22;49;39;181;17;61;25;278;37;32;58;44;35;39;25;35;54;57;74;119;32;35;31;33;112;58;27;27;36;32;28;18;1001;34;31;1001;31;32;19;21;27;38;120;128;23;44;35;25;34;59;19;23;34;24;25;30;224;49;26;16;35;50;66;36;32;19;59;50;34;81;51;21;140;1001;35;48;33;26;17;363;35;104;142;50;109;19;24;78;1001;1001;32;58;79;47;1001;17;110;1001;27;305;33;37;61;47;22;22;58;105;40)
seed_17_level_5-1,811,3416.057255268097,17121263,849,(159;51;76;149;99;50;97;163;45;145;134;90;78;126;82;37;55;62;68;113;70;46;96;114;145;42;62;30;18;74;26;102;16;25;27;98;51;22;27;54;29;32;31;47;19;1001;32;82;37;79;16;34;36;24;39;72;30;32;36;57;25;19;21;30;34;35;25;22;22;32;34;16;169;20;28;16;35;29;32;78;32;34;17;57;44;22;19;54;77;32;67;41;18;35;35;79;15;34;21;23;40;227;31;31;42;15;23;18;20;29;26;47;30;85;64;43;114;20;54;15;33;18;24;119;37;33;57;32;68;39;49;47;28;87;27;50;1001;1001;90;73;28;31;63;132;17;19;77;115;40;41;47;1001;108;23;89;41;32;47)
seed_17_level_5-1,811,4064.1259603500366,21459623,1003,(107;54;68;74;111;73;108;161;108;67;88;119;144;154;44;141;47;38;83;54;147;135;20;181;82;57;19;39;131;53;18;29;15;62;80;26;34;35;23;26;33;28;95;40;36;19;28;30;27;63;34;32;38;189;27;70;125;16;31;34;69;81;28;21;17;34;31;33;15;16;27;20;26;87;31;28;25;37;14;54;22;59;38;21;28;33;1001;1001;24;31;23;33;28;37;57;33;59;26;49;30;62;87;26;34;31;24;194;19;24;22;81;49;23;40;28;23;22;26;47;27;25;63;29;54;54;1001;47;34;34;27;53;47;1001;27;188;28;34;94;109;111;151;42;64;1001;25;27;35;109;25;68;78;1001;1001;1001)
seed_17_level_5-1,811,4713.293452262878,25789165,1161,(60;67;117;115;161;48;159;125;163;67;101;102;76;52;96;1001;155;158;37;151;53;63;80;88;1001;103;44;39;24;48;84;50;17;25;17;52;44;66;16;33;19;39;58;33;71;28;38;90;96;41;30;22;34;20;31;16;26;29;41;42;25;28;41;17;25;33;54;20;40;1001;73;14;76;47;18;50;47;30;37;40;25;25;24;35;34;27;47;36;32;27;49;29;23;40;1001;26;33;32;38;31;32;28;231;36;17;98;33;22;29;40;167;27;32;35;14;29;24;32;42;63;1001;61;36;48;50;42;52;53;21;63;33;24;44;47;40;31;15;58;109;1001;94;188;40;126;1001;21;1001;40;28;36;47;47;71;68;137;34;24;57)
seed_17_level_5-1,812,5291.5139355659485,27175811,1317,(148;109;68;52;158;148;114;125;76;135;94;73;44;87;137;139;126;91;223;125;105;72;55;181;31;83;94;98;106;76;31;21;32;15;92;26;25;77;46;34;51;66;15;34;100;38;34;35;28;1001;44;21;47;30;33;25;25;15;16;41;15;13;41;25;18;28;16;21;26;51;36;29;18;31;52;38;29;22;38;34;15;34;34;23;20;26;46;25;58;53;231;39;32;23;23;49;29;52;40;51;47;34;15;33;55;38;113;28;24;59;36;24;13;32;37;46;36;94;32;26;33;185;49;41;21;50;94;34;27;47;48;47;31;105;22;56;37;229;1001;24;37;117;117;62;109;60;40;39;24;40;48;24;36;19;53;56)
seed_17_level_5-1,812,5848.62445807457,28503545,1469,(89;82;158;99;57;66;107;50;46;84;51;47;97;164;61;39;143;66;104;49;52;1001;76;46;18;19;26;33;24;60;68;89;16;24;36;51;19;19;27;33;30;102;36;55;113;58;38;54;21;18;15;26;57;53;1001;48;24;25;18;32;26;33;29;97;14;36;29;47;29;16;21;33;38;25;48;28;22;57;27;26;41;30;17;153;31;20;29;57;49;34;22;29;17;32;37;15;61;151;50;118;38;30;53;32;57;35;41;31;47;32;79;37;189;30;32;18;17;61;33;33;31;148;38;54;19;50;32;38;66;33;31;49;105;41;27;62;86;47;177;19;45;136;56;57;50;29;39;77;281;38;105;43)
seed_17_level_5-1,812,6455.256109714508,31339032,1623,(67;125;107;134;45;52;134;84;52;125;119;80;46;102;45;98;85;38;158;74;45;51;50;33;1001;111;27;27;82;32;26;35;16;33;24;81;36;97;47;86;18;79;78;52;28;21;34;25;34;23;18;19;14;165;52;22;40;26;32;22;53;81;28;45;29;50;80;38;40;29;26;20;20;57;34;38;1001;25;30;28;26;25;17;39;41;27;47;39;56;24;1001;136;84;54;24;209;33;28;36;77;21;28;32;62;229;30;29;32;30;36;34;24;18;20;19;19;32;32;57;56;60;30;20;110;53;20;24;36;38;38;36;77;54;20;48;47;52;30;56;223;131;117;1001;49;47;136;1001;17;44;84;27;65;77;33)
seed_17_level_5-1,812,7011.589982509613,32210715,1776,(53;145;99;60;91;77;71;134;146;138;100;68;69;81;138;138;109;47;134;128;144;61;95;115;80;29;29;18;34;41;26;34;22;13;31;83;151;47;23;38;112;35;28;53;149;39;24;32;31;32;64;79;33;23;77;91;58;16;24;127;35;27;31;29;26;28;25;28;16;58;19;16;35;36;16;22;29;26;27;23;43;16;61;29;59;30;20;21;29;26;32;19;30;115;29;57;31;85;58;30;35;140;43;57;216;71;15;34;29;27;17;30;40;27;19;114;35;51;39;32;24;24;168;62;37;35;57;32;39;49;47;15;63;22;14;73;131;117;104;75;34;47;47;47;26;117;66;22;39;89;136;1001;112)
seed_17_level_5-1,812,7598.609519004822,34030019,1930,(84;109;55;146;52;73;151;115;108;155;163;92;84;51;147;45;143;146;42;100;66;112;85;104;42;26;28;25;44;29;73;73;24;34;26;24;47;44;80;20;13;51;26;31;104;16;21;25;88;57;24;45;83;100;17;88;18;34;23;22;33;16;1001;23;37;26;19;25;34;62;49;64;26;57;55;36;118;20;80;32;31;29;20;41;14;31;30;52;19;16;22;56;27;31;15;24;32;21;26;14;27;17;32;34;50;17;185;47;24;39;59;25;26;77;28;34;30;14;47;1001;103;62;30;122;59;30;55;58;38;26;25;34;39;48;47;16;77;58;30;18;95;39;21;57;45;86;33;23;1001;77;159;25;175;31)
seed_17_level_5-1,812,8187.672998905182,36382704,2085,(109;158;79;154;47;92;68;74;146;62;39;23;161;153;159;56;149;63;83;85;152;135;26;48;91;75;78;60;1001;16;50;27;29;22;35;32;31;32;54;33;53;83;33;25;34;31;16;62;31;36;38;25;19;125;28;31;38;26;81;121;28;31;87;29;31;36;28;69;24;26;14;18;19;18;32;38;167;87;79;16;37;16;26;13;20;49;57;25;29;17;67;32;30;33;28;33;28;27;36;31;34;1001;34;31;54;17;208;30;24;19;23;24;30;24;24;17;36;54;123;117;38;29;29;37;50;33;31;37;105;24;33;35;47;26;48;37;26;57;30;1001;163;104;49;52;29;96;53;109;31;1001;72;97;157;39;109)
seed_17_level_5-1,812,8791.280984163284,38747457,2241,(53;163;45;47;67;73;152;77;68;99;157;143;61;109;116;86;109;82;1001;81;41;110;88;57;75;124;32;34;52;24;35;15;17;82;34;41;15;28;14;17;1001;34;18;25;57;37;68;18;16;106;309;29;62;34;30;31;41;59;26;79;33;25;57;81;39;70;62;23;94;29;97;33;27;57;32;28;22;21;17;41;87;35;29;35;18;25;17;21;39;29;29;21;23;36;38;16;23;37;1001;18;15;17;35;33;47;57;36;61;58;28;249;47;26;108;31;26;18;21;47;31;21;31;15;34;20;99;49;99;118;57;54;49;52;48;18;67;41;35;33;45;170;38;47;65;132;83;19;133;47;1001;88;21;33;63;51;66)
seed_17_level_5-1,812,9361.315713644028,40132267,2394,(55;135;81;46;118;50;113;102;132;91;86;144;75;43;73;91;36;97;68;142;46;75;81;47;19;79;96;23;36;30;15;37;31;35;16;26;33;19;47;28;15;16;29;57;33;230;28;23;28;28;27;29;32;26;40;58;53;75;38;16;37;21;19;21;42;14;15;60;14;37;34;73;29;53;32;41;40;28;17;300;46;21;54;38;34;18;34;113;45;91;77;34;31;35;149;81;23;24;239;24;106;33;16;35;26;36;41;38;30;19;47;23;15;16;49;55;92;1001;58;51;61;38;18;52;140;69;94;48;41;77;32;31;57;37;54;31;35;17;60;62;236;117;24;105;94;57;51;59;1001;56;37;91;35)
seed_17_level_5-1,812,9937.410155773163,41971218,2548,(125;151;41;108;140;163;46;152;159;161;133;81;47;71;137;49;100;156;119;30;92;35;140;102;85;66;82;76;90;20;1001;21;25;88;14;16;50;40;30;31;15;17;33;21;23;32;101;40;51;25;44;37;21;38;23;33;130;30;31;34;21;52;47;62;20;70;35;30;59;30;86;25;42;16;25;124;20;27;26;26;40;36;1001;86;59;24;39;15;33;28;17;20;26;30;151;39;40;235;31;32;39;26;37;61;35;31;52;30;39;14;27;23;21;29;18;50;26;52;40;33;49;56;52;34;58;41;47;23;16;34;29;47;34;29;34;29;55;65;104;51;32;77;70;106;50;16;1001;17;56;47;110;20;64;16)
seed_17_level_5-1,812,10680.035427331924,45350343,2736,(157;92;106;85;136;62;106;1001;100;41;18;119;42;53;16;62;79;25;38;34;22;86;17;28;90;33;22;23;35;27;57;56;72;31;1001;58;34;16;26;21;115;22;54;16;23;36;20;32;22;51;87;35;19;72;28;25;36;148;34;34;29;22;307;28;54;57;31;38;51;44;54;140;22;22;23;16;18;17;25;133;31;19;19;18;41;31;27;124;14;32;37;54;29;20;15;16;18;81;14;25;30;33;17;17;50;16;19;30;24;41;35;41;24;34;112;46;108;18;33;38;25;30;22;14;28;27;27;27;30;36;32;112;17;30;84;100;98;58;54;52;1001;41;52;51;34;79;72;1001;87;50;25;49;23;37;17;15;47;50;86;54;77;113;33;59;25;156;25;24;49;86;83;133;47;27;47;24;51;97;225;20;1001;19;151;99;47;23;1001;28)
seed_17_level_5-1,812,11360.638369321823,51102363,2894,(77;71;23;1001;22;1001;28;18;118;28;57;33;26;17;24;36;18;56;98;224;32;16;35;26;94;28;34;40;57;15;34;24;20;42;37;20;25;77;25;28;21;33;90;37;18;25;34;33;51;36;17;39;24;28;23;20;30;20;54;35;19;26;56;87;17;52;61;1001;19;171;76;59;28;15;34;36;32;1001;86;67;31;32;31;23;21;53;31;47;40;90;26;157;92;31;1001;32;28;51;27;24;1001;27;37;87;125;55;41;30;15;32;14;28;124;96;18;147;30;34;108;119;26;28;40;65;37;29;41;39;43;57;27;66;25;1001;47;27;36;23;1001;214;57;1001;42;40;1001;29;21;1001;29;54;55;15;21;22;84;35;18;39)
seed_17_level_5-1,812,11966.650135040283,53859634,3053,(55;90;44;33;32;104;1001;31;14;18;35;15;22;31;26;48;26;28;27;17;15;35;33;41;55;18;40;25;22;35;26;53;19;20;77;27;52;103;48;65;34;15;33;56;21;47;29;32;29;33;29;23;77;24;23;17;1001;71;57;39;33;57;48;50;29;34;15;28;22;36;99;27;37;35;30;26;25;18;58;36;29;29;37;22;29;50;19;15;26;72;39;22;47;81;32;47;93;41;16;75;16;84;136;19;42;37;36;36;57;47;62;139;133;1001;27;29;35;52;136;79;30;1001;65;37;54;28;206;34;28;25;93;1001;50;50;59;144;143;57;122;74;34;36;33;202;55;25;37;21;24;32;16;34;31;49;47;32;110;31;111)
seed_17_level_5-1,812,12527.748483181,57142763,3196,(19;67;129;132;112;26;16;39;96;52;24;324;28;47;48;1001;20;33;49;23;29;31;26;29;81;23;31;14;19;47;15;30;38;50;28;75;29;52;18;39;38;29;18;38;25;14;29;32;21;18;16;21;22;35;96;42;32;35;24;14;83;39;23;27;46;27;14;34;24;41;96;58;26;34;24;33;34;17;78;50;26;39;31;65;35;29;36;27;57;1001;37;38;32;36;32;27;28;52;1001;40;93;31;49;31;33;55;24;51;22;30;79;79;33;40;16;28;28;26;25;1001;91;28;83;26;1001;52;77;26;44;20;23;1001;131;302;151;125;59;128;80;27;71;67;99)
seed_17_level_5-1,812,13146.98540186882,61909632,3339,(160;71;34;33;18;24;122;50;20;25;20;16;31;39;54;17;1001;14;193;116;58;43;14;101;172;26;18;31;32;69;64;26;38;31;40;28;30;19;52;64;69;35;27;59;18;57;23;23;129;105;17;25;83;25;57;24;29;25;22;38;49;23;26;75;43;34;27;1001;28;50;36;57;14;40;34;40;38;37;86;37;31;122;18;31;28;79;139;61;66;73;19;50;58;23;29;39;68;80;108;31;58;47;34;18;47;31;1001;72;34;80;41;113;57;1001;57;1001;1001;16;54;1001;135;1001;96;21;67;128;30;27;163;34;63;34;34;32;1001;47;48;25;53;122;40;20;98)
seed_17_level_5-1,812,13671.54473233223,63224018,3484,(56;129;138;76;56;31;14;105;15;17;19;26;31;18;60;57;26;33;34;33;48;43;37;53;33;14;30;21;15;34;16;82;95;19;29;19;55;27;54;51;28;36;34;19;50;17;30;64;34;50;18;35;26;15;32;35;20;14;50;106;107;51;166;22;15;25;32;1001;76;54;54;40;82;31;107;42;37;27;79;32;27;38;31;109;36;158;86;84;53;29;348;17;20;40;81;39;38;35;19;38;51;95;41;59;26;19;67;26;35;123;106;36;47;26;54;21;38;33;38;28;30;22;29;45;1001;16;84;31;31;127;165;74;41;42;201;50;121;30;41;47;25;51;32;93;24)
seed_17_level_5-1,812,14210.922976493835,64545351,3632,(45;94;24;127;22;31;24;25;24;33;33;29;18;148;17;31;18;52;29;67;27;33;78;29;34;16;40;35;30;15;25;14;29;25;317;23;57;40;87;56;35;38;38;16;77;27;40;82;77;84;122;72;1001;55;102;29;40;29;14;25;52;23;57;34;61;23;1001;54;27;34;24;66;77;32;37;36;27;16;127;113;87;49;52;95;50;35;15;21;23;105;54;32;30;27;29;28;57;39;52;41;35;67;36;26;39;215;34;33;41;34;100;59;25;106;28;53;54;21;38;21;29;34;112;38;31;27;62;18;79;87;33;18;25;61;130;78;79;89;201;31;107;23;29;67;41;95;118;90)
seed_17_level_5-1,812,14775.817494392395,67352290,3775,(48;19;34;49;26;59;19;21;15;1001;25;39;39;32;18;34;77;35;21;17;57;84;29;35;27;23;18;36;20;112;32;15;65;70;44;36;14;58;56;23;19;23;61;50;24;35;57;27;15;16;24;16;40;57;30;34;17;36;16;110;31;50;1001;33;28;62;40;24;38;54;38;89;85;1001;36;31;33;77;21;31;1001;40;18;33;23;112;47;38;56;47;354;25;38;73;23;57;117;57;26;29;108;23;59;79;158;31;25;30;53;29;66;50;32;22;1001;75;93;38;79;105;27;47;305;79;54;32;19;50;22;109;118;130;103;25;18;47;50;27;18;66;113;23;41)
seed_17_level_5-1,1186,15382.978863716125,72579304,3918,(23;36;26;110;17;18;19;23;30;1001;86;57;37;36;23;88;1001;25;19;18;22;28;13;27;44;102;27;14;35;137;31;25;26;15;30;33;47;16;18;94;33;36;1001;54;50;49;31;27;112;47;39;50;97;18;37;40;57;66;104;1001;97;37;24;27;37;77;58;40;30;32;31;50;28;48;66;23;91;37;15;34;33;20;32;1001;22;25;22;32;24;15;35;1001;57;47;30;31;20;48;50;80;227;18;25;29;32;27;27;80;143;62;128;69;48;27;1001;1001;36;39;58;30;39;57;47;27;18;25;82;18;207;18;47;21;18;31;33;170;1001;24;57;35;24;77;1001)
seed_17_level_5-1,1186,15938.47441291809,74383979,4069,(118;79;36;25;26;38;26;16;16;23;28;34;59;56;23;20;17;22;57;35;19;19;27;84;28;19;50;57;66;21;76;25;25;25;26;19;26;15;27;27;52;36;113;36;54;40;25;54;35;22;47;29;22;47;85;77;33;19;32;89;58;102;87;61;108;60;50;50;25;16;263;33;50;24;57;57;35;40;28;32;31;185;32;24;50;33;26;33;51;54;50;82;71;72;97;57;54;20;50;31;19;57;17;27;108;32;31;15;35;53;80;61;108;1001;16;22;25;45;38;57;26;254;207;15;33;25;22;29;1001;26;57;85;18;34;52;25;27;138;57;79;108;26;21;28;127;60;150;32;35;23;1001)
seed_17_level_5-1,1186,16488.404104709625,77592949,4212,(28;27;19;22;24;40;33;108;56;46;16;35;64;66;14;32;34;27;46;17;35;26;22;22;26;34;19;32;1001;28;15;156;62;38;29;19;16;15;25;71;70;56;77;31;27;34;24;47;33;16;44;122;58;21;50;26;95;30;84;32;91;27;33;29;50;49;24;112;45;47;54;30;21;23;40;30;28;207;47;128;26;28;1001;24;149;35;80;1001;49;37;39;51;32;47;57;34;41;63;43;35;35;36;24;50;1001;104;1001;79;87;40;16;17;85;34;26;21;27;1001;16;48;34;121;38;15;56;29;33;37;112;47;15;31;33;56;31;27;55;23;54;19;97;34;79)
seed_17_level_5-1,1186,17097.58379149437,81853611,4363,(30;138;19;1001;33;110;38;27;13;97;30;27;18;30;33;35;35;106;114;68;25;22;17;19;24;1001;113;33;22;16;26;30;24;29;57;24;30;16;18;19;57;33;15;29;106;1001;47;57;49;30;21;18;37;19;23;83;1001;139;31;26;49;47;49;37;47;47;27;24;41;14;64;1001;25;40;57;57;23;40;39;71;58;51;61;27;21;47;33;31;62;84;26;27;1001;86;29;32;75;37;34;32;147;18;65;25;129;28;238;82;108;144;46;49;106;93;105;41;26;31;53;109;20;25;34;57;24;20;25;69;37;20;97;89;52;73;20;43;30;130;54;87;53;36;38;1001;35;16;1001;21;53;21;32)
seed_17_level_5-1,1186,17719.145818710327,87702626,4503,(33;26;109;29;48;19;28;25;31;77;21;29;16;87;42;105;32;24;145;57;33;28;21;43;138;41;33;30;21;41;82;18;32;24;30;34;1001;34;122;57;31;211;37;24;57;51;29;86;34;1001;1001;22;112;17;47;116;21;54;1001;30;51;34;57;20;128;48;17;33;51;57;38;57;16;50;35;17;17;34;305;1001;30;25;46;29;142;19;47;68;28;1001;58;64;37;33;160;27;30;36;147;32;35;113;86;57;105;77;1001;25;66;38;36;80;74;106;54;1001;1001;57;44;77;58;25;1001;47;35;47;27;77;1001;17;47;76;47;38;101;327;17;28;47;23)
seed_17_level_5-1,1186,18346.55032134056,92511975,4653,(24;62;34;26;47;27;53;27;36;53;116;27;79;1001;57;23;34;61;32;18;14;20;35;32;24;23;60;50;59;83;98;84;109;40;26;26;36;38;50;27;34;105;50;40;24;18;37;116;1001;36;22;87;108;86;58;30;28;29;57;85;78;80;28;14;106;26;32;57;19;29;32;31;25;130;49;84;126;1001;1001;1001;18;27;15;47;32;80;57;1001;53;31;28;37;32;31;17;30;23;34;29;57;37;147;47;132;59;26;85;54;129;87;18;57;90;49;21;109;47;270;52;39;1001;14;65;77;1001;110;38;87;34;31;33;32;62;187;51;21;62;79;30;40;95;162;39;1001;25;29;26;32;22;115)
seed_17_level_5-1,1186,18968.878932476044,98306408,4794,(18;116;70;14;35;31;19;57;24;79;34;18;20;77;46;60;29;40;40;18;62;47;29;16;14;36;28;82;57;54;29;24;17;25;67;37;18;29;44;50;26;57;147;1001;23;38;114;38;36;39;40;25;47;143;39;54;29;39;1001;1001;50;20;1001;35;21;19;79;47;42;147;37;1001;86;112;108;33;109;25;23;18;31;22;30;17;196;20;1001;19;32;64;35;22;79;76;1001;24;265;15;109;17;27;19;17;251;64;72;26;67;1001;32;48;1001;29;60;128;63;25;61;20;1001;113;22;27;116;134;109;29;28;85;26;29;24;40;17;31;60;27;32;57;57;1001)
seed_17_level_5-1,1186,19538.955096960068,102060851,4936,(37;31;1001;15;16;34;23;18;17;17;36;15;36;47;36;20;28;32;32;29;25;76;26;16;40;37;57;72;31;26;35;37;78;56;50;67;32;27;57;86;37;57;30;29;31;56;30;79;35;26;17;30;41;20;26;31;58;36;38;31;210;77;111;52;30;145;1001;17;50;37;23;29;57;1001;33;17;80;35;54;13;59;25;23;133;27;83;51;31;18;18;16;19;59;80;32;30;27;83;122;70;137;20;81;99;24;107;24;15;25;47;191;1001;1001;77;194;17;14;27;32;24;66;50;1001;85;42;15;151;44;1001;31;138;23;52;47;16;21;57;105;49;79;41;47)
seed_17_level_5-1,1186,20118.171707868576,105453074,5081,(29;1001;28;88;23;36;89;1001;13;19;25;52;24;324;45;28;54;24;32;34;18;29;29;39;28;1001;46;18;24;85;43;36;24;37;54;54;57;17;19;16;126;50;33;1001;47;92;91;38;36;54;33;134;58;44;57;36;24;29;59;32;34;49;25;113;25;21;19;79;50;27;36;113;20;28;45;29;22;79;31;27;16;31;109;47;116;20;130;56;49;17;20;80;36;35;36;122;26;31;18;31;20;15;156;49;28;57;92;105;56;22;58;83;25;37;216;101;38;93;40;35;19;26;138;40;30;29;28;24;29;17;1001;68;112;54;39;62;440;24;47;34;61;49;1001;26;116)
seed_17_level_5-1,1186,20661.9993121624,108237422,5222,(46;55;39;59;39;20;50;77;27;33;83;23;73;72;57;191;32;28;37;66;50;36;40;14;79;68;57;29;54;26;57;58;34;22;47;32;33;24;32;28;99;1001;53;321;54;51;1001;80;57;108;41;33;33;35;1001;34;49;34;57;61;40;32;32;28;34;57;35;33;60;23;47;56;58;82;39;23;17;115;88;18;1001;169;84;101;54;111;32;49;43;82;70;47;57;77;27;56;57;32;61;27;47;25;113;108;50;29;85;21;25;17;37;25;25;32;30;59;42;73;34;18;1001;117;27;14;14;47;90;35;28;25;35;24;40;118;17;77;79;26;36;79;85)
seed_17_level_5-1,1186,21274.838029146194,112700043,5367,(96;1001;79;27;55;1001;32;27;38;16;339;23;32;31;31;38;30;16;212;16;239;28;36;31;19;133;132;72;60;16;67;39;36;54;57;47;41;29;29;302;34;58;30;87;30;18;1001;128;49;47;34;22;91;28;43;29;17;61;112;25;54;50;40;16;34;53;19;73;18;15;1001;94;24;32;39;1001;17;47;183;23;40;52;47;28;14;25;25;110;78;48;107;31;23;22;31;110;83;31;21;28;171;56;16;14;257;47;63;1001;29;134;126;42;47;132;142;66;53;32;184;57;55;75;24;57;47;31;86;54;49;29;33;1001;47;57;23;17;105;49;108;24;20;28;1001;140;125)
seed_17_level_5-1,1188,21844.19137430191,115649857,5511,(81;171;122;53;35;29;54;17;13;31;57;31;31;30;64;69;48;20;21;47;79;28;1001;19;28;78;59;78;56;86;57;66;26;134;72;64;28;86;18;52;30;23;47;16;158;71;19;31;27;123;36;19;55;28;57;50;57;55;1001;29;30;35;65;127;30;61;78;56;26;18;93;67;39;41;25;29;47;32;14;34;20;30;1001;1001;17;349;52;53;24;63;116;60;27;31;23;19;27;55;34;22;50;54;13;26;22;21;54;51;34;327;50;82;33;25;47;59;146;20;193;36;57;325;1001;49;32;80;21;32;79;73;46;133;77;21;116;55;49;18;28;80;24;28;264;29)
seed_17_level_5-1,1354,22462.01348567009,121560240,5654,(234;106;31;38;75;179;25;21;1001;1001;29;25;15;15;47;77;47;51;57;54;54;20;24;107;28;37;49;46;29;32;57;28;29;66;40;105;46;108;49;33;94;38;169;22;140;71;114;47;20;29;35;51;27;27;37;55;38;1001;57;37;22;41;37;116;50;53;92;245;17;47;24;40;113;28;54;54;36;55;35;49;31;78;61;57;26;68;36;14;31;1001;21;130;35;38;1001;84;39;1001;79;157;56;66;1001;31;57;33;30;54;25;57;1001;1001;18;25;1001;1001;23;309;42;69;33;80;39;34;77;36;49;29;280;41;47;13;77;17;91;38;214;43;142;68;58;84;22)
seed_17_level_5-1,1354,23178.662919044495,129490617,5805,(28;31;25;29;28;74;87;55;86;57;58;27;36;94;37;65;57;22;15;67;24;39;71;137;87;24;30;23;18;28;30;57;56;57;57;83;32;59;28;54;111;37;119;21;18;34;21;47;57;15;31;1001;146;128;83;30;199;58;118;15;24;54;33;53;28;51;33;26;36;1001;117;34;36;54;78;1001;65;34;117;82;78;1001;95;1001;126;30;38;40;28;1001;27;42;63;1001;46;83;99;54;47;65;49;41;17;33;48;23;32;63;108;39;1001;161;105;22;105;28;77;1001;47;64;61;54;117;438;56;1001;45;1001;48;18;32;92;274;20;33;1001;54;1001;48;1001;50;1001;17;209;54;26;20;54;23;38;19)
seed_17_level_5-1,1354,23896.834424972534,137809236,5956,(53;29;42;21;35;24;32;24;108;52;103;47;28;35;54;58;66;50;38;15;1001;1001;26;108;1001;77;58;30;55;25;54;38;31;23;57;57;57;75;51;43;38;88;139;31;59;192;44;51;31;120;57;34;23;66;29;33;58;31;77;71;79;18;43;47;18;38;1001;42;27;31;54;31;51;36;92;38;34;57;35;57;57;56;30;18;127;19;44;44;158;86;91;35;61;1001;83;58;98;1001;53;1001;1001;67;1001;79;53;1001;94;1001;60;33;62;1001;53;53;24;51;25;50;1001;67;64;71;55;56;63;52;96;25;24;1001;110;50;38;1001;111;29;27;35;49;23;280;77;25;25;105;105;26;47;210;1001;23)
seed_17_level_5-1,1354,24547.908571004868,144255672,6100,(23;29;31;19;54;34;125;54;16;28;18;80;21;267;33;68;109;105;207;60;63;51;27;28;65;25;199;46;53;137;31;1001;35;67;25;53;28;121;1001;33;79;49;21;61;31;27;31;83;28;36;47;32;54;29;30;27;54;38;32;15;61;113;28;24;312;32;21;24;71;116;26;39;86;28;199;1001;89;67;76;1001;81;63;57;60;1001;22;31;29;92;1001;57;25;1001;54;143;31;75;79;50;37;23;37;80;94;40;218;67;48;156;33;16;1001;127;50;61;1001;120;82;70;148;35;47;22;54;183;54;195;28;21;1001;47;57;28;77;79;1001;36;29;109;57;57;30;1001;25)
seed_17_level_5-1,1410,25233.461243391037,152144496,6244,(29;29;55;30;28;35;30;23;26;43;87;82;69;39;65;46;54;26;28;113;27;207;85;38;33;78;30;93;62;25;45;50;24;34;118;31;216;1001;48;153;93;158;27;32;32;31;52;52;1001;100;50;83;1001;41;57;21;139;105;146;20;1001;15;19;141;21;1001;25;35;135;49;124;30;38;36;77;51;55;23;83;95;80;24;17;28;47;64;77;33;50;31;32;88;56;114;111;50;35;60;39;18;54;27;69;148;19;1001;58;23;302;24;84;47;77;106;44;57;1001;22;1001;1001;21;1001;29;33;136;1001;77;79;110;56;59;1001;1001;57;115;1001;18;58;33;57;78;1001;140;81)
seed_17_level_5-1,1410,25895.727367162704,159618830,6388,(16;37;22;84;1001;33;120;113;63;22;134;52;79;118;22;63;121;31;29;31;34;32;54;61;18;132;188;134;93;84;34;54;1001;133;119;18;34;34;15;21;35;22;51;20;33;87;52;72;25;49;30;38;28;77;50;20;48;24;50;50;50;47;57;109;25;59;61;31;24;1001;37;19;357;20;44;37;52;277;39;33;56;35;21;1001;60;20;41;56;25;89;80;24;34;150;57;78;105;1001;77;1001;29;21;47;33;1001;48;41;30;50;27;57;1001;118;17;37;123;50;41;37;53;185;51;1001;95;17;29;72;31;83;80;1001;51;1001;1001;216;39;92;118;98;357;62;1001;28;1001)
seed_17_level_5-1,1410,26491.799981355667,163666830,6536,(16;49;90;22;47;89;23;35;36;26;32;31;109;26;178;38;32;161;150;71;27;308;24;39;28;56;1001;50;33;159;27;54;196;269;33;40;236;53;47;77;24;1001;31;114;77;55;26;70;1001;27;29;27;23;57;83;38;56;41;54;23;93;50;42;96;40;26;36;37;25;54;28;84;27;20;25;86;25;55;30;48;57;37;1001;28;73;30;54;79;109;29;82;54;47;22;47;29;51;22;144;286;29;53;56;28;22;27;39;78;85;322;106;29;1001;322;211;107;24;1001;128;47;47;29;105;20;77;92;108;23;24;24;29;31;29;77;25;29;1001;30;21;59;110;24;27;21;34;35;39;53)
seed_17_level_5-1,1410,27087.535633563995,168071203,6680,(26;41;31;38;49;68;27;25;38;60;102;25;37;45;57;106;83;70;54;29;96;115;146;47;30;114;87;110;30;93;18;25;30;27;29;23;132;1001;57;109;25;117;54;18;1001;47;62;45;32;161;108;55;32;50;1001;50;18;17;52;1001;215;63;26;21;200;53;47;19;24;135;47;24;117;33;33;86;27;26;36;294;21;19;51;28;66;54;24;36;34;85;18;51;55;109;24;21;33;1001;55;28;1001;1001;47;28;41;37;23;55;29;38;147;36;310;24;54;27;35;57;147;47;18;29;86;27;77;18;56;18;28;107;21;50;40;49;105;30;105;1001;87;27;109;47;137;47)
seed_17_level_5-1,1410,27754.916068315506,175346210,6828,(30;25;32;36;36;82;1001;44;16;69;30;1001;31;112;88;21;46;23;47;30;129;31;1001;17;35;26;27;79;54;60;30;1001;83;101;33;68;1001;50;33;164;41;24;47;60;47;92;54;226;59;49;57;74;1001;33;112;84;1001;39;38;21;115;81;31;30;67;47;51;42;36;79;17;31;20;57;63;109;16;26;32;1001;36;1001;25;1001;47;1001;38;1001;105;54;31;37;30;17;22;79;21;109;54;27;80;47;77;17;112;25;49;57;36;152;80;80;105;19;77;47;1001;47;47;47;17;47;54;21;17;28;113;23;1001;30;21;32;108;115;27;113;33;14;28;15;47;53;48;105;23;49;63;54)
seed_17_level_5-1,1410,28524.750356912613,186617621,6979,(33;62;29;25;57;30;30;81;47;20;49;57;58;56;89;33;1001;104;18;24;25;70;41;79;18;50;116;79;1001;41;33;17;50;27;34;35;54;110;31;34;44;1001;19;18;1001;23;82;1001;79;25;57;49;77;23;39;47;17;47;29;17;39;87;53;26;109;90;80;23;34;36;1001;55;84;1001;300;1001;29;153;38;50;23;27;27;1001;33;21;31;42;49;62;1001;1001;52;45;51;50;19;50;29;16;20;19;22;33;54;191;147;54;1001;1001;105;17;29;20;24;1001;47;150;1001;81;26;1001;55;32;29;18;26;17;18;33;20;60;38;35;24;1001;1001;108;31;100;1001;25;48;1001;81;1001;54;105;1001;70;48)
seed_17_level_5-1,1410,29160.47302532196,192457898,7131,(60;55;26;333;55;20;25;136;32;34;40;31;32;31;40;57;36;25;118;109;34;14;32;23;18;50;34;77;21;56;25;61;36;32;77;25;14;105;24;1001;17;43;53;27;23;54;29;109;30;1001;266;29;40;83;49;39;22;33;40;31;50;21;31;35;84;26;22;50;28;38;58;82;83;63;52;58;1001;1001;54;77;39;34;31;1001;26;83;162;53;57;69;49;24;48;57;16;32;29;1001;21;29;19;17;57;24;105;32;53;89;34;30;34;49;109;17;30;36;28;25;31;261;186;24;50;38;80;28;110;57;54;28;38;56;84;51;1001;31;109;26;25;21;1001;18;22;27;1001;19;1001;22;1001;47;54;105)
seed_17_level_5-1,1410,29844.624287366867,200858296,7278,(38;40;26;27;31;57;36;47;92;16;73;30;487;31;81;106;26;36;87;78;20;18;24;86;29;54;33;1001;57;15;37;56;50;32;17;1001;1001;32;1001;122;23;82;35;19;30;142;19;27;117;215;29;36;32;80;78;24;31;50;14;19;68;261;25;50;31;29;1001;79;77;154;115;1001;53;15;30;70;31;129;56;18;27;18;35;71;1001;176;40;32;57;51;50;38;35;56;59;79;61;25;20;52;32;1001;1001;114;92;109;48;1001;37;30;30;24;48;33;33;82;21;14;16;28;27;1001;25;1001;26;1001;31;1001;50;50;26;1001;35;132;36;19;50;47;25;98;82;29;47;56;37;24;1001)
seed_17_level_5-1,1410,30503.607786893845,207202888,7429,(31;23;31;36;29;25;36;27;24;78;28;115;99;47;1001;146;28;80;19;124;29;19;17;87;56;112;58;50;50;50;50;21;53;33;38;23;57;30;79;57;28;23;155;41;35;180;288;156;72;26;28;95;50;32;35;116;31;19;54;17;19;30;48;22;51;61;27;27;21;71;74;18;31;26;142;59;1001;33;109;91;20;17;36;30;1001;28;77;38;20;1001;31;28;1001;109;17;1001;47;22;24;109;19;109;39;53;79;80;17;28;16;18;50;83;1001;1001;152;35;1001;41;45;114;48;81;81;122;19;1001;114;90;107;22;109;20;19;190;34;80;76;1001;23;28;1001;23;33;59;66;35;49;16;60;15;26)
seed_17_level_5-1,1410,31281.716181993484,219002436,7581,(27;38;24;34;37;28;54;66;79;105;17;26;1001;17;33;27;21;28;1001;1001;23;109;25;22;30;21;50;21;120;132;24;1001;109;123;34;57;113;81;30;28;25;36;1001;39;52;50;22;28;49;76;83;35;15;83;148;18;41;20;88;88;79;30;60;47;55;24;1001;32;30;33;17;21;39;1001;56;26;26;37;35;25;56;29;58;50;37;1001;109;22;37;16;20;50;20;1001;134;28;113;1001;56;50;1001;45;45;153;120;55;109;65;33;255;160;41;30;1001;1001;21;35;17;58;31;22;109;1001;151;1001;18;1001;1001;31;1001;18;32;1001;25;84;1001;63;107;94;87;29;88;1001;106;58;18;86;23;63;1001;1001;55)
seed_17_level_5-1,1410,31995.183539152145,228397584,7732,(37;41;27;32;59;28;40;31;36;91;80;43;26;43;84;28;32;33;110;36;23;108;104;28;50;35;23;77;35;20;37;1001;87;54;27;25;42;122;20;38;64;25;31;29;53;29;31;209;37;21;146;34;53;309;84;53;1001;29;33;149;22;16;24;37;26;79;18;47;1001;1001;22;28;64;54;29;118;23;30;1001;59;1001;54;50;36;28;32;25;34;38;115;25;23;29;37;129;297;113;21;335;164;79;34;109;54;1001;16;1001;107;15;16;25;57;33;38;36;86;31;1001;34;34;21;34;19;57;80;35;48;47;15;51;51;87;83;83;57;1001;1001;1001;1001;31;30;37;1001;57;88;1001;1001;57;1001;1001;51)
seed_17_level_5-1,1410,32822.91492128372,242680653,7883,(41;34;90;28;29;1001;61;123;30;15;43;32;66;22;59;1001;28;21;63;50;32;50;21;66;1001;1001;55;134;31;41;56;1001;121;1001;25;1001;77;64;1001;1001;34;92;61;139;50;56;54;62;51;29;286;17;89;47;1001;51;29;1001;16;18;47;50;18;33;79;105;1001;15;28;193;79;50;25;19;108;31;27;37;16;24;16;25;105;24;35;27;58;15;1001;25;1001;1001;1001;1001;59;25;59;109;1001;1001;1001;135;35;81;26;30;87;88;16;16;20;51;137;26;18;54;137;1001;34;57;159;30;18;23;50;31;57;54;30;51;22;20;1001;47;32;1001;34;1001;50;1001;57;36;31;1001;1001;14;1001;113;29;57;16)
seed_17_level_5-1,1410,33526.283771276474,251479360,8034,(28;91;1001;25;109;18;1001;39;104;18;26;148;45;30;28;50;83;1001;24;181;26;40;35;30;25;36;24;24;24;58;160;22;32;135;22;27;204;32;15;60;93;31;129;180;57;30;1001;78;51;31;31;19;22;47;38;57;19;114;39;29;25;28;42;40;86;173;81;19;35;57;140;24;30;1001;54;27;54;18;26;109;1001;29;17;1001;13;1001;50;1001;1001;81;36;36;31;1001;18;34;28;57;83;81;109;1001;18;1001;32;108;117;84;29;62;27;14;26;40;30;20;49;21;149;92;53;45;19;36;23;1001;25;35;1001;18;26;24;133;15;26;77;84;17;1001;14;25;47;24;22;1001;47;29;47;33;119;19)
seed_17_level_5-1,1410,34280.62306857109,262735577,8184,(26;75;34;62;39;84;36;58;115;20;34;1001;51;1001;55;66;30;29;31;82;1001;30;33;100;1001;33;32;135;18;21;26;48;22;29;57;13;36;45;32;34;33;77;29;65;16;1001;1001;50;33;47;57;121;50;29;1001;53;17;1001;1001;118;105;54;23;50;123;77;1001;1001;1001;26;33;1001;26;59;23;47;54;154;33;105;154;20;34;50;20;53;1001;51;50;50;50;117;23;109;214;53;24;54;79;57;1001;27;17;50;18;36;109;24;49;36;117;28;23;29;28;20;58;17;17;33;86;27;25;16;1001;1001;1001;27;53;109;30;21;30;38;1001;51;96;132;1001;14;1001;30;109;24;30;54;40;28;1001;30)
seed_17_level_5-1,1410,35062.75819325447,275473953,8333,(49;19;28;25;49;60;22;33;80;16;26;16;28;80;27;17;32;18;33;1001;1001;51;50;19;33;61;25;40;52;84;29;16;36;27;21;45;27;63;1001;41;31;57;30;25;79;31;51;57;62;69;32;66;157;42;39;65;33;25;39;1001;47;105;23;1001;31;1001;35;1001;34;26;14;47;27;26;34;57;52;87;78;79;50;30;60;20;31;50;109;1001;293;63;1001;95;54;32;1001;50;1001;57;1001;57;112;23;19;1001;19;1001;41;54;32;31;1001;113;30;54;1001;57;82;1001;1001;17;27;54;156;39;47;47;29;41;106;1001;50;109;1001;1001;24;16;27;23;1001;18;90;30;77;26;1001;1001;30;119;1001)
seed_17_level_5-1,1410,35902.768068790436,290719054,8483,(136;35;34;50;30;31;18;34;16;31;29;50;17;50;15;29;109;28;26;63;137;1001;27;1001;26;27;47;1001;37;1001;26;25;23;33;29;1001;1001;29;92;28;107;82;49;1001;35;57;49;28;35;47;1001;107;19;1001;1001;126;1001;1001;69;20;50;133;35;57;53;34;20;157;31;1001;108;109;15;38;1001;17;50;50;50;1001;54;79;23;33;57;18;54;16;54;39;56;31;54;26;37;54;1001;1001;54;1001;1001;153;54;55;29;1001;27;1001;1001;1001;1001;113;1001;54;33;1001;29;47;24;1001;19;106;118;18;54;29;55;127;84;145;21;26;25;84;35;81;57;28;1001;22;1001;106;58;23;25;126;1001;47;25;54)
seed_17_level_5-1,1410,36695.03860402107,303964934,8632,(1001;57;14;23;108;57;97;1001;105;127;77;33;1001;34;64;133;47;20;38;33;37;62;1001;112;57;1001;1001;41;68;1001;35;36;22;101;14;18;94;42;38;65;79;19;77;157;24;47;1001;52;23;21;21;35;105;22;18;105;47;1001;56;126;50;18;25;21;21;25;1001;25;31;1001;1001;34;1001;47;30;1001;21;77;105;14;108;29;58;32;54;1001;115;61;1001;34;54;83;54;18;54;1001;20;1001;54;23;54;38;113;36;25;1001;1001;40;40;81;57;54;54;30;31;35;1001;34;77;36;1001;113;1001;32;1001;32;16;33;69;23;106;106;31;107;91;1001;34;32;25;32;36;23;107;34;1001;22;107;22;65)
seed_17_level_5-1,1410,37428.030514001846,313895765,8782,(177;1001;19;151;79;36;51;37;55;1001;77;321;1001;18;24;92;34;24;47;81;61;77;122;1001;1001;24;48;80;24;23;29;47;1001;33;110;127;29;1001;116;22;57;23;319;14;1001;56;47;83;15;21;29;1001;25;50;16;47;77;26;145;127;47;50;30;24;300;77;21;27;27;26;47;17;22;133;16;32;48;15;78;23;34;25;25;35;23;1001;110;1001;20;33;1001;1001;78;48;17;34;49;28;39;108;107;24;48;36;84;1001;18;49;15;27;108;17;31;85;20;57;27;1001;71;16;51;214;77;183;50;33;1001;57;50;47;18;77;36;115;47;64;106;15;26;89;1001;1001;107;33;47;31;1001;20;43;36)
seed_17_level_5-1,1410,38152.23161172867,323747208,8932,(1001;20;158;157;28;20;25;55;58;21;15;1001;105;25;56;148;17;48;1001;27;29;27;25;39;25;70;15;29;18;42;52;1001;27;146;66;54;120;33;48;24;1001;21;25;1001;1001;22;33;38;112;41;254;29;69;24;35;54;126;47;35;1001;25;31;50;75;1001;36;41;31;40;1001;57;25;29;156;29;33;1001;37;1001;1001;59;17;1001;37;57;28;50;1001;86;266;26;53;47;25;56;29;1001;47;79;1001;25;22;36;51;22;39;47;81;37;109;33;26;109;38;59;109;147;54;52;18;21;25;32;50;43;39;30;140;16;35;28;111;112;105;34;28;34;275;19;29;106;1001;14;18;59;65;24;17;1001;83)
seed_17_level_5-1,1410,38922.90038084984,335543996,9082,(31;67;47;24;49;78;35;58;122;77;47;164;103;137;34;21;162;34;35;35;49;47;48;1001;43;48;37;1001;1001;1001;68;49;130;50;48;42;1001;105;78;53;40;18;1001;34;34;106;1001;94;28;50;148;24;50;77;36;51;1001;59;1001;87;26;31;39;24;34;19;1001;83;33;17;81;50;86;38;1001;81;129;22;30;108;50;22;22;135;34;1001;28;15;81;1001;109;51;111;59;112;202;130;36;17;56;1001;47;29;29;23;50;56;83;27;109;79;51;50;81;1001;24;1001;29;33;29;104;34;30;47;24;34;26;28;29;55;47;24;28;34;77;30;56;105;28;32;1001;1001;1001;1001;57;19;1001;45;1001;1001)
seed_17_level_5-1,1410,39573.18164777756,341534617,9232,(1001;1001;33;62;80;32;50;19;29;1001;30;105;81;58;19;124;47;50;84;54;20;50;26;47;47;24;16;26;38;1001;80;79;31;47;80;126;30;28;29;32;34;51;31;20;55;50;19;1001;23;26;84;140;41;57;26;18;52;24;69;28;34;28;14;27;79;134;46;48;1001;37;34;62;54;23;77;54;132;139;35;136;41;50;27;1001;26;65;47;44;25;33;74;1001;37;1001;81;44;54;25;110;50;17;103;79;52;87;92;116;153;18;142;21;55;113;129;24;24;80;314;85;57;136;33;331;77;114;45;33;1001;31;50;82;78;170;36;136;329;36;31;38;149;1001;24;107;131;36;133;47;28;28;63)
seed_17_level_5-1,1410,40312.085862636566,352328417,9382,(34;16;1001;1001;35;1001;17;77;90;54;32;36;57;51;16;66;27;29;31;1001;30;38;30;36;79;47;24;1001;29;24;208;1001;51;31;34;36;58;1001;36;307;109;57;25;77;29;26;1001;17;32;36;213;32;1001;35;77;85;1001;57;1001;27;36;18;34;17;1001;50;24;54;59;54;36;35;26;51;21;83;31;85;107;33;25;146;86;25;34;84;26;109;106;39;20;24;28;25;57;119;25;80;25;1001;32;26;1001;21;33;36;30;77;77;34;57;1001;125;56;26;77;1001;37;63;33;35;109;108;50;31;1001;47;32;26;1001;31;1001;26;28;27;33;79;81;57;87;1001;47;25;109;84;17;1001;26;31;84)
seed_17_level_5-1,1410,41016.00084710121,361232056,9532,(39;56;55;32;79;13;23;52;1001;20;24;37;25;153;77;32;29;1001;19;16;34;29;127;25;18;30;1001;17;40;274;53;163;25;126;57;20;24;82;86;23;119;57;54;108;1001;31;83;37;57;16;136;37;1001;57;34;31;1001;14;58;1001;39;162;89;117;43;20;22;40;104;57;41;53;80;115;19;147;22;22;37;105;95;77;15;28;34;52;51;28;59;298;28;1001;28;28;40;19;65;47;1001;32;49;35;108;35;1001;29;47;18;49;24;1001;105;83;47;323;108;57;1001;27;89;47;32;20;47;145;31;109;52;79;1001;57;49;50;1001;51;47;33;51;38;29;38;26;41;1001;1001;1001;49;85;50;30)
seed_17_level_5-1,1410,41723.09826350212,370618685,9682,(140;62;36;54;1001;114;1001;38;87;29;229;33;47;107;52;30;80;22;53;50;70;41;25;29;1001;64;37;31;23;91;38;50;36;1001;69;25;40;37;1001;31;22;29;79;91;43;1001;1001;109;60;24;35;72;1001;68;58;18;42;80;1001;1001;55;15;83;59;38;1001;19;23;29;23;29;35;47;149;137;21;243;91;101;38;1001;25;25;13;22;163;50;50;29;325;1001;39;14;1001;29;1001;33;50;34;119;23;80;105;37;34;60;101;43;109;54;57;83;28;79;77;21;1001;47;77;30;58;33;18;109;32;135;25;20;43;1001;35;189;50;25;44;30;149;50;50;24;85;1001;34;25;150;32;16;37;49;47)
seed_17_level_5-1,1410,42464.64404654503,381099023,9832,(149;18;42;25;61;20;27;47;77;91;29;47;27;211;55;23;97;33;55;86;108;50;26;67;27;16;54;57;1001;34;1001;19;24;18;16;1001;23;39;31;50;112;1001;1001;50;54;61;24;24;1001;41;20;13;25;57;321;50;87;50;50;1001;61;86;61;23;53;47;27;309;51;33;68;34;57;144;28;1001;21;21;24;20;144;50;479;27;26;1001;26;24;28;126;1001;25;1001;24;50;1001;32;19;1001;47;27;37;38;1001;124;19;24;1001;22;56;33;114;26;28;86;138;106;47;22;17;41;23;37;38;24;23;19;1001;32;49;15;32;168;1001;49;23;1001;118;138;80;17;30;28;1001;165;1001;78;19;133;30)
seed_17_level_5-1,1410,43183.02278518677,390398034,9982,(58;35;1001;17;50;30;41;21;24;31;1001;105;128;133;17;1001;32;80;106;21;21;47;57;44;81;29;50;24;28;23;33;121;1001;50;40;55;50;44;16;24;39;89;1001;36;50;34;31;36;27;1001;1001;57;41;26;82;21;54;25;23;27;38;81;19;75;18;54;59;50;1001;79;30;32;108;28;86;86;24;166;30;84;1001;1001;54;29;47;78;33;50;57;19;1001;133;54;81;50;34;74;31;54;30;139;109;48;32;140;38;83;1001;1001;1001;110;89;60;33;33;50;50;84;87;34;79;1001;16;29;164;1001;16;54;30;87;15;57;14;31;57;1001;64;83;26;50;86;138;26;128;1001;133;169;51;55;31)
seed_17_level_5-1,1410,43815.48954963684,395773943,10132,(22;47;147;23;57;171;22;53;204;1001;57;21;50;32;27;36;47;47;18;29;154;1001;77;36;35;1001;1001;47;202;113;64;87;53;47;21;52;38;20;22;77;28;122;29;18;50;47;1001;50;23;90;15;114;156;57;21;34;52;38;28;31;1001;23;62;56;38;32;28;22;78;54;30;57;30;38;85;96;50;15;154;24;29;150;38;56;81;77;23;52;1001;84;115;30;30;36;135;34;30;77;36;80;24;30;57;210;26;19;57;29;57;49;104;33;109;152;149;86;16;25;67;23;27;1001;85;37;77;33;81;34;43;25;164;34;59;1001;33;19;32;19;140;1001;57;49;84;33;133;26;39;80;27;40)
seed_17_level_5-1,1410,44514.9853849411,404244756,10282,(89;63;21;37;79;77;16;23;1001;375;53;34;16;57;76;1001;22;26;37;14;79;113;60;25;23;32;19;170;40;31;79;41;147;83;55;376;30;36;28;1001;126;1001;1001;50;25;32;57;1001;116;24;33;34;47;32;109;46;26;136;124;87;59;25;57;147;47;82;20;64;1001;140;26;29;153;31;47;30;80;27;23;28;30;47;153;17;1001;47;59;22;51;22;77;23;55;54;124;56;57;1001;34;1001;86;27;56;213;1001;47;82;27;1001;1001;161;29;23;22;149;27;87;154;54;38;86;54;1001;49;1001;40;25;31;24;27;28;84;47;28;31;36;38;25;1001;17;29;19;47;98;47;53;34;34;126;138)
seed_17_level_5-1,1410,45222.15151810646,413611642,10432,(82;24;154;64;19;32;24;38;1001;17;1001;29;53;1001;32;47;57;51;50;24;32;33;27;84;34;1001;47;25;14;21;26;47;370;40;47;115;22;30;37;34;57;80;1001;40;18;41;1001;20;1001;1001;125;118;1001;39;55;149;80;1001;54;50;88;30;23;59;88;28;21;1001;128;57;47;32;23;47;29;38;87;47;29;1001;28;15;19;1001;40;1001;120;54;33;49;27;33;32;54;179;1001;80;18;22;35;57;40;31;86;51;18;42;29;33;54;109;1001;77;33;32;25;21;47;24;29;54;54;129;1001;24;17;25;154;25;83;30;298;38;23;54;136;1001;25;54;81;28;15;86;166;18;51;109;26;57;29)
seed_17_level_5-1,1410,45907.36791706085,421045245,10582,(176;1001;24;138;60;77;81;47;24;126;77;84;36;1001;28;84;25;23;1001;38;166;23;113;30;57;1001;51;16;34;1001;81;52;33;34;1001;47;25;17;1001;25;120;153;1001;57;87;37;1001;33;36;87;77;54;53;80;50;17;43;106;47;23;24;24;137;77;22;17;47;81;77;31;17;47;1001;109;47;129;18;24;25;80;50;1001;129;23;89;24;1001;24;30;37;105;126;49;50;24;14;36;31;58;105;47;34;105;132;142;26;37;32;19;84;55;53;312;92;35;17;24;50;49;110;14;26;34;47;1001;129;25;152;26;13;126;54;109;20;23;159;24;1001;26;154;224;146;47;29;57;24;52;26;149;52)
seed_17_level_5-1,1410,46573.96417951584,428444732,10732,(16;110;21;33;26;51;50;57;34;27;23;34;55;27;26;1001;54;147;83;83;24;32;36;24;33;137;39;31;24;31;16;115;314;37;1001;37;53;32;32;79;36;31;18;145;24;26;18;73;105;29;115;83;53;23;82;34;149;34;18;47;31;1001;26;1001;30;81;57;40;23;36;146;87;109;35;163;54;81;120;1001;33;32;24;83;37;143;1001;40;50;31;40;53;54;87;16;25;38;1001;25;25;32;23;22;31;50;142;1001;43;36;105;142;1001;33;57;29;1001;23;67;35;81;83;27;34;1001;34;163;54;134;34;140;24;1001;32;248;24;1001;21;61;1001;35;116;53;87;166;23;80;38;59;126;57;18)
seed_17_level_5-1,1410,47246.92036294937,435092026,10882,(44;1001;50;90;22;50;1001;365;108;114;56;127;54;24;44;37;24;57;54;48;1001;57;33;54;34;81;36;33;29;57;1001;24;113;136;32;30;51;54;154;57;195;23;1001;18;53;1001;34;53;149;26;34;37;1001;38;150;30;126;168;113;23;20;26;50;35;20;131;57;25;156;35;22;47;32;191;50;77;50;41;31;18;24;54;47;105;24;47;31;77;1001;52;17;27;60;25;33;39;77;137;107;1001;29;115;38;93;25;41;102;58;83;25;1001;48;328;91;33;86;373;21;41;1001;136;31;54;37;23;25;104;127;1001;51;80;116;336;32;28;26;31;157;63;14;38;326;87;37;27;16;25;53;50;71)
seed_17_level_5-1,1620,47897.338643312454,441187788,11032,(134;1001;32;82;87;372;150;36;25;35;57;53;51;54;1001;50;25;23;29;32;143;39;54;53;86;19;29;219;115;27;21;153;53;24;33;115;36;31;73;1001;22;1001;36;28;72;24;47;1001;20;24;364;1001;36;26;24;16;25;22;86;61;40;1001;24;18;283;195;36;27;38;21;40;34;165;37;32;33;39;28;41;154;56;131;36;58;121;19;32;36;130;57;110;23;303;35;60;87;36;50;124;1001;34;50;156;31;24;33;195;47;35;28;130;107;57;37;86;24;34;1001;62;26;130;69;32;50;127;75;148;29;112;149;27;30;87;121;29;25;129;53;1001;33;50;34;24;54;47;32;1001;34;50;35)
seed_17_level_5-1,1620,48584.97456073761,448723029,11182,(142;364;21;32;57;23;140;22;25;1001;29;41;84;57;37;80;57;84;1001;15;28;132;48;38;1001;19;37;85;49;36;1001;21;73;26;39;54;57;32;46;41;61;18;40;250;57;115;16;39;54;151;25;77;84;31;22;47;25;1001;71;134;259;24;27;86;24;39;24;31;90;33;195;54;1001;54;51;52;30;115;36;20;47;54;1001;26;59;1001;53;26;138;112;47;156;314;1001;130;149;21;26;33;37;39;35;149;35;1001;28;1001;30;143;31;50;81;51;145;36;53;57;183;1001;39;43;105;115;50;1001;50;128;53;18;22;32;50;47;24;52;26;33;39;57;24;133;125;1001;184;27;55;22;57;54;120)
seed_17_level_5-1,1620,49207.82898569107,453651519,11332,(54;27;24;57;77;47;29;24;1001;38;24;123;26;35;33;40;112;66;26;54;36;28;52;23;51;32;1001;1001;152;54;28;136;31;57;30;23;45;24;82;69;52;36;109;30;211;94;33;23;347;50;57;35;1001;81;58;29;51;84;205;17;58;47;110;28;1001;58;57;66;21;36;33;154;21;126;37;39;68;35;34;79;149;85;112;45;49;32;27;88;27;57;33;38;105;105;154;34;115;54;131;30;32;53;54;62;53;27;23;29;87;115;24;1001;24;18;1001;29;33;87;105;186;40;29;1001;134;29;37;57;147;1001;17;53;27;53;60;149;26;37;27;35;38;37;29;26;38;88;37;157;105;39;27)
seed_17_level_5-1,1620,49885.13945531845,460257479,11482,(403;110;60;57;61;154;22;84;23;34;48;100;31;164;115;31;24;173;165;54;23;41;209;52;24;57;290;25;29;1001;16;47;107;34;54;25;68;80;57;16;26;1001;40;47;36;24;32;17;118;1001;1001;64;29;112;57;145;24;41;24;32;77;1001;30;114;37;77;150;164;26;24;20;27;37;72;26;1001;47;128;108;30;34;24;28;32;1001;36;39;34;194;79;53;105;141;27;58;33;147;80;35;153;31;23;29;57;24;23;37;266;56;30;154;28;32;57;54;50;210;1001;122;35;59;55;35;50;83;140;212;57;53;26;152;30;50;50;119;23;35;154;1001;1001;147;30;60;24;34;33;1001;55;1001;109)
seed_17_level_5-1,1620,50504.04426932335,464679619,11632,(25;31;109;57;38;98;36;1001;58;78;25;41;70;61;1001;31;26;64;61;31;83;54;37;175;29;27;87;42;30;56;54;32;27;37;33;209;31;15;32;50;35;124;38;112;37;57;57;37;22;47;1001;57;57;24;57;67;54;26;32;37;57;87;49;81;164;57;56;24;37;76;158;54;57;165;36;87;57;36;36;53;23;28;1001;33;24;34;53;1001;50;39;36;82;23;34;122;39;24;116;391;56;57;53;1001;53;56;27;47;57;53;28;24;39;83;126;18;40;135;53;108;122;57;28;54;54;24;188;109;35;152;1001;81;119;54;29;145;31;62;36;31;31;24;22;57;20;50;149;1001;33;27;53)
seed_17_level_5-1,1873,51190.354665994644,472237942,11782,(163;54;334;54;58;39;57;57;26;320;36;26;33;1001;34;32;1001;43;101;24;1001;110;84;1001;54;27;120;37;29;86;60;40;28;41;152;1001;38;29;63;32;62;54;26;37;25;15;56;1001;146;154;73;87;116;32;54;1001;51;150;436;1001;162;1001;27;31;29;1001;94;32;22;157;24;26;28;25;153;75;80;87;52;39;24;50;108;24;139;47;34;110;18;111;29;53;87;34;26;24;31;51;29;18;144;138;1001;37;115;19;53;149;56;86;53;108;22;1001;53;1001;53;22;149;34;34;35;36;28;154;26;36;53;50;37;34;57;152;54;37;23;34;31;34;35;47;82;17;167;40;1001;24;33;31;53)
seed_17_level_5-1,1873,51982.79993009567,483944965,11932,(185;83;34;30;27;116;1001;109;62;149;50;105;50;24;108;29;113;56;23;1001;38;27;92;64;85;34;27;47;1001;205;145;38;153;154;24;87;23;29;53;147;26;133;47;148;1001;59;29;55;28;39;54;114;149;24;24;1001;56;27;26;30;57;35;192;309;37;29;39;37;60;56;154;35;27;60;149;82;25;62;31;85;30;148;1001;33;24;57;1001;79;32;85;1001;46;57;155;25;39;18;24;1001;1001;65;30;45;417;1001;1001;50;92;1001;52;132;51;29;36;38;1001;26;1001;55;64;50;54;150;144;32;227;306;1001;1001;152;1001;150;25;1001;154;398;1001;108;39;37;55;149;53;1001;39;24;1001;27;37;50)
seed_17_level_5-1,1873,52658.71947836876,491075820,12082,(39;18;83;82;339;23;1001;27;17;34;37;22;28;37;133;105;1001;26;35;23;27;1001;42;37;345;40;53;30;26;40;134;1001;51;48;23;50;136;152;25;86;35;19;1001;43;134;1001;109;26;1001;32;291;33;58;38;1001;17;83;27;81;143;257;124;25;82;50;25;103;88;50;117;38;95;1001;119;23;144;82;79;83;16;35;1001;152;115;39;36;55;38;81;36;23;35;47;26;108;41;143;47;31;36;35;25;25;33;39;47;50;149;52;54;31;1001;1001;30;37;105;59;105;212;57;24;181;25;33;33;57;47;25;54;94;40;54;1001;54;31;19;23;105;36;145;33;50;47;33;50;107;293;194;35;281)
seed_17_level_5-1,1873,53374.54929924011,499789698,12232,(51;492;34;50;116;1001;1001;109;41;25;202;76;29;17;86;41;80;116;50;47;93;21;38;152;29;1001;81;25;84;80;173;1001;58;107;1001;164;33;1001;156;82;47;27;54;26;32;78;65;49;63;38;86;52;34;1001;24;39;370;1001;1001;22;34;33;38;1001;84;113;116;34;40;28;155;61;26;82;57;141;47;50;53;86;168;140;47;50;50;22;18;39;54;103;158;57;148;53;31;25;1001;105;37;82;24;57;31;80;1001;139;37;1001;22;24;56;1001;180;18;56;34;288;23;50;191;148;51;38;1001;25;30;35;77;57;163;115;126;77;111;33;29;20;1001;51;24;18;20;105;33;176;32;26;25;331;50)
seed_17_level_5-1,1873,54065.96735262871,507412258,12382,(143;26;50;24;26;142;38;25;28;16;50;37;50;70;16;61;25;30;134;54;20;61;198;1001;1001;1001;146;35;47;47;59;88;29;108;243;189;56;23;33;47;146;42;47;36;53;38;34;1001;77;38;34;23;35;63;39;1001;13;57;38;82;27;128;120;53;51;54;1001;149;56;311;22;26;25;1001;53;56;35;25;40;66;56;162;128;92;54;23;85;1001;271;34;270;1001;1001;164;21;29;22;174;1001;87;163;54;30;32;47;26;84;34;31;16;142;1001;38;88;206;218;152;151;104;35;68;89;28;25;25;313;57;90;36;29;1001;34;29;54;27;76;106;21;50;70;43;1001;18;65;83;110;168;37;87;61)
seed_17_level_5-1,1873,54772.22740674019,515502619,12532,(58;82;18;139;80;26;31;57;1001;24;38;54;18;1001;223;76;33;148;25;33;30;47;25;189;54;35;19;57;27;54;84;149;143;130;34;50;1001;26;47;1001;85;56;79;27;79;51;80;81;37;153;50;37;77;105;312;24;50;27;1001;69;35;1001;27;133;59;57;153;19;28;32;157;26;51;149;34;138;93;151;49;146;87;20;89;78;32;25;62;25;23;33;1001;137;154;33;20;17;16;79;26;96;1001;1001;16;216;345;24;34;95;58;83;41;34;163;1001;22;47;49;1001;1001;50;52;58;20;317;35;133;1001;27;132;21;1001;109;91;31;124;78;123;33;30;35;1001;33;113;73;33;80;47;64;57;30)
seed_17_level_5-1,1873,55451.95971441269,522577174,12682,(90;29;1001;29;26;1001;27;73;25;57;36;67;1001;54;35;251;134;57;36;139;18;19;1001;1001;61;209;50;39;51;39;29;16;36;139;42;16;104;137;29;29;1001;101;56;34;123;13;301;30;1001;29;73;87;22;39;1001;127;32;36;116;32;71;32;28;1001;61;166;16;81;31;87;81;62;288;33;39;50;29;15;298;190;50;48;201;61;37;27;25;77;108;1001;90;53;19;26;35;53;131;39;51;25;34;18;1001;151;34;50;208;24;119;77;36;69;133;51;54;144;149;1001;30;152;129;1001;51;26;24;51;33;154;25;22;26;50;63;20;84;144;57;229;35;32;50;59;15;22;24;16;56;25;41;29)
seed_17_level_5-1,1873,56108.99243235588,529023373,12832,(40;39;114;32;57;35;42;1001;141;34;72;84;28;18;31;61;56;1001;28;23;41;1001;1001;22;128;18;57;28;30;18;75;32;66;162;26;109;15;32;18;83;49;21;57;80;1001;33;52;19;79;117;61;50;20;105;155;32;45;106;1001;85;66;42;86;36;18;67;119;25;129;48;122;19;297;130;36;36;26;35;33;24;205;33;25;51;1001;82;25;54;56;47;122;31;50;28;35;30;27;24;1001;216;47;30;30;47;1001;83;141;24;21;35;25;38;20;20;47;36;30;83;50;82;144;21;1001;31;32;1001;47;152;81;105;33;21;83;86;118;144;35;73;119;124;124;31;158;153;58;1001;215;34;32;37)
seed_17_level_5-1,1873,56742.77814435959,534323996,12982,(27;217;86;54;135;130;27;187;54;96;47;25;81;17;64;26;37;56;197;30;1001;31;1001;167;23;18;30;456;38;57;37;80;1001;153;35;17;29;1001;105;150;40;30;208;1001;56;54;328;31;16;21;35;16;31;77;18;79;84;19;150;34;1001;57;112;122;47;33;1001;15;15;145;26;50;34;140;126;25;35;34;23;57;54;51;17;57;77;34;24;25;121;40;24;105;35;47;27;108;80;34;15;26;280;188;1001;47;25;17;36;147;57;77;1001;38;28;36;35;34;58;148;47;34;54;38;57;84;83;50;196;635;31;23;50;31;47;21;24;81;47;122;33;35;88;30;18;17;47;57;32;108;48;24)
seed_17_level_5-1,1873,57362.24225997925,539410192,13132,(34;83;23;38;33;35;87;36;63;29;77;1001;326;1001;37;23;34;37;147;53;110;33;16;151;55;212;36;28;51;77;33;62;57;28;23;36;35;128;296;54;33;53;57;20;47;65;25;54;25;62;28;1001;98;84;215;34;149;84;27;77;31;54;20;86;77;32;1001;106;191;81;59;152;50;54;31;82;35;38;314;38;1001;41;34;30;31;146;45;30;32;22;79;57;54;82;67;125;83;27;80;23;47;67;1001;39;18;24;87;145;23;61;55;34;51;37;29;54;28;29;1001;60;56;25;54;63;1001;113;32;80;29;31;35;79;32;31;27;1001;40;53;357;27;109;39;25;280;41;140;73;43;88;82)
seed_17_level_5-1,1873,57984.9302854538,543535853,13282,(34;29;242;33;146;23;50;69;86;294;149;275;50;66;149;109;1001;18;153;30;34;30;86;23;1001;119;129;57;28;1001;26;30;40;28;22;93;26;98;86;1001;31;54;16;54;51;32;20;53;49;47;1001;81;1001;66;37;21;108;26;50;322;164;27;51;28;36;109;1001;20;98;26;80;50;39;16;19;47;154;57;35;39;49;28;35;123;14;77;47;34;51;54;47;47;47;148;47;147;36;30;287;47;57;14;54;18;56;51;50;177;126;26;129;28;51;24;64;57;22;88;223;25;117;21;80;154;40;59;26;52;144;208;122;33;31;105;25;27;51;55;50;56;15;36;24;126;149;38;193;149;33;30)
seed_17_level_5-1,1873,58589.865720272064,547592181,13432,(47;50;31;33;212;48;14;53;23;126;18;136;33;36;1001;47;152;30;16;52;85;349;54;80;35;35;54;1001;72;106;32;26;26;13;32;20;50;57;41;26;337;86;25;1001;50;25;33;18;57;30;30;30;28;27;24;40;33;28;143;292;34;24;148;33;21;21;30;57;38;131;144;38;24;34;56;36;146;50;200;24;54;133;19;27;54;57;27;1001;109;88;201;17;26;37;53;25;150;24;56;51;54;26;113;24;34;31;145;86;57;24;113;1001;82;35;23;54;28;16;30;215;51;19;57;112;132;19;72;1001;87;46;23;36;28;210;79;44;57;149;15;51;198;16;1001;57;51;26;47;24;57;31)
seed_17_level_5-1,1873,59150.04212975502,549192185,13582,(32;57;32;87;22;83;32;35;125;57;16;30;17;57;36;146;29;31;26;1001;111;94;61;27;39;24;60;37;27;35;21;190;27;34;1001;18;34;24;57;20;28;90;29;347;30;27;183;50;182;57;27;138;32;323;29;32;23;83;35;111;29;28;39;34;31;29;28;56;33;29;215;25;36;32;54;83;25;56;118;25;156;65;47;108;144;28;26;156;145;54;47;33;26;73;22;110;117;23;50;32;54;80;23;53;31;58;16;87;145;145;148;112;26;56;110;30;22;154;149;150;145;105;25;57;53;26;32;17;83;58;37;19;32;153;36;14;127;311;52;24;37;37;149;144;153;54;36;54;77;19)
seed_17_level_5-1,1873,59764.3871819973,553711096,13732,(54;36;1001;30;88;113;40;25;33;33;349;24;24;36;87;17;1001;36;36;54;112;51;313;39;34;33;79;36;1001;152;132;24;35;36;33;77;15;27;25;25;1001;36;30;28;112;80;47;120;57;53;17;24;17;84;30;1001;1001;25;145;54;82;22;25;32;84;54;38;28;118;77;50;26;115;1001;83;18;37;34;14;32;24;47;37;53;57;47;86;36;27;47;149;54;54;36;50;54;27;29;54;154;28;35;24;143;149;153;196;54;54;25;30;31;35;50;150;27;25;24;122;211;147;24;1001;19;27;16;28;31;31;54;27;58;31;144;27;150;24;198;152;54;24;22;149;31;22;82;60;35;202;191)
seed_17_level_5-1,1873,60482.45567536354,562805479,13883,(38;31;206;35;317;27;23;31;290;34;221;33;18;1001;77;28;31;32;110;82;1001;34;108;111;63;66;86;21;79;28;1001;35;31;57;57;23;80;15;115;17;79;115;1001;15;29;149;131;77;31;1001;33;304;33;1001;29;119;54;47;1001;1001;27;1001;1001;24;24;23;27;150;57;1001;33;21;221;22;50;51;24;84;25;31;35;31;31;33;1001;17;87;28;27;57;57;149;52;83;151;145;53;190;144;154;213;54;37;29;149;54;58;152;44;33;54;19;70;36;25;152;1001;54;51;144;33;38;77;29;1001;49;79;26;54;186;17;34;192;36;142;1001;37;24;36;151;54;35;33;58;53;57;117;1001;40;26;1001)
seed_17_level_5-1,1873,61114.785405397415,568249045,14034,(141;17;123;28;41;25;130;53;54;82;147;27;40;31;87;1001;40;49;26;346;22;1001;47;39;31;29;28;31;54;231;31;33;33;47;33;28;28;47;24;131;15;1001;30;1001;60;26;1001;51;15;75;1001;28;51;33;188;28;82;178;47;73;57;80;105;59;14;1001;30;21;1001;33;28;52;24;54;20;30;18;24;35;1001;194;36;32;122;1001;35;51;58;29;31;22;211;47;122;116;38;23;115;36;51;24;36;77;139;57;30;19;140;54;22;52;31;126;48;24;50;57;41;147;47;121;82;36;24;23;61;23;57;23;30;57;78;148;53;37;36;27;37;147;32;38;33;129;26;154;31;29;16;31;153;23)
seed_17_level_5-1,1873,61778.38918042183,574954088,14185,(32;25;87;112;50;1001;23;30;15;114;14;53;31;33;222;1001;40;187;28;19;37;15;105;22;32;50;152;1001;16;25;507;1001;28;50;86;24;30;360;25;115;31;125;1001;28;1001;34;34;56;27;1001;50;35;24;32;1001;126;80;16;28;24;18;31;115;50;28;78;34;36;80;23;50;33;323;83;187;19;47;38;21;1001;24;35;33;188;153;109;18;1001;135;27;37;26;34;1001;23;213;152;144;113;145;30;192;23;57;23;29;149;56;33;37;30;149;83;193;109;57;33;130;30;66;57;87;52;18;33;57;59;29;55;54;67;30;36;22;1001;34;22;16;54;134;31;24;35;53;22;116;24;205;25;255;36)
seed_17_level_5-1,1873,62481.64135551453,584389322,14336,(147;1001;36;33;1001;30;50;32;20;30;35;1001;1001;15;18;33;34;1001;20;134;15;1001;24;136;109;18;31;33;1001;51;1001;28;50;32;21;51;132;1001;1001;19;34;105;27;23;15;37;197;18;24;24;25;77;25;30;149;26;108;49;124;23;23;77;23;19;147;24;47;54;24;32;1001;145;33;146;38;43;1001;1001;27;53;144;45;56;118;30;57;52;23;153;26;33;29;152;1001;37;24;25;26;36;23;39;286;91;60;77;26;23;19;24;57;56;31;292;112;53;32;35;1001;19;80;33;23;40;21;84;177;26;42;34;1001;1001;313;47;109;25;74;16;212;27;17;19;24;24;1001;47;24;50;49;40;24;31)
seed_17_level_5-1,1873,63092.23395323753,588152601,14486,(23;24;199;26;24;35;23;108;29;359;50;202;298;18;108;23;32;31;154;307;30;194;47;37;31;53;25;83;1001;29;20;35;87;33;38;24;24;358;32;53;24;54;32;33;56;131;56;57;273;19;47;40;79;18;27;79;28;15;26;21;266;28;28;210;1001;340;29;1001;41;33;1001;33;21;197;16;195;23;24;133;120;50;109;51;31;16;54;40;37;33;14;23;120;18;27;16;16;32;18;312;56;34;16;30;105;57;19;13;19;132;37;17;32;50;17;109;54;30;15;30;18;18;24;109;31;24;26;27;204;1001;18;277;33;37;35;18;184;17;20;19;17;15;39;28;1001;48;17;33;160;21;14)
seed_17_level_5-1,1873,63811.97020125389,597766112,14636,(33;148;31;19;274;1001;16;1001;115;34;82;106;30;28;41;22;33;50;18;320;1001;36;35;51;182;1001;23;28;18;129;22;80;28;26;19;27;80;1001;1001;135;59;39;183;38;28;50;1001;31;199;321;39;24;24;32;220;31;63;18;80;198;191;79;50;23;109;32;197;199;1001;20;13;224;50;126;105;21;1001;1001;87;40;53;24;24;32;50;57;82;25;56;149;40;165;47;1001;1001;32;17;111;90;57;47;24;61;59;24;14;51;33;31;84;86;22;53;105;327;30;1001;26;25;212;31;31;51;1001;82;32;79;14;77;29;83;1001;26;14;23;1001;32;47;47;84;57;29;39;105;1001;60;27;54;1001;32)
seed_17_level_5-1,1873,64442.91372132301,602484773,14786,(263;164;57;93;21;28;94;47;88;25;116;1001;34;31;24;50;95;105;106;159;27;31;16;57;39;1001;27;79;171;50;34;77;24;56;36;120;32;133;198;27;1001;105;29;110;15;90;24;217;54;61;77;1001;19;132;21;19;105;16;36;36;36;95;23;53;65;32;31;108;32;31;135;243;87;57;35;191;50;108;182;24;19;177;35;326;26;20;105;30;59;1001;212;34;18;20;34;1001;299;105;279;18;47;136;19;30;30;21;24;14;47;30;22;286;32;50;183;84;197;22;143;50;32;1001;122;119;276;33;14;17;47;18;28;33;50;33;136;31;19;21;44;80;34;54;1001;18;19;133;22;83;25;19)
seed_17_level_5-1,1873,65180.28620696068,611533168,14936,(202;20;32;126;22;324;34;25;16;33;138;40;32;24;200;1001;53;77;199;17;1001;47;24;296;26;1001;31;14;30;79;78;200;115;47;57;14;216;30;334;265;1001;36;31;105;24;88;21;350;200;91;33;31;97;63;1001;83;1001;133;109;1001;83;47;83;28;34;57;67;30;35;25;24;109;30;47;279;17;42;20;22;20;115;131;50;37;111;54;27;21;1001;66;24;15;15;37;60;30;1001;19;1001;1001;19;424;1001;36;22;66;189;61;134;22;108;31;182;340;58;354;18;183;194;24;21;57;35;110;1001;1001;50;108;1001;36;20;138;329;344;77;138;25;35;38;210;31;109;1001;30;38;21;36;35;113;32)
seed_17_level_5-1,1873,65896.92917346954,619784044,15086,(203;31;200;210;1001;31;123;1001;29;32;1001;79;34;34;33;205;14;27;47;63;26;53;162;18;1001;109;132;593;109;77;105;32;18;47;301;149;127;360;17;106;47;19;35;31;22;56;109;206;79;133;77;84;57;1001;146;348;20;30;344;201;13;348;113;47;21;28;47;1001;26;30;153;47;285;19;50;50;30;38;287;15;37;41;1001;31;332;136;85;1001;39;1001;29;109;190;144;142;38;32;90;136;194;28;38;37;32;24;47;35;38;451;56;50;103;18;31;29;47;50;1001;65;85;33;35;17;73;50;17;1001;115;47;77;1001;22;29;1001;1001;319;47;33;316;80;38;148;130;57;22;15;38;50;31;20)
