seed_10_level_5-1,708,471.2341501712799,326889,150,(100;27;61;100;51;100;100;23;76;40;147;57;47;99;250;96;73;17;100;25;48;124;100;24;27;19;32;29;69;37;21;26;40;34;38;58;98;40;52;60;19;49;48;68;18;18;41;21;30;51;15;29;16;31;76;13;17;71;100;19;29;89;26;150;17;69;134;100;33;63;46;24;27;47;78;116;30;73;100;88;36;17;37;24;103;34;28;92;36;87;16;53;24;64;31;100;34;53;34;23;31;35;56;45;80;81;200;15;23;93;53;30;21;17;65;22;70;39;100;35;34;20;53;25;27;47;28;100;36;37;83;109;19;25;54;79;140;63;30;36;39;21;21;113;21;100;29;27;33;32)
seed_10_level_5-1,811,973.3685960769653,802848,304,(100;50;100;100;100;61;73;100;108;100;100;74;100;84;39;77;76;150;100;52;70;61;77;100;68;100;41;68;36;38;53;100;146;44;118;58;27;100;84;100;250;76;17;26;25;191;50;24;19;47;21;19;23;34;29;33;79;17;200;36;200;26;30;52;34;29;78;18;55;18;30;100;150;100;58;19;56;24;27;20;23;15;33;86;53;27;51;26;51;39;17;21;38;200;105;23;23;56;14;21;53;66;33;115;35;26;16;21;41;57;25;53;16;36;51;54;30;75;55;18;19;23;34;25;38;105;62;41;97;35;59;165;51;26;16;54;18;23;47;28;50;34;44;39;24;200;113;56;22;29;24;300;16;200)
seed_10_level_5-1,811,1468.818062543869,1238652,462,(100;100;46;45;100;100;52;100;100;64;56;100;100;80;100;100;100;57;100;52;100;100;100;38;100;45;65;40;70;35;100;100;100;137;24;62;128;67;34;22;32;77;58;56;57;36;36;21;35;32;15;26;57;24;45;30;27;19;21;110;108;27;53;18;26;40;32;24;59;79;66;60;83;19;51;32;33;32;35;16;31;30;26;64;28;17;21;54;16;18;30;30;72;39;49;23;38;78;18;28;19;29;39;29;19;35;43;80;32;57;27;14;113;77;115;63;82;103;19;28;200;59;49;43;82;30;31;25;85;63;24;77;35;47;36;59;200;26;200;29;300;100;30;53;50;200;22;34;87;82;200;66;16;50;115;67;53;100)
seed_10_level_5-1,811,1956.1135838031769,1621635,619,(100;100;100;92;57;95;66;48;45;57;100;100;100;73;92;53;94;100;100;150;100;41;111;150;100;105;99;59;100;100;40;55;100;76;100;40;34;30;18;19;90;21;100;31;17;21;19;23;110;87;47;23;36;21;23;23;19;34;32;29;24;58;19;25;200;150;54;42;17;18;18;37;22;26;200;21;64;50;14;31;34;37;14;30;22;26;69;26;47;66;33;29;25;16;24;79;26;50;23;33;49;44;31;53;22;23;16;46;37;22;121;31;33;28;25;35;62;38;36;57;65;110;112;25;50;59;54;72;57;20;27;30;57;40;47;38;33;83;81;40;26;150;56;200;25;32;20;35;143;35;74;105;200;90;39;21;17)
seed_10_level_5-1,811,2438.424190044403,1954976,777,(100;100;100;53;100;100;77;100;71;100;100;100;100;100;100;62;90;100;100;82;150;100;100;100;100;99;54;46;61;38;83;45;28;46;120;26;47;38;60;20;96;33;23;44;32;36;50;18;38;14;32;36;66;53;79;21;116;22;27;96;13;19;26;32;29;23;128;82;21;89;34;47;77;27;31;29;15;28;29;34;26;30;30;31;23;15;85;60;102;36;26;29;51;35;50;19;31;78;42;41;35;37;25;20;63;56;31;31;68;27;73;44;17;27;37;54;16;24;19;59;54;47;49;58;16;38;56;38;54;63;22;58;50;30;22;17;54;57;40;16;33;200;29;18;31;200;21;37;57;19;27;52;18;105;200;31;34;100)
seed_10_level_5-1,811,2920.268243789673,2361084,931,(100;100;100;100;96;100;52;100;100;100;100;67;100;57;66;87;71;57;128;100;78;39;95;100;100;42;96;100;63;58;25;89;96;37;54;21;31;28;63;32;200;51;100;50;34;57;21;33;44;26;102;26;61;33;51;40;27;25;58;79;25;86;33;28;50;70;25;22;24;129;53;28;76;33;16;79;57;200;47;37;32;24;15;32;34;55;84;150;49;38;25;41;35;18;20;34;20;61;31;28;15;20;82;35;24;200;85;19;40;20;34;21;35;25;57;26;27;14;35;20;62;93;200;25;18;106;27;49;54;250;86;23;22;34;40;17;92;52;77;39;33;18;47;17;134;150;37;23;26;78;34;35;164;29)
seed_10_level_5-1,811,3407.6425833702087,2843018,1085,(73;100;68;39;100;100;100;82;53;67;100;100;67;62;100;50;100;83;95;100;93;45;62;68;40;100;41;88;49;34;100;58;46;73;81;19;33;20;27;17;19;39;69;28;20;36;33;26;100;37;138;18;86;22;56;20;40;63;18;35;37;19;33;52;76;400;28;27;65;44;61;33;38;21;200;35;16;41;100;22;27;23;35;50;40;41;34;14;40;47;140;34;35;31;78;26;33;15;36;81;105;16;26;19;18;200;37;19;33;30;59;19;16;35;18;15;32;27;100;53;100;29;57;50;50;56;63;52;57;109;30;34;39;85;56;34;200;49;65;200;18;50;28;38;16;18;51;200;174;200;110;93;200;59)
seed_10_level_5-1,811,3894.82790184021,3139834,1243,(100;89;46;73;100;75;45;50;100;100;100;100;100;83;68;56;100;81;77;75;100;100;100;100;80;79;77;49;45;100;35;96;40;128;39;75;53;58;32;43;36;105;56;15;31;18;54;20;28;77;26;36;23;19;36;26;34;21;23;31;61;43;80;15;16;21;17;105;24;27;80;53;48;150;45;57;70;31;25;27;28;24;18;23;47;19;43;24;53;29;19;37;28;24;67;86;38;18;15;33;32;28;31;33;33;28;29;35;57;34;32;19;63;79;16;57;15;28;30;100;32;139;67;57;60;36;49;28;56;80;17;47;56;23;36;47;38;23;52;68;113;46;38;46;26;52;58;28;60;87;200;79;21;57;78;41;105;23)
seed_10_level_5-1,811,4367.102968931198,3401976,1399,(45;68;100;93;100;100;100;50;100;50;64;82;100;100;84;95;100;100;36;100;100;48;100;100;79;100;50;50;98;91;49;100;63;49;45;30;33;26;100;33;17;27;46;37;36;33;39;46;32;27;77;32;77;35;18;22;23;29;55;137;42;29;31;28;30;29;45;83;14;26;34;57;14;91;54;32;20;17;18;28;36;118;61;55;38;29;31;24;38;16;107;42;28;17;75;20;32;22;34;15;86;67;35;22;100;31;33;26;26;20;29;92;29;20;22;50;15;25;22;19;51;100;27;54;47;25;37;114;33;30;33;79;30;28;57;38;31;67;47;34;62;23;24;36;20;18;113;37;24;27;50;36;28;32;95;67)
seed_10_level_5-1,811,4830.797511577606,3732105,1551,(88;100;93;100;100;57;100;100;100;100;93;100;100;100;92;89;44;100;39;67;41;46;76;100;100;100;100;83;122;100;116;61;83;100;20;46;100;129;26;51;21;21;50;58;25;66;17;15;31;31;37;41;34;23;39;17;55;20;76;23;26;31;35;30;28;26;70;28;26;26;57;19;27;33;74;34;54;36;34;49;36;38;150;25;20;35;33;31;88;32;35;48;52;115;50;31;62;21;29;44;27;24;54;38;34;17;25;61;27;74;33;36;22;35;34;100;20;21;22;27;47;28;25;33;19;47;107;72;108;200;84;39;70;32;82;200;61;35;27;26;47;59;115;54;33;91;86;25;71;52;35;35)
seed_10_level_5-1,811,5295.1215143203735,4117193,1704,(100;100;100;100;100;100;100;79;87;100;100;100;100;89;55;100;100;100;44;144;70;29;100;100;150;80;41;75;100;38;46;100;68;85;103;114;34;100;32;30;28;75;76;21;21;15;49;33;28;35;28;200;38;81;42;80;36;35;85;37;38;34;30;27;25;36;150;125;81;19;19;22;18;28;128;31;28;40;111;56;60;38;25;28;36;32;23;41;100;25;29;30;22;30;23;17;48;35;57;31;35;37;33;25;80;35;36;17;32;21;21;34;17;40;79;21;28;92;28;125;200;100;100;25;111;54;160;62;17;55;105;48;31;56;24;16;54;47;15;13;72;27;122;22;61;66;31;148;31;42;86;40;47)
seed_10_level_5-1,811,5779.892721652985,4487134,1860,(62;64;70;83;97;39;100;83;70;86;45;75;71;100;84;55;50;60;88;100;93;92;76;100;44;100;59;65;33;100;84;45;106;54;35;51;47;29;28;37;53;16;32;100;39;28;47;44;64;47;105;22;34;54;27;14;14;33;49;42;26;25;33;18;18;29;58;400;25;48;57;32;20;57;36;32;109;30;21;36;19;27;23;45;24;58;25;54;57;36;29;79;34;34;38;63;17;56;31;26;33;26;27;36;28;24;24;27;16;93;28;36;28;26;33;17;18;25;50;37;59;133;47;128;63;88;69;41;52;47;56;61;207;30;38;18;28;61;35;30;200;17;18;82;109;28;87;36;69;148;17;19;33;50;97;25)
seed_10_level_5-1,811,6258.739738702774,4854873,2016,(45;100;100;70;100;100;100;67;74;86;98;87;50;73;41;52;131;100;94;46;39;90;45;99;96;62;91;100;41;68;100;100;82;86;61;66;45;65;29;31;64;31;37;37;25;18;25;100;25;78;50;33;49;23;69;41;27;24;55;41;30;45;34;72;22;27;27;13;26;31;150;18;37;50;62;22;96;26;82;35;23;33;22;59;31;54;28;15;79;24;30;41;28;13;32;15;31;39;32;29;33;24;15;27;30;34;100;34;26;15;34;19;26;200;250;64;67;39;53;16;25;36;44;26;17;56;24;78;77;49;27;26;39;70;47;54;117;71;32;200;75;93;37;135;22;14;79;77;38;34;27;200;33;35;187;47)
seed_10_level_5-1,811,6736.985963582993,5183719,2173,(100;100;48;100;100;41;96;57;92;100;100;100;61;54;70;100;51;100;100;100;94;100;46;71;65;100;100;64;100;37;75;100;97;94;100;34;45;98;61;21;28;54;31;17;19;30;31;42;65;31;24;17;19;53;40;19;29;28;54;41;23;19;47;32;35;32;40;36;40;91;19;53;24;72;57;35;15;53;18;54;34;36;56;38;53;47;37;21;19;33;38;14;34;47;24;16;19;24;30;31;34;57;30;25;34;32;47;64;22;34;28;26;109;35;28;30;22;120;151;31;29;50;51;65;103;88;49;27;53;50;63;31;28;81;17;17;23;139;102;271;26;56;109;23;63;35;81;61;36;79;52;120;112;28;33;77;22)
seed_10_level_5-1,811,7216.553639650345,5555866,2329,(100;100;100;77;100;69;84;100;100;100;100;100;80;100;100;87;36;100;100;39;56;107;40;100;100;53;41;100;67;41;25;46;55;74;30;53;57;54;100;100;53;50;34;18;49;64;29;27;28;16;20;15;35;49;42;110;31;33;77;28;25;15;77;23;37;150;25;19;24;27;59;22;55;150;32;24;82;68;34;24;63;31;28;25;23;16;76;48;36;33;39;57;19;28;24;30;40;38;37;37;200;26;37;38;34;25;170;23;15;38;32;17;69;46;14;31;31;33;28;27;22;134;97;154;57;82;32;91;24;29;57;60;57;58;140;25;14;57;92;34;34;110;28;51;49;74;250;39;135;64;41;27;39;34;109;59)
seed_10_level_5-1,1410,7704.411988973618,6033872,2487,(91;100;70;71;71;44;52;100;38;100;95;95;92;68;100;77;50;100;71;86;52;50;100;100;100;87;100;300;100;100;100;33;38;31;100;48;100;38;91;69;35;35;22;25;31;38;19;20;18;17;18;31;51;72;28;29;39;57;32;104;85;54;18;32;19;35;28;38;19;22;63;25;21;95;30;100;53;96;25;200;36;19;17;26;31;25;53;85;25;34;21;45;31;23;23;24;24;18;26;52;33;40;59;26;23;32;35;43;23;37;16;25;37;32;47;17;28;22;78;38;35;200;53;52;200;39;61;36;64;23;32;54;54;100;32;93;55;40;75;52;49;56;50;57;27;21;17;165;27;37;29;40;34;38;46;450;200;100)
seed_10_level_5-1,1410,8217.784350156784,6435547,2657,(100;51;63;91;84;100;100;73;65;56;42;34;94;124;137;94;19;34;18;29;17;17;22;27;18;36;32;23;23;16;218;16;16;37;81;23;94;41;18;16;17;15;23;59;64;25;16;18;16;25;26;28;47;39;31;31;34;59;28;17;24;29;33;200;25;14;79;250;31;66;27;36;200;40;200;43;77;31;28;27;62;33;21;34;30;71;40;92;28;57;37;28;17;49;30;31;50;24;23;33;33;26;27;69;28;54;35;30;33;15;32;38;15;21;23;144;61;27;40;27;56;61;55;26;32;34;63;59;28;31;57;26;25;43;32;38;31;40;38;47;53;62;26;25;100;83;69;281;24;71;28;18;29;25;32;200;84;18;78;64;19;21;77;35;69;58;164;44;34;200)
seed_10_level_5-1,1410,8642.345858335495,6736449,2800,(100;66;100;41;100;77;60;24;85;36;19;33;36;40;80;37;17;44;24;28;33;55;16;36;33;33;64;34;100;28;31;34;29;28;108;78;41;54;20;25;32;24;35;29;19;26;218;69;38;50;29;53;34;25;27;32;20;77;23;36;32;24;54;16;24;33;129;38;61;50;35;37;113;27;27;20;63;26;32;25;41;14;37;26;26;29;37;109;117;15;14;111;18;38;56;83;85;219;15;54;49;64;15;33;26;39;84;80;86;56;20;56;28;62;96;48;94;57;32;52;200;250;60;86;41;34;38;84;50;57;94;57;57;125;22;31;54;16;18;30;47;52;18)
seed_10_level_5-1,1410,9091.888154268265,7013952,2951,(78;52;121;39;48;64;19;38;86;30;39;50;54;53;58;47;27;34;40;26;54;200;15;100;25;21;32;23;33;62;18;30;26;14;24;20;49;23;33;57;31;45;100;21;26;89;70;33;138;21;35;87;81;40;54;16;17;25;100;35;16;57;91;33;26;56;25;200;39;82;42;16;32;47;34;18;18;23;29;26;21;15;38;26;33;27;71;46;25;37;39;92;94;86;63;30;27;35;14;113;51;38;81;150;54;24;48;34;24;200;100;75;17;50;51;54;35;73;60;57;53;32;53;25;106;58;63;49;49;34;49;47;52;53;53;42;34;108;29;34;40;31;33;51;37;93;114;60;27;22;56)
seed_10_level_5-1,1410,9526.627984762192,7331485,3093,(100;35;53;79;31;57;100;58;42;45;19;21;17;46;47;14;22;114;33;32;100;32;22;27;70;20;54;33;29;69;14;35;217;68;25;14;47;52;20;17;24;47;32;26;29;15;26;27;131;23;53;14;36;29;20;22;22;100;100;38;206;115;33;39;30;37;17;63;109;82;39;51;98;31;37;55;17;30;27;37;57;53;187;57;30;27;43;109;66;17;36;18;34;39;189;20;43;23;22;57;24;25;69;88;54;62;85;32;25;23;17;26;26;22;50;22;32;19;19;32;35;200;28;79;100;135;58;100;100;116;200;34;28;24;16;36;78;100;43;87;16;54)
seed_10_level_5-1,1410,9975.147030353546,7711227,3240,(96;64;49;64;115;18;33;54;35;69;100;146;49;14;54;32;44;32;16;18;32;250;100;30;16;34;15;22;200;18;100;58;34;109;36;37;28;30;32;29;24;92;29;24;105;167;45;27;16;25;34;38;150;50;67;86;24;35;21;26;67;28;38;55;18;29;26;25;15;28;38;35;83;33;37;54;34;20;33;80;34;155;16;35;64;24;57;19;31;110;65;36;150;57;88;27;28;26;57;36;38;22;33;23;61;25;200;200;32;35;33;24;31;189;30;51;28;79;88;18;50;19;35;32;19;54;110;37;47;117;78;28;86;71;200;200;34;35;24;19;14;36;113;57;25;30;23)
seed_10_level_5-1,1410,10416.54624581337,8064890,3386,(42;24;77;66;42;81;36;36;30;15;20;28;19;31;33;54;28;38;53;57;111;27;22;32;26;21;25;20;18;15;36;23;18;28;41;81;50;18;55;27;35;26;65;16;56;82;103;18;37;99;15;23;54;31;28;48;30;33;18;100;51;37;22;13;15;30;47;19;200;200;69;31;36;25;34;43;82;25;26;97;75;51;42;33;35;37;79;24;61;109;79;28;54;23;24;110;53;100;200;26;20;35;15;65;54;106;43;100;200;112;35;32;83;33;68;49;32;27;29;21;25;169;22;48;17;47;48;200;200;71;21;38;30;39;100;54;77;50;47;47;50;200;29;100;56;200)
seed_10_level_5-1,1410,10870.107294559479,8419015,3534,(54;26;68;49;104;83;43;55;23;43;47;76;36;27;22;54;32;20;37;18;81;117;18;50;36;30;57;18;35;33;36;23;19;113;26;35;41;23;46;37;113;16;15;54;24;31;37;300;25;68;27;62;23;26;25;28;57;57;150;60;100;24;57;32;57;25;80;23;29;64;53;54;31;31;76;47;17;17;83;30;18;22;47;200;30;200;41;133;29;54;58;28;25;25;37;79;68;31;15;35;77;32;76;47;113;17;18;29;37;33;26;25;207;16;47;16;20;35;80;18;18;28;24;58;19;250;66;26;24;24;58;160;16;108;149;70;30;54;59;60;76;84;39;29;100;32;52;76)
seed_10_level_5-1,1619,11334.56849861145,9017691,3680,(83;62;50;32;15;100;75;34;42;36;22;24;25;18;28;52;28;49;29;77;107;21;20;16;94;100;18;27;59;22;26;28;17;16;16;27;66;48;34;35;40;25;36;36;100;81;32;77;25;51;50;200;137;26;66;61;23;47;39;17;19;29;26;21;50;27;105;122;60;64;86;88;61;100;200;76;82;200;127;23;35;31;29;129;162;54;157;24;28;80;200;17;200;35;49;54;19;26;29;18;39;108;40;36;87;59;204;31;23;23;79;31;51;67;203;181;105;24;31;141;69;50;38;110;100;200;26;30;47;450;32;27;200;15;24;51;34;25;64;84;77;79;37;29;332;63)
seed_10_level_5-1,1619,11783.685064315796,9420411,3824,(88;56;67;18;47;24;18;16;26;17;25;46;41;71;150;23;31;24;25;15;31;31;34;19;15;15;28;46;20;32;23;37;27;27;30;125;31;54;33;54;20;28;53;163;80;24;28;48;31;62;37;25;79;29;121;27;34;54;105;19;32;105;54;47;61;19;200;15;54;26;16;46;37;38;55;37;34;73;30;127;200;54;24;54;19;20;82;23;141;188;47;51;59;31;29;200;47;50;196;50;59;23;36;47;200;54;32;35;56;24;50;51;52;200;111;56;54;36;85;127;28;15;24;36;17;42;30;250;54;24;17;29;185;200;16;117;68;38;17;110;25;24;54;54)
seed_10_level_5-1,1619,12237.819958925247,9935103,3966,(51;44;31;22;16;36;19;26;52;25;26;26;28;32;19;22;100;32;37;29;36;38;41;18;35;23;17;14;28;67;38;32;16;23;30;73;53;44;26;56;90;300;200;26;78;37;18;82;29;19;51;200;37;34;81;16;50;80;48;114;37;54;26;23;76;18;55;40;87;28;63;27;200;55;227;77;38;19;58;76;17;200;18;33;57;87;65;250;39;39;100;53;19;80;26;32;41;38;167;36;93;200;84;109;24;64;200;47;146;18;33;110;24;24;35;29;182;54;100;20;47;100;150;141;79;100;106;131;97;99;77;22;25;105;77;200;80;18;200;50;31;20)
seed_10_level_5-1,1619,12685.32588815689,10414313,4110,(69;250;76;20;23;31;24;20;30;27;33;33;75;69;39;66;28;38;57;40;66;37;28;21;37;32;25;47;36;18;29;34;47;24;23;29;28;15;20;25;36;150;56;35;75;223;37;35;93;53;39;47;26;81;33;33;37;110;34;17;88;43;77;55;47;200;37;29;39;78;15;104;200;31;58;158;141;14;37;57;31;32;34;32;107;80;100;27;80;38;30;67;54;64;54;16;62;51;22;109;16;33;19;83;19;200;200;53;50;24;84;115;16;29;145;40;18;64;200;18;105;125;24;26;115;200;19;117;128;32;21;201;22;47;84;16;31;35;248;200;78;88;36;18)
seed_10_level_5-1,1619,13115.487314462662,10813286,4251,(35;25;14;17;20;15;31;15;150;23;95;25;38;34;17;22;35;20;32;20;23;21;74;75;51;38;36;49;79;109;48;17;28;54;40;24;17;100;27;34;24;31;22;122;46;68;215;57;26;83;54;54;54;87;27;57;200;24;200;31;200;33;16;31;79;32;100;89;47;122;111;17;100;32;150;205;100;47;34;163;34;16;50;33;52;32;26;38;39;35;200;128;53;26;48;94;22;41;25;16;145;23;29;81;80;22;26;49;41;31;42;32;28;50;23;83;100;40;38;58;92;100;38;105;47;34;23;77;129;77;55;59;20;82;39;46;35;58;50;150;200)
seed_10_level_5-1,1619,13561.895739555359,11246005,4396,(27;67;33;15;34;63;79;46;34;57;57;24;30;59;50;81;17;21;50;23;31;57;32;20;22;50;96;41;69;100;24;57;29;59;27;30;100;34;85;61;23;21;25;30;116;200;41;14;31;14;17;32;15;29;200;54;126;30;139;40;67;51;21;24;31;21;17;34;27;114;23;63;16;15;21;48;36;75;200;37;28;90;55;38;18;18;234;27;89;95;200;38;35;87;24;54;100;40;53;14;22;27;40;109;112;24;37;38;29;80;250;32;38;17;33;29;18;16;38;77;77;47;19;54;78;24;133;34;98;36;74;21;112;200;37;50;57;59;200;300;64;21;100;32;97)
seed_10_level_5-1,1619,14008.464862585068,11620184,4544,(25;47;23;32;32;21;31;49;49;35;100;26;15;75;35;15;38;77;27;49;35;41;34;22;22;56;33;100;14;29;61;100;52;75;200;37;35;100;33;121;20;70;26;26;23;32;40;116;16;35;56;57;27;89;40;25;29;36;37;50;24;28;83;61;40;30;82;57;25;39;100;25;80;14;22;21;300;200;14;26;38;30;38;25;20;25;35;16;25;34;118;38;155;30;31;19;33;27;43;112;200;51;27;31;32;23;51;27;77;65;53;34;200;22;19;100;18;105;29;200;142;23;25;77;35;36;33;62;100;35;200;28;82;51;32;26;19;20;45;109;22;18;64;150;58;54;35;24)
seed_10_level_5-1,1619,14437.804518938065,11935008,4686,(55;100;25;41;70;26;38;47;100;29;30;22;25;26;39;57;100;21;27;29;31;31;16;31;30;36;27;23;26;82;36;40;115;31;53;14;52;48;57;22;28;31;24;39;76;30;20;54;15;16;16;58;18;300;26;33;27;200;53;34;56;39;32;19;26;89;56;68;47;200;13;132;55;19;26;52;50;57;23;109;80;28;37;50;54;57;23;35;30;81;38;30;33;28;26;14;17;15;60;21;117;32;64;54;28;24;23;47;40;99;100;33;27;200;58;99;200;19;130;33;35;79;63;34;26;22;54;47;21;121;54;50;31;31;21;22;32;74;79;24;55;149)
seed_10_level_5-1,1619,14879.480947256088,12393757,4829,(78;15;22;43;38;30;25;37;35;22;22;37;80;34;18;16;27;96;100;42;30;200;20;30;50;13;200;22;82;47;30;24;71;137;51;27;31;34;57;57;54;57;47;69;22;47;22;61;29;174;21;29;26;52;200;32;51;161;31;39;31;47;54;29;38;22;55;54;25;122;19;200;22;57;200;29;116;77;15;198;54;55;33;25;57;38;79;29;115;32;86;28;35;105;50;22;34;200;36;54;83;88;16;59;32;24;26;29;56;29;24;36;117;28;38;200;50;49;200;25;200;14;16;147;62;52;38;48;15;19;18;32;52;68;35;200;49;45;121;26;200;156;91)
seed_10_level_5-1,1619,15332.501186609268,13412933,4970,(77;20;125;23;35;48;20;35;36;33;26;19;27;26;96;79;1001;20;34;100;97;20;32;14;21;29;250;28;27;21;40;48;42;150;56;202;27;47;31;47;47;28;20;164;33;85;36;113;98;14;15;91;49;200;53;37;50;24;105;50;25;18;50;47;250;200;58;29;34;63;58;153;28;63;80;26;32;27;20;29;33;76;150;30;35;115;26;57;79;23;27;54;54;22;29;87;18;200;193;33;23;86;200;64;41;48;61;38;149;200;80;50;37;200;49;200;128;39;47;54;50;35;167;28;57;28;100;25;24;116;76;78;66;68;18;200;47;56;142;35;37)
seed_10_level_5-1,1619,15789.615644693375,13970518,5113,(61;57;73;39;25;50;13;26;50;33;29;21;23;16;47;133;16;16;78;21;122;24;47;14;34;21;53;113;18;16;36;100;106;45;137;77;35;47;77;47;34;24;57;57;20;79;54;40;21;29;57;19;60;36;24;163;35;41;32;39;95;45;200;14;300;47;50;20;37;77;23;146;24;145;24;25;36;200;32;27;81;86;51;47;79;31;31;37;54;77;170;84;100;92;34;250;200;56;54;54;17;76;142;100;200;43;25;18;100;65;30;28;40;18;28;37;47;28;18;16;30;50;54;58;32;25;200;40;53;350;40;42;19;75;159;200;200;26;200;47;17;131;121)
seed_10_level_5-1,1619,16229.633217096329,14393179,5257,(33;21;29;41;47;77;95;35;83;110;40;34;35;49;27;50;100;89;30;200;80;16;15;20;159;31;36;21;19;26;40;53;23;25;100;16;19;54;36;34;36;109;122;49;60;39;28;280;126;150;26;57;27;136;80;54;27;15;18;16;34;29;77;36;25;27;31;24;85;22;27;100;200;25;79;48;32;105;85;35;59;80;27;23;78;200;37;50;41;57;19;35;184;27;19;100;47;51;51;166;51;33;44;32;18;47;28;47;24;41;76;200;60;200;39;24;37;47;200;55;36;32;18;79;32;109;16;29;148;32;86;26;74;49;29;105;63;101;29;77;24;36;39;29)
seed_10_level_5-1,1619,16672.629502534866,14782065,5401,(150;100;52;34;32;61;36;81;58;16;72;22;24;35;25;200;17;62;48;56;30;80;33;200;77;80;22;113;30;24;73;115;116;39;41;57;38;36;102;53;30;40;44;34;174;83;57;66;62;24;31;80;25;28;105;15;27;82;35;25;35;50;28;79;17;54;47;47;105;16;20;47;53;50;17;32;31;54;37;159;57;30;39;62;31;47;37;26;200;38;27;24;39;28;83;34;32;32;20;59;57;31;37;31;18;26;24;200;20;18;87;113;28;48;24;197;56;200;238;28;25;62;77;79;59;78;69;20;57;52;92;30;38;19;137;86;87;57;129;40;33;25;30;16)
seed_10_level_5-1,1619,17129.739332437515,15180839,5552,(100;53;50;26;26;67;15;29;30;74;34;50;34;200;54;29;31;32;34;81;79;49;19;77;36;79;84;31;82;82;113;27;40;31;22;50;38;36;26;200;55;50;34;16;32;16;28;40;47;13;200;59;50;54;108;22;54;57;36;37;34;39;57;31;30;29;14;25;54;21;47;30;28;118;41;131;35;47;61;34;39;105;105;58;26;16;47;200;20;105;27;60;57;117;39;112;86;90;31;41;57;33;17;56;60;31;17;25;26;39;21;32;16;15;77;17;23;17;30;200;33;99;35;23;67;200;46;25;29;26;28;82;31;79;33;29;200;28;53;16;58;200;20;20;18;31;28;250;51;127;150)
seed_10_level_5-1,1619,17592.77575492859,15732263,5701,(47;147;29;20;32;16;108;22;41;114;39;30;35;109;29;14;24;27;35;20;25;21;57;29;33;47;35;35;21;28;49;26;32;37;40;57;39;28;57;40;55;25;36;26;31;86;250;25;200;250;85;21;27;200;55;200;54;200;26;37;20;17;25;77;30;36;23;60;39;233;32;36;57;17;38;200;200;28;59;52;24;30;25;18;23;58;28;105;200;56;17;19;109;22;50;200;30;100;59;57;21;52;70;25;22;84;32;33;29;57;54;52;24;17;350;53;250;16;50;28;83;50;28;59;84;86;205;50;36;78;200;32;22;14;30;27;47;48;47;115;49;29;26;18;54;57;84;47;112)
seed_10_level_5-1,1619,18047.155821084976,16261362,5846,(32;100;58;33;31;67;54;50;109;19;200;17;200;110;129;47;107;31;77;34;28;30;152;17;47;115;42;34;19;62;58;83;168;32;89;37;55;41;34;31;27;24;21;29;20;19;49;29;111;58;45;20;39;115;87;49;16;23;35;33;200;35;26;85;31;52;33;69;200;236;22;30;33;14;32;57;87;200;200;24;87;24;82;58;33;37;73;34;39;100;200;22;106;123;81;47;200;48;105;49;32;38;200;51;19;47;80;24;50;47;30;24;250;57;57;200;30;29;57;77;81;35;34;31;105;17;110;30;16;15;20;16;200;20;79;34;48;82;19;200;39;34;30;16;78)
seed_10_level_5-1,1619,18499.521295547485,16755869,5990,(108;200;43;25;18;23;36;14;44;21;64;30;16;19;16;21;33;24;92;62;65;64;50;200;41;79;30;40;108;36;55;47;39;26;59;59;107;211;98;26;30;50;77;50;47;49;30;34;28;113;100;47;31;27;63;108;54;35;23;200;33;35;21;17;200;18;33;120;49;76;35;47;50;182;16;36;18;56;30;86;47;28;56;85;117;85;200;54;83;35;87;26;50;14;36;200;24;33;200;200;36;24;84;20;200;94;25;25;200;24;23;54;24;19;53;200;21;105;47;57;83;34;21;54;19;101;40;140;50;200;34;40;89;23;22;31;109;200;47;19;18;28;16;33)
seed_10_level_5-1,1619,18983.755998134613,17470288,6135,(23;200;31;27;107;200;32;79;100;143;22;25;24;200;116;150;27;200;205;32;157;21;200;200;113;150;25;54;37;21;70;98;133;19;18;17;38;22;100;24;200;31;77;37;90;47;77;19;30;140;115;57;114;25;16;95;85;32;18;200;22;50;109;16;33;250;59;21;19;16;47;59;100;34;200;58;54;21;151;49;22;16;22;107;92;260;77;30;14;49;113;60;81;57;121;113;35;79;17;32;54;29;54;18;185;200;29;38;76;200;77;27;31;30;200;200;109;28;56;200;63;59;104;47;179;37;108;86;54;28;31;33;86;149;35;78;32;51;57;184;28;78;27;109;27)
seed_10_level_5-1,1619,19476.235573768616,18163249,6289,(53;98;53;32;250;39;51;175;18;32;26;33;56;21;77;38;69;100;25;53;30;26;35;20;50;36;109;109;200;25;32;33;37;15;19;35;47;77;33;200;200;38;32;18;41;200;18;54;200;34;26;84;85;53;16;29;13;31;160;78;100;201;206;64;37;200;151;22;47;200;40;121;47;40;25;58;21;129;122;80;200;113;200;155;48;42;48;116;213;24;15;29;31;200;47;77;87;54;15;17;47;100;26;55;19;200;48;27;24;14;27;32;33;200;62;49;27;200;200;35;200;32;31;33;40;200;65;31;75;45;200;40;37;200;57;55;67;14;23;108;37;27;117;25;29;25;26;20;47;22;108;24;77;18)
seed_10_level_5-1,1619,19938.99977517128,18739311,6435,(87;31;58;38;87;25;113;25;100;47;30;16;20;47;47;105;47;47;47;27;48;200;24;27;17;26;200;20;48;200;25;68;61;200;113;32;17;200;87;30;27;23;22;47;43;200;34;121;32;200;32;58;19;32;15;23;69;105;30;25;200;75;31;77;47;25;109;33;25;23;17;200;26;26;56;47;26;50;37;54;49;129;29;24;37;34;84;29;28;200;108;40;34;54;17;28;26;100;36;200;108;86;200;29;200;190;34;21;115;130;18;38;28;98;23;34;16;17;169;25;90;94;35;30;21;59;50;59;39;80;70;251;200;32;30;57;200;57;30;42;41;83;135;146;58;26)
seed_10_level_5-1,1619,20419.342352628708,19246190,6588,(51;37;104;112;51;39;100;51;37;47;196;49;17;84;103;86;73;60;79;17;109;36;154;50;17;28;18;15;16;50;85;48;24;50;77;28;28;50;33;15;16;86;17;30;42;28;200;95;56;82;53;86;25;154;90;200;35;35;200;18;21;19;49;149;153;35;25;113;84;84;83;87;83;35;50;32;16;26;17;32;107;30;20;21;107;200;102;105;30;32;89;20;34;28;31;85;57;77;57;117;32;30;129;131;14;105;27;22;200;89;87;18;88;90;39;116;34;29;200;34;33;14;29;114;108;200;51;63;25;26;58;33;18;58;53;21;18;77;21;22;15;17;47;31;16;30;105;18;197;105;49;200;114)
seed_10_level_5-1,1619,20890.869352817535,19794131,6738,(80;101;22;21;79;90;18;34;26;116;29;54;14;29;63;54;36;111;200;200;19;47;30;47;53;30;27;200;109;79;200;25;19;50;28;47;19;43;61;34;19;23;141;17;32;31;119;50;136;178;31;151;59;47;14;31;59;47;28;15;49;49;137;200;22;26;35;23;84;24;27;50;117;45;21;153;22;200;36;111;36;109;55;16;80;26;79;33;20;61;165;300;24;200;85;52;57;120;15;29;109;200;200;59;18;22;32;49;17;200;27;28;16;30;20;69;85;28;33;38;52;18;30;16;79;151;84;115;49;34;39;30;141;57;83;34;21;40;32;21;22;47;87;200;20;31;24;40;33;64)
seed_10_level_5-1,1619,21375.35330605507,20446169,6886,(28;84;117;37;115;34;57;200;100;79;109;53;79;109;100;81;100;89;29;19;24;31;54;57;38;31;136;26;51;106;55;34;49;19;200;200;30;56;23;62;200;53;16;56;75;200;24;200;85;21;54;18;28;71;92;200;44;22;124;42;20;84;23;78;97;31;81;30;58;78;33;126;58;56;85;73;47;17;200;26;26;51;16;200;140;247;34;24;21;17;23;33;55;200;33;26;250;105;200;87;82;17;89;110;65;82;200;50;15;47;37;109;47;200;56;15;25;16;19;200;136;200;28;47;14;26;25;34;47;100;100;105;35;79;24;35;31;200;29;37;200;50;32;34;17;25;14;28)
seed_10_level_5-1,1619,21864.7752532959,21306852,7035,(85;57;30;22;26;86;57;61;26;114;29;32;21;81;22;53;27;88;58;31;57;86;21;15;54;200;21;33;59;19;28;200;121;29;47;47;47;61;30;34;77;19;77;82;127;77;109;17;40;25;19;50;24;450;54;66;21;79;39;300;36;28;200;32;32;35;200;27;200;129;45;38;200;54;400;65;49;118;54;57;140;33;37;200;200;47;16;27;58;32;111;200;32;55;79;21;24;34;200;112;33;100;93;32;38;90;41;200;27;146;14;50;77;21;79;36;33;200;30;33;58;16;23;32;200;200;13;18;200;77;200;105;100;200;200;200;54;119;30;81;18;109;48;200;54;40;136;34;14)
seed_10_level_5-1,1619,22360.534531116486,22000978,7188,(30;34;200;49;22;111;112;28;24;53;52;200;29;30;200;27;54;40;58;52;26;200;22;154;124;27;100;79;92;21;18;15;105;14;17;71;22;29;98;57;200;15;69;114;115;42;18;39;40;39;32;50;133;200;47;200;31;17;32;200;54;138;17;21;85;200;200;109;84;200;200;55;54;59;108;79;16;47;79;66;21;23;38;14;44;56;35;64;28;200;17;65;29;29;47;105;31;22;77;58;38;77;17;41;80;25;35;200;56;59;107;79;110;43;200;40;20;49;83;28;39;39;39;37;200;22;35;154;210;109;203;57;109;17;56;89;29;23;137;32;250;171;49;42;69;21;87;200;87;24;40;70;91)
seed_10_level_5-1,1619,22847.325142860413,22765241,7337,(150;29;200;47;37;250;45;106;36;58;34;56;19;24;55;250;17;54;86;84;39;47;37;100;29;37;68;35;34;100;200;49;19;40;54;31;36;79;25;29;50;23;147;21;58;27;110;27;77;29;200;211;21;14;149;17;60;28;200;200;24;41;200;22;118;30;200;200;200;19;22;146;65;23;31;37;78;93;27;27;31;85;200;118;54;200;43;78;63;30;19;23;49;41;56;55;87;104;28;28;25;23;129;47;50;80;87;30;59;32;24;339;155;31;16;34;54;78;19;79;63;129;47;200;31;136;21;130;50;22;115;109;29;58;50;109;250;200;200;200;47;15;200;50;27;17;23;76;140)
seed_10_level_5-1,1619,23339.181842803955,23473686,7488,(146;100;33;91;25;35;106;63;200;19;56;27;35;37;127;22;56;25;58;100;23;16;200;59;27;20;34;25;27;61;200;58;105;59;19;79;200;22;57;30;18;101;27;21;83;55;98;19;200;264;28;159;109;18;56;21;28;70;113;35;129;25;26;100;250;23;23;17;117;100;62;38;42;100;109;27;22;48;56;23;61;49;70;43;47;166;87;25;200;27;38;40;25;106;200;28;25;33;156;73;21;29;50;150;27;61;77;130;105;17;24;200;155;47;200;35;200;105;26;79;110;125;37;109;49;18;88;35;23;34;23;200;200;128;16;59;54;57;250;29;93;200;55;200;75;18;34;200;26;26;27)
seed_10_level_5-1,1619,23824.976274490356,24105960,7639,(80;65;109;55;53;109;81;35;200;18;23;34;22;47;98;200;38;41;14;58;29;47;70;78;61;59;37;23;24;33;29;200;200;81;58;36;40;57;50;129;63;54;200;91;123;121;117;107;42;31;210;52;32;38;47;28;45;132;52;15;48;16;100;29;36;47;41;109;100;38;19;18;79;21;200;109;15;25;16;200;39;26;119;36;116;88;25;43;19;108;45;47;28;100;200;108;83;61;44;16;23;35;51;21;47;30;17;17;37;22;86;24;200;46;79;191;27;51;111;27;200;200;89;140;55;18;47;124;200;62;250;31;17;133;79;17;126;27;200;25;18;200;25;19;138;19;130;52;69;16;25)
seed_10_level_5-1,1619,24297.563750505447,24736247,7789,(47;47;33;17;81;24;30;92;122;156;37;31;43;105;200;105;77;47;25;54;42;46;83;50;84;56;146;32;109;27;50;184;34;79;150;31;24;100;100;48;40;27;97;38;29;54;77;51;34;54;26;54;29;57;51;200;80;29;30;49;59;16;84;18;143;27;34;19;80;34;14;57;41;200;48;39;50;31;200;33;82;200;80;40;21;38;60;93;200;24;200;200;79;42;164;200;90;23;22;28;83;85;166;200;54;79;173;24;38;32;26;32;30;150;41;57;37;57;27;47;100;83;31;63;57;57;64;116;20;200;68;54;67;50;200;51;37;18;200;24;200;17;18;55;100;200;50;26;16;200)
seed_10_level_5-1,1619,24789.77067565918,25521812,7939,(32;19;200;35;24;71;26;58;48;39;81;27;136;55;195;111;90;37;38;32;105;40;72;54;30;54;31;216;29;57;25;150;39;93;51;35;54;136;150;31;38;16;165;57;60;171;200;56;82;159;159;31;240;20;55;61;133;85;49;23;24;200;200;40;28;50;200;54;200;200;24;36;18;28;54;200;250;150;118;83;100;59;35;300;56;200;28;59;29;37;25;20;77;120;61;100;26;47;79;31;100;173;77;51;130;77;24;25;105;32;77;16;26;24;108;200;107;20;32;18;47;56;57;29;25;21;25;47;168;54;28;57;111;57;200;119;182;122;28;150;135;59;21;21;125;49;195;156;56;83)
seed_10_level_5-1,1619,25266.63703107834,26145142,8089,(29;150;150;100;46;54;25;24;80;29;200;26;40;72;200;38;21;43;30;56;32;26;30;24;39;200;14;26;200;88;38;19;200;64;19;27;76;77;35;47;47;90;77;28;95;63;47;94;125;27;41;63;20;200;50;75;19;49;200;47;62;34;250;28;18;52;36;200;52;100;47;50;57;18;54;80;200;29;200;28;50;14;50;28;81;87;77;236;100;168;92;94;36;39;58;25;38;32;36;38;30;32;262;32;28;25;88;17;60;54;34;22;59;200;32;39;56;68;200;59;29;146;26;49;36;127;23;200;27;109;49;37;160;39;33;109;51;134;142;38;54;50;20;29;20;139;85;29;50;41)
seed_10_level_5-1,1619,25738.130546569824,26667914,8240,(57;57;56;28;55;39;54;36;44;21;47;27;32;28;200;79;60;19;200;16;18;40;28;24;18;80;200;20;48;24;21;47;21;23;69;78;18;34;48;49;97;78;39;200;29;26;88;200;40;200;17;26;25;233;42;162;199;144;176;200;67;65;130;57;97;25;57;33;37;29;51;27;47;25;81;49;16;28;50;33;31;81;68;80;17;83;32;200;27;28;14;18;49;79;49;19;16;27;113;109;32;39;27;33;57;114;23;47;47;107;48;105;30;33;33;200;32;84;30;200;48;100;47;48;106;73;61;35;32;85;20;24;84;60;136;138;23;34;23;35;130;29;25;53;23;130;91;61;105;21;164)
seed_10_level_5-1,1619,26220.10786485672,27312904,8391,(200;17;200;33;113;200;35;90;20;55;51;86;20;41;79;25;210;28;32;58;40;31;63;57;57;54;33;26;34;32;18;19;172;27;86;99;200;200;200;27;47;35;14;34;22;21;23;34;200;21;79;200;200;200;200;51;110;22;16;20;25;80;33;24;24;26;33;78;25;26;21;18;200;46;63;35;86;54;40;16;77;183;200;73;51;77;200;29;22;49;49;291;29;31;146;47;108;30;93;33;29;47;89;253;124;131;185;77;21;19;86;29;22;20;158;53;21;25;25;58;61;79;35;23;71;21;79;48;101;28;45;38;30;200;19;31;86;31;24;31;57;38;24;58;88;99;28;38;57;31;30)
seed_10_level_5-1,1619,26715.53138113022,27986457,8542,(88;100;27;177;64;24;60;57;59;29;100;43;91;100;97;33;88;95;164;61;167;71;209;133;30;57;21;99;84;33;53;58;93;123;100;19;20;41;73;200;23;30;56;37;57;200;20;79;114;18;30;200;50;106;66;51;200;16;54;53;138;88;82;20;41;46;130;34;22;27;82;49;59;27;47;191;121;49;65;106;200;68;47;27;23;57;18;200;29;26;83;27;29;22;17;54;25;19;84;14;33;81;18;26;31;26;58;19;200;200;16;200;58;55;59;22;200;47;100;120;34;57;78;250;28;76;54;71;53;99;77;28;16;179;47;121;200;200;30;150;47;42;38;27;120;45;28;108;145;124;163)
seed_10_level_5-1,1619,27207.45525074005,28732314,8692,(79;50;50;19;200;200;83;50;21;15;62;21;37;79;80;30;33;16;200;200;44;23;77;94;30;18;80;55;25;50;26;200;26;200;50;16;28;51;25;19;24;25;18;28;200;27;99;54;27;200;54;54;19;145;150;119;150;125;25;32;25;138;103;152;39;52;200;44;58;38;114;276;110;42;21;61;160;45;29;38;34;250;47;77;133;250;16;15;95;162;65;29;68;30;40;200;100;58;105;44;47;215;132;60;79;32;200;250;47;54;60;31;105;77;140;14;58;190;51;173;48;65;159;114;77;35;42;82;163;130;30;55;62;55;19;35;30;26;18;162;55;56;36;52;45;48;52;35;42;108)
seed_10_level_5-1,1619,27691.75798559189,29440020,8841,(77;200;51;39;190;29;19;200;200;200;20;79;200;200;57;105;84;25;13;54;121;56;29;34;50;200;28;27;105;77;238;59;100;119;59;44;200;25;75;55;100;32;25;151;25;25;135;65;83;44;45;65;77;43;82;139;24;65;114;200;30;36;41;84;225;63;53;44;19;31;80;35;55;37;23;50;26;25;49;50;46;55;24;200;17;29;66;37;50;27;32;18;20;26;78;79;114;81;111;21;111;30;17;79;26;32;51;100;106;47;76;34;158;47;200;69;153;118;78;28;57;105;14;77;119;160;64;200;38;49;47;128;167;122;106;42;99;177;77;57;79;77;176;118;28;76;105;200;100)
seed_10_level_5-1,1619,28211.133025169373,30445105,8990,(275;25;200;200;144;291;95;41;250;38;29;34;21;100;107;76;35;44;57;124;27;21;57;100;37;32;41;250;200;57;29;100;64;64;67;200;58;34;83;88;21;69;35;123;46;122;140;34;35;57;105;47;100;34;100;38;40;26;203;100;25;26;34;250;47;153;200;31;200;76;128;165;146;105;106;250;250;47;47;89;23;84;177;125;47;100;56;49;200;47;37;200;16;57;200;76;26;48;300;205;15;108;49;14;17;200;30;51;47;23;213;200;200;200;32;34;77;25;21;24;28;200;13;19;51;200;16;206;36;30;200;57;14;16;15;77;24;16;225;18;81;37;200;20;105;79;17;18;31)
seed_10_level_5-1,1619,28732.18981027603,31406881,9140,(84;300;150;200;69;40;47;68;42;100;45;63;41;118;116;82;37;41;34;150;45;150;81;68;79;149;142;59;153;126;114;98;38;98;57;200;46;82;36;149;200;70;174;36;203;336;200;24;17;77;54;198;22;200;25;30;82;25;36;14;14;52;17;87;200;17;21;200;129;15;77;200;105;200;25;77;35;122;21;124;62;16;79;25;27;207;200;35;30;25;22;200;109;28;100;161;95;144;146;23;200;42;64;65;64;200;65;200;88;41;200;38;47;30;200;28;90;125;78;39;89;48;200;147;35;29;139;24;51;44;47;95;32;89;150;82;250;44;49;77;59;119;237;16;86;78;22;33;144;32)
seed_10_level_5-1,1619,29235.837032794952,32172894,9290,(67;70;118;53;100;62;23;34;100;38;24;179;18;200;27;97;150;22;56;63;36;70;20;139;43;101;64;164;62;136;32;118;68;26;42;34;200;152;52;122;26;56;42;41;200;55;250;79;104;100;71;33;128;106;200;47;200;25;300;112;92;57;79;100;28;22;89;250;43;221;122;141;41;135;49;38;63;29;39;26;136;14;25;38;59;54;84;33;100;200;39;57;24;28;53;70;51;77;57;200;92;105;17;27;18;24;219;54;200;126;23;18;200;27;40;26;148;23;18;58;25;117;53;22;29;15;36;77;34;29;200;65;57;100;87;50;54;15;200;27;88;119;20;15;47;28;200;105;200;54)
seed_10_level_5-1,1619,29763.14130806923,33265465,9440,(287;34;61;156;21;33;57;49;200;200;97;29;135;77;200;250;32;17;46;87;19;250;25;47;49;81;157;26;28;68;250;78;37;42;250;103;147;100;88;240;110;88;144;224;26;84;79;36;119;91;34;41;19;89;120;179;146;54;47;79;200;200;16;25;18;31;84;200;200;150;40;230;105;65;200;111;77;200;27;105;206;29;28;58;27;150;36;27;31;28;129;225;27;200;200;77;25;15;209;200;200;28;61;200;24;15;105;42;14;200;35;146;28;200;200;28;127;26;22;22;80;200;200;25;27;50;26;128;37;200;200;106;47;26;36;15;200;30;35;243;111;57;77;26;21;29;81;77;13;28)
seed_10_level_5-1,1619,30271.723106622696,34215917,9590,(47;45;100;45;200;200;47;79;28;48;37;73;139;29;193;49;21;42;91;100;44;144;143;52;29;56;32;46;117;117;100;94;43;16;27;235;200;53;200;48;97;49;28;200;47;145;47;142;95;83;49;23;250;109;116;66;107;300;67;100;200;221;62;41;71;81;47;34;200;42;39;197;192;130;26;19;200;201;25;100;205;23;30;100;24;81;111;33;18;57;140;200;27;30;115;25;38;150;70;51;57;133;27;179;47;49;33;200;23;58;57;20;80;25;200;56;30;33;200;20;85;200;53;79;211;221;47;36;18;14;55;23;400;100;56;30;72;31;15;51;24;52;21;200;34;26;200;35;38;50)
seed_10_level_5-1,1624,30795.483424663544,35192315,9740,(216;77;76;49;34;79;77;56;203;47;88;35;37;100;49;200;49;56;46;100;100;73;55;18;32;48;48;49;26;47;49;244;200;125;45;106;200;63;21;105;16;86;100;53;54;79;100;29;134;78;40;62;49;78;121;28;98;49;78;49;200;76;33;78;54;31;48;215;14;83;38;43;84;22;25;134;208;24;215;221;200;200;122;27;199;105;26;74;35;111;211;210;42;73;38;180;16;41;219;23;78;45;200;25;200;36;157;50;132;108;214;20;100;17;54;106;44;29;126;31;26;56;135;14;143;26;353;45;201;205;200;24;39;26;94;73;113;21;126;250;250;31;89;200;45;62;30;109;33;200)
seed_10_level_5-1,1624,31296.802137374878,35984882,9890,(21;86;77;103;111;145;47;28;30;51;48;29;146;50;200;78;42;47;43;36;78;51;100;29;100;55;100;95;38;31;47;200;38;77;187;211;34;31;56;51;200;47;33;200;100;76;25;56;71;28;36;108;74;28;200;24;250;200;100;90;48;59;170;47;76;77;37;145;57;43;22;84;200;32;108;18;77;221;85;203;33;27;198;28;200;36;26;19;47;39;126;193;33;28;27;35;200;148;21;26;200;16;15;51;202;27;27;27;200;17;29;31;209;50;194;16;27;222;26;22;54;32;19;41;28;73;35;216;17;17;30;200;19;47;22;31;28;34;84;38;226;24;32;33;27;200;18;28;190;118)
seed_10_level_5-1,1624,31793.941777467728,36729720,10040,(76;200;76;139;200;15;26;21;31;75;80;74;105;23;100;76;137;200;133;37;123;100;48;31;152;44;133;47;31;100;178;49;29;250;47;30;139;38;30;33;47;14;47;146;37;22;200;58;26;15;81;15;150;217;121;57;44;30;214;100;47;100;36;34;133;27;119;200;31;88;25;54;20;52;113;221;205;34;38;28;26;30;27;42;105;23;25;42;200;84;131;61;54;79;13;227;200;200;15;26;29;21;105;82;38;29;34;28;25;28;20;25;118;200;200;50;49;34;77;23;200;15;77;50;133;40;58;33;40;64;34;34;21;29;23;41;51;34;40;81;77;207;139;33;21;32;35;187;128;211)
seed_10_level_5-1,1624,32291.629086732864,37463214,10190,(92;60;218;47;15;148;28;25;21;32;36;86;54;200;59;31;15;105;77;105;22;54;206;47;14;32;181;83;47;76;113;47;200;39;78;186;87;200;133;19;49;53;16;39;52;47;47;29;119;47;200;138;31;88;47;49;30;82;33;32;13;57;135;200;59;49;133;47;102;133;100;47;221;17;64;36;27;47;74;68;157;193;214;47;200;22;32;127;86;17;34;118;43;64;200;47;36;84;33;200;35;47;21;50;50;200;34;214;208;14;200;20;39;47;129;33;34;14;200;47;21;25;30;54;82;28;20;133;38;173;22;53;200;77;57;25;49;16;31;25;200;32;38;17;29;27;38;30;200;25)
seed_10_level_5-1,1624,32797.132904052734,38318656,10340,(198;89;216;54;30;207;54;32;22;94;37;205;203;18;40;44;53;194;153;17;24;83;278;214;47;47;23;19;39;39;77;36;34;91;30;20;200;99;17;29;16;47;55;17;216;200;31;27;213;35;77;31;25;15;34;53;31;29;23;54;200;190;28;24;54;34;13;200;30;25;26;57;31;16;47;27;200;47;127;200;28;82;48;75;105;47;136;28;250;133;21;136;200;200;200;175;15;34;35;76;20;77;32;63;200;106;200;87;77;16;105;28;126;54;147;32;123;200;32;152;34;38;147;34;77;27;78;77;127;105;36;122;25;24;21;16;25;77;33;47;31;47;32;149;207;200;119;47;47;200)
seed_10_level_5-1,1624,33297.782571554184,39128256,10490,(204;23;208;87;54;31;54;15;200;19;34;18;126;31;50;17;27;39;37;32;150;40;18;36;350;185;87;28;126;33;200;191;31;47;19;26;22;47;109;261;26;29;201;49;235;27;21;88;23;14;31;226;200;200;14;126;105;200;27;39;21;88;85;28;199;213;80;54;109;30;77;45;47;47;105;22;32;145;86;47;100;200;175;105;106;76;49;47;47;188;76;31;47;47;22;47;22;73;23;47;100;105;106;77;47;47;30;107;47;40;105;47;200;77;25;48;22;21;14;86;142;26;24;47;37;35;41;47;77;77;77;212;47;210;26;47;49;200;26;47;48;287;47;27;108;20;49;16;100;47)
seed_10_level_5-1,1624,33810.850437402725,39987089,10640,(29;200;47;167;133;21;27;26;47;57;33;105;86;70;16;106;41;200;23;117;27;35;80;62;50;79;47;100;47;81;26;47;23;98;122;200;27;32;39;100;47;42;48;35;37;47;106;50;28;47;37;199;200;107;47;13;182;26;89;60;200;107;14;20;22;66;25;200;83;211;200;131;47;48;77;25;23;28;56;21;196;30;25;226;195;195;22;28;26;188;14;37;200;84;198;201;16;19;23;29;26;198;40;85;22;184;152;32;82;194;200;30;30;85;84;19;23;50;210;84;79;53;184;30;80;156;200;16;24;15;18;208;190;17;265;77;58;55;210;55;118;22;29;32;189;50;196;23;79;88)
seed_10_level_5-1,1624,34332.71541595459,40994372,10790,(54;126;47;15;47;105;53;31;200;77;54;200;200;25;122;37;54;34;34;35;76;86;106;105;25;200;122;77;47;16;77;250;40;200;200;138;77;27;47;148;47;47;400;77;200;47;34;47;200;105;47;100;36;15;77;47;29;26;179;146;138;48;105;47;47;77;19;16;80;84;18;126;183;22;184;127;54;21;27;35;31;15;35;200;58;50;18;35;38;30;57;188;200;22;62;113;200;174;29;33;132;191;178;27;49;29;51;27;257;21;32;200;188;188;83;200;200;22;276;22;27;32;48;79;37;36;33;27;32;47;14;23;173;17;126;187;21;27;200;200;28;200;57;29;129;200;133;190;33;200)
seed_10_level_5-1,1624,34858.88339591026,42112838,10940,(55;29;105;133;56;47;48;25;200;47;77;25;105;15;119;116;32;200;41;48;47;200;50;76;133;26;118;47;350;200;47;48;163;76;38;47;56;135;105;47;126;77;47;133;238;133;18;38;79;47;47;29;133;47;62;34;24;106;200;47;21;146;200;105;27;210;200;30;17;27;201;193;33;47;210;29;129;30;190;29;190;30;193;51;30;200;24;14;20;200;31;53;49;200;29;200;261;14;250;79;146;20;29;18;350;201;66;124;126;18;30;32;195;149;47;23;23;25;26;200;20;200;263;78;51;29;32;200;22;14;29;21;79;200;18;29;200;84;50;196;187;47;17;22;36;194;57;193;22;283)
seed_10_level_5-1,1624,35363.34421658516,42898073,11090,(76;76;47;105;119;86;200;47;33;40;31;47;15;153;34;47;91;23;47;31;133;47;24;105;78;105;57;47;31;200;47;34;27;107;192;27;118;84;47;26;38;79;300;16;46;47;62;57;47;118;29;30;47;47;99;21;32;118;47;31;200;200;105;47;200;33;77;133;200;77;112;31;145;33;29;105;13;116;34;350;25;32;14;24;23;223;23;17;57;16;24;52;199;109;26;16;22;34;23;22;180;19;28;200;200;116;27;47;29;19;84;16;200;29;77;30;198;195;190;190;16;30;28;141;17;195;17;90;16;23;200;27;30;200;30;27;25;127;31;28;13;191;86;56;22;32;47;24;196;127)
seed_10_level_5-1,1624,35866.529861450195,43727823,11240,(20;21;122;173;138;135;15;15;25;190;84;195;79;29;19;26;178;21;181;32;25;200;83;36;33;19;200;34;133;35;189;47;126;135;13;23;16;26;22;55;187;19;34;16;150;190;232;84;28;24;200;145;29;58;200;78;32;200;173;24;34;47;193;42;25;47;105;29;22;30;16;19;200;200;28;47;47;29;145;24;21;77;47;133;77;41;54;47;28;27;40;32;77;100;13;77;14;200;120;118;80;77;47;16;40;200;134;119;38;56;121;105;47;200;47;200;200;250;47;47;21;34;47;145;200;47;77;47;35;149;31;47;47;47;26;200;125;35;47;100;40;200;135;14;25;47;47;200;105;47)
seed_10_level_5-1,1624,36370.44755792618,44583465,11390,(126;77;105;25;106;22;77;200;55;47;37;133;145;41;47;118;132;42;47;35;105;27;26;26;33;32;27;37;23;152;37;52;27;76;47;78;69;47;77;47;76;32;34;25;200;200;105;105;200;47;32;198;105;47;200;47;54;77;77;28;32;119;47;105;34;76;134;47;31;47;25;149;182;47;15;14;190;29;15;127;194;81;200;77;39;187;21;138;168;137;28;29;30;47;20;200;76;200;195;26;197;20;63;187;187;47;35;32;19;31;16;18;57;30;77;35;118;116;32;28;28;30;54;133;35;23;24;186;26;173;20;136;150;200;21;309;194;17;213;22;30;213;33;15;30;200;186;28;200;200)
seed_10_level_5-1,1872,36888.85839056969,45659551,11540,(173;200;36;24;33;84;200;18;200;200;31;156;47;47;47;35;33;47;47;47;137;200;105;26;54;200;77;33;118;77;29;57;47;200;250;145;200;54;200;77;22;77;59;200;27;27;121;28;186;126;41;32;16;25;105;47;105;47;47;47;118;27;41;200;31;105;47;49;107;27;126;26;14;350;190;205;191;118;177;30;32;200;16;33;200;38;14;200;64;200;26;59;118;173;77;15;200;203;37;264;27;24;30;47;200;35;61;119;28;25;15;21;252;378;24;135;20;25;226;31;128;17;191;270;28;54;29;82;149;68;54;16;105;49;23;63;16;22;15;23;146;47;47;25;17;200;202;17;126;15)
seed_10_level_5-1,1872,37392.58530449867,46452573,11690,(15;77;58;47;24;47;133;29;57;203;89;187;47;33;26;36;54;47;139;47;30;27;100;105;47;47;31;77;77;200;200;16;30;200;200;47;200;105;105;34;137;77;47;100;106;47;15;27;63;132;37;50;200;200;41;16;52;25;121;32;85;32;58;29;200;200;200;33;136;54;105;129;22;15;25;29;21;50;79;200;186;24;133;81;145;260;200;193;26;188;19;14;132;35;200;24;216;200;34;22;28;28;140;37;21;40;15;21;26;27;200;217;17;40;118;16;21;23;32;24;200;128;31;190;193;18;28;118;29;49;20;16;26;77;22;32;77;25;214;24;51;39;27;78;35;27;24;32;16;20)
seed_10_level_5-1,1872,37929.61513376236,47644548,11840,(260;200;30;190;29;134;13;37;252;200;16;34;47;108;18;19;81;29;200;23;14;23;200;77;15;24;191;24;202;32;16;27;129;49;47;85;15;22;189;145;190;35;25;200;20;177;112;18;83;19;16;33;243;31;19;200;19;203;27;13;32;182;190;189;190;190;118;15;215;140;77;24;350;18;190;203;41;200;106;21;47;72;66;54;120;54;32;41;86;35;133;77;129;24;200;210;27;200;31;47;34;130;200;26;47;28;105;33;40;77;47;47;200;77;31;14;53;201;77;200;200;47;53;77;155;105;155;145;200;83;200;57;77;178;200;85;105;200;26;200;200;24;145;18;76;200;200;200;41;200)
seed_10_level_5-1,1872,38445.90758943558,48584784,11990,(190;140;145;30;28;48;14;209;200;21;183;200;27;132;24;181;32;105;32;33;193;14;34;25;30;191;71;187;25;82;16;79;274;25;30;190;16;17;180;105;76;28;26;28;191;200;26;144;77;47;94;317;29;125;59;73;22;193;16;19;15;45;214;185;20;22;126;17;60;200;35;19;205;31;131;53;118;47;57;200;100;207;192;31;200;36;105;100;158;62;77;50;200;47;195;148;58;54;33;77;38;30;37;31;105;77;105;47;29;30;77;105;100;39;57;33;31;47;29;133;57;200;25;16;28;22;133;136;221;158;31;27;31;105;77;77;22;30;34;16;200;144;200;38;105;20;200;100;47;47)
seed_10_level_5-1,1872,38982.15680336952,49737136,12140,(47;200;48;105;30;32;200;47;83;32;47;25;105;185;41;57;200;200;40;82;200;200;112;77;25;200;26;28;15;31;200;53;24;68;57;28;200;145;105;16;24;131;105;200;30;63;29;127;33;34;47;83;77;200;14;105;86;90;119;24;122;178;200;28;34;42;200;178;49;47;200;200;77;47;195;27;15;196;33;16;47;57;191;84;200;191;188;31;31;24;200;191;200;190;25;15;35;18;200;33;17;50;34;17;194;196;126;48;31;193;200;25;18;31;128;184;190;277;19;15;20;18;21;193;19;193;36;188;200;190;20;54;193;200;217;34;18;40;135;260;350;22;118;19;178;39;27;21;47;26)
seed_10_level_5-1,1872,39491.58870649338,50639008,12290,(178;200;29;83;54;54;145;77;59;47;120;36;59;24;200;47;77;57;54;29;200;86;13;55;31;49;83;34;25;40;29;200;37;47;29;200;105;59;76;54;200;35;57;32;61;34;30;200;60;24;59;83;33;105;106;53;16;148;47;59;200;17;28;200;29;47;47;29;15;30;25;200;105;18;23;15;27;80;18;108;90;183;191;30;24;15;186;285;188;15;198;15;16;32;77;17;36;14;200;190;14;19;34;32;79;28;29;184;192;186;131;30;14;48;200;33;200;190;216;85;48;193;29;47;106;181;192;200;49;25;173;200;191;173;30;278;25;50;34;34;51;187;34;17;37;22;77;182;32;18)
seed_10_level_5-1,1872,40007.73879480362,51640417,12440,(178;34;200;41;47;84;89;29;200;33;131;176;47;47;77;92;113;28;29;86;77;200;31;37;200;47;114;143;41;27;200;32;84;27;47;33;61;178;200;30;37;200;24;33;86;131;46;43;40;200;77;200;200;282;200;71;33;200;121;21;41;200;47;85;57;77;200;200;105;77;181;186;17;129;202;16;31;16;19;78;16;19;200;20;149;202;25;214;47;18;200;23;192;118;178;88;20;315;18;18;19;106;200;20;79;48;21;200;19;15;16;200;52;21;23;35;175;200;50;17;200;173;47;105;31;19;31;207;190;17;30;20;25;24;29;19;191;30;175;32;17;49;41;26;15;20;133;55;15;29)
seed_10_level_5-1,1872,40521.00011467934,52620882,12590,(24;114;36;192;118;197;188;29;190;28;32;115;15;31;26;24;191;192;36;285;32;190;27;27;30;32;29;18;189;17;191;21;48;52;16;200;293;39;39;190;174;50;181;31;29;24;121;204;24;146;34;21;105;29;28;191;23;30;200;127;105;193;21;17;200;32;29;20;13;35;30;123;270;15;118;200;66;200;63;58;76;28;47;158;127;105;47;200;200;82;73;100;47;31;136;56;105;14;27;35;108;200;200;59;83;70;148;41;54;144;47;27;200;30;32;144;16;142;200;47;32;142;68;105;31;140;200;21;76;26;44;26;200;47;26;128;55;151;47;200;88;200;49;15;47;116;35;32;60;78)
seed_10_level_5-1,1872,41024.76205253601,53650929,12740,(200;138;200;18;133;149;25;31;22;34;106;49;133;31;17;189;24;21;55;105;47;65;27;27;27;200;24;206;200;57;73;200;278;125;30;77;78;28;200;48;133;49;57;56;200;36;17;82;55;67;35;31;200;50;35;34;32;142;31;67;19;134;28;47;50;153;139;100;133;121;84;47;16;200;285;17;200;24;36;82;193;35;16;18;15;27;350;32;191;24;32;38;39;200;30;173;30;28;21;100;19;387;17;134;27;182;30;29;201;15;50;16;32;200;32;26;34;14;264;159;200;270;18;185;16;47;30;30;31;19;207;200;200;20;29;32;25;18;118;17;194;26;79;29;22;83;122;173;77;54)
seed_10_level_5-1,1872,41530.74076914787,54573218,12890,(82;50;31;29;14;200;77;83;105;200;24;25;215;58;27;133;47;33;105;100;47;33;85;76;77;47;29;200;27;105;105;200;32;47;32;54;200;126;26;20;47;29;47;200;35;124;48;47;61;200;47;30;59;89;32;32;133;140;23;200;200;121;50;25;200;42;200;59;54;213;200;200;27;128;17;22;28;16;118;124;145;27;33;176;18;23;211;17;31;30;200;26;111;200;47;250;270;126;147;26;188;32;25;119;200;18;121;108;21;17;35;202;27;50;79;200;30;148;185;120;35;26;119;27;22;15;18;18;215;17;29;59;17;145;28;54;17;19;222;31;200;31;28;49;128;185;26;200;17;24)
seed_10_level_5-1,1872,42055.82501626015,55628667,13040,(15;350;191;38;17;14;96;22;25;33;200;122;16;26;16;200;195;266;25;16;79;56;185;21;77;200;14;108;192;51;31;27;14;186;21;62;192;23;29;185;193;17;121;32;17;16;184;128;77;180;50;32;200;118;21;28;118;57;19;20;203;39;26;50;36;45;26;14;125;51;43;220;27;189;200;47;49;32;27;86;20;143;84;71;105;200;105;200;107;121;186;105;261;150;77;77;15;26;100;15;47;35;78;200;77;105;48;77;30;208;77;200;34;105;200;33;90;200;133;130;14;105;54;111;200;28;15;14;200;130;47;120;200;24;40;317;200;36;110;76;39;57;72;133;200;133;27;105;54;16)
seed_10_level_5-1,1872,42586.12903380394,56850113,13190,(217;16;210;20;47;288;47;174;185;16;68;14;30;189;23;197;29;17;191;98;121;350;55;87;76;50;33;217;22;276;22;185;203;200;94;15;275;227;15;77;79;208;19;322;22;19;118;83;14;187;20;24;22;47;19;203;18;34;32;17;27;187;26;219;15;270;47;19;200;16;118;28;17;260;24;47;105;47;200;20;29;127;77;200;22;40;47;200;200;24;200;24;200;26;31;105;77;21;55;31;26;82;47;39;25;184;28;57;30;26;39;47;200;148;83;77;21;83;113;32;200;23;250;105;51;34;200;86;200;83;33;200;200;106;42;59;148;200;200;47;47;26;61;84;205;47;47;203;105;143)
seed_10_level_5-1,1872,43108.52566409111,57907821,13340,(200;86;31;27;76;105;82;49;77;32;23;200;35;200;28;45;111;200;47;46;194;34;47;35;105;55;16;200;24;105;14;204;35;200;291;77;105;26;37;53;200;269;47;200;134;121;29;82;86;47;36;209;58;88;69;50;200;77;54;47;200;28;35;150;200;47;47;19;48;14;27;54;77;127;29;35;270;19;76;21;200;47;118;113;14;29;16;79;17;173;86;32;19;18;29;38;200;34;203;43;32;131;22;217;32;55;33;34;117;25;200;18;160;205;24;17;145;89;200;200;33;145;200;48;31;270;226;50;14;28;31;19;150;21;200;82;188;96;22;200;47;200;37;25;148;79;250;200;25;200)
seed_10_level_5-1,1872,43627.75506019592,58928091,13490,(181;47;23;13;198;29;30;19;151;14;26;15;17;32;15;205;200;33;24;118;203;100;182;15;148;28;94;200;183;19;77;203;29;24;23;77;203;26;27;29;198;28;24;25;200;17;47;17;17;31;203;200;19;21;17;200;19;47;246;16;109;271;400;15;16;22;26;23;30;210;13;15;200;195;19;200;35;85;84;200;200;200;30;24;76;27;218;30;200;105;30;53;100;58;14;33;300;64;27;57;77;49;105;133;152;47;116;79;215;200;33;36;87;62;26;105;116;47;32;20;87;105;27;67;85;26;200;47;129;77;27;33;200;89;28;47;146;84;204;19;66;47;148;200;122;77;47;26;29;17)
seed_10_level_5-1,1872,44153.27039384842,60071312,13640,(129;118;33;191;14;200;58;32;47;200;22;57;200;16;145;57;27;203;23;31;16;186;47;13;29;29;179;35;49;22;280;205;185;55;210;31;28;17;31;26;17;23;15;61;14;113;50;16;270;33;15;34;30;31;18;188;29;174;29;32;275;200;225;201;350;208;14;270;77;350;200;79;214;67;30;47;80;250;130;37;200;129;200;87;41;131;105;22;15;105;84;23;200;29;105;36;42;127;16;26;26;25;127;32;231;133;193;47;21;31;79;36;30;200;200;47;36;200;32;200;35;200;200;76;200;27;30;50;23;82;37;86;35;77;28;27;200;137;28;17;105;29;200;51;28;105;116;25;26;27)
seed_10_level_5-1,1872,44688.984394073486,61436432,13790,(76;60;144;47;89;30;57;57;62;175;30;57;26;55;200;82;200;17;41;83;39;200;33;28;105;25;136;200;49;77;200;29;24;200;136;52;205;200;105;18;25;200;77;56;221;35;47;28;233;84;146;47;146;24;115;24;39;78;33;54;22;31;134;56;105;77;142;36;200;59;34;30;15;200;270;34;282;271;203;14;21;21;203;30;17;19;173;200;239;389;27;289;173;54;20;15;323;14;16;200;26;19;200;47;212;17;47;125;173;31;202;125;271;16;187;270;24;47;192;158;30;17;207;118;21;38;29;61;25;242;200;40;17;178;23;122;30;32;20;145;300;182;18;293;200;32;200;30;200;28)
seed_10_level_5-1,1872,45226.86172962189,62739151,13940,(28;60;105;16;25;32;48;47;24;200;30;100;105;350;47;59;53;63;25;47;107;77;211;76;35;200;35;26;31;77;108;83;200;114;55;47;200;31;143;25;38;105;18;59;133;200;79;26;47;86;27;124;28;145;207;200;22;51;133;47;31;200;23;26;154;80;125;200;27;54;293;179;173;100;28;16;23;26;219;211;14;203;173;173;200;23;16;19;17;200;30;186;350;105;205;203;26;49;225;24;173;118;15;17;28;203;58;32;100;119;225;15;18;105;270;77;27;34;25;250;19;333;38;33;189;16;47;35;173;200;118;272;77;35;69;200;212;185;14;15;29;324;191;14;57;203;20;26;270;100)
seed_10_level_5-1,1872,45746.48946547508,63804339,14090,(234;32;200;32;78;83;50;53;200;138;54;28;185;56;35;205;76;35;31;25;350;31;33;218;200;105;121;107;38;77;73;200;22;41;100;47;30;54;33;77;77;54;47;53;16;200;200;200;21;31;82;36;77;47;200;29;200;78;47;57;134;27;27;47;105;47;57;17;18;15;200;17;30;28;119;13;206;288;17;270;19;29;105;24;122;206;200;209;29;269;41;78;153;27;200;32;200;200;22;200;21;118;33;54;18;23;34;24;16;200;109;14;49;25;198;33;35;190;179;182;14;49;19;27;31;26;200;24;31;18;200;249;27;24;205;103;26;25;30;17;83;203;275;179;56;19;23;19;79;17)
seed_10_level_5-1,1872,46256.550639390945,64840618,14240,(26;30;208;27;86;203;200;35;26;29;118;16;16;57;23;29;22;16;14;40;105;26;31;187;153;29;113;32;18;203;400;200;17;77;288;79;59;29;36;201;32;20;14;35;23;28;25;200;28;16;268;200;14;19;31;200;200;215;205;17;53;203;200;35;36;203;118;25;26;31;290;200;125;114;277;26;47;33;232;86;36;28;30;32;19;260;200;54;36;29;106;56;113;57;55;28;77;152;33;47;300;77;125;200;237;24;84;17;24;32;20;76;105;24;58;31;57;32;28;78;107;47;77;134;133;121;78;14;77;89;29;18;218;47;47;47;35;154;27;145;17;24;131;24;48;34;28;200;48;30)
seed_10_level_5-1,1872,46771.444881916046,65826324,14390,(77;200;112;131;200;77;133;37;146;77;38;14;49;105;105;24;105;30;25;27;14;30;131;77;146;200;47;115;27;85;24;38;34;32;38;34;105;199;79;58;34;82;47;54;133;26;148;40;59;203;83;77;190;34;47;131;83;200;49;200;186;200;30;115;82;50;108;105;200;31;236;200;29;17;35;16;29;100;23;79;203;34;239;213;200;17;192;202;203;209;57;205;29;32;200;16;16;17;25;84;77;29;28;77;15;17;13;30;16;19;34;205;24;21;26;323;79;57;16;15;28;220;29;33;105;128;202;82;200;277;77;205;22;27;94;35;78;15;18;16;77;74;52;200;31;28;200;24;22;203)
seed_10_level_5-1,1872,47292.91970705986,67039184,14540,(185;89;30;200;33;205;28;34;187;203;200;350;105;14;290;27;350;98;205;20;47;47;26;26;204;205;25;14;30;19;377;173;15;16;34;247;15;152;205;373;187;200;28;257;56;225;34;200;200;15;17;28;30;31;29;200;105;227;27;19;14;200;56;24;24;26;26;17;18;190;218;118;200;200;200;15;84;34;30;200;15;34;34;24;89;49;47;77;200;23;26;128;204;32;48;33;40;32;30;35;57;83;145;26;47;53;50;50;54;111;29;47;77;98;19;200;28;40;57;31;84;152;133;25;47;138;53;325;33;200;77;37;25;47;200;35;58;38;19;29;53;26;134;57;14;24;55;33;120;27)
seed_10_level_5-1,1873,47838.03984093666,68522135,14690,(179;20;116;25;36;54;36;93;25;80;105;112;200;200;105;34;77;77;86;111;47;226;200;45;57;29;47;27;105;32;200;77;200;77;21;77;18;200;28;47;100;105;86;31;47;54;146;54;35;133;27;77;23;84;118;122;29;105;133;57;46;200;47;19;28;290;22;14;200;24;200;206;16;220;192;204;31;200;20;16;174;205;232;75;125;200;240;15;27;38;30;223;107;23;232;233;28;15;33;200;200;29;204;200;41;220;35;57;16;209;232;289;200;350;200;271;111;200;17;118;173;203;14;213;350;350;13;28;386;228;27;27;15;118;30;24;14;30;25;203;100;105;42;17;65;18;17;350;14;19)
seed_10_level_5-1,2338,48358.3939268589,69957900,14840,(200;200;27;21;26;27;57;42;17;151;47;27;142;26;37;25;24;50;38;191;110;31;47;34;47;200;33;57;82;91;77;28;153;200;47;34;105;33;105;84;37;47;33;47;112;58;115;105;200;41;27;118;56;30;27;105;28;31;40;200;41;40;105;28;200;26;200;25;289;200;203;350;105;15;77;32;14;350;216;30;30;19;28;28;16;29;18;23;200;400;21;81;290;190;100;28;200;99;30;289;34;33;32;47;27;24;41;19;191;27;115;105;30;333;29;217;195;15;27;200;550;192;71;16;14;155;112;29;32;13;200;19;232;19;53;19;23;232;260;350;15;223;32;135;84;25;203;350;19;200)
seed_10_level_5-1,2338,48877.493104457855,71204891,14990,(57;55;80;37;34;57;35;31;40;57;35;25;200;32;91;200;27;77;128;76;105;135;47;200;83;77;82;26;172;200;200;131;47;19;150;24;47;105;200;47;34;21;122;77;26;28;81;36;110;100;128;37;53;67;38;69;22;39;52;26;200;112;111;14;28;30;70;15;14;29;289;15;291;26;105;200;23;49;19;27;26;118;29;105;220;79;14;111;29;14;189;105;290;191;199;350;29;27;200;350;17;14;350;30;135;18;18;23;115;187;350;28;200;189;289;13;32;105;15;15;15;64;229;54;30;20;17;30;31;200;18;205;194;290;36;190;239;15;200;54;30;200;290;55;28;30;79;42;220;100)
