seed_28_level_1-4,1231,514.1425995826721,1323583,150,(1001;55;72;1001;53;53;93;53;93;44;59;43;94;42;100;115;55;52;55;112;59;52;52;43;43;54;53;52;74;52;58;64;52;43;57;43;43;114;57;56;58;42;43;53;59;53;88;44;107;61;114;52;57;219;42;53;43;56;53;43;61;42;53;53;66;194;53;57;53;91;43;52;68;57;102;42;42;52;56;43;52;42;43;56;50;52;54;57;53;56;54;43;42;61;42;54;118;61;53;240;60;42;42;53;42;52;57;42;55;52;57;43;56;43;57;43;52;52;54;52;102;57;52;52;53;59;42;42;42;45;42;52;42;52;42;56;53;90;42;56;43;52;42;55;89;43;52;59;42;58)
seed_28_level_1-4,1231,1010.1696925163269,1650605,303,(42;42;42;42;42;43;42;42;42;42;42;42;43;42;42;42;42;42;42;42;42;42;42;42;42;43;42;42;43;42;43;43;43;43;43;43;43;43;43;43;43;43;43;45;58;75;61;61;61;68;71;72;53;61;59;55;55;59;57;57;57;57;57;57;57;53;66;55;55;53;55;53;54;53;53;53;53;57;53;57;54;53;52;58;52;57;53;61;53;53;53;53;53;56;52;52;52;52;54;52;58;59;52;53;52;52;52;50;52;53;54;54;54;52;52;52;52;54;52;52;52;52;52;61;59;57;53;53;56;52;85;98;103;109;93;94;90;89;87;91;102;59;116;114;114;102;117;194;54;240;45;219;52)
seed_28_level_1-4,1231,1501.7002601623535,1978536,456,(42;42;43;42;42;42;42;42;42;42;42;42;42;42;42;42;42;42;42;42;42;42;42;42;43;43;43;43;42;42;43;42;43;43;43;43;43;43;43;43;43;43;43;45;58;61;61;61;68;71;72;75;53;61;59;55;53;59;57;57;57;57;57;57;57;59;57;67;56;53;53;55;55;54;53;53;53;55;56;53;57;50;57;56;56;56;53;55;55;52;57;52;57;61;53;53;52;52;52;52;53;52;58;62;52;54;52;52;52;50;52;56;54;54;53;52;52;52;52;54;52;52;52;52;52;59;59;53;57;56;52;85;98;103;109;93;94;90;89;87;91;102;116;114;104;102;117;240;59;194;54;219;58)
seed_28_level_1-4,1231,1983.9420182704926,2313176,609,(42;42;42;42;42;42;42;42;42;42;42;42;42;42;42;42;42;42;42;42;42;42;42;42;42;43;42;43;43;42;42;43;42;43;43;43;43;43;43;43;43;43;43;45;58;61;61;61;68;71;72;75;53;61;58;55;59;57;57;57;57;57;57;57;53;53;57;53;53;55;53;54;53;53;55;58;53;67;96;57;50;57;53;53;53;53;56;53;56;56;53;52;58;52;58;61;104;52;59;59;52;52;52;54;52;52;53;52;52;52;50;52;53;53;53;53;52;52;52;52;54;52;52;52;52;52;59;59;57;55;52;85;98;103;109;97;94;90;89;87;91;102;116;114;102;117;104;195;53;240;64;219;57)
seed_28_level_1-4,1231,2465.097015142441,2643658,762,(42;42;42;42;42;42;42;42;42;42;42;42;42;42;42;42;42;42;42;42;42;42;42;43;43;42;42;42;43;43;43;42;43;43;43;43;43;43;43;43;43;43;43;45;58;61;61;61;68;71;72;75;53;61;58;55;56;59;57;57;57;57;57;57;57;53;57;53;53;53;53;55;54;53;53;58;53;55;53;67;57;50;57;53;56;53;53;53;53;56;52;57;52;58;61;52;62;61;52;52;52;53;52;52;54;52;52;52;50;52;56;54;53;54;52;52;52;52;53;52;52;52;52;52;59;57;59;56;52;85;98;103;109;93;94;90;96;89;88;91;98;53;115;114;102;118;104;194;59;240;63;219;54)
seed_28_level_1-4,1231,2945.3578865528107,2969804,915,(42;42;42;42;42;42;42;42;42;42;42;42;42;42;42;43;42;42;42;42;42;42;42;43;42;42;43;43;42;42;42;43;43;43;43;43;43;43;43;43;43;43;43;45;58;61;61;61;68;71;72;75;53;61;59;55;56;59;57;57;57;57;57;57;57;53;59;57;56;55;53;55;55;54;53;53;58;53;55;53;67;57;53;57;53;56;53;53;53;53;56;52;58;52;57;61;52;59;53;52;52;52;53;52;52;53;52;52;52;50;52;53;54;53;54;52;52;52;52;54;52;52;52;52;52;59;57;59;56;52;85;98;103;109;93;94;90;53;89;87;91;102;116;114;102;118;104;195;54;240;42;219;43)
seed_28_level_1-4,1231,3423.624564409256,3299436,1068,(42;42;42;42;42;42;42;42;42;42;42;42;42;42;42;42;42;42;42;42;42;42;42;43;42;43;42;42;43;43;42;42;42;43;43;43;43;43;43;43;43;43;43;45;58;61;61;61;67;71;72;60;53;61;58;55;55;58;57;57;57;57;57;57;57;57;56;57;53;53;55;53;54;53;53;58;53;53;54;66;57;53;57;53;56;53;53;53;53;53;53;52;57;52;57;61;52;104;61;62;52;52;52;54;52;52;54;52;52;52;50;52;53;54;54;53;52;52;52;52;53;52;52;52;52;52;59;53;61;55;52;85;98;103;109;93;94;90;89;88;91;98;115;114;102;117;104;240;63;219;54;195;52)
seed_28_level_1-4,1231,3910.2283368110657,3649629,1221,(42;42;42;42;42;42;42;42;42;42;42;42;42;42;42;42;42;42;42;42;42;42;43;43;42;43;43;43;43;43;43;42;43;43;43;43;43;43;43;43;43;43;43;45;58;60;61;61;61;68;71;72;53;61;59;55;54;59;57;57;57;57;57;57;57;53;56;53;61;67;53;53;55;53;54;53;53;55;53;53;57;50;57;56;56;53;53;53;56;56;53;52;57;52;58;61;52;62;58;52;52;52;54;52;52;53;52;52;52;50;52;56;54;54;53;52;52;52;52;53;52;52;52;52;52;107;53;56;52;61;85;98;103;109;97;93;90;89;87;91;98;53;116;114;102;117;114;194;207;240;42;219;52)
seed_28_level_1-4,1231,4389.480986356735,3981655,1374,(42;42;42;42;42;42;42;42;42;42;42;42;42;42;42;42;42;42;42;42;42;42;42;43;42;42;43;43;43;43;42;43;43;43;43;43;43;43;43;43;43;43;43;45;58;60;61;61;61;67;71;72;53;61;59;55;53;55;59;57;57;57;57;57;57;57;53;61;55;53;53;53;54;53;53;55;55;67;57;50;57;56;53;53;53;53;53;56;56;52;57;52;57;61;52;62;53;58;52;52;52;53;52;52;54;52;52;52;50;52;56;53;54;54;52;52;52;52;53;52;52;52;52;52;53;53;53;55;52;59;85;98;103;109;97;93;90;89;88;91;98;107;116;114;102;104;118;240;58;219;42;207;58)
seed_28_level_1-4,1231,4873.317366361618,4301438,1527,(42;42;42;42;42;42;42;42;42;42;42;42;42;42;42;42;42;42;42;42;42;42;42;43;42;43;43;42;42;42;43;43;43;43;43;43;43;43;43;43;43;43;43;45;58;60;61;61;61;67;71;72;53;61;58;55;59;57;57;57;57;57;57;57;59;53;55;53;55;53;54;53;53;55;58;53;66;57;50;57;53;53;53;53;56;53;55;56;56;53;52;57;52;58;61;52;62;53;52;52;52;53;52;52;53;52;52;52;50;52;56;53;53;53;52;52;52;52;54;52;52;52;52;52;57;57;57;61;55;52;85;98;103;109;97;93;90;89;88;91;102;107;115;114;102;118;104;219;111;87;47;240;57)
seed_28_level_1-4,1231,5347.00048828125,4620408,1679,(42;42;42;42;42;42;42;42;42;42;42;42;42;42;42;42;42;42;42;42;42;42;43;42;42;43;43;42;42;42;43;42;42;43;43;43;43;43;43;43;43;43;43;45;58;75;61;61;61;68;71;72;53;61;58;55;56;59;57;57;57;57;57;57;57;57;57;53;66;53;55;53;55;53;54;53;53;55;54;57;53;57;96;53;56;56;56;55;55;56;53;52;57;52;58;61;52;62;53;59;58;52;52;52;54;52;52;53;52;52;52;50;52;56;53;53;54;52;52;52;52;54;52;52;52;52;52;56;52;59;87;85;98;103;109;97;94;90;89;88;91;98;107;116;114;102;118;114;240;43;219;56)
seed_28_level_1-4,1231,5831.438491106033,4955919,1831,(42;42;42;42;42;42;42;42;42;42;42;42;42;42;42;42;42;42;42;42;42;42;43;43;42;42;42;43;42;42;43;43;43;43;43;43;43;43;43;43;43;43;43;45;58;61;61;61;67;71;72;60;53;61;58;55;55;54;58;57;57;57;57;57;57;57;53;53;66;53;53;53;53;55;54;53;53;58;57;53;57;56;56;53;53;53;53;53;55;53;52;58;52;58;61;52;59;104;61;52;52;52;54;52;52;54;52;52;52;50;52;53;54;54;54;52;52;52;52;54;52;52;52;52;52;57;59;55;52;85;98;103;109;207;97;93;90;53;89;87;91;98;107;116;114;102;114;118;240;63;219;42)
seed_28_level_1-4,1231,6310.129778385162,5331168,1984,(42;42;42;42;42;42;42;42;42;42;42;42;42;42;42;42;42;42;42;42;42;42;43;43;42;42;42;43;43;43;42;43;43;43;43;43;43;43;43;43;43;43;43;45;58;75;61;61;61;68;71;72;53;61;58;55;53;59;57;57;57;57;57;57;57;61;57;66;53;55;53;55;53;54;53;53;58;55;55;57;53;57;53;56;56;56;96;55;53;53;53;52;58;52;58;61;52;62;52;52;52;54;52;52;53;52;52;52;50;52;53;53;54;54;52;52;52;52;54;52;52;52;52;52;57;57;61;55;52;85;98;103;109;93;93;90;89;87;91;102;104;107;115;114;102;114;118;219;43;240;96;207;253)
seed_28_level_1-4,1231,6794.5044140815735,5675249,2137,(42;42;42;42;42;42;42;42;42;42;42;42;42;42;42;42;42;42;42;42;42;42;43;43;43;43;43;43;43;42;42;42;42;43;43;43;43;43;43;43;43;43;43;45;58;61;61;61;68;71;72;75;53;61;59;55;59;57;57;57;57;57;57;57;61;57;57;53;67;53;53;53;55;55;54;53;53;53;54;57;50;57;53;53;53;55;55;53;56;56;55;52;58;52;57;61;52;59;58;52;52;52;53;52;52;54;52;52;52;50;52;56;54;53;54;52;52;52;52;54;52;52;52;52;52;56;52;59;85;98;103;109;93;93;90;96;89;88;91;102;53;59;116;114;102;104;117;219;60;240;63;253;52)
seed_28_level_1-4,1374,7276.718023061752,6051314,2290,(42;42;42;42;42;42;42;42;42;42;42;42;42;42;42;42;42;42;42;42;42;42;43;43;42;43;43;42;42;42;43;43;43;43;43;43;43;43;43;43;43;43;43;45;58;61;61;61;68;71;72;75;53;61;58;55;53;59;57;57;57;57;57;57;57;59;57;53;53;55;53;55;53;54;53;53;53;58;66;57;53;57;53;53;56;56;53;55;56;53;55;52;58;52;58;61;52;53;62;52;52;52;53;52;52;53;52;52;52;50;52;56;54;54;54;52;52;52;52;53;52;52;52;52;52;59;57;59;56;52;85;98;103;109;93;93;90;53;89;88;91;102;116;114;102;118;104;219;52;253;274;240;51)
seed_28_level_1-4,1374,7755.525982141495,6396524,2443,(42;42;42;42;42;42;42;42;42;42;42;42;42;42;42;42;42;42;42;42;42;42;43;43;42;42;43;43;43;42;42;42;43;43;43;43;43;43;43;43;43;43;43;45;58;60;61;61;67;71;71;75;53;61;58;55;59;57;57;57;57;57;57;57;53;57;66;56;55;53;55;55;54;53;53;55;58;55;54;57;53;57;53;56;53;53;56;56;55;56;56;52;58;52;58;61;52;53;59;59;52;52;52;53;52;52;53;52;52;52;50;52;53;54;53;54;52;52;52;52;54;52;52;52;52;52;59;53;61;56;52;85;98;103;108;93;94;90;89;88;91;98;116;114;102;117;104;240;53;219;52;274;53)
seed_28_level_1-4,1458,8236.654558420181,7328084,2592,(43;43;43;42;42;63;42;88;42;42;53;42;43;52;60;73;43;62;45;54;72;56;49;56;53;93;53;65;52;53;52;75;42;51;53;45;53;67;56;53;55;60;42;58;61;53;62;56;57;62;83;101;58;55;104;116;53;53;105;68;53;53;53;57;53;57;107;57;56;104;53;57;56;53;53;56;57;59;57;65;52;56;56;57;57;114;42;51;42;88;54;58;53;56;89;58;42;214;100;58;53;219;59;52;52;87;87;43;52;42;56;52;61;52;72;87;52;52;52;239;53;57;52;65;274;43;108;52;296;52;58;102;52;86;53;102;84;1001;52;68;52;52;52;52;52;52;53;52;52)
seed_28_level_1-4,1458,8725.994327545166,7737365,2742,(43;63;42;53;53;52;52;52;52;53;56;43;53;62;52;57;79;60;58;88;42;43;51;42;42;59;52;107;45;57;52;61;86;109;90;93;68;57;94;58;52;43;56;57;45;57;53;56;58;56;90;53;88;53;58;92;52;107;53;55;53;57;57;57;56;53;57;57;83;93;53;53;52;83;53;101;49;54;53;214;58;54;54;42;56;57;114;76;85;57;42;57;52;58;54;104;67;58;63;57;61;62;43;43;115;104;57;219;52;53;54;42;53;52;91;93;52;53;77;57;54;92;53;52;42;52;53;298;52;59;52;52;52;103;115;57;52;181;52;119;52;53;102;52;52;53;59;52;52;58)
seed_28_level_1-4,1458,9217.644871234894,8262978,2892,(54;58;61;43;42;88;51;53;90;53;88;42;52;52;53;114;53;57;42;53;52;52;52;52;52;42;52;52;52;52;93;60;90;43;57;53;53;53;53;76;53;120;43;107;52;54;102;59;57;53;59;65;53;59;57;53;104;62;45;45;45;45;88;54;91;52;53;131;58;43;91;60;55;56;52;92;56;54;59;55;62;59;56;93;106;112;88;62;59;53;248;59;57;57;65;85;87;109;52;69;215;73;53;53;53;54;57;104;53;56;56;213;59;93;131;53;105;108;52;58;109;256;105;58;52;57;58;298;52;54;52;57;59;52;57;298;52;53;75;87;86;52;53;58;59;67;53;67;54;106)
seed_28_level_1-4,1458,9720.501841068268,8945500,3041,(54;73;52;55;89;45;52;52;52;53;52;107;52;52;52;53;117;58;57;53;52;43;57;52;56;131;88;88;52;87;55;57;43;232;93;57;52;58;120;102;88;57;93;57;84;53;57;53;88;90;102;52;88;56;88;53;52;56;59;52;55;128;57;55;88;61;53;42;105;42;53;87;87;49;57;215;43;53;52;223;243;43;52;113;210;61;53;57;53;57;57;298;55;154;192;57;57;88;104;99;55;148;102;102;57;55;53;251;53;94;53;119;248;88;237;52;47;83;55;63;99;53;89;93;75;95;53;54;104;214;54;53;58;52;52;52;53;53;53;56;52;53;59;84;112;42;248;52;57)
seed_28_level_1-4,1458,10210.912715911865,9429597,3192,(90;53;53;85;52;53;64;42;54;54;117;58;52;43;53;57;43;57;43;57;58;60;105;56;90;54;109;52;64;113;57;49;86;54;52;53;107;52;55;57;52;53;52;57;55;66;52;57;53;52;128;52;42;52;53;42;55;102;53;53;86;57;54;42;52;52;86;120;93;53;107;57;56;57;57;57;88;88;57;53;57;55;53;53;53;57;86;53;53;52;53;76;55;53;53;49;57;52;57;52;70;72;223;107;111;240;57;57;53;88;57;88;107;57;52;88;53;52;59;58;107;57;53;57;110;298;53;86;104;58;52;52;256;114;92;56;57;86;53;116;53;57;53;86;58;52;54;100;109;148;86)
seed_28_level_1-4,1458,10714.974592924118,9980605,3343,(117;52;57;57;52;64;102;52;107;57;61;90;86;59;56;54;56;59;56;91;116;86;57;86;51;56;42;52;53;53;91;56;252;52;51;52;52;57;43;107;52;52;92;102;90;52;54;90;52;52;53;42;128;104;102;51;52;42;53;53;42;43;104;88;42;104;57;52;107;57;53;62;43;61;53;114;43;57;58;48;53;45;107;126;110;57;109;52;114;52;59;116;52;43;58;54;100;52;54;56;103;57;240;53;53;108;53;58;57;113;107;57;52;52;61;111;43;132;57;53;52;53;57;57;240;57;298;104;109;58;104;86;53;52;56;251;86;102;53;53;43;57;52;86;86;57;53;57;52;57;153)
seed_28_level_1-4,1458,11212.825637102127,10553924,3491,(114;55;57;58;88;53;240;57;57;53;53;107;62;53;57;62;117;52;42;55;57;42;134;52;52;86;57;42;43;52;118;252;52;52;110;88;55;58;55;102;52;90;76;53;52;52;114;53;53;240;53;57;52;53;57;56;213;58;55;128;52;52;86;52;55;102;54;52;91;52;55;102;55;102;107;57;64;52;90;57;88;53;113;58;51;57;128;52;65;116;58;107;128;59;52;43;86;56;52;56;56;63;52;58;240;43;59;88;57;110;43;108;57;110;179;57;57;107;52;61;58;107;55;78;107;298;89;52;55;146;55;52;53;55;52;119;90;55;52;55;52;104;52;53;42;52;86;62)
seed_28_level_1-4,1458,11725.911574602127,11184056,3640,(134;54;42;84;218;56;97;55;52;92;103;52;53;42;128;56;57;117;88;57;75;70;88;102;76;127;57;55;128;53;55;42;55;96;107;52;56;53;52;53;53;45;53;52;90;116;102;56;59;52;56;93;109;45;78;43;57;93;53;57;112;298;52;149;52;42;55;53;52;86;52;102;52;52;86;213;106;57;53;57;52;128;42;52;52;53;102;42;54;52;54;42;52;52;52;43;55;252;211;92;53;51;55;52;53;88;247;252;82;88;57;55;53;240;57;56;56;80;58;57;53;53;52;52;88;53;88;93;107;56;88;93;112;213;53;54;57;45;58;57;59;56;55;108;58;182;53;57;56)
seed_28_level_1-4,1458,12222.660689592361,11786853,3788,(128;86;53;52;53;52;53;52;42;57;52;52;88;128;53;57;93;158;96;53;58;56;148;57;53;57;56;109;136;52;57;53;73;88;43;57;43;57;56;42;53;130;53;217;57;55;52;53;96;52;61;58;58;57;58;57;57;240;217;52;53;114;43;87;42;56;89;88;43;86;104;95;108;54;223;53;53;93;57;53;57;59;109;106;57;53;55;53;228;52;53;55;57;128;86;42;52;55;59;109;53;84;62;51;231;42;56;106;42;298;52;52;54;54;55;106;54;53;59;58;120;54;57;45;103;110;88;86;211;52;52;76;116;88;43;53;42;119;112;60;55;110;51;143;106;56;61;42)
seed_28_level_1-4,1458,12726.450605154037,12456091,3938,(128;43;52;84;57;52;90;54;56;111;57;55;55;238;136;66;57;212;43;249;88;45;43;234;93;43;43;56;45;231;53;59;77;52;55;54;59;115;53;52;52;87;87;57;87;88;128;213;42;56;103;45;53;53;57;107;70;43;52;120;53;86;55;43;52;103;53;56;56;43;55;52;52;60;52;55;102;42;142;102;42;298;45;106;52;52;102;53;53;106;52;76;86;52;59;52;87;43;240;217;53;55;62;73;91;42;42;105;111;54;43;52;100;89;88;42;213;57;57;57;52;53;53;53;52;57;57;67;58;55;57;106;240;59;57;53;57;245;56;57;53;88;119;87;55;57;57;59;55;53)
seed_28_level_1-4,1458,13232.613483190536,13188893,4088,(142;53;42;52;42;108;56;55;60;52;53;108;58;56;56;217;43;102;61;96;57;93;89;42;58;53;104;45;52;67;107;217;109;106;57;52;52;62;53;110;139;52;106;106;60;52;213;190;63;129;88;52;53;57;52;55;102;52;52;52;75;52;90;232;54;52;53;54;54;59;58;89;89;87;91;239;53;86;53;57;63;238;52;42;53;58;54;86;52;105;55;54;86;52;45;52;43;240;53;107;112;43;57;233;57;57;201;57;63;57;43;78;57;94;212;94;93;57;181;96;53;57;52;52;52;90;55;93;92;57;132;298;57;106;61;59;53;107;56;211;86;57;222;53;43;52;52;102;87;107)
seed_28_level_1-4,1458,13746.098591089249,13911091,4238,(142;43;89;58;102;43;95;239;130;53;104;52;115;238;45;53;53;53;53;42;52;76;54;52;57;52;61;218;64;115;53;90;58;42;107;60;52;58;64;56;59;62;239;54;56;54;53;104;90;53;78;53;52;53;59;109;92;53;57;213;104;57;55;218;86;90;57;57;53;54;55;42;119;43;52;52;207;217;57;62;53;56;61;58;52;59;88;82;57;52;56;52;241;249;233;43;58;58;53;57;53;77;43;58;43;47;234;57;57;59;57;67;212;78;90;97;53;107;115;45;43;53;56;88;87;58;53;57;99;53;298;52;88;58;52;87;86;86;53;86;52;57;53;212;107;52;52;53;52;93)
seed_28_level_1-4,1458,14254.867169857025,14787435,4386,(238;131;52;78;248;57;58;52;256;54;76;52;102;233;57;256;52;179;57;57;61;57;237;53;53;52;43;43;95;218;57;60;88;54;53;42;42;87;42;89;53;58;73;239;87;107;57;84;138;58;57;57;102;53;52;57;52;56;56;212;45;53;57;84;52;56;116;91;112;88;59;64;52;107;53;116;298;57;57;63;109;87;52;52;57;52;277;52;94;87;53;58;212;298;52;218;54;43;56;86;57;52;53;53;111;57;52;43;53;53;53;208;53;61;241;43;55;53;107;52;55;55;252;109;57;43;57;53;56;42;53;52;239;98;105;107;43;55;107;59;52;53;56;210;52;42;117;54)
seed_28_level_1-4,1458,14758.817575216293,15504852,4534,(217;52;59;57;90;61;53;54;42;60;43;59;54;218;240;56;106;53;53;251;52;53;52;54;90;57;53;43;154;241;52;57;42;56;42;43;57;57;238;53;86;53;89;42;42;161;52;91;62;125;57;42;73;87;52;52;91;52;100;84;212;93;93;93;97;52;94;88;61;88;56;133;88;53;57;57;107;108;53;120;118;59;53;104;57;57;57;107;104;88;107;52;56;238;116;111;256;58;48;88;53;128;52;57;60;57;53;77;57;54;298;179;102;56;49;106;52;102;56;56;53;93;108;52;118;53;52;52;87;52;238;55;52;52;104;51;86;52;50;143;53;52;52;52;52;53;104;52)
seed_28_level_1-4,1458,15277.14342880249,16357624,4682,(217;58;59;87;60;95;60;54;53;59;54;53;62;57;147;239;111;115;112;53;53;59;115;86;56;42;56;65;77;52;104;87;241;57;53;58;53;76;238;43;107;52;43;253;43;49;43;86;238;129;52;56;238;55;53;249;52;55;52;55;76;102;186;146;238;53;52;52;107;52;55;118;52;52;106;114;58;52;52;43;52;107;107;52;56;42;90;233;58;43;59;57;43;53;138;53;58;53;56;57;43;57;56;57;53;47;43;212;42;88;107;53;95;94;94;57;42;93;107;43;53;66;210;91;52;116;73;218;120;43;54;54;88;187;55;52;177;53;57;240;208;53;90;53;240;93;182;210)
seed_28_level_1-4,1458,15792.563424348831,17104790,4832,(233;58;43;47;58;58;59;104;60;47;56;65;57;52;53;62;107;112;106;115;148;57;88;112;107;107;88;57;130;61;53;107;52;218;52;90;60;42;53;56;55;42;82;42;53;57;57;42;57;239;57;57;57;52;53;102;57;85;76;53;52;57;57;57;88;56;57;212;92;86;57;51;56;53;56;53;53;90;52;52;93;245;54;52;57;107;241;86;56;52;52;75;98;84;90;56;245;98;52;52;133;122;117;238;53;53;52;61;52;52;52;52;249;251;53;52;57;53;238;106;54;55;53;56;49;277;215;88;88;88;53;53;57;54;59;53;107;53;95;88;60;57;95;88;93;53;91;79;221;53)
seed_28_level_1-4,1458,16320.21872329712,17988491,4983,(218;59;113;62;59;59;95;52;54;61;53;53;42;59;238;57;53;47;88;117;43;57;59;88;88;57;240;61;212;161;106;55;52;52;52;52;112;52;101;101;53;52;92;53;120;112;212;52;231;57;110;53;93;213;56;187;94;93;124;86;95;210;57;88;89;109;238;52;52;105;89;90;78;57;54;55;86;53;52;51;57;55;86;104;52;88;55;240;258;88;107;119;55;53;53;88;86;53;93;57;109;53;59;114;52;53;95;57;219;103;104;245;45;239;108;103;210;131;107;58;53;238;53;211;53;57;129;212;53;53;106;241;52;57;43;42;43;57;42;57;57;53;53;43;52;43;63;42;53;86;42)
seed_28_level_1-4,1595,16851.125321388245,18926040,5135,(241;114;56;177;43;42;106;92;106;42;58;43;86;42;56;218;92;61;58;42;57;59;256;61;54;109;56;60;60;93;238;130;53;52;57;58;56;53;52;102;54;90;53;76;52;58;56;141;52;239;57;53;52;59;56;91;52;108;60;88;57;57;94;62;58;233;256;182;54;59;88;235;107;65;57;43;107;213;43;57;160;57;52;258;54;93;53;57;102;177;53;58;53;107;278;93;78;54;53;109;54;243;83;55;107;240;212;57;91;50;88;53;57;120;53;95;75;115;56;57;57;44;57;52;58;57;53;58;91;212;117;239;55;52;107;129;52;115;53;53;238;52;88;56;107;52;53;239;52;52;52;238)
seed_28_level_1-4,1842,17387.246445178986,20277016,5288,(212;93;55;59;73;57;96;57;132;91;86;106;56;55;122;88;57;88;84;239;56;92;90;68;114;53;56;57;53;125;53;53;59;88;241;53;52;52;52;52;57;42;75;52;52;52;244;52;42;52;238;51;52;42;57;52;56;55;103;62;53;137;104;103;55;57;44;59;217;59;68;252;54;55;59;88;63;252;114;105;53;54;59;97;212;58;52;53;52;53;90;252;54;114;53;107;102;238;117;53;240;90;52;158;89;53;52;211;234;57;240;57;57;57;44;92;273;53;107;44;58;109;49;54;49;57;84;53;44;1001;44;117;54;93;78;262;103;108;53;53;52;53;88;53;53;58;78;51;82;52;93;90;88)
seed_28_level_1-4,1842,17919.7172498703,21258886,5439,(241;53;112;46;107;57;245;52;42;112;57;46;106;93;57;238;61;88;52;52;53;109;52;57;52;55;52;53;88;52;53;52;118;90;53;58;117;91;117;117;44;53;119;59;54;57;55;87;57;108;249;239;57;59;57;88;56;57;55;88;53;57;105;88;104;106;93;212;43;55;56;43;52;94;90;93;107;82;116;121;42;84;60;208;46;357;272;265;77;52;53;109;250;218;107;111;104;57;55;109;104;250;88;78;53;104;357;217;90;75;42;106;54;58;56;106;54;90;57;93;52;46;85;42;58;109;211;52;52;53;52;52;107;56;55;53;90;53;59;106;238;78;52;52;238;239;53;52;56;52;52)
seed_28_level_1-4,1842,18448.251974105835,22207706,5590,(238;51;178;88;86;66;52;53;93;93;93;59;57;53;93;96;217;93;55;42;61;53;93;60;52;54;89;57;88;197;57;58;54;112;131;54;88;53;56;44;249;53;112;57;53;57;57;57;114;54;57;239;57;95;88;57;58;88;53;119;57;53;57;85;106;95;53;117;212;82;105;84;92;55;89;57;92;42;93;106;86;60;57;107;102;241;58;141;42;59;46;109;118;52;99;112;52;57;42;58;57;42;211;53;129;51;52;250;52;212;55;53;239;238;207;52;52;52;52;52;55;139;238;56;357;93;107;53;126;57;135;109;190;57;53;44;108;53;110;250;224;115;58;249;104;53;109;57;104;57;110)
seed_28_level_1-4,1842,18976.81749844551,23108235,5742,(241;63;193;44;58;107;53;57;57;44;57;99;97;52;52;44;218;93;42;44;42;110;132;88;87;89;95;42;96;42;104;109;249;88;88;65;88;228;69;56;74;107;63;44;56;57;57;54;52;239;53;57;123;57;56;89;50;90;53;119;92;57;57;53;140;102;90;212;56;93;239;218;57;110;89;53;62;59;61;116;57;88;57;93;184;238;52;93;52;109;52;57;57;86;53;57;53;86;54;57;89;56;278;55;44;56;115;52;57;104;106;119;88;53;106;109;104;115;327;88;53;104;250;109;224;90;54;104;211;52;239;114;52;106;52;52;52;52;102;104;106;52;52;107;56;52;206;52;52;43;107;53)
seed_28_level_1-4,1842,19496.614896059036,23961174,5892,(241;53;44;53;53;44;52;43;52;46;214;42;52;53;146;238;53;86;44;52;52;52;52;86;112;55;52;57;86;42;57;217;88;42;64;103;59;46;88;93;59;57;88;54;57;94;53;57;249;42;104;118;116;44;42;57;219;52;57;58;243;61;97;57;86;79;239;57;224;57;52;56;88;104;43;56;53;60;88;52;69;43;60;211;56;53;106;52;122;52;234;53;52;106;106;102;52;52;223;52;53;52;238;56;52;212;102;107;52;52;88;107;88;57;93;57;88;107;136;57;63;93;57;115;93;332;53;104;53;53;53;224;88;88;53;56;44;86;56;250;90;109;55;250;109;57;54;88;53;54)
seed_28_level_1-4,1842,20029.034773111343,24894612,6043,(238;52;129;56;103;62;90;106;91;88;57;58;46;57;110;241;56;104;53;44;106;56;109;246;104;120;44;57;46;42;43;218;42;88;57;52;62;42;103;57;59;42;89;63;88;58;88;224;118;113;53;56;55;67;90;56;88;104;129;55;223;53;53;212;57;57;53;88;44;57;55;85;88;85;53;54;46;53;62;108;57;57;177;211;241;52;53;107;54;56;63;46;91;62;59;82;250;57;240;62;61;42;55;42;54;52;92;53;53;57;250;116;52;293;91;53;53;54;55;104;57;118;57;57;57;293;56;250;114;52;106;244;107;53;106;55;52;83;106;211;52;239;52;52;52;239;52;128;106;53;178)
seed_28_level_1-4,1842,20545.677255153656,25845844,6193,(217;93;55;53;119;54;46;56;101;92;69;88;42;57;52;241;58;62;53;137;56;57;82;133;199;94;53;250;57;52;69;52;62;241;43;52;57;250;100;52;44;238;52;52;111;57;112;42;54;42;212;95;53;57;57;95;57;57;52;57;229;52;124;118;56;56;53;88;53;238;52;52;52;53;52;55;90;53;52;54;55;56;56;86;240;54;227;56;56;56;52;52;56;58;42;53;42;90;121;52;53;54;89;90;293;53;260;51;62;116;58;53;57;44;53;250;55;57;114;56;104;93;55;57;57;93;211;211;56;108;214;53;238;211;52;178;212;56;102;52;53;52;239;238;53;86;52;121;104;58)
seed_28_level_1-4,1842,21090.680883169174,27139059,6344,(227;55;58;52;293;88;113;293;42;121;238;56;57;250;74;91;218;59;44;54;67;250;49;117;57;64;55;93;88;95;76;57;238;53;52;54;55;57;57;55;57;52;57;57;57;106;52;52;229;53;107;58;52;46;86;52;53;57;57;96;52;59;56;53;64;90;241;54;57;244;211;42;250;57;42;56;53;52;53;59;272;57;43;52;293;55;293;53;57;88;53;54;57;54;52;341;225;52;53;52;52;89;357;57;55;243;52;293;43;42;52;42;272;56;42;250;42;52;111;52;53;44;76;42;211;225;89;211;53;217;106;42;106;212;52;206;119;102;52;102;261;52;52;52;238;220;53;211;52;52;52)
seed_28_level_1-4,1842,21642.00625514984,28260409,6496,(238;51;57;53;58;53;51;56;57;55;52;53;55;53;229;53;89;62;106;46;57;57;44;134;57;93;56;93;52;62;217;42;63;114;52;114;239;60;44;78;56;54;98;94;42;96;97;293;60;57;57;42;237;108;109;56;55;42;238;44;46;68;244;65;53;272;108;42;238;210;106;52;42;54;107;177;56;93;54;42;42;106;42;53;204;42;250;57;57;53;59;93;52;90;58;58;118;114;250;240;182;88;54;52;90;250;293;91;55;63;56;88;43;74;86;59;88;77;224;89;56;90;59;89;104;92;261;222;53;56;99;53;272;53;43;58;238;43;250;52;43;272;53;43;102;53;89;238;61;238;117;56)
seed_28_level_1-4,1842,22174.3506128788,29293144,6648,(238;52;53;57;80;52;55;57;52;52;52;77;87;229;93;93;61;229;66;75;42;119;110;60;250;52;57;46;238;53;46;93;53;53;58;107;58;94;90;58;53;90;118;59;57;57;293;56;133;58;52;86;85;52;105;106;58;53;124;53;88;53;55;53;56;272;58;52;86;119;88;169;52;52;43;85;57;52;52;52;52;52;42;106;240;293;53;44;133;57;53;201;46;148;57;182;272;44;102;52;44;94;44;158;250;54;87;87;104;89;59;132;93;88;53;57;55;54;254;77;54;53;53;134;57;57;57;261;52;55;67;222;57;43;53;61;239;121;223;52;120;90;53;224;56;52;238;97;86;272;250;52)
seed_28_level_1-4,1842,22715.26363134384,30393859,6799,(239;109;56;59;57;44;250;115;42;114;110;92;64;58;55;57;54;89;293;92;107;43;52;61;56;103;59;75;63;54;250;57;117;57;55;56;250;53;90;272;52;58;52;44;117;107;53;53;52;53;52;53;78;42;42;52;53;250;120;254;108;55;52;53;57;52;86;248;112;106;209;113;88;43;132;93;57;57;112;53;133;42;229;102;53;57;58;52;46;110;53;113;53;46;46;56;44;203;46;55;44;293;189;60;115;249;293;54;88;53;78;57;58;57;272;44;57;77;88;57;42;64;222;261;107;244;102;44;56;77;42;52;118;250;107;52;233;242;222;53;57;245;107;56;42;52;57;56;106;53;57)
seed_28_level_1-4,1842,23264.446358203888,31553862,6951,(229;53;57;238;187;57;54;121;222;240;44;234;53;44;57;57;52;272;108;107;57;210;87;55;57;53;58;57;316;59;74;57;129;52;57;53;239;53;57;135;54;111;90;106;220;115;57;53;58;107;116;240;90;53;53;293;71;53;78;227;272;56;104;63;53;53;56;60;52;52;123;102;55;54;42;60;138;250;44;117;243;54;182;57;52;250;54;105;57;249;109;57;134;116;107;42;57;244;107;58;53;261;57;220;53;60;53;43;57;43;43;43;52;52;250;43;53;52;43;52;43;211;52;43;58;53;238;42;293;56;53;56;253;87;46;182;42;57;67;88;61;59;89;91;59;42;112;82;46;93;68;57)
seed_28_level_1-4,1842,23803.799470424652,32647121,7102,(261;238;53;222;102;52;220;52;53;52;52;52;42;222;52;54;42;42;222;52;53;56;293;58;57;57;57;78;60;93;53;57;42;107;112;46;42;109;59;109;107;56;109;293;250;61;77;118;42;88;91;106;56;115;54;67;59;42;57;58;59;53;52;55;316;52;66;108;55;115;107;181;54;104;52;52;42;108;180;42;54;62;117;250;238;242;55;108;53;53;58;42;244;52;54;115;113;57;93;57;56;54;57;52;109;244;134;90;78;53;53;44;53;106;357;53;250;116;55;116;53;83;272;53;57;55;57;53;110;52;229;49;220;239;106;52;44;88;57;56;192;106;52;242;46;44;55;52;53;108;52)
seed_28_level_1-4,1842,24349.705113887787,33793646,7252,(293;44;55;178;59;64;178;87;95;108;57;103;42;60;106;109;63;44;137;293;59;53;88;90;115;104;90;53;52;67;99;79;121;59;79;56;63;56;79;239;56;240;109;58;57;56;57;245;58;82;250;227;52;56;59;53;53;52;244;229;44;240;93;52;56;53;46;59;52;117;52;53;46;57;238;54;52;123;52;52;42;133;106;113;57;279;53;57;88;57;53;116;52;53;272;53;272;53;44;77;93;53;116;93;250;316;53;52;106;235;52;241;53;42;99;56;117;53;54;68;241;250;43;84;86;206;53;261;86;238;53;52;53;52;248;52;106;53;63;106;52;52;52;52;222;52;106;52;43;52)
seed_28_level_1-4,1843,24923.07518386841,35306281,7402,(293;88;105;53;116;110;53;229;52;57;264;143;56;46;42;90;115;65;260;53;88;90;261;238;250;250;52;52;52;250;211;221;56;250;250;230;52;55;293;280;211;52;250;52;52;53;121;211;293;58;210;107;80;178;44;272;42;235;53;195;42;46;60;191;42;96;61;92;61;58;223;105;250;272;104;78;104;239;53;55;44;208;62;107;54;133;57;104;60;93;53;53;120;111;239;57;57;357;231;54;62;53;109;52;53;57;119;58;53;332;52;109;89;120;58;239;78;43;53;109;43;53;109;125;238;58;91;57;57;53;52;93;57;119;52;242;108;53;53;57;94;242;57;57;56;55;56;59;60;59)
seed_28_level_1-4,1843,25475.774296283722,36749852,7552,(239;213;252;58;107;117;217;53;53;56;57;94;55;175;71;53;57;111;56;57;57;52;396;87;85;89;86;45;116;117;83;106;43;225;52;52;45;87;52;92;55;43;52;52;58;42;332;84;88;88;52;53;88;57;57;56;137;88;118;56;88;58;76;58;76;222;53;56;52;332;61;113;59;43;226;57;53;42;57;51;309;132;78;53;54;57;180;57;56;58;309;191;254;55;54;78;275;90;52;88;105;54;253;310;296;57;90;57;88;53;116;129;251;106;88;214;54;190;104;245;102;52;106;55;212;238;57;59;238;102;117;239;52;52;53;56;104;56;213;43;52;68;238;55;53;232;239;58;332;310)
seed_28_level_1-4,1843,26020.171666622162,38131389,7702,(316;133;52;52;78;214;106;102;78;56;107;55;89;109;42;109;42;42;53;223;115;332;58;109;103;58;52;74;92;90;56;91;233;79;42;61;53;58;52;97;108;55;55;217;53;249;53;54;61;52;42;53;90;251;240;122;54;57;90;90;52;93;88;53;95;113;332;175;61;45;63;42;57;59;57;45;53;53;52;42;59;144;310;77;56;54;307;57;59;45;332;66;52;55;57;239;52;52;43;332;53;54;52;55;52;52;86;264;43;52;53;43;90;42;58;52;102;59;102;222;86;396;332;88;310;116;53;88;57;43;53;271;78;88;57;232;88;57;150;148;57;55;208;113;209;118;208;310;90;250)
seed_28_level_1-4,1843,26571.0554087162,39488179,7852,(332;97;83;88;95;68;62;307;71;56;93;250;304;57;204;53;308;53;56;204;96;42;332;52;59;43;52;56;53;90;109;58;53;45;87;103;42;107;53;52;53;90;42;332;56;244;86;52;104;43;106;53;53;79;332;332;43;52;43;52;238;89;86;309;106;224;52;53;129;43;316;92;42;54;104;117;196;136;52;106;88;54;42;215;136;95;58;89;107;42;90;56;115;217;93;112;56;61;56;109;219;95;57;221;93;55;91;93;109;56;115;93;116;54;57;57;94;292;78;54;59;53;53;133;90;58;106;55;90;53;53;54;50;56;239;57;89;53;107;53;310;58;133;53;224;310;113;113;91;104)
seed_28_level_1-4,1843,27107.193784713745,40614401,8002,(332;116;102;42;43;91;52;118;53;86;76;53;43;42;53;52;59;42;57;42;123;53;90;316;59;136;123;85;54;53;53;57;105;123;84;43;42;42;86;324;88;265;106;55;54;221;53;225;77;107;239;43;217;120;55;115;91;247;58;53;56;220;57;109;93;60;81;223;229;252;109;53;59;57;93;117;52;57;57;57;59;53;332;229;53;78;111;56;43;42;57;102;238;57;52;52;42;43;52;42;58;52;111;52;102;42;86;56;53;53;117;52;56;56;57;106;116;332;68;166;43;227;57;54;396;107;187;297;52;57;61;153;62;57;177;56;43;42;45;57;42;45;84;54;42;95;54;45;43;82)
seed_28_level_1-4,2242,27669.32928276062,42089182,8152,(332;63;143;89;42;56;42;113;58;107;53;299;115;53;119;58;87;52;58;266;105;56;332;102;56;109;57;211;211;102;52;103;53;52;42;235;222;220;42;42;585;114;52;104;53;56;88;77;63;43;43;260;379;54;243;152;53;100;57;57;57;151;68;57;45;107;59;57;294;57;110;59;53;57;57;64;109;147;57;45;100;57;221;239;316;42;109;101;99;107;112;58;54;254;103;232;43;73;242;120;104;262;95;57;135;110;42;56;56;88;42;95;56;53;56;164;217;53;103;57;228;57;53;57;115;90;115;56;107;91;59;116;54;54;231;110;53;52;57;57;54;294;84;260;118;110;53;58;260;58)
seed_28_level_1-4,2242,28206.091106891632,43187381,8302,(316;53;104;42;53;57;53;107;53;133;115;57;102;247;107;42;56;74;233;74;56;89;53;57;86;108;150;222;53;55;79;193;108;55;53;53;93;226;42;42;118;42;53;58;93;95;58;59;110;95;60;86;53;76;119;379;239;379;294;59;110;56;53;95;57;64;163;123;94;57;42;84;57;57;57;91;58;53;88;97;59;98;57;42;57;57;251;57;223;112;239;58;53;93;57;109;109;57;90;53;112;45;240;44;260;53;89;58;52;116;88;88;57;62;117;57;219;112;276;42;106;55;52;112;235;53;55;57;235;56;86;57;42;238;53;56;55;106;52;44;53;52;115;53;59;42;273;53;52;42)
seed_28_level_1-4,2242,28764.04546070099,44507824,8452,(226;90;89;209;124;91;59;53;111;87;254;54;107;53;53;89;59;90;79;106;59;102;294;90;90;87;273;43;42;86;106;52;42;42;53;56;222;52;104;211;86;52;267;106;44;42;238;56;52;44;44;43;55;86;56;86;316;260;215;73;91;43;57;52;111;243;56;42;223;73;62;222;42;44;187;54;56;54;111;45;241;74;73;57;57;286;294;57;88;62;57;63;53;58;294;240;53;236;246;52;57;62;195;44;52;57;88;58;59;59;52;59;147;57;96;52;57;240;115;54;53;57;237;116;118;259;54;224;239;58;216;52;54;110;115;222;220;54;112;57;107;54;115;120;57;244;106;221;85;53)
seed_28_level_1-4,2242,29323.141184806824,45828533,8602,(273;235;56;108;102;66;58;52;267;52;52;57;55;52;226;222;90;52;84;53;53;43;52;379;52;52;52;379;54;315;107;53;52;93;241;57;63;52;58;52;107;236;57;91;182;57;57;53;245;112;53;42;57;57;201;294;60;316;379;43;110;115;122;56;107;57;112;379;108;97;111;86;116;56;108;90;107;57;62;57;59;57;74;42;85;57;108;294;92;53;93;88;59;57;92;66;70;224;58;91;88;58;97;104;87;88;59;108;109;88;105;87;93;96;71;260;53;251;88;52;118;57;124;57;107;116;54;57;54;54;256;57;54;57;108;51;62;84;117;253;57;56;109;115;115;112;62;53;58;257)
seed_28_level_1-4,2242,29880.133472919464,47245534,8753,(260;223;84;260;90;225;107;59;220;260;53;57;216;107;57;53;57;52;104;57;57;249;229;58;54;104;224;57;115;88;111;115;57;221;57;96;58;118;296;222;78;61;107;106;42;59;43;111;178;105;54;43;54;52;54;107;45;102;294;52;108;110;42;45;60;58;52;61;114;117;109;107;112;80;56;379;53;238;53;57;53;56;53;379;43;57;52;56;117;102;79;138;53;224;52;102;52;56;379;124;149;109;52;52;315;56;56;235;57;57;52;52;286;58;59;53;52;235;52;57;52;44;52;240;245;240;244;53;53;52;294;235;57;57;43;53;52;52;64;78;57;62;176;52;52;93;53;281;57;110;54)
seed_28_level_1-4,2242,30443.166564941406,48732739,8904,(379;108;57;57;59;57;54;112;45;58;52;294;44;56;53;57;42;84;116;225;59;42;43;101;112;42;106;56;52;75;240;240;116;57;379;202;44;56;53;53;107;59;52;76;52;53;315;52;58;42;232;294;77;52;54;52;141;77;294;60;57;53;294;53;45;120;77;54;52;52;57;42;379;86;106;315;226;102;52;104;129;52;52;102;53;222;315;225;53;222;142;106;106;379;52;57;107;52;57;102;56;379;86;52;102;55;107;102;52;86;260;89;49;227;90;115;57;54;88;90;58;86;58;54;54;109;214;59;53;115;57;57;216;52;57;101;52;54;110;251;95;53;88;56;235;223;57;86;225;53;230)
seed_28_level_1-4,2242,31005.892106056213,50255679,9054,(296;55;44;181;241;53;86;54;57;56;56;59;45;58;57;59;57;131;101;125;53;107;110;55;212;58;236;214;44;222;57;59;286;55;57;235;65;315;235;57;59;294;255;53;57;294;294;58;207;52;57;61;223;294;53;251;54;54;57;117;52;86;54;53;78;54;122;57;260;57;56;53;193;260;92;116;54;218;56;94;233;57;117;86;53;90;90;260;253;123;85;108;53;111;229;53;111;57;222;60;53;58;118;117;53;114;117;379;102;53;253;128;102;52;57;52;42;52;294;276;58;52;107;52;42;52;52;57;52;102;53;141;107;56;86;141;86;379;52;102;52;58;102;59;128;57;315;102;128;52)
seed_28_level_1-4,2242,31582.59697508812,51974681,9203,(379;58;56;54;281;63;58;58;58;101;219;216;215;110;59;57;56;294;59;63;111;59;44;42;58;223;45;55;113;53;57;44;45;379;238;379;52;102;52;211;102;102;225;102;113;102;294;102;225;52;53;102;107;411;238;57;102;102;102;142;111;294;57;52;294;53;124;102;52;52;102;238;260;226;53;86;221;85;117;61;117;111;59;109;94;260;53;250;119;260;57;221;56;257;57;52;57;220;54;88;55;57;93;53;59;118;56;97;57;61;379;98;132;52;53;239;243;294;57;56;45;114;58;121;129;53;242;201;53;54;120;59;58;52;52;82;281;240;57;55;53;294;45;54;59;45;224;57;57)
seed_28_level_1-4,2242,32128.201558828354,53360746,9353,(379;53;240;44;54;57;53;53;56;73;52;113;54;113;56;56;53;55;294;113;57;56;56;294;59;99;56;53;56;57;57;52;260;124;255;87;237;104;116;90;79;58;220;94;103;93;55;191;232;220;117;57;57;90;219;251;61;238;85;224;54;53;107;104;253;110;209;87;59;379;89;45;57;53;55;57;57;57;280;233;80;55;53;107;61;162;239;62;59;94;44;136;53;57;57;84;129;52;60;53;56;294;61;65;57;61;56;522;52;55;55;102;53;86;102;52;102;102;141;86;100;52;52;52;270;52;102;57;52;57;56;86;52;55;102;225;86;52;102;271;86;52;200;102;52;102;86;52;52;261)
seed_28_level_1-4,2242,32704.323042869568,55061812,9502,(296;217;95;217;129;252;57;53;60;110;59;111;53;56;210;103;379;57;43;84;53;57;211;104;45;53;315;42;208;42;286;55;57;57;294;57;100;52;52;43;112;53;52;57;57;282;294;240;57;238;91;206;56;52;57;58;82;57;52;57;163;240;83;60;54;411;86;102;102;86;223;52;56;107;111;238;252;106;52;379;52;276;294;52;57;52;130;86;52;52;52;52;53;270;52;102;52;102;52;52;53;52;107;106;52;260;244;245;117;84;59;102;53;58;53;253;252;119;79;88;239;53;58;111;237;52;115;116;228;110;106;149;56;230;263;225;195;57;116;223;234;111;57;53;115;255;57;63;86)
seed_28_level_1-4,2242,33229.68781375885,56139933,9651,(361;65;53;57;56;57;45;53;57;52;45;57;53;53;91;89;240;52;43;43;59;57;194;56;59;57;52;57;133;183;57;54;57;62;462;102;52;52;52;52;52;106;52;226;86;52;52;379;106;52;52;107;56;86;86;57;106;56;315;52;52;254;86;52;106;102;52;267;52;52;77;51;379;53;42;106;133;42;42;57;74;107;102;114;57;42;57;42;42;107;57;53;42;68;42;42;52;241;53;122;61;107;109;123;55;109;259;44;57;53;52;200;242;88;62;58;53;42;50;42;115;93;59;115;199;260;57;109;151;88;140;58;54;53;93;59;89;120;52;219;57;42;62;45;53;45;42;59;245)
seed_28_level_1-4,2242,33770.45198535919,57454200,9800,(379;53;106;57;110;57;212;109;120;72;56;68;54;110;123;242;53;56;101;114;59;57;43;44;42;45;108;68;69;57;242;295;282;56;65;57;42;49;57;57;57;57;107;62;44;45;86;57;238;42;45;57;84;57;54;379;45;45;52;42;238;45;45;45;57;260;57;90;67;59;83;294;45;58;52;56;57;57;60;82;78;107;95;111;110;119;53;57;214;42;57;62;106;57;205;58;240;59;119;221;253;54;59;45;57;240;423;52;106;53;52;102;102;102;281;86;64;107;53;105;102;225;53;52;53;89;52;52;106;254;57;190;107;52;52;52;52;452;102;86;315;102;106;102;52;252;53;86;52)
seed_28_level_1-4,2242,34310.2446064949,58821007,9949,(379;57;54;148;57;59;45;57;53;45;57;55;57;54;56;57;190;53;57;45;57;57;81;171;225;57;315;107;54;54;379;240;61;52;119;110;116;42;62;53;43;109;107;58;58;223;57;43;294;102;104;243;57;58;222;57;59;104;68;52;44;107;42;110;259;89;86;52;61;53;118;56;57;58;238;57;256;57;53;228;94;106;57;57;60;59;93;58;53;88;57;106;219;88;57;42;61;59;84;56;96;57;61;95;411;56;42;86;294;142;52;107;103;315;52;52;102;107;52;52;271;52;52;86;52;106;102;52;52;52;248;128;42;42;52;102;257;42;315;220;57;102;42;226;52;270;412;86;52)
seed_28_level_1-4,2242,34866.40210270882,60288201,10098,(282;240;57;57;240;108;240;239;88;191;88;57;294;238;42;53;240;57;117;89;45;53;57;53;240;57;240;45;57;239;45;259;59;56;57;59;53;210;56;42;42;64;59;42;51;59;52;61;59;56;109;59;59;55;94;56;110;106;106;58;59;57;48;227;111;88;54;59;305;209;57;105;286;52;52;241;294;59;57;42;57;379;55;57;57;120;57;53;43;66;120;114;57;58;107;57;69;87;57;58;57;59;104;411;102;269;228;118;53;102;142;142;57;109;52;86;102;102;52;238;102;56;52;52;226;211;86;52;379;141;102;252;273;49;315;52;226;58;102;52;52;52;102;106;120;102;102;115;57)
seed_28_level_1-4,2242,35431.70135498047,61927697,10248,(260;59;241;119;59;59;59;54;89;61;57;59;58;94;57;90;111;54;252;93;54;58;95;221;230;58;58;60;57;239;90;379;53;294;209;247;42;57;42;73;57;53;108;104;294;225;260;54;43;42;57;98;104;101;63;104;58;99;59;57;90;53;224;106;57;282;107;120;121;45;119;91;63;54;284;90;107;115;57;58;59;238;57;57;42;88;234;57;57;59;57;284;53;53;237;125;54;294;112;53;52;52;97;423;53;52;111;52;52;86;294;194;52;102;55;52;53;225;52;397;52;102;102;86;57;86;109;52;268;102;52;57;90;52;379;221;294;52;107;52;52;102;52;238;102;294;379;219;52;86)
seed_28_level_1-4,2242,35994.57588624954,63400970,10398,(260;105;54;113;379;97;59;58;230;253;99;122;58;54;42;253;212;126;215;58;117;53;53;106;240;54;58;93;60;57;84;57;379;44;204;96;86;56;111;186;89;57;294;57;57;69;294;294;97;96;54;57;57;152;107;114;59;117;55;42;116;260;118;57;235;56;88;379;240;57;57;54;116;107;240;88;43;55;52;242;59;45;118;45;53;49;57;107;58;178;42;177;294;57;89;144;53;57;281;59;45;57;59;59;411;52;102;52;52;102;52;58;106;52;57;52;52;106;53;57;57;57;52;52;102;52;86;96;57;132;224;86;102;102;53;88;102;60;52;252;86;252;52;52;232;112;52;56;315;221)
seed_28_level_1-4,2242,36534.44092798233,64525619,10548,(379;59;57;210;129;57;53;240;45;149;53;196;53;59;57;81;57;57;58;42;53;45;57;294;60;45;59;54;57;110;107;86;238;54;104;88;57;108;109;54;56;42;54;240;57;59;131;240;296;74;57;101;59;53;42;53;57;57;106;108;58;113;93;97;260;53;59;58;235;57;234;53;57;105;53;57;105;57;53;110;59;104;235;107;116;58;115;57;109;265;53;57;301;57;294;86;294;57;59;280;53;57;54;57;116;58;54;294;80;116;54;84;59;134;42;54;95;56;57;229;56;53;54;258;52;153;57;94;88;58;94;110;55;60;57;94;42;58;54;53;53;110;81;57;104;212;56;56;88;58)
seed_28_level_1-4,2242,37085.25730252266,65902825,10698,(381;53;54;53;62;91;54;57;108;42;91;57;257;53;60;249;95;52;100;56;42;90;61;247;56;108;211;100;44;42;53;231;42;257;119;44;116;86;86;212;52;94;60;85;54;57;53;96;282;118;240;57;45;112;54;115;49;112;45;88;53;294;53;59;177;57;53;54;119;178;112;45;109;56;101;52;44;225;53;57;248;294;107;55;284;44;57;45;54;57;177;112;57;240;56;108;212;379;88;97;101;115;57;122;59;315;241;89;57;116;44;101;99;96;57;53;193;93;96;57;57;116;294;152;294;43;89;114;57;57;136;57;124;53;86;53;116;44;57;117;93;53;53;116;57;72;294;242;231;240)
seed_28_level_1-4,2242,37639.14346718788,67473180,10847,(280;56;57;59;42;57;56;59;57;107;251;56;231;86;253;54;57;67;57;84;120;57;57;53;233;58;258;52;59;86;56;107;61;260;104;62;57;60;224;109;57;59;53;89;253;57;59;379;45;53;52;172;53;53;294;44;59;57;240;750;113;315;127;57;42;68;107;123;45;52;49;62;124;53;57;61;240;240;57;57;52;128;315;121;57;59;45;240;51;55;57;187;43;107;203;294;53;379;57;187;121;61;57;53;57;53;57;115;58;101;53;101;294;56;57;57;57;67;44;42;57;53;90;245;294;54;58;89;55;57;101;44;243;57;109;59;57;74;57;172;242;114;53;54;88;157;45;102;57)
seed_28_level_1-4,2242,38199.36272025108,68844184,10997,(379;58;90;121;55;57;58;101;57;97;53;44;57;240;53;57;107;58;56;122;57;57;74;56;56;121;104;57;93;104;217;294;58;54;57;73;56;56;110;52;116;59;89;90;56;88;58;59;109;280;53;237;294;57;54;58;210;62;57;223;104;57;234;53;59;104;57;240;94;210;221;62;57;94;57;214;250;107;59;109;234;117;53;57;240;53;57;62;249;86;224;56;104;95;240;57;57;57;379;294;53;59;107;55;53;88;49;108;294;52;107;257;57;286;57;102;53;107;53;192;294;45;57;57;57;240;93;88;141;53;57;45;95;117;59;56;210;256;108;281;57;53;57;57;53;57;107;57;57;57)
seed_28_level_1-4,2242,38759.415796518326,70214320,11148,(379;53;129;105;235;74;57;306;102;315;57;57;379;60;59;42;57;42;57;92;97;91;58;57;57;101;240;107;56;108;57;102;57;59;107;122;107;42;57;121;89;57;57;379;88;107;239;59;224;107;88;61;107;53;53;240;57;53;57;52;57;81;88;45;240;53;215;52;56;112;114;57;57;54;240;107;53;240;107;239;240;112;107;45;114;177;240;57;62;107;107;52;52;57;133;57;280;59;210;57;252;234;57;59;224;57;229;53;222;53;294;57;242;59;65;57;57;58;61;42;53;57;240;59;59;57;57;93;220;59;58;53;93;61;236;152;88;57;134;116;113;53;57;90;59;59;86;88;117;57;54)
seed_28_level_1-4,2242,39331.10800695419,71731716,11299,(379;108;57;53;115;231;57;109;59;55;107;294;44;231;60;57;57;53;104;57;235;57;52;89;125;240;57;84;53;74;57;222;57;60;42;57;55;55;107;240;116;53;260;118;55;381;57;229;53;57;42;112;58;132;223;59;57;253;55;108;210;227;55;55;104;108;57;260;57;197;233;59;125;42;54;57;57;88;57;92;57;249;87;53;57;98;57;57;59;44;55;57;186;223;57;117;224;379;204;88;61;57;59;107;108;53;245;58;58;57;240;62;53;57;53;236;107;53;58;57;242;57;84;57;294;252;113;61;379;52;57;94;53;53;53;221;294;57;58;104;107;107;53;53;294;195;58;240;57;141;57)
seed_28_level_1-4,2242,39895.01622724533,73285531,11449,(379;57;110;57;52;61;57;57;57;294;260;52;87;57;111;58;58;120;116;152;58;104;57;228;57;57;56;107;88;113;53;54;108;58;61;55;73;42;53;116;120;235;57;109;53;58;379;57;55;218;210;57;56;57;229;58;104;54;59;210;212;112;240;209;59;218;56;231;53;63;111;120;179;55;222;217;57;93;230;210;104;221;91;109;57;94;57;60;57;57;53;57;53;134;116;224;56;379;107;106;53;201;117;208;240;215;94;53;56;53;45;57;57;294;186;57;65;54;59;87;57;215;294;53;244;404;243;53;53;45;57;53;53;59;57;57;56;276;57;379;57;134;53;59;57;294;109;52;57;43)
seed_28_level_1-4,2242,40476.68028974533,75053220,11598,(379;240;189;260;113;57;58;235;55;44;74;240;53;294;242;101;42;116;218;120;116;116;59;63;60;57;57;42;57;57;57;229;42;235;82;242;182;235;180;57;211;260;187;404;121;57;237;59;315;142;57;241;57;51;52;53;45;119;91;42;58;134;59;53;239;55;52;57;52;57;52;315;57;239;57;61;57;239;282;45;122;44;59;57;62;45;52;222;57;57;57;56;119;57;53;380;55;58;52;107;245;59;52;115;78;253;108;104;119;56;57;217;98;98;55;53;223;52;54;53;52;238;255;52;57;238;223;210;249;59;115;53;234;53;53;53;260;57;234;238;55;61;257;220;57;54;229;225;244)
seed_28_level_1-4,2242,41059.72986602783,76904238,11748,(379;57;45;236;53;45;57;58;215;45;112;57;107;57;57;52;372;106;118;56;115;53;55;177;57;107;188;60;57;379;42;53;112;244;59;379;57;57;240;242;42;62;42;54;42;240;381;53;217;244;245;60;57;52;52;54;58;57;56;54;225;59;53;115;116;114;52;59;57;57;57;53;234;217;62;218;224;57;86;59;53;58;106;53;256;55;114;53;260;122;254;58;104;220;102;52;64;93;42;244;210;379;57;57;93;236;235;294;238;98;132;231;53;57;105;57;58;45;53;294;235;294;101;235;57;152;235;237;53;119;54;117;116;107;57;96;57;238;42;260;294;53;112;240;93;114;240;57;57;260)
seed_28_level_1-4,2242,41621.834882736206,78410013,11899,(287;57;57;57;59;57;54;380;57;52;68;192;58;117;153;113;315;231;379;239;58;64;259;53;54;78;57;88;58;57;59;53;54;107;52;294;59;185;187;52;52;53;226;57;59;137;294;381;57;86;55;118;57;55;87;119;88;54;214;53;57;239;237;55;260;53;114;119;113;56;108;238;53;58;54;53;210;117;225;229;190;53;107;53;62;84;93;222;116;57;53;96;229;59;57;242;53;42;379;52;52;211;57;54;58;54;98;58;57;96;242;58;55;110;88;101;107;57;75;57;45;104;88;59;98;57;118;59;294;53;260;182;55;42;57;100;105;57;240;58;107;42;57;57;57;42;100;53;58;260;260)
seed_28_level_1-4,2242,42188.99124670029,80050798,12049,(379;306;294;260;99;54;97;42;54;260;101;57;57;101;180;102;229;57;53;57;54;44;57;107;260;125;104;78;57;53;57;53;109;42;108;256;110;57;235;241;109;102;91;107;123;298;56;380;59;63;57;119;59;211;123;91;42;231;90;90;114;93;201;239;54;56;59;133;84;123;210;97;52;52;53;108;59;151;90;120;240;57;59;57;244;253;53;53;82;260;42;87;109;260;260;57;53;115;221;297;57;91;260;107;59;56;53;53;53;57;57;56;239;57;217;57;379;114;57;107;57;88;240;57;57;68;315;135;57;294;57;57;57;61;240;101;59;59;42;60;53;57;88;59;53;62;176;315;246;56)
seed_28_level_1-4,2242,42782.156811475754,82019970,12198,(294;232;57;57;232;294;64;51;294;107;57;294;60;104;52;53;57;56;57;244;57;257;228;59;67;112;379;194;53;259;63;294;315;57;57;61;243;59;61;294;284;379;260;113;68;57;57;115;57;280;223;112;53;219;57;219;255;54;211;208;57;57;254;62;106;260;251;79;118;55;97;56;54;53;210;93;56;53;52;111;109;54;113;107;56;106;86;57;214;105;53;58;220;222;117;57;96;57;52;58;379;56;294;53;42;288;108;44;54;107;260;107;54;53;54;55;57;240;124;53;53;294;210;42;58;239;89;120;315;294;54;58;42;57;106;90;107;110;73;103;294;57;57;246;108;88;109;274;260)
seed_28_level_1-4,2242,43350.09831547737,83617260,12348,(379;109;269;240;53;106;53;57;108;107;57;242;59;44;42;260;106;44;53;79;191;209;53;96;53;53;57;57;68;107;61;96;62;126;57;44;45;294;53;53;107;53;240;60;57;260;55;120;53;56;107;96;88;55;56;107;294;57;57;240;57;294;242;126;88;107;44;107;57;44;260;287;54;53;52;124;53;107;223;42;57;108;57;218;57;49;90;61;57;196;113;379;88;225;57;57;42;224;240;57;107;54;251;53;235;52;240;61;49;121;57;55;57;286;119;178;52;112;315;113;44;107;90;57;58;57;57;59;91;61;227;57;53;52;57;240;250;540;61;242;42;107;64;57;53;221;210;57;52;122)
seed_28_level_1-4,2242,43915.10091590881,85319795,12498,(379;54;211;240;53;54;107;52;242;235;57;53;120;109;44;242;87;57;59;58;240;54;109;52;53;116;132;210;44;61;68;54;90;235;57;107;59;57;90;55;45;237;67;116;101;56;58;103;203;78;240;54;96;168;63;57;242;57;57;58;242;242;109;110;131;53;89;54;180;226;540;57;57;222;244;59;57;49;146;148;115;53;244;216;57;64;117;315;88;294;112;56;57;300;59;223;56;103;56;57;209;113;42;52;57;114;52;57;221;88;56;87;255;57;53;245;238;294;244;57;227;59;294;87;59;58;89;87;56;42;255;53;49;43;157;54;121;240;52;59;53;52;56;53;202;294;251;83;57;239)
seed_28_level_1-4,2242,44474.96240901947,86917111,12648,(244;52;65;53;52;260;54;114;52;84;142;251;106;238;52;55;52;52;97;260;133;84;244;57;206;52;57;52;146;57;53;52;51;379;260;42;54;55;224;235;57;44;88;53;236;63;42;224;57;54;212;55;57;260;53;54;57;44;55;242;58;239;242;241;53;53;107;116;42;97;260;241;58;240;116;53;109;44;240;57;112;98;42;92;240;63;179;54;90;64;240;53;241;540;106;57;113;177;239;221;53;51;94;52;88;216;213;107;57;57;187;57;240;195;177;53;379;57;182;42;42;59;148;109;114;91;60;42;56;57;123;315;53;128;112;60;42;135;106;53;57;61;59;57;43;93;54;57;53;42)
seed_28_level_1-4,2242,45031.22561740875,88448382,12798,(242;235;55;57;216;52;216;57;52;57;53;210;55;52;52;52;58;56;77;52;52;235;238;84;68;55;53;53;241;61;58;540;57;59;94;59;148;240;104;57;53;53;58;53;48;51;42;56;99;90;216;134;195;240;249;54;60;57;65;121;43;59;191;84;109;260;203;166;115;214;76;57;108;42;78;65;88;58;89;226;72;43;109;177;52;178;213;54;233;58;52;540;379;52;237;53;53;88;56;53;240;260;54;126;57;53;57;42;60;57;118;187;210;53;52;234;90;57;53;53;109;242;88;54;131;53;107;58;71;58;53;107;91;54;211;107;53;241;240;53;107;88;237;92;236;45;52;107;52;56)
seed_28_level_1-4,2242,45607.43739914894,90148458,12948,(242;57;188;62;81;82;104;55;52;57;238;56;245;55;55;86;255;55;57;59;88;55;58;59;61;53;235;57;57;294;57;53;82;57;52;235;106;59;61;379;58;104;240;66;53;59;59;107;245;108;88;240;53;59;54;262;57;120;213;240;237;88;66;55;108;58;54;42;240;107;54;53;122;43;57;379;89;59;108;56;42;42;90;90;179;58;55;245;231;118;59;89;125;540;90;239;42;58;248;247;84;150;57;51;42;58;58;149;59;224;59;231;59;241;42;294;42;57;42;58;294;224;81;369;120;42;268;85;59;58;59;257;57;42;131;42;42;42;57;57;107;62;212;278;189;52;240;282;187;113)
seed_28_level_1-4,2242,46177.902707099915,91874425,13097,(294;245;53;55;128;77;52;58;214;52;107;88;55;52;61;52;57;540;57;62;54;223;221;53;53;240;76;56;57;107;116;60;52;52;60;57;294;210;227;61;221;379;108;91;55;224;240;44;58;58;57;260;239;179;53;179;96;79;53;58;125;181;58;56;257;120;181;57;294;235;57;53;187;118;53;107;58;59;59;219;260;112;59;58;57;53;315;54;59;59;57;58;101;280;242;57;52;246;59;53;52;219;315;42;179;117;294;223;57;56;147;177;108;52;150;379;113;59;107;56;64;57;57;59;226;61;60;89;96;52;57;76;42;223;177;58;114;286;59;42;61;258;69;53;59;88;107;294;89)
seed_28_level_1-4,2242,46746.25255393982,93540447,13247,(540;52;60;76;53;56;52;55;57;208;52;52;64;55;52;53;52;52;53;232;55;251;294;51;241;57;59;52;226;53;115;56;56;54;55;57;62;59;52;57;52;51;216;56;57;379;96;126;57;53;53;57;57;219;218;107;53;54;240;57;63;107;62;241;211;53;53;57;183;59;54;184;124;121;235;66;53;57;260;108;57;200;242;53;53;121;154;116;57;116;42;294;295;53;120;56;281;57;56;55;176;121;42;226;107;58;117;258;113;44;284;112;66;54;107;107;281;226;52;59;366;400;239;243;42;235;225;240;68;42;57;74;45;315;66;245;53;43;57;153;57;52;106;57;56;207;58;53;54;57)
seed_28_level_1-4,2242,47332.245029211044,95565436,13398,(540;52;86;410;52;90;379;52;57;51;52;77;52;91;240;58;55;180;52;203;52;60;294;57;59;57;53;55;55;58;53;114;107;257;57;76;222;238;53;180;210;121;54;379;57;235;135;99;57;58;235;224;93;294;294;53;57;57;235;101;58;54;229;250;379;120;57;120;114;107;211;44;126;57;57;120;214;53;52;107;120;180;214;54;52;42;57;260;57;108;42;182;234;240;57;460;112;42;118;66;106;241;53;223;212;239;244;52;379;134;61;176;45;43;52;42;53;45;119;286;213;225;42;57;106;239;57;57;52;59;106;288;42;42;52;238;42;223;132;132;245;57;54;106;53;45;184;56;55;52;262)
seed_28_level_1-4,2242,47929.91685247421,97572439,13547,(373;87;102;244;52;57;52;62;260;210;52;53;57;233;60;226;53;57;57;206;52;52;52;53;59;51;209;103;76;52;59;259;92;52;117;55;52;107;223;53;54;230;113;146;87;540;240;59;119;209;57;42;42;42;281;219;283;118;240;42;218;242;102;42;113;194;238;119;133;57;239;42;244;218;94;43;42;42;241;245;115;257;122;56;220;230;315;228;229;294;107;177;57;315;222;108;52;379;167;56;57;57;119;115;261;53;102;235;105;98;260;57;55;224;52;230;255;123;107;53;120;109;124;240;53;228;53;239;58;116;53;93;53;52;57;68;60;180;61;108;294;68;59;290;184;57;240;53;54)
seed_28_level_1-4,2242,48509.16750621796,99464952,13696,(286;87;52;52;57;52;52;53;52;56;88;56;53;57;221;87;53;379;65;88;240;213;52;52;52;58;55;53;56;221;52;54;57;235;57;82;51;294;52;52;52;60;52;88;379;108;131;57;53;228;54;242;57;119;108;42;57;118;59;68;44;235;241;57;294;251;229;99;53;59;62;120;260;59;53;71;120;241;59;57;253;228;57;198;44;42;58;59;55;61;211;68;42;454;57;59;115;53;58;315;54;53;294;56;119;42;226;54;56;238;59;379;194;42;240;235;134;211;379;56;294;123;108;57;229;280;52;42;42;246;42;52;315;235;225;238;54;119;42;42;294;286;315;240;58;107;67;42;52)
seed_28_level_1-4,2242,49087.733305215836,101643648,13845,(236;53;52;180;132;253;233;56;55;55;56;51;236;77;93;237;52;244;53;52;53;88;52;61;221;540;256;109;182;213;84;238;52;315;52;52;113;260;95;52;52;57;379;121;62;240;240;260;121;53;241;57;53;59;54;57;235;53;240;114;179;53;57;238;228;57;53;54;53;42;59;102;439;283;58;57;115;53;55;117;53;53;57;59;62;57;240;272;57;42;460;241;239;235;53;55;116;59;53;56;57;54;294;42;52;115;55;108;54;255;129;58;53;43;97;53;52;57;52;240;106;58;57;221;116;53;242;235;540;57;223;57;220;52;222;44;45;260;379;42;294;294;111;52;121;55;379;120;130)
seed_28_level_1-4,2242,49677.63208079338,103761896,13995,(283;107;53;86;58;240;53;57;53;260;235;57;236;216;242;287;118;45;179;53;55;42;55;240;53;53;53;234;53;57;53;232;52;148;57;181;53;55;241;100;53;53;57;304;53;57;240;257;57;57;59;52;281;379;53;107;68;256;106;121;228;59;58;52;235;81;59;315;219;211;114;52;57;67;57;235;57;58;294;294;57;57;244;250;244;259;53;214;57;52;81;52;57;51;399;42;249;185;249;53;284;231;52;281;258;88;58;53;235;120;44;43;51;239;315;138;208;42;135;57;239;232;240;167;235;42;250;120;53;42;242;86;139;283;132;52;88;54;379;56;286;240;55;58;52;57;57;238;122;134)
seed_28_level_1-4,2416,50257.736844062805,105764610,14145,(284;52;57;57;52;53;105;59;52;57;294;243;57;238;57;186;55;52;221;56;116;53;52;233;55;240;260;84;131;57;56;53;238;53;172;59;53;235;44;119;52;294;56;52;51;57;51;60;52;53;117;52;59;57;216;57;379;190;235;117;56;57;208;52;57;124;240;56;52;576;274;42;59;57;43;57;167;274;242;57;172;114;240;57;68;53;286;52;43;117;56;53;42;197;58;115;239;228;59;53;128;286;115;241;128;239;360;68;238;53;52;52;274;360;198;57;239;242;59;60;129;57;53;138;90;42;88;287;228;56;391;128;166;59;239;360;155;239;52;53;57;70;284;52;52;138;223;115;43;53)
seed_28_level_1-4,2416,50856.495886325836,108014337,14295,(360;56;104;58;274;57;116;53;53;57;274;235;360;82;152;106;274;57;98;57;57;52;57;281;57;59;113;296;55;52;52;235;57;53;229;102;216;53;57;53;51;57;57;221;240;296;274;242;56;60;208;55;106;55;57;60;221;61;57;52;242;55;57;57;57;53;52;558;57;240;57;279;112;240;42;53;57;284;118;115;281;54;360;296;289;360;149;52;238;241;57;57;53;52;296;115;240;281;360;88;206;242;241;54;52;56;53;96;53;227;241;57;194;57;87;86;56;42;139;285;196;53;79;53;240;145;286;216;242;128;119;176;242;52;58;118;57;53;220;296;311;57;56;274;53;60;90;89;57;121)
seed_28_level_1-4,2416,51440.112894535065,109862861,14445,(281;53;109;52;57;53;53;360;59;53;57;57;55;53;107;57;61;62;57;57;104;56;360;235;111;107;107;57;57;131;360;180;281;57;218;219;53;57;145;110;296;52;186;274;52;239;55;111;239;53;57;76;240;67;57;116;192;240;52;274;45;58;52;274;220;52;558;107;147;51;62;90;53;208;57;52;57;240;134;52;122;57;52;274;237;52;52;52;111;87;53;57;56;56;52;57;132;104;274;52;57;399;186;128;57;53;53;242;122;240;106;56;52;93;115;53;43;54;53;55;53;52;114;239;54;104;52;274;116;52;54;257;107;54;372;207;131;114;107;57;242;52;124;53;142;42;115;400;234;207)
seed_28_level_1-4,2416,52025.43730759621,111701175,14595,(399;208;62;240;53;186;53;91;57;134;242;53;57;222;121;53;42;106;57;114;53;129;42;45;57;115;57;61;114;121;274;139;242;57;57;83;53;57;238;218;43;238;238;274;53;90;53;57;82;42;296;238;57;57;240;58;42;52;53;57;279;57;238;49;106;86;239;45;57;107;242;52;43;242;56;112;53;137;360;57;244;59;360;52;52;57;238;290;57;57;59;242;181;213;57;82;96;287;55;274;109;53;56;229;216;56;52;238;52;135;107;217;57;52;106;49;57;238;274;59;53;180;242;242;88;76;208;59;57;53;181;62;60;191;181;274;59;239;57;227;360;63;233;57;52;57;242;57;150;57)
seed_28_level_1-4,2416,52622.94322824478,113711843,14745,(399;240;255;242;88;104;148;139;218;52;106;236;53;90;235;57;287;242;274;53;56;279;172;132;57;45;112;239;242;55;57;52;53;106;260;53;132;112;129;116;176;43;240;57;129;52;53;106;296;45;42;149;239;238;53;59;45;52;53;281;399;115;262;229;52;182;53;137;52;167;57;240;88;281;184;239;52;182;216;57;241;61;57;60;122;210;360;53;274;57;42;132;296;112;107;86;59;219;56;53;182;274;57;55;108;54;57;57;112;223;235;57;53;56;58;95;80;53;57;215;242;57;242;220;274;296;300;56;53;57;296;57;57;261;57;120;45;57;57;57;274;111;57;57;88;57;116;117;208;58)
seed_28_level_1-4,2416,53212.9578640461,115822565,14895,(54;143;320;110;52;117;57;84;115;296;59;234;57;57;111;107;57;59;57;53;81;57;57;52;113;57;52;213;114;52;59;233;57;52;56;234;222;57;90;57;103;131;131;57;86;86;57;242;53;66;265;52;182;57;57;59;112;57;57;57;181;55;56;53;58;63;120;262;128;93;53;56;95;62;399;56;55;138;242;139;360;52;52;105;241;283;107;86;360;283;57;114;112;90;132;360;43;222;108;219;57;274;274;52;52;63;52;52;201;52;360;240;239;128;233;43;51;240;56;242;274;360;42;227;279;52;279;56;296;254;235;115;158;360;57;55;360;255;139;53;96;274;238;132;274;53;287;52;107;279)
seed_28_level_1-4,2416,53807.272485256195,118144114,15045,(284;52;189;87;58;51;52;57;57;109;141;56;57;67;242;57;53;197;59;57;81;57;296;56;57;84;78;115;76;52;57;238;93;71;242;57;281;60;59;57;68;56;121;115;57;222;123;52;86;242;61;57;108;63;107;45;240;57;53;43;88;57;131;57;400;399;287;229;52;281;137;132;166;296;360;107;53;53;193;360;242;274;182;296;53;121;106;296;52;57;52;254;53;140;239;219;53;128;235;52;229;56;57;57;52;170;52;107;52;53;52;57;210;229;52;152;57;185;52;111;219;281;193;399;258;279;128;209;57;52;235;360;205;360;399;241;52;360;134;137;405;227;241;107;195;239;146;139;242;52)
