seed_24_level_6-4,554,481.3651819229126,735369,150,(1001;54;45;61;52;63;52;59;55;44;58;53;54;57;96;66;52;52;53;47;53;53;52;52;52;52;45;53;49;63;57;45;44;53;72;44;79;44;65;52;53;52;57;90;42;88;72;42;75;55;57;42;42;42;43;57;44;61;42;42;42;74;56;42;58;44;42;57;52;52;42;57;64;44;42;43;52;42;70;71;90;73;74;52;66;42;52;57;58;60;53;42;58;46;44;70;76;52;58;76;53;42;42;53;57;55;43;42;52;75;68;57;54;57;53;57;53;62;63;58;44;52;58;56;46;52;52;77;42;53;52;52;53;55;63;42;50;54;60;53;52;60;53;42;109;62;57;42;75;42)
seed_24_level_6-4,578,959.0491878986359,989333,300,(42;42;42;42;42;42;42;42;42;42;43;42;42;42;42;42;42;42;42;42;43;43;42;43;42;42;42;43;42;42;43;42;42;43;43;43;43;43;43;45;45;45;47;62;63;69;71;73;74;74;80;80;61;70;59;70;66;58;57;57;57;57;58;57;57;70;53;59;57;57;53;53;52;57;55;62;53;55;57;52;56;63;53;53;56;97;56;53;53;72;55;52;56;52;53;52;52;52;52;52;52;52;52;52;54;52;52;52;52;52;58;53;52;52;54;52;52;50;54;52;55;53;61;57;57;53;57;53;82;63;88;58;61;62;90;61;90;74;90;87;104;88;76;105;76;91;88;96;55;95)
seed_24_level_6-4,578,1435.6591532230377,1237529,450,(43;44;43;43;43;43;43;43;43;43;43;43;43;44;43;44;44;43;43;43;43;43;44;44;44;43;44;44;44;44;44;44;43;44;44;44;44;44;44;46;46;46;48;60;60;64;63;66;68;68;68;74;74;61;59;70;66;58;57;57;57;57;58;57;57;71;58;57;57;52;57;53;53;57;54;62;53;55;57;52;56;55;53;56;56;56;53;53;72;55;52;56;52;54;52;52;52;52;52;52;52;52;52;53;52;52;52;52;52;58;54;52;52;54;52;52;50;53;52;53;53;53;54;57;61;57;53;63;58;61;88;62;63;107;74;75;58;90;74;95;81;75;90;97;66;87;75;120;89;75)
seed_24_level_6-4,578,1913.474999666214,1486594,600,(43;43;43;43;43;43;43;43;43;43;43;43;43;43;43;43;43;43;43;44;43;43;44;44;43;43;44;43;44;44;44;44;44;44;44;44;44;44;44;46;46;46;48;60;60;64;66;68;68;68;74;74;65;61;59;70;66;59;57;57;57;57;58;57;57;71;59;57;57;52;57;53;53;53;55;62;53;55;57;52;56;63;53;56;56;53;56;56;72;58;52;53;52;54;52;52;52;52;52;52;52;52;52;54;52;52;52;52;52;58;54;52;52;54;52;52;50;53;52;53;57;53;57;53;54;61;53;63;58;58;61;62;65;53;89;75;74;104;62;88;92;87;105;91;75;97;63;88;106;104)
seed_24_level_6-4,578,2391.0780522823334,1730380,750,(43;43;43;43;43;43;43;43;43;43;43;43;43;43;43;43;43;43;44;44;44;44;43;43;44;43;43;43;43;43;44;44;44;44;44;44;44;44;44;46;46;46;48;60;60;64;63;66;68;68;68;74;74;61;59;70;66;59;57;57;57;57;58;57;57;71;59;57;53;52;57;53;53;55;62;53;55;57;52;56;53;53;56;56;56;53;53;53;72;52;52;54;52;52;52;52;52;52;52;52;52;53;52;52;52;52;52;58;53;52;52;54;52;52;50;54;52;53;57;57;57;57;57;54;61;53;58;58;63;58;61;62;63;65;74;62;76;75;59;91;87;90;82;97;88;75;112;88;78;104)
seed_24_level_6-4,578,2872.2660813331604,1973474,900,(43;43;43;43;43;43;43;43;43;43;43;43;43;43;43;43;43;43;44;43;44;44;43;43;43;43;44;43;44;44;43;44;43;44;44;44;44;44;44;46;46;46;48;60;60;64;66;68;68;68;74;74;65;61;59;70;66;58;57;57;57;57;59;57;57;70;59;57;52;57;53;57;53;53;57;54;62;53;55;57;52;55;53;53;56;53;56;56;53;56;72;52;52;54;52;52;52;52;52;52;52;52;52;54;52;52;52;52;52;58;54;52;52;53;52;52;50;53;52;53;57;57;53;55;61;53;55;76;63;87;58;61;61;65;88;62;88;74;88;75;92;77;89;73;90;88;53;106;58;95)
seed_24_level_6-4,578,3354.381915807724,2212853,1050,(43;43;43;43;43;43;43;43;43;43;43;43;43;43;43;43;43;43;43;43;43;43;43;43;44;44;44;44;44;43;44;44;44;44;44;44;44;44;44;46;46;46;48;60;60;64;63;66;68;68;69;74;74;61;59;70;66;59;57;57;57;57;58;57;57;70;58;57;52;57;57;57;57;53;55;62;53;55;57;52;55;53;53;56;53;53;53;56;56;53;72;52;52;55;53;52;52;52;52;52;52;52;52;52;54;52;52;52;52;52;58;53;52;52;53;52;52;50;53;52;53;57;57;57;57;54;61;53;63;76;58;60;62;65;61;74;76;73;77;90;59;65;90;90;55;63;93;88;109;106)
seed_24_level_6-4,931,3826.4506063461304,2471559,1200,(43;43;43;43;43;43;43;43;43;43;43;43;43;43;43;43;43;43;43;44;44;43;43;44;44;43;43;44;44;43;43;43;43;44;44;44;44;44;44;46;46;46;48;60;60;64;66;68;68;69;74;74;63;61;59;70;66;59;57;57;57;57;58;57;57;70;59;57;52;57;57;57;57;57;53;53;57;55;62;53;55;57;52;56;53;88;53;56;53;53;97;56;56;53;72;52;52;58;54;52;52;52;52;52;52;52;52;52;53;52;52;52;52;52;58;54;52;52;53;52;52;50;53;52;57;53;55;61;53;63;87;58;61;61;65;74;65;88;74;73;74;105;58;90;88;93;88;88;159;118)
seed_24_level_6-4,946,4301.58690738678,2729614,1351,(42;42;42;42;42;42;42;42;42;42;42;42;42;42;42;42;42;42;43;43;43;42;43;42;43;43;43;43;43;42;42;43;43;44;44;44;44;44;44;46;46;46;49;60;60;64;66;68;69;70;75;75;65;61;59;70;66;58;57;57;57;57;58;57;57;70;59;57;52;57;57;57;53;53;57;53;54;62;53;55;57;52;56;53;53;56;56;53;56;53;56;72;52;52;53;52;52;52;52;52;52;52;52;52;54;52;52;52;52;52;58;54;52;52;54;52;52;50;54;52;57;53;53;54;61;53;55;63;74;58;60;61;88;90;104;87;74;74;91;76;93;58;88;55;97;89;75;79;95;161;77)
seed_24_level_6-4,946,4784.897537469864,2974522,1502,(42;42;42;42;42;42;42;42;42;42;42;42;42;42;42;42;42;42;43;42;43;43;42;43;43;42;42;42;42;42;43;42;43;44;44;44;44;44;44;46;46;46;49;60;60;64;63;66;68;69;70;75;75;61;59;70;66;59;57;57;57;57;59;57;57;71;58;57;52;57;57;57;57;53;55;62;53;55;57;52;55;53;76;53;56;53;53;53;53;56;72;52;52;55;53;52;52;52;52;52;52;52;52;52;53;52;52;52;52;52;58;54;52;52;54;52;52;50;54;52;53;57;53;53;57;55;61;53;63;78;58;61;61;62;76;74;75;90;105;63;87;91;93;66;53;88;88;109;75;90;56)
seed_24_level_6-4,946,5263.24559211731,3215374,1652,(42;42;42;42;42;42;42;42;42;42;42;42;42;42;42;42;42;42;42;43;43;43;42;43;43;43;43;42;43;43;42;43;42;44;44;44;44;44;44;46;46;46;49;60;60;64;66;68;69;70;75;75;63;61;59;70;66;59;57;57;57;57;58;57;57;71;58;57;52;57;53;57;57;57;53;55;62;53;55;57;52;55;53;53;56;53;56;56;53;53;53;72;52;52;58;53;52;52;52;52;52;52;52;52;52;53;52;52;52;52;52;58;53;52;52;54;52;52;50;53;52;57;53;57;57;54;61;53;63;58;61;63;61;65;90;88;74;74;75;74;74;60;91;76;87;81;88;88;80;120)
seed_24_level_6-4,946,5742.070925951004,3459719,1802,(42;42;42;42;42;42;42;42;42;42;42;42;42;42;42;42;42;42;42;43;43;42;42;43;42;43;43;42;42;43;42;42;42;44;44;44;44;44;44;46;46;46;49;60;60;64;66;68;69;70;75;75;63;61;59;70;66;59;57;57;57;57;59;57;57;70;59;57;52;57;57;53;57;57;57;53;55;62;53;55;57;52;56;53;53;56;53;53;53;56;56;53;72;52;52;53;52;52;52;52;52;52;52;52;52;53;52;52;52;52;52;58;54;52;52;53;52;52;50;54;52;53;57;53;54;61;53;55;63;58;60;58;62;65;61;74;88;75;74;104;95;82;105;65;91;75;106;88;89;96)
seed_24_level_6-4,946,6222.069772005081,3705257,1952,(42;42;42;42;42;42;42;42;42;42;42;42;42;42;42;42;42;42;42;42;42;42;42;43;43;43;42;43;43;42;43;42;43;44;44;44;44;44;44;46;46;46;49;60;60;64;66;68;69;69;75;75;65;61;59;70;66;58;57;57;57;57;58;57;57;71;58;57;52;57;53;57;57;53;57;55;62;53;55;57;52;56;53;56;56;53;56;97;53;53;56;72;52;52;55;54;52;52;52;52;52;52;52;52;52;53;52;52;52;52;52;58;53;52;52;54;52;52;50;54;52;57;57;57;53;54;61;53;63;59;58;61;75;89;90;61;74;74;76;87;58;91;93;77;55;63;109;106;105;75)
seed_24_level_6-4,946,6697.841277599335,3949323,2102,(42;42;42;42;42;42;42;42;42;42;42;42;42;42;42;42;42;42;43;43;43;42;43;43;42;43;42;43;43;43;43;42;43;44;44;44;44;44;44;46;46;46;49;60;60;64;63;66;68;69;70;75;75;61;59;70;66;59;57;57;57;57;59;57;57;71;58;57;52;57;53;57;57;53;57;57;54;62;53;55;57;52;55;63;76;56;56;56;53;53;53;56;72;52;52;55;53;52;52;52;52;52;52;52;52;52;53;52;52;52;52;52;58;54;52;52;53;52;52;50;53;52;57;57;57;54;61;53;58;63;88;58;61;62;62;75;75;75;76;58;88;91;91;93;87;65;97;90;79;109)
seed_24_level_6-4,946,7178.4982368946075,4196204,2252,(42;42;42;42;42;42;42;42;42;42;42;42;42;42;42;42;42;42;42;42;43;42;43;43;42;43;43;42;42;42;43;42;43;44;44;44;44;44;44;46;46;46;49;60;60;64;66;68;69;70;75;75;65;61;59;70;66;58;57;57;57;57;58;57;57;71;59;57;52;57;57;57;53;57;57;57;57;55;62;53;55;57;52;56;56;56;56;53;53;53;56;72;52;52;58;53;52;52;52;52;52;52;52;52;52;53;52;52;52;52;52;58;54;52;52;54;52;52;50;54;52;53;57;54;61;53;58;63;74;58;61;88;65;62;53;91;75;88;55;62;105;64;94;73;96;97;58;88;103;120)
seed_24_level_6-4,946,7652.76899766922,4445482,2402,(42;42;42;42;42;42;42;42;42;42;42;42;42;42;42;42;42;42;42;43;43;42;42;42;43;43;43;43;43;43;43;42;42;44;44;44;44;44;44;46;46;46;49;60;60;64;65;66;68;69;69;75;75;61;59;70;66;58;57;57;57;57;58;57;57;70;59;57;52;57;57;53;57;57;53;57;57;55;62;53;55;57;52;55;63;63;56;53;53;53;53;53;53;72;52;52;53;52;52;52;52;52;52;52;52;52;53;52;52;52;52;52;58;53;52;52;54;52;52;50;53;52;57;57;55;61;53;58;90;63;59;58;61;62;65;62;90;75;73;74;65;92;90;88;97;88;90;118;105;107)
seed_24_level_6-4,946,8158.664057970047,4737545,2562,(43;54;42;43;43;44;42;58;43;44;43;52;42;42;43;44;42;65;53;53;57;53;43;55;57;55;44;53;57;57;53;56;53;53;57;84;53;109;53;56;44;58;53;52;57;55;52;52;55;53;63;52;67;46;65;60;44;42;57;54;61;71;60;43;57;90;58;54;59;59;61;53;52;53;52;65;53;44;58;56;63;51;53;67;66;87;52;52;87;55;74;75;108;56;52;77;98;58;76;52;91;42;42;63;55;58;58;65;55;82;95;42;44;108;42;53;56;52;42;73;88;43;57;57;42;75;57;57;78;63;77;57;59;88;53;62;105;52;50;56;73;54;106;43;43;52;63;42;79;42;43;51;43;93;118;43;69;42;63;57)
seed_24_level_6-4,946,8638.127321004868,5022369,2712,(43;44;44;44;58;52;42;42;65;52;42;42;58;42;69;77;52;57;43;42;55;75;54;104;62;91;58;56;56;55;42;42;104;63;52;52;66;52;91;52;94;43;43;43;43;88;69;57;57;44;57;57;58;57;46;80;54;58;89;74;68;52;54;52;90;53;52;57;52;43;53;53;93;53;57;53;52;53;96;44;43;53;42;77;52;52;103;42;56;84;43;50;57;97;59;53;57;90;64;89;88;57;57;59;53;80;52;53;53;53;75;53;57;56;58;56;52;49;58;53;88;60;42;56;90;74;86;53;53;56;76;56;74;62;53;58;62;54;53;58;78;52;86;73;52;52;52;78;57;64)
seed_24_level_6-4,953,9123.826946735382,5329595,2864,(44;53;44;44;44;42;52;52;72;52;53;65;55;61;53;52;52;52;43;56;52;97;62;52;61;52;99;93;63;94;42;54;62;53;53;54;84;52;53;52;53;61;95;62;52;59;56;42;56;57;52;81;63;43;43;76;57;53;54;43;42;112;57;57;53;57;53;57;52;76;75;58;58;51;55;77;52;52;57;53;106;55;57;54;52;53;52;88;59;93;63;53;58;65;53;53;55;53;109;87;42;57;54;43;66;99;57;53;115;57;42;61;53;53;82;56;42;53;52;64;63;60;52;60;42;80;52;53;90;58;102;52;86;59;52;61;52;103;86;52;52;57;62;90;57;53;53;74;169;52;42;44)
seed_24_level_6-4,1173,9612.563809156418,5632859,3016,(44;44;53;43;46;52;81;76;42;52;42;96;71;102;44;52;52;52;52;52;52;59;60;56;53;95;52;53;71;75;52;53;53;69;52;65;53;43;72;62;67;67;74;49;56;55;42;42;56;53;56;80;56;88;59;72;58;42;88;43;57;55;58;93;52;76;42;56;66;52;64;42;52;43;88;75;43;57;57;57;57;52;57;88;104;56;92;63;59;42;97;42;56;42;63;44;57;64;54;44;61;56;58;62;53;57;54;57;103;87;53;53;55;52;52;74;53;53;55;98;59;74;55;42;65;42;52;43;207;44;42;73;56;74;44;52;52;74;55;44;75;88;51;61;52;64;57;58;75;73;57;62)
seed_24_level_6-4,1189,10108.63070011139,5963886,3170,(44;44;44;44;53;56;52;52;52;65;57;57;52;52;52;52;57;42;94;60;56;109;56;112;58;42;84;61;57;82;86;96;88;53;75;52;72;84;53;96;92;73;54;68;53;52;42;52;56;89;52;88;42;42;53;75;43;101;58;53;53;64;58;54;57;59;46;65;58;53;58;56;52;42;52;52;52;52;52;61;52;207;52;59;55;53;87;52;86;57;61;61;52;75;57;52;53;58;61;57;53;52;90;60;57;57;59;53;62;56;57;60;61;88;44;57;57;88;53;57;56;53;52;57;53;57;52;74;57;52;75;53;59;57;58;60;53;43;56;56;202;57;75;61;59;74;52;53;52;107;52;57;63;54)
seed_24_level_6-4,1189,10601.62302494049,6259399,3322,(44;44;65;52;52;53;42;54;52;56;54;56;52;52;52;52;52;52;57;52;52;52;52;52;74;52;74;59;42;75;89;57;43;70;103;44;57;53;88;88;57;42;52;61;44;80;57;61;95;54;88;43;58;57;54;57;59;62;93;52;52;57;44;44;52;53;56;43;57;52;74;60;56;58;67;101;61;53;53;57;49;53;59;78;53;52;53;52;57;51;57;52;57;52;92;58;57;74;43;52;52;67;54;87;53;56;56;76;42;92;88;106;52;57;76;113;58;53;52;53;78;84;95;42;76;55;49;52;57;57;51;57;93;58;53;57;68;96;42;53;90;53;43;96;91;43;58;57;89;51;58;56)
seed_24_level_6-4,1189,11073.373852968216,6572392,3468,(44;44;44;44;53;75;69;42;52;52;42;43;63;74;73;43;92;49;56;81;58;50;53;53;58;56;53;42;100;75;42;73;57;53;52;102;94;53;55;52;52;52;52;53;53;52;52;52;115;52;52;90;44;53;53;57;57;44;88;53;53;53;81;43;81;88;86;59;88;55;76;42;56;104;52;58;80;59;60;79;57;43;44;76;74;53;56;75;56;57;92;56;57;86;53;57;57;88;52;55;59;56;52;74;53;90;53;53;58;53;56;67;74;56;96;73;79;54;42;59;54;57;53;58;57;42;58;204;93;54;84;42;54;90;57;57;54;94;53;53;57;61;67;114;57;53)
seed_24_level_6-4,1189,11553.466380357742,6909075,3620,(44;65;62;44;63;43;53;65;62;67;75;58;59;53;61;88;57;59;58;75;77;91;54;57;53;88;59;92;86;50;58;46;55;63;43;52;49;75;56;42;85;60;52;52;52;69;52;52;63;52;52;86;52;75;57;57;73;43;57;57;52;73;57;52;57;88;99;76;58;97;57;90;59;53;59;53;55;75;69;77;75;100;57;77;53;57;52;57;104;71;58;57;57;53;104;57;52;53;88;52;87;58;53;52;52;53;52;52;204;53;46;60;53;44;57;58;88;59;53;59;44;57;57;88;55;53;53;52;61;101;53;53;57;88;53;53;83;91;52;52;57;88;95;57;52;52;104;89;52;66;75;88)
seed_24_level_6-4,1358,12056.44980096817,7275456,3771,(63;42;44;42;65;46;65;42;53;75;43;66;73;58;57;52;56;52;92;57;60;52;88;52;51;67;43;56;61;73;42;52;62;42;52;53;61;52;66;53;52;88;57;57;57;56;116;53;74;44;75;57;57;203;59;53;57;58;57;58;57;239;59;53;77;57;60;75;61;57;75;59;57;62;49;63;59;58;59;57;101;53;56;56;89;53;111;57;58;56;57;108;49;104;57;56;51;57;88;105;56;53;88;42;53;93;52;53;53;52;88;54;89;90;52;55;52;52;88;53;52;104;60;97;53;59;52;53;42;121;53;76;42;53;43;94;55;88;61;57;53;96;53;90;97;57;93;66;93;68;57)
seed_24_level_6-4,1358,12549.20300912857,7664148,3921,(63;42;43;64;54;42;50;56;66;56;65;42;57;55;52;62;59;62;77;73;77;52;53;55;59;63;52;53;92;52;88;52;56;57;52;55;52;52;59;86;52;55;88;56;57;57;57;93;57;58;57;57;75;57;101;73;53;92;59;59;60;43;88;55;53;75;63;76;51;112;57;88;78;57;52;44;57;49;55;57;57;53;53;89;53;78;58;53;53;55;74;53;53;53;54;60;53;53;53;132;76;53;56;90;88;86;75;88;74;53;57;52;56;90;88;104;87;58;59;88;44;56;57;59;53;46;56;202;57;63;85;88;158;42;57;75;57;58;75;54;173;59;57;57;57;202;54;53;202;58)
seed_24_level_6-4,1358,13042.28756904602,8062412,4072,(63;42;43;43;64;53;60;49;43;61;79;74;44;64;66;64;57;62;97;60;75;88;53;90;57;52;57;103;53;56;103;42;88;104;57;57;60;64;57;53;57;53;55;97;55;53;88;52;52;82;52;52;53;53;53;52;55;93;52;89;53;53;77;55;62;98;77;58;53;75;88;53;53;53;88;53;103;57;57;56;71;57;62;61;88;60;54;92;52;54;52;76;57;75;52;52;52;58;88;86;90;82;56;57;79;92;57;64;57;85;52;42;52;53;58;60;90;86;89;58;79;52;88;70;56;74;43;124;140;88;56;56;202;57;61;59;58;62;204;202;42;61;112;53;44;57;78;75;75;44;53)
seed_24_level_6-4,1358,13536.300985097885,8485453,4224,(66;52;44;57;53;53;57;53;52;59;107;56;52;57;57;62;54;44;53;56;90;56;88;57;109;57;57;55;57;58;53;53;58;57;57;57;57;93;53;90;58;88;43;93;43;101;52;52;52;49;52;53;88;58;52;42;54;52;42;92;51;42;51;52;52;60;104;52;52;73;56;52;59;60;52;57;53;97;52;74;53;88;59;52;58;74;221;92;52;66;62;95;57;53;58;52;73;105;98;94;97;52;76;88;53;53;52;76;105;74;74;54;53;89;90;53;56;88;102;88;56;61;52;60;90;107;61;87;88;90;53;204;42;57;59;53;59;52;162;54;53;204;59;55;162;159;59;57;57;57;59;57)
seed_24_level_6-4,1358,14036.799167633057,8914932,4376,(52;74;42;44;102;90;52;42;55;52;56;60;54;43;56;74;54;57;52;53;53;53;56;54;56;57;95;73;55;56;89;56;69;54;75;75;56;86;90;109;70;58;57;58;57;53;58;57;53;53;92;51;75;93;89;54;49;87;57;77;52;52;57;53;57;87;51;77;87;57;74;97;57;52;111;52;57;91;89;42;52;90;87;52;43;60;53;89;75;90;77;56;74;76;102;53;56;78;52;54;53;58;52;54;79;59;95;52;52;56;52;55;52;58;54;210;58;46;52;52;86;57;57;88;99;57;52;52;59;52;95;57;162;203;53;202;56;203;204;59;60;62;54;59;59;79;59;58;56;59;59;56)
seed_24_level_6-4,1358,14533.974971055984,9284761,4527,(111;57;92;44;57;94;53;59;64;57;57;57;53;57;51;53;88;63;56;52;56;56;53;53;52;43;55;80;88;86;52;53;89;90;53;88;107;61;88;52;53;91;89;56;53;57;63;51;57;74;57;57;53;57;95;77;109;58;57;50;44;57;56;57;97;55;52;53;53;93;86;52;52;52;49;49;60;87;52;105;49;61;73;56;80;75;75;78;57;54;59;66;56;57;57;49;56;49;57;91;52;53;52;56;86;87;90;53;60;115;56;55;93;56;101;63;90;91;93;80;54;97;52;86;58;94;63;55;53;57;89;58;58;57;203;59;56;54;56;55;54;109;104;57;80;56;58;53;88;57;93)
seed_24_level_6-4,1369,15032.134815454483,9698485,4677,(91;54;91;57;54;49;44;59;65;64;53;88;92;52;53;53;76;53;53;89;90;109;57;57;58;53;55;104;57;53;54;57;97;110;64;75;65;55;56;75;57;57;59;59;53;58;94;42;93;44;85;66;57;44;44;91;55;58;57;71;91;53;57;72;58;61;74;91;94;53;49;53;49;52;52;77;52;52;53;49;49;49;90;55;56;88;53;60;53;53;241;56;90;115;52;42;104;57;60;53;53;54;52;52;53;52;58;64;62;53;88;54;53;52;94;54;57;62;53;53;75;204;53;64;88;55;79;59;93;42;203;95;107;221;61;53;58;55;54;42;98;52;55;58;112;52;64;58;59;59)
seed_24_level_6-4,1369,15531.554323673248,10133779,4830,(93;81;93;57;76;57;56;44;49;67;92;57;53;54;54;58;72;81;53;79;76;42;52;52;58;62;55;61;76;52;74;52;49;56;117;49;116;54;52;42;49;53;42;104;53;55;57;202;57;57;57;106;53;57;53;60;56;44;56;58;98;53;59;53;58;52;91;57;56;100;57;57;72;114;77;90;61;59;51;62;84;74;58;63;52;59;77;59;112;63;60;274;56;102;52;58;60;167;56;114;94;52;57;54;91;53;74;86;55;57;53;75;52;56;73;52;52;84;52;52;52;88;71;76;89;52;52;52;53;53;52;53;52;53;77;55;42;42;208;53;65;61;104;61;88;62;201;56;57;44;53;58;57)
seed_24_level_6-4,1369,16028.567573070526,10496831,4983,(104;49;65;44;57;55;55;52;43;50;42;90;106;52;52;54;52;52;73;52;74;86;53;53;42;88;52;43;97;54;105;57;59;74;55;78;79;59;57;57;82;57;61;59;57;54;53;75;112;52;73;57;52;52;53;52;74;53;56;52;75;53;76;63;66;57;54;58;57;52;57;53;111;54;59;86;42;73;52;53;59;55;42;86;88;53;42;53;89;88;67;97;57;53;60;89;53;54;54;57;57;57;59;53;104;52;57;53;59;66;58;52;70;57;57;57;57;54;208;68;89;87;52;58;62;93;89;59;60;52;42;56;65;42;201;93;57;56;93;42;93;104;53;96;65;52;58;52;99;52;55;58;63)
seed_24_level_6-4,1369,16523.23358798027,10889024,5135,(104;56;90;89;102;96;58;86;57;55;57;88;52;52;52;56;86;52;52;56;52;52;53;52;53;60;122;53;91;54;52;59;57;46;63;66;79;54;57;52;57;53;75;59;51;57;58;90;63;74;53;89;57;57;57;98;78;52;92;56;57;55;91;95;88;101;91;57;59;53;74;57;73;53;57;104;121;63;53;58;53;57;97;57;57;57;42;57;62;75;52;64;53;74;53;86;88;88;87;62;52;53;53;102;56;52;73;76;86;89;75;52;52;52;52;57;52;59;55;138;43;42;53;57;82;43;59;63;42;61;42;108;53;56;106;208;54;53;43;42;105;52;52;52;88;55;208;93;55;53;70;59)
seed_24_level_6-4,1369,17017.612614631653,11285212,5286,(91;80;92;53;59;59;55;81;63;63;78;88;88;60;80;56;83;73;53;86;75;90;63;53;54;60;52;57;76;75;58;56;86;52;60;52;76;100;58;57;69;58;54;49;61;58;57;57;57;95;104;80;59;53;75;96;43;58;53;64;55;57;94;74;57;53;84;61;57;74;57;99;83;57;89;88;79;87;55;75;53;87;73;90;75;95;53;54;60;87;104;53;106;53;52;56;52;74;102;52;52;56;92;90;52;88;100;57;120;53;74;87;79;88;74;119;99;66;63;73;135;89;88;98;73;79;58;59;85;63;67;58;75;53;58;53;56;90;76;74;53;55;42;46;42;91;43;111;52;54;86)
seed_24_level_6-4,1369,17520.806798696518,11682564,5439,(88;61;57;75;61;58;61;57;57;76;72;109;93;51;52;58;52;52;62;62;53;61;90;106;78;61;57;53;42;117;54;55;43;94;42;76;99;56;63;52;75;57;94;56;69;74;66;57;97;57;88;53;74;52;67;52;52;52;46;74;53;102;186;88;136;202;54;70;61;63;80;43;53;202;61;54;57;42;58;59;52;57;52;52;52;53;85;52;52;52;86;52;102;76;56;43;52;52;53;53;86;44;52;53;75;74;92;56;57;102;74;58;52;46;58;53;57;61;57;57;42;46;87;67;87;52;53;52;57;52;103;59;64;95;52;52;52;52;88;65;88;53;79;53;51;53;65;57;57;74;138;107;62)
seed_24_level_6-4,1369,17999.049778223038,12069500,5587,(120;61;76;55;43;53;42;50;54;52;55;141;58;56;79;74;91;55;42;42;57;59;56;55;42;86;52;73;52;52;52;52;86;75;52;86;88;52;52;125;53;52;42;99;90;75;56;88;52;107;54;118;42;53;98;71;53;88;56;56;100;57;53;97;58;52;53;52;70;73;56;52;74;58;52;54;52;52;43;54;76;59;54;52;76;56;90;53;66;60;58;51;77;57;59;92;61;52;60;88;57;88;57;109;53;63;57;57;75;57;53;52;57;57;61;203;105;89;58;59;52;54;59;57;59;54;202;76;53;57;102;54;75;53;73;42;88;52;53;73;57;77;63;91;104;88;165;52)
seed_24_level_6-4,1369,18494.66105365753,12536425,5734,(117;57;58;62;103;75;114;53;99;53;71;79;74;52;106;61;58;54;62;52;90;102;61;52;97;102;58;59;57;49;57;57;58;59;46;110;57;59;92;61;53;55;52;75;54;102;52;42;121;57;53;104;102;53;53;52;57;97;57;100;58;56;57;89;99;63;113;62;88;57;119;53;56;53;106;57;53;250;96;57;53;86;88;52;102;52;57;52;52;51;52;53;56;52;75;88;102;61;76;85;74;74;62;52;52;201;52;52;53;76;86;52;96;53;60;52;53;90;61;52;57;53;56;76;53;89;60;53;69;202;72;74;53;131;42;70;65;42;52;42;60;201;59;207;55;56;58)
seed_24_level_6-4,1369,18983.381277561188,12990271,5884,(129;89;62;69;53;101;65;104;57;71;62;55;73;53;57;55;53;52;57;64;53;52;52;59;53;74;53;76;52;52;77;53;90;51;53;81;53;52;54;57;53;90;53;51;102;52;104;86;86;59;58;62;52;54;86;52;101;59;53;88;56;97;66;53;56;100;56;89;100;54;95;102;62;58;58;86;90;52;90;52;55;58;52;58;73;117;44;75;90;96;56;92;62;51;42;54;70;42;88;89;201;54;90;57;52;57;106;87;53;58;57;204;53;88;88;94;73;112;102;56;52;90;53;57;52;52;86;52;52;56;52;52;57;91;43;93;43;93;67;64;202;53;121;93;63;100;207;53;93;93)
seed_24_level_6-4,1369,19470.699667692184,13405725,6033,(89;92;55;52;52;42;42;55;55;56;52;54;60;101;44;93;76;74;86;74;56;42;44;57;71;74;90;53;103;62;88;56;58;75;42;86;52;57;52;112;52;56;97;53;52;52;52;104;56;75;75;62;73;90;116;63;98;68;91;55;63;97;97;53;54;57;109;94;102;56;73;103;64;58;88;73;83;71;42;42;53;75;58;92;88;50;53;52;52;68;104;73;75;88;86;52;90;73;59;55;52;52;52;53;58;52;52;102;86;102;74;52;88;57;57;52;59;61;57;42;53;54;82;75;59;59;57;62;76;52;92;57;93;217;95;109;58;43;46;46;93;52;42;86;79;99;207;52;124)
seed_24_level_6-4,1369,19965.88982772827,13789714,6184,(87;52;42;53;67;58;77;58;53;53;76;64;201;86;73;132;56;56;52;42;52;52;53;52;53;88;90;102;63;89;52;42;43;56;58;55;61;58;54;75;51;77;53;54;91;86;66;52;52;81;56;89;89;78;57;78;54;53;54;57;64;53;57;44;53;58;53;102;86;53;89;56;88;42;54;58;65;52;86;43;74;102;52;86;71;67;57;53;84;53;75;57;85;56;76;53;56;68;74;53;52;53;97;53;74;52;73;53;52;159;52;52;104;77;104;93;74;44;61;46;103;52;54;74;94;93;57;60;54;88;89;108;58;108;82;121;58;64;56;52;50;93;52;53;108;42;77;72;58;53;58)
seed_24_level_6-4,1369,20458.069563627243,14181892,6335,(89;50;90;77;64;53;89;59;52;67;58;57;57;82;58;64;106;72;57;44;57;59;74;78;53;73;102;52;54;53;52;52;53;54;54;54;52;53;88;76;57;57;97;57;59;97;69;57;42;88;88;75;75;65;54;214;61;79;58;52;61;84;62;57;56;58;46;76;44;65;102;52;86;52;55;106;52;86;59;53;52;87;56;107;103;86;68;80;42;42;103;53;86;42;52;52;53;56;78;73;62;51;51;59;90;61;102;54;78;55;55;52;64;56;52;53;73;73;75;53;53;52;56;52;46;57;52;53;104;106;75;52;52;86;73;201;57;86;52;52;52;73;59;52;52;43;42;42;42;202;107)
seed_24_level_6-4,1369,20958.02155995369,14593942,6489,(86;73;42;52;62;42;60;42;52;57;90;42;55;52;76;117;42;59;42;274;52;58;59;43;53;42;90;57;89;52;43;87;52;53;89;50;52;56;54;52;43;53;78;56;68;88;42;57;62;42;42;52;56;53;42;78;75;52;53;56;57;75;53;57;88;86;52;52;85;88;59;86;74;61;57;44;57;95;52;73;73;64;74;76;73;75;60;76;88;57;67;57;57;62;57;72;57;77;88;52;74;57;67;102;53;53;86;53;90;75;43;106;104;92;52;77;55;52;59;102;201;59;53;52;107;43;52;52;42;90;81;52;90;88;52;203;59;73;52;86;53;52;62;90;104;53;53;52;53;102;53;53;52;102)
seed_24_level_6-4,1369,21476.91722726822,15057097,6642,(88;74;53;60;53;66;55;86;77;54;59;62;60;56;57;55;63;85;59;118;87;56;74;88;54;76;43;52;42;54;42;53;64;93;52;42;100;42;88;57;96;91;54;66;51;202;60;56;88;88;57;117;75;42;73;107;57;61;57;44;75;101;72;44;205;59;73;88;88;53;75;52;57;79;52;82;57;61;52;58;52;52;57;57;102;55;56;59;75;90;86;116;55;63;71;73;104;86;64;88;88;102;53;73;104;53;59;59;52;72;67;87;60;76;54;88;57;114;86;86;58;58;86;88;112;52;88;90;53;52;102;86;52;87;57;201;52;123;76;52;67;55;84;42;87;63;65;90;201;42;53;52;62)
seed_24_level_6-4,1369,21960.268856287003,15443576,6792,(107;42;56;107;54;84;42;75;56;43;91;88;57;75;103;61;61;63;77;53;57;53;75;75;57;57;104;52;52;88;75;53;75;52;55;86;86;54;57;89;57;49;59;59;59;74;61;59;44;44;53;80;63;89;93;74;62;58;63;54;53;58;74;75;106;61;59;90;52;52;57;43;111;89;43;62;76;53;90;79;103;46;52;102;65;90;52;59;77;55;62;75;52;53;90;89;59;104;103;53;99;52;53;59;60;53;52;82;58;44;86;112;55;56;59;52;58;201;53;53;161;56;57;54;100;54;42;69;56;59;56;59;56;52;75;59;107;54;86;57;67;57;89;70;57;98;57;105;59;57)
seed_24_level_6-4,1369,22452.39027571678,15829689,6942,(75;56;52;59;57;57;49;57;63;61;57;110;57;72;89;52;87;54;50;59;50;52;52;55;59;73;75;49;86;86;59;110;86;86;74;86;86;88;86;86;52;110;100;88;88;86;51;53;52;86;86;58;52;62;52;57;53;88;52;57;61;74;86;88;75;67;59;57;42;97;56;56;88;103;57;97;59;104;57;52;105;87;53;61;52;55;52;59;42;54;53;90;52;55;54;52;88;54;52;57;86;76;57;58;57;88;57;57;73;76;90;89;58;60;78;109;57;101;90;79;75;57;86;86;90;57;90;57;57;53;57;102;56;106;43;102;52;109;52;99;61;105;102;88;42;52;55;67;58;52)
seed_24_level_6-4,1369,22940.405344247818,16206735,7091,(93;49;57;57;76;78;54;57;57;46;91;57;57;104;55;53;53;90;57;76;91;54;88;54;53;57;110;87;73;52;52;52;49;52;77;57;87;52;52;52;52;50;52;77;52;55;51;59;58;46;59;57;58;86;62;90;86;53;57;57;107;59;57;59;57;98;124;57;57;60;60;53;88;52;67;51;57;88;57;77;88;57;53;59;88;53;58;75;61;57;57;57;59;102;102;103;81;73;59;102;104;58;52;57;66;102;52;102;60;105;102;77;57;89;57;62;58;104;59;53;59;60;58;57;75;59;57;65;76;110;52;102;52;52;110;90;102;86;86;52;52;52;62;86;55;114;53;102;102)
seed_24_level_6-4,1369,23428.57217025757,16589266,7240,(78;53;88;86;106;89;56;61;49;59;57;46;63;57;53;75;52;58;53;53;51;54;53;78;86;52;76;52;87;89;73;53;56;57;73;73;90;52;52;52;80;53;88;57;57;109;57;56;53;88;54;57;57;88;64;57;57;86;91;59;57;53;57;89;57;53;52;65;57;57;75;54;67;106;88;90;43;88;53;58;90;71;88;86;88;63;56;53;62;55;78;92;52;57;86;106;52;91;52;53;75;49;77;62;52;53;86;86;51;49;75;42;52;52;52;76;52;86;52;83;73;86;102;94;99;86;52;52;103;52;89;104;102;52;89;62;90;102;100;55;111;42;52;43;102;102;89;105;106)
seed_24_level_6-4,1369,23917.03507232666,16954093,7389,(75;88;75;64;62;73;88;57;59;112;88;75;57;59;57;88;61;57;68;57;77;57;96;60;59;56;56;58;73;57;58;58;52;51;55;54;66;86;46;59;57;56;51;77;57;80;88;57;58;57;57;57;57;88;78;88;57;88;76;104;52;73;51;62;52;50;60;53;55;54;55;54;62;91;73;87;52;52;52;52;52;59;52;52;73;52;52;52;53;53;75;102;59;102;86;91;102;52;93;52;61;51;86;86;102;43;52;58;52;104;58;82;59;90;53;90;53;72;90;89;74;77;69;53;58;92;87;89;55;92;52;58;89;58;86;114;52;52;104;89;52;52;52;86;63;103;92;93;60)
seed_24_level_6-4,1369,24412.685109376907,17390261,7539,(86;86;89;59;63;62;86;55;89;42;107;76;51;75;105;90;42;54;42;54;53;60;90;61;56;52;99;77;77;52;43;52;52;73;77;52;77;52;51;52;98;51;208;44;59;60;80;61;57;57;56;127;107;64;59;57;88;57;88;74;57;90;88;57;57;88;46;57;57;57;88;88;57;112;53;53;54;88;57;57;54;59;83;93;56;64;79;56;74;208;106;89;52;68;103;69;105;67;42;53;62;42;43;85;42;59;65;54;102;119;89;75;59;56;59;90;85;75;61;61;56;54;89;88;42;75;90;43;53;103;102;102;52;86;54;102;86;87;57;102;86;58;53;59;59;101;86;90;92;112)
seed_24_level_6-4,1369,24908.16210746765,17809009,7690,(89;54;62;57;52;53;61;52;88;53;57;59;59;54;43;42;77;52;73;52;73;54;42;52;52;52;52;55;52;56;52;52;102;76;102;52;52;56;101;52;103;52;53;52;88;53;102;52;101;72;105;91;88;76;88;88;57;88;57;75;75;103;57;88;88;57;88;90;53;88;57;75;90;60;42;42;55;62;90;68;58;75;52;92;104;88;89;88;42;101;75;86;102;73;89;62;55;75;52;104;73;75;55;53;94;57;52;86;69;57;75;61;97;56;104;52;54;53;56;53;63;53;59;63;56;69;53;57;74;168;73;86;52;51;52;86;52;104;89;59;242;75;58;58;104;75;86;102;86;53;59)
seed_24_level_6-4,1369,25388.799427747726,18180530,7839,(93;53;64;57;54;42;55;42;73;55;42;75;81;68;92;89;56;53;52;87;52;73;52;101;89;52;79;52;76;73;75;104;104;115;53;57;53;53;53;56;75;56;75;58;53;103;57;92;77;88;53;88;54;57;63;59;51;90;57;90;90;56;57;56;89;104;89;54;52;102;52;89;88;42;53;52;102;89;42;52;53;53;52;52;136;88;57;57;57;88;57;57;56;75;57;104;76;44;75;53;53;104;88;57;51;86;86;52;88;52;90;102;57;53;51;86;61;43;43;86;54;57;56;62;53;73;73;102;53;52;55;73;73;52;73;52;52;103;52;87;57;75;57;75;59;87;73;86;86)
seed_24_level_6-4,1369,25889.609810829163,18582967,7990,(93;44;97;89;55;80;64;56;42;52;62;42;42;42;58;42;89;59;57;59;73;53;52;57;59;58;55;53;88;59;62;51;73;86;55;52;51;66;57;102;73;58;52;59;102;52;59;102;103;52;105;52;102;105;102;103;102;102;102;109;61;88;88;88;90;88;88;57;90;57;44;76;90;75;88;46;46;57;56;80;54;57;74;75;75;56;63;53;56;88;57;57;88;78;56;57;75;75;75;85;53;89;88;89;53;103;77;55;53;88;95;58;55;52;88;72;90;70;103;90;54;93;65;52;74;86;90;97;59;74;73;75;73;73;75;53;52;75;86;52;73;73;59;117;55;73;55;62;79;73;86)
seed_24_level_6-4,1369,26377.431660413742,18958828,8139,(102;61;52;52;66;62;57;55;51;62;86;51;52;86;53;52;89;73;96;49;62;59;65;89;106;53;52;53;65;58;74;102;91;59;61;52;52;74;52;53;53;63;52;86;53;56;70;77;90;59;55;53;88;57;89;57;53;64;53;57;57;56;93;75;75;66;57;58;57;57;57;57;57;57;55;56;74;57;88;117;73;89;55;57;89;52;106;53;55;62;59;58;52;52;89;77;73;73;52;52;73;115;58;58;74;89;55;52;52;73;52;51;58;89;76;76;53;76;90;53;52;52;105;61;102;58;86;52;73;52;52;102;52;52;72;56;73;102;53;52;75;73;90;73;103;105;90;103;198)
seed_24_level_6-4,1370,26872.248039484024,19432849,8290,(77;57;88;52;57;90;75;52;53;52;88;56;57;62;78;57;53;53;56;57;53;62;53;86;55;53;86;88;90;106;71;88;91;90;55;74;105;74;52;52;57;52;57;58;58;57;56;64;56;55;49;104;77;57;52;56;56;52;74;97;54;88;56;133;54;86;98;103;88;88;52;52;59;103;52;88;60;52;52;59;73;55;52;86;53;78;52;52;73;52;52;73;54;79;52;230;75;94;61;55;76;74;231;115;53;73;73;103;102;53;85;105;52;52;71;86;201;52;102;53;90;103;62;102;67;52;42;73;53;106;69;52;90;107;102;58;42;52;107;73;102;53;102;102;103;102;75;117;75;91;55)
seed_24_level_6-4,1370,27359.74733018875,19825110,8441,(87;53;49;56;84;74;56;59;52;105;53;53;45;84;92;54;52;67;53;89;84;63;113;72;52;57;52;57;53;66;59;77;106;57;92;54;75;53;53;52;89;57;57;57;56;43;98;53;88;54;53;47;53;87;52;52;88;58;60;52;57;56;65;59;77;52;104;52;65;86;55;73;53;58;102;59;52;52;59;152;52;61;53;55;103;74;105;42;91;55;86;52;52;130;52;75;102;76;53;71;99;52;90;56;56;42;59;74;56;73;89;57;74;59;74;73;76;53;55;53;52;55;100;100;55;90;75;52;87;88;52;86;52;52;52;53;73;86;88;51;75;73;73;58;89;52;73;89;73;210;96)
seed_24_level_6-4,1370,27840.8523747921,20297419,8591,(112;56;52;59;60;53;61;70;54;90;56;88;53;54;57;69;59;57;58;55;56;56;59;52;57;56;54;53;53;57;92;58;52;90;59;85;56;57;53;57;74;57;88;77;90;52;57;59;57;102;42;57;88;91;57;57;57;57;87;52;52;57;64;65;52;56;128;53;73;45;92;86;63;86;75;103;92;52;52;43;53;96;67;53;74;104;102;60;102;59;56;52;53;105;73;53;55;43;112;89;90;102;65;82;52;102;97;55;89;74;73;201;77;158;52;212;90;53;106;263;74;52;73;97;73;52;52;52;52;211;73;102;73;56;73;57;102;96;52;52;52;87;73;90;73;52;73;52;73;52)
seed_24_level_6-4,1388,28337.022273778915,20832012,8740,(75;105;53;59;61;74;52;57;68;54;103;52;57;75;57;63;90;57;52;63;75;220;75;63;61;53;57;61;58;52;52;102;57;57;117;57;52;53;57;53;61;53;82;75;47;54;53;64;102;78;104;56;86;52;73;52;42;77;56;52;73;61;51;102;43;102;105;105;88;53;86;94;103;103;75;103;107;52;102;53;102;115;78;102;52;52;91;102;52;95;102;57;117;54;90;106;52;91;74;112;52;103;219;78;73;211;73;52;60;59;78;74;160;74;174;62;76;55;73;106;234;195;75;73;75;52;73;73;52;74;58;89;76;88;57;93;73;52;55;77;73;104;55;43;52;52;97;58;52)
seed_24_level_6-4,1388,28837.64974951744,21301643,8890,(88;58;57;57;76;57;57;76;57;109;57;88;53;55;57;99;89;63;57;56;47;55;53;55;57;55;59;77;90;104;52;109;56;58;57;53;52;57;52;73;94;75;67;53;69;106;54;57;57;57;52;105;80;53;59;55;52;75;52;63;52;57;57;102;87;90;103;102;52;102;103;242;53;52;53;102;102;52;74;102;54;116;45;52;74;57;91;102;102;54;53;112;263;91;57;58;58;102;52;111;89;102;102;43;73;51;52;89;55;55;50;73;59;52;76;57;86;53;90;241;61;74;73;63;101;59;52;114;52;62;52;102;52;52;53;80;73;76;54;73;52;52;52;53;53;52;47;52;114;53)
seed_24_level_6-4,1388,29333.49191236496,21837891,9040,(106;61;57;51;119;57;89;57;57;52;55;53;52;88;86;88;90;94;52;52;60;88;57;57;50;57;75;68;56;263;88;74;52;53;102;57;58;87;75;57;73;86;59;102;52;51;86;52;52;114;55;255;75;55;73;54;52;88;52;73;75;76;55;52;52;85;73;89;52;52;88;51;52;52;219;58;51;52;92;53;73;91;51;102;55;194;86;57;52;52;52;52;98;64;110;102;132;99;106;112;105;96;58;52;52;43;98;42;56;102;59;43;102;87;53;94;52;57;43;53;76;67;112;77;109;102;103;86;104;85;52;114;58;57;102;76;52;102;102;53;110;52;114;102;103;92;118;58;109;103)
seed_24_level_6-4,1388,29826.092720746994,22296266,9189,(74;52;53;65;53;55;115;104;57;121;74;69;52;75;61;104;53;57;52;80;57;114;57;74;102;104;57;102;55;57;125;52;52;107;57;75;53;111;88;42;52;57;109;89;52;86;102;56;52;106;52;52;107;57;97;73;102;91;52;52;52;52;73;57;73;57;52;103;73;57;86;73;52;86;110;52;117;52;52;52;49;52;58;90;160;53;58;51;107;53;89;52;52;100;102;52;103;57;86;102;52;52;64;88;103;87;71;65;52;54;91;113;52;57;93;52;54;107;72;53;52;118;52;207;58;61;52;86;52;103;52;43;52;102;56;105;90;109;52;53;102;102;52;108;86;52;102;52;75)
seed_24_level_6-4,1388,30329.760091781616,22803803,9340,(67;61;66;57;43;100;93;52;57;76;58;113;103;65;62;53;57;52;77;57;72;105;101;53;57;77;57;88;67;58;104;56;85;56;53;53;100;57;56;58;84;88;57;66;86;56;74;55;52;230;95;62;201;57;57;52;52;102;53;52;73;52;199;56;114;73;75;57;58;102;91;57;87;84;107;52;90;112;102;53;86;102;86;75;90;90;53;116;57;73;102;52;91;56;52;92;73;102;42;52;87;102;53;58;53;105;52;106;91;42;57;59;106;90;113;58;57;55;103;106;72;43;106;52;53;42;106;113;91;45;95;73;57;73;102;104;48;56;102;52;102;63;102;102;75;59;113;86;102;99;88)
seed_24_level_6-4,1388,30816.275879383087,23169857,9491,(104;57;90;64;88;53;57;59;78;81;103;53;88;72;53;57;63;86;56;54;57;45;53;57;57;57;104;90;53;114;93;54;53;52;108;64;57;52;106;57;63;78;97;57;103;42;60;102;52;75;75;52;102;42;73;89;91;43;53;77;53;76;42;65;52;42;102;58;52;58;52;42;63;52;52;105;52;102;103;57;52;58;42;102;52;52;103;55;91;76;53;54;52;73;57;52;86;71;52;74;52;75;86;73;81;84;52;52;86;99;52;56;77;52;106;99;73;73;49;52;57;49;57;50;52;73;74;56;53;52;49;108;53;102;52;88;52;52;52;52;52;52;52;102;73;52;52;52;86;73;52)
seed_24_level_6-4,1388,31298.564498901367,23593271,9642,(112;52;43;77;102;102;52;102;52;52;103;43;54;106;104;112;115;75;55;87;80;88;43;57;43;62;91;54;52;52;60;71;102;53;104;59;75;52;52;45;74;43;42;104;65;105;104;52;89;56;75;56;59;57;52;63;57;57;90;52;106;56;57;56;90;74;58;76;62;107;42;63;53;42;76;68;53;52;53;42;43;52;53;56;106;75;43;67;52;53;106;106;61;88;67;53;52;108;86;52;52;57;73;54;201;51;85;49;53;52;86;74;57;49;52;73;112;89;99;52;58;52;98;77;102;75;67;55;52;93;73;93;54;102;114;52;73;52;114;73;106;88;53;57;116;73;61;53;112;52;90)
seed_24_level_6-4,1388,31786.85188484192,24037093,9792,(73;53;106;42;52;90;115;52;76;105;57;53;76;75;105;53;76;95;115;56;58;102;54;63;102;103;88;108;90;52;59;92;102;57;52;97;102;77;52;108;52;53;43;102;67;42;107;42;103;103;62;102;114;43;52;102;52;74;102;86;99;52;104;52;53;102;85;53;57;102;93;106;73;52;58;110;57;75;102;74;53;52;51;75;57;53;73;52;58;57;112;116;97;53;102;106;75;102;52;102;57;49;57;52;49;73;106;62;56;57;52;52;52;102;110;52;74;89;52;52;53;56;73;90;73;104;57;57;53;52;52;73;112;104;57;104;73;52;52;86;53;86;86;58;75;52;90;53;57;52)
seed_24_level_6-4,1388,32292.59818959236,24495023,9942,(73;77;52;55;102;106;75;102;52;52;93;49;89;49;52;62;104;52;52;102;102;114;75;114;87;52;93;52;58;88;86;52;52;102;57;104;57;51;106;102;92;73;49;76;52;98;73;106;75;49;56;54;91;102;53;112;52;86;57;58;52;104;112;57;110;52;49;49;61;102;52;52;86;53;104;52;71;102;60;52;115;42;103;75;57;62;75;56;112;65;43;86;74;104;52;105;102;43;73;42;52;92;75;58;77;42;90;106;103;86;52;105;75;102;90;74;86;73;66;54;42;72;101;108;59;43;116;102;114;58;105;53;52;107;42;57;59;54;56;63;115;76;59;110;58;102;102;43;75;73)
seed_24_level_6-4,1388,32781.80151677132,24965858,10092,(102;53;92;86;53;74;52;60;61;102;102;94;111;105;89;103;59;75;104;115;63;71;90;76;59;57;102;52;106;52;59;217;73;52;102;68;102;53;81;57;43;102;57;72;201;42;73;57;88;202;66;71;58;42;104;103;54;53;52;52;52;73;58;108;42;42;92;56;105;53;105;52;75;52;85;52;53;52;52;52;52;94;51;86;105;52;102;52;49;52;112;52;102;49;91;51;52;49;50;52;52;49;102;52;86;102;52;52;88;52;51;104;52;75;113;52;102;85;102;54;52;53;102;51;52;49;76;102;54;63;52;54;62;52;106;124;55;52;52;88;57;45;106;55;52;49;159;55;52;73)
seed_24_level_6-4,1388,33265.82606673241,25422766,10242,(116;56;55;75;57;59;56;52;59;73;52;90;76;49;77;57;52;54;104;113;102;58;86;110;102;88;45;89;106;43;102;57;52;93;104;59;86;55;90;102;86;53;53;110;108;52;53;87;77;49;106;102;52;52;102;49;91;104;55;89;90;57;116;86;104;102;57;53;52;52;88;59;59;119;57;52;102;89;90;73;113;42;52;52;103;112;59;102;53;45;77;42;42;52;88;164;56;52;103;56;86;59;52;56;87;52;52;111;52;52;114;102;102;42;103;106;90;73;112;75;53;57;52;102;52;53;111;53;52;53;62;53;54;52;104;107;52;57;52;56;86;52;42;104;57;111;54;89;103;53)
seed_24_level_6-4,1388,33764.319180727005,25937790,10392,(111;74;53;75;58;42;102;109;57;86;52;105;43;43;102;52;102;52;102;101;102;106;53;52;58;107;89;57;104;52;42;104;52;52;104;86;57;89;102;103;88;102;87;58;54;119;102;42;90;91;119;57;105;52;102;53;77;108;76;60;52;59;43;52;104;105;52;42;104;53;52;52;52;52;53;116;88;52;52;110;106;104;52;85;114;75;57;59;53;51;52;106;61;102;89;86;104;102;86;49;55;102;49;52;106;102;52;118;106;89;53;114;73;74;49;52;104;102;52;93;263;106;53;52;77;57;100;52;102;90;62;52;102;106;86;90;110;52;115;109;57;49;77;75;54;57;52;52;52;102)
seed_24_level_6-4,1388,34248.72106695175,26390060,10542,(104;104;42;102;114;60;56;55;80;93;67;53;103;58;52;104;102;54;53;88;87;103;57;53;88;52;102;53;52;108;58;42;52;88;87;104;89;104;106;55;52;58;43;104;52;45;104;59;61;53;52;103;43;42;52;56;56;53;106;52;53;62;54;114;42;105;106;116;52;52;104;104;56;87;104;58;52;89;52;102;96;54;51;52;52;113;49;102;85;104;77;53;53;53;89;54;112;75;61;98;52;52;45;88;110;99;106;52;52;114;90;53;52;52;104;91;117;53;78;115;102;55;104;90;59;52;52;62;93;57;100;53;52;58;53;102;86;52;102;52;87;100;51;107;61;52;106;52;90;53)
seed_24_level_6-4,1388,34742.18967628479,26799314,10692,(104;105;73;55;52;102;52;106;52;42;105;86;109;53;91;57;73;102;90;90;53;77;103;57;105;53;53;52;91;57;102;74;75;53;112;53;52;43;102;52;104;160;52;57;105;54;53;54;53;104;52;52;58;43;52;52;117;52;102;43;42;64;54;58;73;53;104;55;52;52;75;57;101;73;52;57;76;53;106;59;49;56;51;91;104;51;104;52;53;54;55;65;51;112;85;77;53;102;85;54;89;101;51;89;87;52;102;75;54;52;49;60;102;116;55;53;49;59;53;57;61;56;57;61;52;88;52;55;52;49;59;91;91;49;52;99;51;53;52;72;53;52;89;75;73;87;74;126;102;57)
seed_24_level_6-4,1388,35235.20354962349,27252625,10842,(106;86;87;52;77;77;102;57;71;74;102;53;73;52;52;102;102;51;52;102;52;53;105;73;71;102;55;59;57;52;52;49;102;52;52;52;45;52;104;106;104;52;106;111;89;53;94;56;52;52;52;52;52;57;52;55;61;58;77;52;52;53;202;52;42;59;87;52;52;75;71;78;73;52;112;53;211;50;90;103;52;45;43;76;55;106;111;43;52;87;115;52;52;104;47;90;53;53;43;52;53;52;102;106;106;98;57;75;75;57;52;104;57;53;93;75;58;104;43;53;57;52;89;53;53;102;106;106;103;62;57;52;57;104;52;54;107;55;57;88;86;102;76;88;104;59;105;73;104;104)
seed_24_level_6-4,1388,35726.28395366669,27737177,10992,(115;56;102;90;53;53;87;57;99;104;57;110;102;51;58;52;53;85;52;56;86;112;102;57;57;53;104;86;60;59;52;201;104;73;55;102;54;104;75;104;85;52;102;98;53;102;49;52;52;102;85;116;87;53;90;58;106;53;106;104;102;53;53;52;55;102;102;104;93;53;53;58;104;106;51;211;77;53;56;53;60;99;52;42;53;53;56;53;66;105;90;102;59;53;104;53;53;52;60;108;104;54;53;61;53;111;61;53;102;93;90;102;52;53;57;57;55;57;52;57;102;54;104;52;52;82;106;109;74;57;91;53;104;102;53;112;90;54;52;54;53;106;106;53;54;52;104;52;74;53)
seed_24_level_6-4,1388,36224.80620145798,28211551,11142,(211;52;90;104;43;74;104;93;57;91;59;43;104;55;106;53;53;104;53;59;104;89;73;90;53;100;104;45;104;103;56;56;57;102;55;53;92;53;91;90;57;104;57;104;90;52;57;59;102;54;100;52;106;91;104;106;107;55;104;53;52;53;52;102;91;53;60;104;53;52;52;52;53;234;106;54;102;57;43;61;57;53;57;94;57;86;106;57;52;57;54;57;52;106;72;87;102;102;90;92;53;77;55;102;90;104;63;56;49;52;52;59;73;53;52;53;106;102;57;53;77;58;53;52;53;90;57;58;113;89;45;53;106;104;53;54;57;114;53;73;57;53;88;58;89;53;53;102;88;57)
seed_24_level_6-4,1388,36721.842629909515,28700244,11292,(107;104;57;104;77;57;53;92;201;100;101;57;75;52;52;73;107;53;51;71;104;53;58;99;62;71;113;93;61;104;72;51;71;51;53;112;106;52;52;51;106;57;102;85;52;53;52;51;104;107;77;90;75;54;57;87;96;53;53;72;53;112;53;58;56;50;62;106;106;106;102;113;56;62;54;106;105;57;106;58;106;53;42;54;43;43;53;53;68;101;102;57;53;61;52;43;103;106;52;53;52;105;104;75;54;77;102;109;106;53;43;104;90;53;61;102;53;53;53;103;63;54;61;57;60;58;106;104;74;42;104;90;104;53;102;53;104;74;87;52;53;43;53;202;106;106;43;104;104;90)
seed_24_level_6-4,1388,37223.3866314888,29210214,11442,(106;90;77;43;52;106;94;53;104;106;57;88;52;104;52;104;103;45;43;52;53;54;52;57;52;102;102;55;56;43;106;53;42;88;57;102;57;52;106;43;102;53;43;104;89;54;43;60;53;53;200;104;42;102;102;100;52;59;53;104;104;104;43;52;102;42;43;42;43;102;57;106;87;106;92;115;106;57;77;106;102;104;57;103;62;53;102;43;52;106;104;85;95;102;91;58;78;115;112;57;58;43;104;52;98;108;49;112;106;53;53;57;90;100;53;53;263;58;106;58;42;106;106;88;53;53;59;100;53;55;87;67;57;104;52;59;93;52;53;109;57;57;97;88;87;72;57;106;57;53)
seed_24_level_6-4,1390,37727.27729845047,29848623,11592,(107;43;106;42;53;106;53;102;98;86;108;104;108;107;52;57;104;57;61;87;57;52;43;104;102;132;55;91;52;74;53;43;57;42;53;53;52;106;57;103;102;87;102;102;91;90;110;101;58;52;52;106;53;102;104;102;53;104;74;216;52;106;52;104;104;57;106;57;104;102;53;53;263;57;58;111;57;60;76;59;249;53;56;53;112;97;55;62;58;58;89;63;161;56;77;93;53;52;57;77;58;104;57;98;46;53;52;108;57;102;102;57;54;69;106;58;53;101;52;248;52;51;52;58;54;46;201;57;98;52;55;46;104;114;58;104;57;75;62;49;77;212;59;66;80;106;53;58;89;278)
seed_24_level_6-4,1390,38214.77938628197,30372763,11742,(104;53;104;52;107;42;102;86;57;59;57;52;106;53;109;77;76;102;106;53;59;91;53;90;74;42;90;55;116;106;202;61;42;104;104;102;57;59;53;53;57;104;44;53;102;58;44;104;94;57;52;57;87;59;104;88;53;59;57;106;104;102;88;62;57;49;90;42;63;102;53;53;52;175;106;90;51;177;52;93;55;57;78;57;58;43;58;55;96;57;82;115;57;52;57;63;91;54;75;109;212;106;53;96;69;53;94;61;52;56;65;57;104;88;62;52;61;93;53;53;58;109;78;58;58;53;208;118;57;58;90;57;92;86;62;58;210;116;63;53;53;96;87;53;115;57;57;52;53;57)
seed_24_level_6-4,1390,38707.85994338989,30876477,11892,(106;53;87;74;57;77;102;53;87;59;57;106;104;102;104;90;104;102;102;54;102;88;58;104;53;46;59;59;96;54;53;106;58;104;53;106;52;102;57;107;42;106;54;106;102;57;53;57;91;53;75;54;113;57;61;86;93;104;88;54;107;42;102;102;173;53;89;56;53;109;90;54;57;58;73;78;59;186;68;57;99;52;119;66;109;58;92;53;61;56;60;78;66;112;93;91;113;56;53;207;75;52;46;54;56;53;54;96;66;53;58;53;81;53;56;53;52;42;58;95;57;109;102;52;57;65;59;53;62;52;202;78;58;91;104;102;57;62;57;87;66;58;57;53;58;95;109;98;90;57)
seed_24_level_6-4,1390,39206.93411850929,31492943,12042,(97;57;108;105;53;117;111;53;52;57;97;53;56;42;67;136;115;104;82;84;79;208;98;52;53;97;102;65;58;53;92;57;91;53;102;204;202;55;44;63;218;93;202;58;85;53;53;87;87;93;57;76;271;66;54;58;88;97;92;124;74;226;77;66;106;57;168;77;99;119;57;118;58;103;87;62;57;57;57;66;53;92;52;104;102;56;57;101;52;42;76;54;56;53;73;104;57;110;53;53;53;53;102;61;52;53;104;106;53;104;103;106;53;104;104;90;104;52;54;57;53;102;52;57;53;52;88;52;52;53;60;88;52;52;57;53;52;88;103;102;75;102;106;52;56;53;53;96;86;121)
seed_24_level_6-4,1390,39703.66577744484,31988287,12192,(104;106;90;54;52;55;103;73;103;92;52;52;52;57;104;52;91;52;54;102;100;57;52;52;70;52;53;53;42;104;57;52;53;104;58;106;104;53;57;85;53;52;55;86;106;74;79;52;74;55;52;52;52;53;102;93;103;53;57;102;52;75;104;104;52;53;54;102;77;59;91;93;74;57;63;63;115;205;53;108;63;57;165;109;53;63;56;57;53;249;87;98;70;76;53;53;97;75;87;57;58;107;42;63;57;53;57;53;53;58;52;53;52;196;93;53;58;75;80;82;46;92;115;44;91;74;81;52;105;75;57;93;93;90;57;118;44;52;61;87;57;93;53;201;76;78;57;44;53;53)
seed_24_level_6-4,1390,40188.63123202324,32452092,12342,(103;93;53;104;52;52;88;106;106;57;57;107;53;91;53;88;53;104;74;56;58;106;91;116;59;57;57;54;53;59;57;74;53;104;106;52;99;106;57;104;102;68;75;57;54;53;90;102;91;54;106;61;103;102;53;57;86;118;106;54;93;105;53;103;53;52;76;64;88;89;55;63;90;57;58;52;104;59;52;53;87;52;105;70;62;57;93;74;57;52;57;104;52;90;101;234;62;53;52;55;112;78;57;181;112;53;52;97;52;53;93;83;57;52;93;46;52;57;57;57;105;53;75;117;58;99;53;53;57;53;53;44;88;46;53;62;74;60;52;52;53;90;57;91;52;53;57;57;117;81)
seed_24_level_6-4,1446,40687.854986429214,33086999,12492,(234;106;78;66;92;102;62;61;58;54;57;104;46;88;53;103;98;71;52;57;54;257;44;79;57;77;207;104;58;57;57;81;53;64;84;52;89;89;204;263;53;50;80;203;64;101;65;58;49;57;55;119;95;94;92;52;44;53;44;53;255;61;44;89;58;65;57;64;57;53;57;97;55;201;110;57;54;52;72;105;57;61;55;59;103;53;113;90;53;91;44;52;105;103;88;96;53;53;100;52;44;53;59;53;91;53;107;57;104;104;75;104;107;202;91;90;104;89;106;100;106;53;53;104;53;74;88;52;52;104;73;104;56;104;52;106;57;104;104;106;46;102;52;73;53;52;88;53;53;54)
seed_24_level_6-4,1446,41190.58240652084,33706008,12642,(106;88;53;86;52;89;90;57;53;87;57;52;52;106;57;90;104;104;83;49;91;57;55;52;90;74;106;90;93;104;55;59;52;57;53;53;90;102;59;44;109;57;57;53;91;104;89;52;90;63;102;57;53;102;90;108;73;57;53;57;104;86;113;88;53;104;57;52;59;52;53;53;53;102;73;63;108;243;103;42;52;52;171;52;204;52;63;109;57;46;53;88;73;75;53;62;57;87;58;57;52;53;53;69;74;53;54;201;57;58;160;52;58;102;52;87;104;52;57;43;57;69;210;246;53;112;52;57;43;61;54;211;106;53;90;54;52;202;201;163;67;66;56;44;53;242;104;63;99;42)
seed_24_level_6-4,1446,41697.28673505783,34325685,12792,(102;57;109;53;54;53;52;89;104;57;97;104;53;90;104;109;88;52;106;104;57;54;102;91;106;106;106;103;57;53;53;102;57;53;103;57;78;53;52;120;100;52;102;56;78;115;54;57;57;87;106;52;52;57;102;91;53;57;102;59;104;104;88;52;52;52;107;52;57;57;58;113;99;92;57;57;57;116;58;42;53;214;53;52;59;54;54;201;62;91;49;201;57;62;204;75;55;57;53;160;199;44;62;44;65;53;63;129;205;110;161;54;114;54;75;54;71;58;53;204;74;90;54;53;109;72;200;53;64;56;202;52;203;53;73;54;54;52;51;110;52;53;53;59;62;46;74;68;82;101)
seed_24_level_6-4,1446,42218.61758804321,35069841,12942,(106;103;57;52;90;104;107;52;52;57;101;103;75;111;58;75;104;104;53;103;93;56;53;53;106;112;44;52;52;106;52;57;102;52;94;42;57;104;42;62;57;52;52;104;52;52;75;53;86;53;107;88;43;92;90;69;89;91;88;57;57;104;57;44;53;73;106;103;102;54;73;53;52;53;91;52;111;58;109;53;53;51;52;53;57;55;57;207;73;53;52;58;62;202;52;83;92;199;58;201;232;58;109;57;101;57;57;52;89;88;54;108;56;52;201;204;54;91;199;57;159;53;90;131;243;55;44;243;53;85;53;55;110;92;204;62;158;203;64;63;65;88;159;103;74;202;53;112;272;93)
seed_24_level_6-4,1446,42731.11797785759,35791728,13092,(75;53;53;42;104;90;104;105;52;52;54;88;78;106;54;107;57;102;53;116;90;103;52;77;52;53;57;102;55;107;54;53;52;96;88;90;52;52;57;42;58;52;89;104;96;53;52;62;99;207;52;75;53;102;90;76;52;104;57;59;102;104;125;53;75;52;102;232;202;53;57;53;53;104;53;52;42;53;53;54;54;57;86;106;93;244;93;106;52;53;52;95;52;75;43;52;63;58;93;99;159;113;52;57;202;235;54;201;52;86;59;55;201;201;53;53;272;53;108;53;159;59;54;52;54;77;52;52;94;104;54;63;53;52;274;53;95;234;42;83;52;53;74;53;57;104;161;51;204;42)
seed_24_level_6-4,1446,43264.0673391819,36952561,13242,(93;104;75;73;104;53;102;57;90;165;52;52;52;53;90;52;59;57;107;102;53;74;55;99;104;54;59;58;102;53;222;105;111;87;103;52;107;52;77;52;92;87;88;56;53;53;104;54;73;73;55;89;106;102;90;75;102;106;53;52;53;87;52;53;105;52;161;53;234;272;235;52;52;232;73;56;93;58;53;54;89;243;93;242;73;91;204;201;87;57;52;117;89;204;53;210;52;55;234;199;44;53;53;272;200;73;51;203;201;102;57;93;119;57;59;242;53;221;59;77;232;272;91;53;58;86;202;201;203;54;112;110;76;158;57;54;59;74;242;52;241;204;211;87;240;233;57;59;240;52)
seed_24_level_6-4,1446,43775.54404568672,37879617,13392,(53;88;89;52;53;86;53;104;57;58;90;57;88;57;55;57;42;51;110;52;64;58;52;103;59;77;52;73;53;73;53;57;243;102;199;56;87;53;105;55;102;161;52;88;102;52;66;58;53;52;77;113;57;76;55;53;57;93;53;103;86;219;242;231;54;58;73;52;93;73;57;53;158;69;92;58;95;87;52;219;231;49;53;52;52;49;53;52;51;110;111;59;217;73;57;57;109;53;51;69;104;53;52;92;63;62;63;233;204;57;53;51;52;242;58;52;87;53;242;233;51;85;107;75;75;52;219;75;243;270;91;273;103;162;58;219;199;75;159;56;208;158;58;54;89;109;202;58;85;106)
seed_24_level_6-4,1446,44316.68275523186,38946665,13542,(90;51;59;52;57;73;102;53;104;52;88;87;88;60;74;53;92;58;104;60;88;87;58;68;52;55;52;63;60;90;63;57;57;94;52;53;105;54;53;89;52;52;86;52;110;73;61;53;102;53;86;57;83;52;104;91;99;52;125;53;90;112;52;103;77;53;91;91;52;92;53;54;86;74;242;92;59;219;231;158;56;52;52;228;231;57;52;238;85;91;75;60;201;105;52;221;123;271;52;94;52;201;58;62;99;87;108;52;270;62;232;163;202;201;123;210;86;85;201;110;96;242;52;103;86;272;158;161;211;52;57;58;203;201;52;52;86;270;196;86;109;204;57;52;108;57;64;241;234;88)
seed_24_level_6-4,1446,44858.485349178314,40065278,13692,(91;52;106;53;105;88;54;102;53;58;86;89;106;54;86;53;88;87;103;88;76;74;63;53;53;53;102;53;57;49;53;242;85;98;242;86;52;59;233;240;52;52;122;56;63;54;199;55;52;158;60;86;42;52;52;242;158;52;54;53;52;85;171;202;201;55;99;91;97;52;52;201;109;52;54;103;202;161;52;199;231;109;85;52;73;232;52;76;73;243;86;53;123;203;73;233;52;53;105;86;124;202;105;219;59;109;73;91;124;86;159;59;65;159;86;158;57;58;91;202;57;59;55;118;59;99;86;158;231;57;53;270;59;228;235;59;59;89;73;73;89;270;97;59;88;86;232;201;52;230)
seed_24_level_6-4,1446,45383.122296094894,41212020,13842,(102;42;90;77;52;73;52;103;53;52;75;52;108;54;73;58;73;274;55;52;90;60;54;103;62;57;55;52;89;92;201;58;103;85;88;55;52;85;52;52;85;52;53;53;85;230;233;52;52;270;231;52;52;53;52;52;52;86;85;52;87;106;52;52;89;106;52;102;199;53;92;86;73;112;112;243;201;73;52;219;86;73;52;203;52;52;58;52;231;57;52;49;85;75;232;234;270;86;204;57;58;58;52;247;55;112;221;87;54;86;73;59;231;57;201;73;93;75;86;234;231;201;202;57;242;86;61;199;55;208;52;86;231;219;55;88;86;57;86;52;159;78;52;244;159;90;52;270;201;65)
seed_24_level_6-4,1446,45940.15366911888,42572201,13993,(73;52;103;52;53;53;75;53;91;61;59;89;87;102;61;44;61;89;61;93;88;55;106;52;52;55;88;52;103;91;61;52;89;61;89;86;202;159;53;231;213;52;52;90;52;73;202;231;270;207;52;98;112;52;59;59;221;42;243;55;104;234;158;91;89;55;243;109;243;233;86;201;52;231;52;52;57;52;97;52;203;52;52;54;231;232;202;240;52;232;233;247;199;55;202;87;63;87;52;73;57;202;201;52;86;88;242;87;230;54;112;221;63;233;202;243;123;55;201;91;115;108;85;74;219;159;59;86;59;159;91;221;71;244;58;61;73;201;59;55;202;74;90;58;230;54;240;89;52;74;60)
seed_24_level_6-4,1446,46495.01883530617,44280042,14144,(95;59;52;58;201;52;61;89;73;104;52;52;93;88;75;102;104;203;52;86;87;55;75;64;42;52;90;64;58;61;75;52;60;91;231;202;57;229;234;201;115;231;91;75;52;112;201;73;202;202;86;58;85;92;61;230;44;116;57;252;86;58;244;201;101;68;68;77;75;221;158;86;75;234;56;206;58;86;52;91;94;52;55;199;92;93;52;108;53;204;93;44;74;243;75;52;215;52;52;62;98;100;57;270;52;231;158;231;233;57;52;52;243;228;242;57;52;203;52;233;52;73;52;243;232;219;219;219;231;103;52;57;202;62;42;201;52;52;56;52;231;59;863;274;161;73;73;52;52;52;57)
seed_24_level_6-4,2183,47057.033704042435,45854415,14294,(89;86;54;102;83;52;57;52;59;78;102;88;42;53;58;52;87;52;102;53;52;42;52;52;52;54;102;57;89;107;52;52;102;88;55;243;233;56;52;64;53;52;52;58;233;201;233;265;274;158;54;52;274;52;86;201;52;57;52;231;52;86;75;231;52;58;53;62;201;54;163;52;88;174;160;233;57;52;52;158;53;211;202;213;62;52;204;88;62;234;52;58;88;160;198;86;57;77;234;90;86;85;243;99;109;75;199;551;263;200;53;86;76;202;263;232;53;55;212;263;52;85;52;263;201;202;93;230;79;88;73;197;250;73;234;85;202;231;234;232;86;201;60;85;199;55;168;91;93;108)
seed_24_level_6-4,2183,47592.574751377106,47086751,14443,(102;52;54;73;73;43;73;102;60;42;52;52;52;75;102;75;93;73;90;54;52;86;73;85;59;89;58;102;43;59;102;243;58;52;172;52;240;232;42;52;52;63;52;201;75;52;231;201;54;52;52;57;73;52;233;167;242;231;62;204;99;98;54;232;86;52;158;235;60;57;106;75;242;73;52;52;160;52;263;263;158;75;111;52;231;231;52;199;202;201;59;73;57;263;91;89;55;234;73;97;234;78;85;106;58;203;161;234;75;86;202;73;87;90;85;221;204;220;89;99;103;202;85;109;86;263;65;52;88;91;55;84;202;61;88;171;52;74;61;52;108;96;52;77;72;57;204;101;88)
seed_24_level_6-4,2183,48132.71160554886,48202744,14593,(102;57;102;86;89;59;75;58;168;102;86;102;102;102;52;102;52;52;53;52;102;102;89;52;86;59;52;102;102;52;89;102;87;92;88;113;52;43;204;74;75;90;222;62;90;233;204;203;200;66;56;160;57;107;66;96;58;231;74;62;100;96;86;57;104;104;91;99;56;200;263;204;160;53;55;91;77;86;57;95;234;86;57;221;93;92;88;52;75;88;52;108;232;263;175;59;231;52;61;71;71;53;52;53;201;52;52;87;52;52;169;231;86;263;233;239;92;57;70;87;73;58;52;167;73;59;52;52;167;52;169;52;243;73;52;232;171;167;159;52;86;52;52;58;52;57;243;161;231;109)
seed_24_level_6-4,2183,48668.23440980911,49285726,14743,(211;75;86;53;59;89;74;97;111;89;90;102;102;88;58;102;87;102;52;102;65;102;88;102;102;90;73;104;102;42;86;102;60;210;74;102;74;89;53;87;56;92;74;85;59;120;73;61;52;52;87;61;76;107;107;106;52;133;73;99;62;59;73;86;233;91;111;58;99;75;99;52;73;53;203;199;86;92;73;233;52;52;77;55;263;56;90;86;53;116;56;52;79;263;90;233;58;219;201;240;231;57;202;87;59;231;117;86;62;89;73;57;52;54;52;50;62;53;52;231;53;52;158;170;56;85;52;86;62;243;89;52;61;53;86;231;242;232;52;73;202;219;62;73;231;62;169;231;233;232)
seed_24_level_6-4,2183,49214.700068473816,50441091,14893,(102;53;86;57;53;89;52;43;52;55;86;73;73;73;73;53;52;73;74;167;53;73;74;86;73;102;75;201;55;102;86;98;86;75;73;52;73;73;86;55;233;86;62;108;92;86;85;267;57;234;103;86;57;52;42;231;263;203;106;89;59;54;57;202;73;73;52;76;200;231;76;97;52;71;106;202;53;200;73;73;61;231;90;73;202;159;86;65;220;108;263;52;233;210;108;237;89;161;52;86;57;86;201;52;230;67;89;73;62;86;52;52;52;53;75;160;231;57;52;231;230;49;169;201;52;52;210;52;159;67;109;52;49;74;59;49;232;52;61;75;89;57;158;89;263;158;241;52;58;201)
seed_24_level_6-4,2183,49732.96034574509,51418133,15043,(89;74;59;75;58;85;221;52;52;86;73;75;52;55;52;73;62;88;58;102;52;102;75;52;102;52;102;52;75;90;102;52;73;52;52;73;52;52;233;201;61;57;90;158;52;239;100;56;61;53;73;52;158;54;109;52;49;202;73;53;92;201;59;71;52;98;56;103;89;42;86;201;58;52;53;263;73;56;71;52;239;85;62;42;201;86;201;62;158;159;104;89;55;89;52;73;234;52;52;91;52;93;76;86;52;219;90;43;52;57;159;202;239;87;199;220;160;231;52;199;89;58;103;106;160;91;263;202;91;59;104;54;88;72;52;234;158;90;57;52;52;52;89;86;85;263;86;53;73;52)
