seed_29_level_4-2,657,507.66207480430603,376018,150,(43;41;100;44;41;49;41;44;100;40;75;41;100;100;100;45;50;47;44;46;41;42;59;42;100;44;51;57;41;100;51;41;46;41;150;100;100;42;100;41;100;45;51;43;69;52;46;100;49;63;100;55;43;100;58;55;41;100;54;51;100;48;100;100;43;150;47;51;100;41;43;54;47;42;100;40;43;60;43;100;41;41;54;44;42;42;42;41;51;41;51;41;49;100;48;100;100;100;40;100;40;45;48;100;50;68;41;54;41;41;41;100;150;100;70;100;100;47;100;50;56;58;50;100;53;47;41;100;100;44;100;100;61;51;100;69;51;62;100;60;56;118;100;100;51;100;53;100;66;69)
seed_29_level_4-2,657,1004.1952848434448,742282,300,(100;100;100;100;100;100;100;100;100;100;100;100;100;100;100;100;100;100;100;100;100;100;100;100;100;100;100;100;100;100;100;100;100;100;100;100;48;100;100;100;100;100;150;100;51;41;44;42;100;46;42;44;47;48;44;47;41;44;41;47;46;41;42;51;51;41;41;43;52;55;41;41;42;43;41;42;42;41;54;41;51;41;41;41;41;61;51;51;45;49;41;40;43;47;49;43;41;44;41;42;43;43;43;51;48;40;40;45;43;40;45;50;54;55;48;48;53;59;46;45;50;41;46;42;70;51;66;69;69;54;54;51;56;54;55;61;69;57;58;66;58;63;68;64;60;47;60;56;150;118)
seed_29_level_4-2,660,1498.1449210643768,1115095,450,(100;100;100;100;100;100;100;100;100;100;100;100;100;100;100;100;100;100;100;100;100;100;100;100;100;100;100;100;100;100;100;100;100;100;100;100;100;100;100;100;100;100;100;150;58;41;44;42;46;42;44;47;48;44;41;44;41;47;46;41;42;51;51;41;41;43;52;55;41;41;43;46;41;42;42;41;41;51;41;41;41;41;51;51;41;45;47;56;45;52;51;48;47;52;43;41;68;43;61;44;41;43;43;48;40;40;45;40;40;50;64;55;47;48;48;53;43;50;100;49;50;41;46;46;70;51;69;60;54;54;51;56;51;54;61;57;61;69;59;59;60;66;68;61;66;63;60;63;150;112)
seed_29_level_4-2,660,1995.9776101112366,1490623,600,(100;100;100;100;100;100;100;100;100;100;100;100;100;100;100;100;100;100;100;100;100;100;100;59;100;100;50;100;100;100;100;100;100;100;100;100;100;100;100;100;100;100;100;150;100;41;44;40;46;42;44;47;44;52;48;41;44;41;47;46;41;42;51;51;41;41;43;52;49;41;41;42;41;42;42;41;41;51;41;45;41;41;51;51;41;75;150;46;51;41;45;49;44;48;47;43;43;49;48;41;43;43;48;40;40;45;40;40;43;46;52;50;55;48;48;53;50;57;49;50;66;46;70;51;69;57;54;54;51;56;42;54;61;42;54;61;69;58;57;64;45;68;66;63;69;60;61;63;150;118)
seed_29_level_4-2,660,2488.603559732437,1857436,750,(100;100;100;100;100;100;100;100;100;100;100;100;100;100;100;100;100;100;100;100;100;100;100;100;100;100;100;100;100;100;100;100;100;100;100;100;100;100;100;100;100;150;100;41;47;42;46;42;44;47;44;52;40;55;41;100;41;44;41;47;46;41;42;51;51;41;41;43;52;41;45;43;41;42;42;41;41;51;41;41;41;51;51;41;41;51;43;49;45;45;47;43;43;40;49;41;43;43;48;48;40;45;40;40;43;42;46;50;55;61;54;49;48;48;48;66;59;50;49;50;49;51;49;51;69;69;53;54;54;51;56;54;61;53;61;69;58;57;64;68;61;63;62;60;63;41;47;56;150;118)
seed_29_level_4-2,660,2981.3218607902527,2233756,900,(100;100;100;100;100;100;100;100;100;100;100;100;100;100;100;100;100;100;100;100;100;100;100;100;100;100;100;100;100;100;100;100;100;100;100;100;100;100;100;100;100;50;150;100;41;40;51;46;42;44;44;47;44;52;48;49;41;41;44;41;47;46;41;42;51;51;41;41;43;52;41;41;42;41;42;42;41;41;47;41;41;41;45;51;43;41;51;41;46;75;150;49;45;48;47;43;43;40;43;40;49;41;43;43;48;40;45;40;40;50;55;54;44;47;44;48;48;70;53;100;50;49;50;41;46;51;69;69;54;54;53;56;43;57;54;53;61;69;58;57;64;66;68;58;60;66;63;60;150;118)
seed_29_level_4-2,660,3472.52268075943,2608369,1050,(100;100;100;100;100;100;100;100;100;100;100;100;100;100;100;100;100;100;100;100;100;100;100;100;59;100;100;100;100;100;100;100;100;100;100;100;100;100;100;100;100;100;150;100;41;40;51;44;100;46;40;44;48;44;52;48;41;41;44;41;47;46;41;42;51;51;41;41;43;52;41;41;42;41;42;42;41;41;41;41;41;51;41;51;43;53;49;45;55;51;48;47;117;49;44;43;40;44;40;49;41;43;43;48;40;45;42;46;48;42;61;41;50;56;54;44;48;48;53;50;45;50;55;46;70;51;69;69;57;54;53;51;56;54;61;69;58;57;60;66;61;68;53;63;60;75;63;56;150;118)
seed_29_level_4-2,660,3966.061007976532,2969404,1200,(100;100;100;100;100;100;100;100;100;100;100;100;100;100;100;100;100;100;100;100;100;100;100;100;100;100;100;100;100;100;100;100;100;100;100;100;100;100;100;100;100;100;150;100;41;42;51;44;46;44;45;52;40;41;46;44;47;45;46;41;42;51;51;41;41;43;52;41;41;43;46;42;42;41;41;41;41;41;47;41;51;41;53;54;51;41;56;49;45;48;51;46;43;40;43;42;51;41;43;43;44;40;45;40;40;50;55;54;44;49;51;48;48;48;53;59;50;45;50;40;46;46;44;51;69;69;66;57;54;41;54;51;56;61;54;61;69;58;57;66;68;58;63;60;64;47;63;150;43;62)
seed_29_level_4-2,660,4455.130331754684,3342333,1350,(100;100;100;100;100;100;100;100;100;100;100;100;100;100;100;100;100;100;100;100;100;100;100;100;100;100;100;100;100;100;100;100;100;100;100;100;100;100;100;100;100;100;150;100;41;40;51;44;46;44;44;52;40;41;41;44;47;46;41;42;51;51;41;41;43;52;41;41;42;41;42;42;41;41;41;41;41;41;51;41;61;54;51;41;56;47;51;75;49;45;51;48;43;52;70;43;41;51;43;40;41;43;43;40;45;40;40;46;48;50;55;54;46;49;100;48;48;53;59;50;45;50;41;42;46;51;69;69;55;54;47;54;51;56;61;54;61;69;58;60;64;66;68;58;54;63;60;63;118;150)
seed_29_level_4-2,660,4944.090734243393,3711018,1500,(100;100;100;100;100;100;100;100;100;100;100;100;100;100;100;100;100;100;100;100;100;100;100;100;100;100;100;100;100;100;100;100;100;100;100;44;100;100;100;100;100;100;100;150;100;41;42;59;44;46;42;45;44;52;48;44;41;41;44;47;47;41;42;51;51;41;41;43;52;41;41;42;41;42;42;41;41;44;41;41;41;51;41;55;51;41;56;51;41;51;49;45;49;59;43;43;47;42;43;40;64;43;43;40;44;40;40;46;48;50;56;54;44;47;48;48;53;59;50;49;50;41;46;70;51;69;69;66;54;54;51;56;61;54;61;55;51;64;58;57;60;66;68;58;63;60;47;60;150;118)
seed_29_level_4-2,660,5439.30247092247,4066531,1650,(100;100;100;100;100;100;100;100;100;100;100;100;100;100;100;100;100;100;100;100;100;100;100;100;100;100;100;100;100;100;100;100;100;100;100;100;100;100;100;100;100;50;150;100;41;40;44;73;46;40;44;52;40;41;41;44;47;46;41;42;51;51;41;41;43;52;41;41;42;41;42;42;41;41;41;41;43;51;43;54;51;41;56;51;41;51;47;49;45;48;43;47;49;49;44;51;43;43;40;43;43;40;44;40;40;46;48;50;56;54;44;47;41;48;48;53;59;50;45;50;41;46;70;51;69;69;54;54;51;56;61;54;53;57;41;57;61;69;58;57;64;66;61;66;68;63;60;63;44;118)
seed_29_level_4-2,660,5931.56973862648,4438682,1800,(100;100;100;100;100;100;100;100;100;100;100;100;100;100;100;100;100;100;100;100;100;100;100;100;100;100;100;100;100;100;100;100;100;100;100;100;100;100;100;100;100;150;100;41;40;44;100;47;44;52;40;47;41;41;44;47;46;41;42;51;47;41;46;43;52;41;41;42;41;42;42;41;41;41;41;51;43;54;51;41;56;51;41;51;75;41;61;41;49;45;49;59;47;43;150;44;43;40;43;43;49;45;40;40;46;48;41;52;60;54;44;40;47;48;48;53;43;59;50;58;49;50;66;42;46;70;44;51;69;69;57;54;54;51;56;61;54;58;69;58;57;64;66;68;61;66;63;60;63;118)
seed_29_level_4-2,660,6428.777388811111,4816385,1950,(100;100;100;100;100;100;100;100;100;100;100;100;100;100;100;100;100;100;100;100;100;100;100;100;100;100;100;100;100;100;100;100;100;100;100;100;100;100;100;100;100;100;150;100;41;42;46;46;40;44;44;52;48;47;41;41;44;47;46;41;42;51;41;41;43;52;41;41;42;41;46;42;41;41;41;41;53;41;55;51;48;150;51;41;51;41;41;40;49;45;48;65;47;44;43;49;43;51;49;44;40;43;43;45;40;40;46;48;41;42;56;54;44;48;48;53;59;50;51;49;45;46;70;51;69;69;57;54;54;54;56;61;54;61;62;58;57;64;66;61;59;66;63;60;53;41;47;63;150;118)
seed_29_level_4-2,660,6924.2586443424225,5196390,2100,(100;100;100;100;100;100;100;100;100;100;100;100;100;100;100;100;100;100;100;100;100;100;100;100;100;100;100;100;100;100;100;100;100;100;100;100;100;100;100;100;100;50;150;100;41;42;51;46;44;44;44;52;48;42;41;41;44;46;50;41;43;51;41;41;43;52;41;41;45;41;42;42;41;41;45;41;43;55;51;51;41;51;41;41;51;50;54;75;49;64;51;48;47;43;43;69;41;40;43;44;40;43;43;44;40;40;42;48;41;56;54;44;49;48;48;53;100;50;45;42;40;46;70;51;50;69;69;55;54;54;56;51;46;54;51;61;68;58;57;64;66;58;66;63;60;63;69;150;150;118)
seed_29_level_4-2,660,7415.47136592865,5568556,2250,(100;100;100;100;100;100;100;100;100;100;100;100;100;100;100;100;100;100;100;100;100;100;100;100;100;100;100;100;100;100;100;100;100;100;100;100;100;100;100;100;100;100;100;100;41;42;58;44;61;46;45;42;44;49;52;48;41;41;44;47;41;51;41;41;43;52;41;41;41;42;45;41;48;41;41;43;54;51;51;41;51;41;41;51;53;41;51;42;49;51;47;48;47;43;43;43;40;43;44;40;43;43;48;40;40;48;41;56;54;44;65;43;47;48;48;53;50;45;50;41;42;46;70;51;69;69;54;54;56;51;54;45;42;55;56;69;61;54;64;66;62;68;66;63;60;60;60;150;150;118)
seed_29_level_4-2,660,7909.9472324848175,5947995,2400,(100;100;100;100;100;100;100;100;100;100;100;100;100;100;100;100;100;100;100;100;100;100;100;59;100;100;100;100;100;100;100;100;100;100;100;100;100;100;100;100;100;100;150;100;41;40;44;50;46;42;44;44;52;40;47;47;46;46;41;44;47;41;51;41;41;43;52;41;41;41;42;41;41;41;43;55;51;51;41;51;41;41;51;61;41;51;42;42;49;49;45;48;51;117;43;43;49;42;41;61;40;48;40;43;43;40;41;48;41;56;54;44;42;51;48;53;50;51;49;50;41;46;46;70;54;50;69;69;54;57;54;56;51;54;55;61;69;62;66;59;58;66;63;60;58;47;60;150;150;118)
seed_29_level_4-2,973,8340.440624952316,6255640,2534,(100;100;100;100;100;100;100;100;100;100;100;100;100;100;100;100;100;100;100;100;150;100;44;59;51;53;42;100;44;100;40;42;44;43;43;41;54;51;51;56;51;51;41;44;51;100;41;41;43;100;51;48;41;48;51;53;42;42;43;41;41;47;42;55;49;100;45;54;48;41;43;62;40;49;43;45;40;41;48;54;41;42;53;100;44;51;50;44;45;44;49;100;44;53;53;58;49;49;66;47;69;45;51;51;54;44;51;61;43;51;61;100;69;47;58;100;61;41;64;47;66;66;61;47;43;49;43;48;40;118;48;40;100;187)
seed_29_level_4-2,973,8831.058786392212,6577647,2684,(100;100;100;100;100;100;100;100;100;100;100;100;100;100;100;100;150;42;49;54;47;62;44;100;43;58;100;100;53;100;48;41;41;59;42;42;53;41;100;43;54;100;100;51;50;45;41;59;44;41;42;41;42;100;45;42;41;51;53;48;51;50;42;58;41;42;42;43;51;52;48;48;61;44;48;47;48;45;70;42;57;64;48;52;52;48;44;46;41;47;59;48;58;51;41;69;51;45;80;100;40;51;44;41;54;45;46;58;60;62;53;47;48;51;59;41;61;51;57;59;100;100;61;41;63;64;51;47;62;72;51;63;100;48;54;54;66;61;43;67;66;51;47;52;187;44;59;48;46;40)
seed_29_level_4-2,973,9349.058598041534,6964821,2842,(100;100;100;100;100;100;100;100;100;100;100;100;100;100;55;100;58;100;59;57;42;100;45;42;100;100;47;48;150;56;76;40;43;65;42;47;41;46;47;42;48;61;45;41;53;54;44;150;41;49;48;42;40;55;45;50;46;51;42;50;51;51;48;61;44;42;50;150;50;52;59;41;59;44;55;49;45;100;52;44;100;100;58;100;48;44;61;54;61;58;51;41;40;41;54;77;100;51;52;43;52;53;41;51;59;63;48;62;57;60;44;41;41;59;150;42;68;66;51;41;100;40;66;150;61;44;64;41;41;41;59;56;61;56;62;150;49;57;69;43;44;51;67;40;61;100;62;59;44;51;53;100;51;187;40;100;100;40)
seed_29_level_4-2,973,9860.144171476364,7366719,2998,(100;100;100;100;100;100;100;100;100;100;100;100;42;54;52;100;58;100;56;58;100;100;61;62;45;59;54;43;100;56;100;100;57;56;100;50;43;43;41;41;100;51;51;51;41;50;41;47;74;59;53;100;63;48;43;48;46;49;46;40;100;48;77;150;100;51;48;42;66;42;48;53;54;100;49;67;150;42;52;43;48;100;69;69;42;57;100;64;66;41;46;53;61;48;48;58;41;59;100;48;44;44;61;56;51;48;113;61;51;47;46;51;59;59;59;44;63;61;39;100;44;44;63;40;44;56;62;65;71;51;79;43;59;40;40;50;59;59;41;52;54;51;150;55;47;100;63;59;100;200;57;150;150;42;100;51)
seed_29_level_4-2,973,10364.572901248932,7805032,3150,(100;100;100;100;100;100;100;100;100;100;100;100;56;51;58;65;100;39;55;45;55;100;41;44;56;54;58;53;52;113;42;86;47;51;100;59;41;60;62;42;42;51;43;48;71;50;45;69;52;48;48;48;100;46;48;57;45;50;47;52;150;62;63;100;51;61;61;47;51;51;39;41;49;58;66;66;44;69;61;53;69;59;100;49;53;57;44;57;57;66;59;69;150;54;76;41;42;52;51;100;63;65;69;69;46;74;100;62;54;150;100;100;49;200;54;43;53;150;51;61;51;44;49;150;200;55;44;52;63;150;49;41;150;63;150;59;52;46;51;45;45;111;100;100;150;51;52;52;45;67;52;41)
seed_29_level_4-2,973,10876.04525065422,8298536,3306,(100;100;100;100;100;100;100;100;100;100;100;39;58;100;62;48;48;48;86;56;60;50;52;51;150;50;100;46;41;41;42;42;44;50;67;56;59;61;100;46;46;51;51;44;51;69;46;49;63;59;42;55;44;100;42;43;62;150;61;60;48;59;41;100;150;44;54;54;40;53;51;68;200;66;42;50;61;48;62;44;63;150;113;100;57;62;72;69;71;60;150;57;63;45;150;51;67;51;46;50;150;100;300;48;66;58;51;44;46;49;100;100;52;48;40;57;46;100;51;82;150;65;150;44;62;69;60;48;51;100;62;41;41;60;59;150;59;41;56;62;65;100;100;75;150;41;54;43;50;44;53;113;70;51;54;100)
seed_29_level_4-2,973,11413.816601276398,8799353,3469,(100;66;100;100;100;100;100;100;100;100;48;43;41;51;62;64;48;100;51;100;51;100;54;100;50;48;41;41;43;42;42;41;44;100;47;44;48;42;48;48;69;48;100;51;65;100;65;50;49;69;48;46;48;100;58;150;42;52;42;69;48;100;51;53;100;48;51;62;57;41;52;61;150;81;100;67;41;41;58;58;55;40;51;39;66;51;68;54;150;42;55;62;41;62;150;45;47;54;67;72;51;66;68;42;51;150;150;40;61;43;51;62;66;54;100;42;59;62;43;60;44;58;150;150;44;46;46;44;43;59;49;47;45;200;49;57;51;58;66;150;49;66;64;67;150;113;100;40;100;150;78;113;69;62;76;70;51;150;100;200;43;150;150)
seed_29_level_4-2,973,11927.335626363754,9322195,3622,(100;100;100;100;100;100;100;51;46;45;48;48;48;58;45;62;44;44;44;69;70;67;54;100;100;62;48;150;42;41;41;39;41;52;48;64;44;67;47;54;61;52;47;69;100;69;67;51;51;51;61;51;43;59;43;41;100;46;64;45;50;51;51;150;58;58;57;60;65;63;42;150;111;64;44;43;100;62;45;100;44;60;200;62;56;65;53;67;63;59;57;150;100;43;67;100;150;100;61;60;150;42;100;51;100;150;150;59;100;150;63;57;43;51;51;66;51;100;100;100;67;150;77;76;100;150;150;41;150;41;150;51;51;42;63;100;100;51;100;150;41;55;43;57;63;62;150;150;150;150;58;62;47)
seed_29_level_4-2,973,12439.814425945282,9764999,3778,(100;100;100;100;100;100;100;44;150;54;58;150;150;48;65;59;51;45;41;66;51;100;51;42;100;43;41;51;100;40;47;52;100;54;100;48;48;48;48;44;39;69;42;150;63;59;58;62;100;48;53;61;51;44;71;69;51;42;57;62;60;51;52;67;41;50;48;48;43;51;40;64;62;44;114;51;41;53;51;63;100;60;51;65;53;50;48;69;52;100;100;113;68;43;43;64;50;44;100;150;44;43;52;64;47;150;51;48;41;62;67;41;59;66;40;150;46;52;40;54;51;200;51;68;51;100;71;150;58;41;59;59;56;43;100;51;51;53;150;41;56;42;51;49;150;47;43;44;111;50;150;150;61;150;62;58)
seed_29_level_4-2,1234,12943.32091999054,10288165,3927,(100;100;100;100;100;53;45;100;51;100;66;42;43;43;62;73;72;66;69;45;69;69;52;51;50;100;51;70;100;48;69;51;49;50;47;65;52;62;46;67;62;39;45;65;45;69;150;41;100;44;67;49;51;43;51;51;41;62;51;40;58;64;60;52;100;200;72;46;150;41;59;100;42;51;44;150;47;60;42;60;150;150;42;59;46;62;58;41;67;42;61;48;150;55;51;46;66;150;54;150;52;43;100;62;57;60;56;61;62;52;62;100;150;51;54;150;57;111;41;136;51;350;150;41;44;100;41;111;100;62;45;67;150;52;48;100;42;114;62;57;41;150;150;58;150;66;62;58;47)
seed_29_level_4-2,1248,13455.883834123611,10785437,4081,(100;100;100;100;53;44;61;50;66;100;44;100;64;47;48;100;59;51;41;100;100;59;42;57;100;150;41;41;53;69;100;50;48;51;100;41;64;100;62;68;150;52;100;45;69;51;46;50;67;72;57;47;62;150;100;62;41;62;43;54;44;59;51;59;100;67;58;62;59;42;62;68;44;41;74;100;45;48;66;55;65;58;100;66;66;51;43;51;150;43;62;60;41;42;150;60;53;46;150;56;69;100;61;100;200;64;51;100;53;51;62;57;49;57;43;45;111;40;63;49;50;41;150;58;100;58;48;62;150;39;40;100;40;54;150;67;47;46;44;43;114;100;150;59;41;118;266;58;62;150;119;51;64;150)
seed_29_level_4-2,1248,13965.557091712952,11230356,4234,(100;100;100;100;51;150;74;100;46;66;42;40;69;150;82;61;51;52;69;45;48;51;61;59;41;51;100;51;70;63;48;58;66;150;41;56;51;53;150;56;52;52;55;69;57;61;61;66;66;66;45;49;51;62;43;43;54;44;150;48;49;45;43;63;51;47;39;47;150;46;42;64;49;62;49;44;51;55;100;62;54;150;57;62;200;66;46;51;51;150;42;54;41;43;67;100;48;65;67;67;51;51;73;45;67;63;44;48;68;51;150;66;56;50;45;150;66;41;41;41;64;114;100;64;58;113;44;42;54;111;150;41;44;54;150;48;63;114;48;51;59;41;40;111;266;57;53;41;45;42;45;46;45)
seed_29_level_4-2,1248,14446.917949914932,11707450,4381,(100;100;100;74;46;61;58;68;54;61;42;51;100;62;54;51;54;43;67;41;51;65;52;51;45;88;62;48;51;44;69;62;51;51;63;48;53;59;66;100;67;67;150;66;41;41;150;46;100;44;66;51;52;43;73;100;43;51;150;46;100;150;150;48;51;60;44;45;200;49;41;48;51;62;150;54;52;41;64;65;66;100;46;48;48;51;150;57;64;43;47;64;150;46;100;62;55;43;150;68;111;42;41;60;69;51;68;69;49;50;111;69;39;53;68;150;266;42;44;114;42;41;41;41;111;114;47;67;55;40;150;118;51;150;60;60;61;150;54;60;100;113;46;100;100;100;43)
seed_29_level_4-2,1248,14923.085679531097,12193992,4523,(100;100;113;100;44;41;44;62;51;42;73;100;73;65;62;51;100;66;65;40;76;66;59;52;41;100;45;74;100;40;68;100;59;100;44;67;56;63;47;66;54;42;69;53;150;51;45;55;41;62;54;69;54;88;150;54;40;200;58;48;47;49;68;41;150;51;51;150;41;41;140;150;69;65;66;51;75;63;43;41;63;42;67;67;100;48;48;150;66;100;43;61;150;59;50;51;54;150;150;42;41;55;150;66;43;51;44;114;59;137;150;69;41;50;114;45;41;100;55;41;45;111;48;41;45;40;51;114;350;62;41;59;44;62;44;118;100;65;52;44;62;59)
seed_29_level_4-2,1248,15422.04995059967,12748384,4674,(100;100;74;52;46;52;68;100;52;100;73;48;100;100;59;100;47;51;67;51;48;52;150;100;39;150;65;52;52;52;62;150;44;49;41;55;66;62;54;71;49;113;43;41;41;43;100;200;53;43;51;46;44;150;57;47;49;100;43;67;47;51;43;72;150;46;55;41;46;44;54;54;41;100;58;47;150;48;46;150;63;76;150;42;42;44;52;48;114;64;76;41;54;100;66;69;48;66;66;47;118;60;62;58;52;51;62;51;53;150;100;69;58;100;100;65;48;150;39;100;42;150;73;111;39;58;150;54;59;140;55;180;48;57;58;350;200;59;47;62;57;43;43;137;59;51;150;117;50;66;62)
seed_29_level_4-2,1248,15914.46051311493,13230619,4822,(100;100;73;100;54;68;64;51;59;100;51;51;51;66;42;48;50;54;69;48;67;53;69;62;40;62;57;150;44;57;69;63;150;41;100;63;100;74;44;51;40;51;67;51;51;48;200;49;54;51;47;150;42;43;54;45;67;100;150;67;60;150;48;44;51;46;40;51;51;67;65;65;150;42;100;40;150;111;41;100;100;52;66;48;66;53;43;150;40;100;42;61;66;48;61;51;48;114;46;64;100;100;118;70;59;59;52;67;54;150;100;57;58;100;48;59;111;51;41;48;39;39;59;266;44;48;59;121;118;171;43;100;137;52;64;54;60;111;62;41;56;180;43;58;41;58;49;57)
seed_29_level_4-2,1248,16425.804643154144,13797148,4974,(100;73;100;100;48;63;100;59;100;74;42;100;64;150;41;58;48;42;41;59;43;51;41;67;41;58;41;46;150;150;62;47;66;54;69;54;113;100;39;52;41;49;65;61;57;118;64;66;40;45;44;44;61;100;100;59;100;150;100;150;40;47;41;48;150;200;63;40;48;51;65;150;57;62;44;57;44;60;53;150;51;53;61;111;57;43;43;150;44;62;42;44;51;42;68;52;63;62;119;41;41;41;59;59;69;69;100;46;69;100;150;61;67;67;52;63;118;51;66;100;67;66;150;44;54;44;48;61;144;44;181;141;60;48;137;111;54;50;52;150;150;54;350;39;59;42;62;59;150;100;40;150)
seed_29_level_4-2,1248,16929.06924533844,14426689,5120,(100;150;58;42;49;59;63;48;100;59;52;67;64;42;52;62;41;41;42;67;100;48;46;69;69;100;100;100;66;48;100;41;48;150;41;59;49;48;59;51;100;100;52;63;42;45;40;51;150;58;62;69;48;68;56;56;48;51;200;44;51;44;44;150;59;150;64;53;150;51;62;62;54;150;62;51;61;60;66;100;46;55;72;150;58;150;46;43;69;200;111;51;114;48;59;59;41;111;42;150;55;54;54;40;150;40;40;54;60;118;59;43;51;115;72;67;118;51;66;61;57;65;350;63;350;150;45;150;200;51;59;137;150;111;115;100;111;41;181;52;57;48;41;65;54;51)
seed_29_level_4-2,1248,17429.222117185593,14999768,5267,(100;69;67;51;100;67;47;48;59;53;41;51;73;47;48;44;66;48;45;48;62;51;49;50;61;45;100;43;41;57;100;51;100;113;65;51;41;68;66;100;100;200;66;100;69;150;100;100;100;150;114;40;51;39;43;150;41;41;48;58;100;59;51;45;53;150;100;51;57;65;52;150;62;42;150;44;42;61;73;43;44;66;42;111;150;61;59;73;45;150;52;69;66;51;100;181;45;48;55;150;65;67;150;57;46;54;54;100;118;59;47;68;66;51;48;111;58;150;150;43;150;40;100;119;84;52;100;58;119;54;100;266;300;66;45;48;45;69;41;137;63;114;115;111;41;41;51)
seed_29_level_4-2,1248,17922.51701784134,15576201,5414,(100;150;100;44;54;40;62;62;45;100;41;68;66;59;47;44;66;69;41;66;48;150;58;100;150;68;73;67;71;100;66;66;69;51;47;51;150;49;51;55;50;59;41;59;62;63;69;65;67;80;65;150;51;100;70;66;61;53;57;64;41;150;61;59;41;61;150;150;48;67;57;118;57;69;65;150;48;150;39;43;51;48;57;57;119;52;58;48;52;53;62;200;60;49;56;43;114;100;62;64;48;200;150;67;111;47;150;111;40;111;113;59;55;42;44;48;266;62;150;66;73;150;114;113;100;43;50;43;51;150;181;66;48;150;91;120;57;48;137;207;69;45;51;44;46;67;41)
seed_29_level_4-2,1248,18409.000111818314,16075584,5560,(62;43;62;150;44;41;78;150;57;39;44;46;42;150;150;100;100;66;51;43;47;200;44;53;41;150;44;57;46;150;66;51;71;59;73;53;51;119;100;57;66;56;67;114;57;63;53;47;52;60;66;48;51;48;48;73;66;51;46;100;48;66;62;53;62;40;59;150;63;42;62;54;50;59;57;41;51;42;45;113;40;49;100;44;60;41;150;41;41;57;69;100;48;67;58;69;114;61;63;59;43;150;150;66;66;66;65;61;204;100;42;41;51;60;57;47;118;118;59;56;62;51;51;181;118;41;44;41;100;76;111;111;47;39;115;45;46;39;350;45;62;44;65;41;42;41)
seed_29_level_4-2,1248,18924.77428460121,16675212,5709,(73;45;100;62;100;150;57;52;100;61;66;40;65;57;46;66;48;69;51;51;113;46;64;58;100;150;69;48;100;44;65;150;42;47;44;47;150;42;42;70;150;59;50;71;69;100;200;40;44;53;49;150;100;42;51;46;150;100;42;48;100;62;47;150;44;59;64;53;67;51;46;59;204;173;59;77;150;41;100;150;41;54;41;150;63;46;119;57;52;60;62;63;40;114;43;43;55;56;51;100;150;100;112;66;100;150;60;61;47;150;53;68;181;46;53;58;100;77;43;67;112;119;61;59;51;66;66;150;350;61;47;63;65;65;41;111;48;40;50;40;39;65;114;150;59;150;41;51;42)
seed_29_level_4-2,1248,19425.285930156708,17276289,5855,(150;51;100;150;59;61;150;51;58;84;69;100;100;100;48;100;150;55;44;42;55;45;66;44;69;51;69;48;114;59;56;47;50;50;66;48;47;71;67;51;150;44;41;44;44;54;62;100;60;100;66;150;53;76;59;59;51;111;47;62;40;62;40;62;41;58;50;40;100;150;64;39;132;53;56;150;66;76;128;51;51;61;60;59;59;65;61;150;150;56;42;44;44;121;70;59;61;55;216;181;52;100;66;67;186;48;111;43;100;100;59;41;54;114;42;62;52;112;150;150;41;118;100;100;46;100;51;200;62;51;350;48;61;44;114;42;150;60;173;51;55;52;71;54;150;50)
seed_29_level_4-2,1248,19944.36882829666,17935277,6007,(69;100;48;100;100;62;41;68;45;38;62;52;64;44;66;51;45;62;44;200;53;66;51;43;113;150;350;57;44;100;150;150;55;100;51;66;60;62;48;60;118;48;49;44;47;51;118;150;42;39;62;62;54;41;150;62;63;81;52;50;50;150;54;44;50;41;111;64;63;40;39;100;40;62;71;100;65;100;41;54;111;44;100;63;45;40;39;150;51;47;100;100;41;43;128;150;41;65;60;66;61;132;45;64;48;58;65;43;173;50;42;54;111;111;59;51;100;114;62;51;41;39;59;39;59;40;192;68;100;100;70;118;70;65;350;60;44;44;51;120;150;59;150;181;40;150;150;45;200;100;100;100)
seed_29_level_4-2,1248,20437.19987678528,18480828,6152,(69;100;56;40;150;76;51;52;67;100;65;100;59;58;41;70;66;42;60;51;90;47;150;47;49;51;44;57;62;51;60;62;40;54;111;54;51;62;69;150;64;62;43;61;100;150;150;54;54;54;42;111;100;49;47;150;39;200;43;49;81;66;51;61;150;54;61;100;150;112;62;62;48;43;48;49;46;181;100;42;56;62;150;100;150;132;65;47;45;43;65;58;62;118;51;70;61;72;57;53;51;113;100;46;100;45;40;41;128;55;62;66;41;51;73;62;192;100;194;70;55;100;63;66;57;173;59;59;41;57;57;64;113;100;61;150;44;150;150;150;150;43;44;41;150)
seed_29_level_4-2,1248,20935.633269548416,18983032,6300,(115;40;41;56;41;43;62;48;48;47;48;69;58;44;57;75;65;100;100;100;66;100;62;64;68;41;66;100;62;150;68;100;57;54;40;69;150;52;150;71;67;100;48;59;58;62;100;51;100;62;111;111;42;100;100;100;59;66;54;66;51;58;57;42;61;53;72;49;51;61;150;118;47;72;100;57;66;68;132;100;66;41;47;150;73;53;60;150;53;54;42;48;150;45;128;51;58;73;51;65;55;44;41;112;150;51;41;62;111;51;174;40;181;47;66;100;55;100;48;100;122;114;59;63;51;63;43;100;100;173;48;59;66;42;52;42;100;41;236;100;46;100;49;48;45;67;69;78)
seed_29_level_4-2,1248,21449.762773752213,19542274,6452,(65;45;100;100;72;52;62;40;48;40;69;69;62;41;39;64;150;48;114;41;58;100;45;62;51;69;100;45;45;75;52;111;111;44;44;48;40;100;45;150;48;100;100;67;74;71;100;200;61;44;61;52;45;58;78;150;61;47;62;46;44;100;44;66;45;61;51;48;51;44;118;236;63;150;69;46;92;51;46;100;68;62;43;50;100;100;45;113;40;44;100;57;51;42;128;61;58;150;69;58;66;44;150;56;150;47;175;150;44;47;173;44;42;100;100;43;100;60;118;114;51;61;65;48;150;60;181;100;40;50;57;68;100;48;132;69;64;70;46;51;150;150;174;40;42;42;100;42;100;150;51;62)
seed_29_level_4-2,1248,21957.213430404663,20040013,6603,(62;100;76;100;100;58;41;43;44;78;69;150;57;54;100;47;41;100;69;47;61;67;49;67;76;150;56;51;67;52;67;100;46;52;69;69;48;48;69;64;150;64;60;44;62;65;114;62;43;42;100;41;150;100;173;41;54;41;46;111;50;200;54;61;51;59;51;51;118;44;51;45;64;72;48;49;69;111;40;40;111;100;45;51;59;100;174;150;57;43;52;150;57;62;150;181;66;100;52;48;50;52;50;49;192;100;100;63;100;62;65;64;48;51;128;66;51;46;64;130;67;66;44;118;52;48;62;43;100;100;57;100;132;150;47;72;59;51;66;67;61;53;51;44;54;43;57;62;100;42;57)
seed_29_level_4-2,1248,22465.503909111023,20603478,6753,(150;63;58;64;57;62;62;114;51;51;51;44;123;60;118;61;65;48;51;52;51;150;72;48;150;150;150;51;100;69;48;51;69;48;48;46;48;150;100;51;100;52;71;67;100;200;45;44;63;41;42;54;62;236;47;67;64;58;51;51;64;53;111;56;100;42;54;118;100;150;100;113;49;66;58;69;67;49;69;69;65;100;100;77;44;67;69;114;63;66;100;59;62;40;44;181;55;66;65;48;59;62;44;150;62;62;50;64;62;62;100;132;54;44;54;70;45;75;60;200;48;130;47;69;57;150;58;61;58;66;66;185;62;52;114;111;150;43;59;63;59;173;54;150;54;54;58;100;150;62)
seed_29_level_4-2,1248,22965.575988054276,21190191,6899,(150;100;52;66;51;52;56;69;47;65;48;51;48;48;69;56;48;100;48;69;100;200;61;60;44;58;42;51;114;43;119;100;51;60;50;47;118;47;66;44;50;118;150;66;69;111;112;73;100;40;115;116;44;63;150;43;43;45;71;53;300;150;53;150;48;48;46;44;54;44;132;44;44;126;58;250;48;43;62;236;65;45;70;61;65;100;67;67;150;118;51;66;47;66;65;61;69;150;62;47;67;58;51;51;44;44;51;123;150;54;72;49;62;43;58;44;173;100;42;61;43;62;47;60;54;57;181;57;51;150;46;48;62;62;44;185;51;51;174;59;59;150;41;41;41;150)
seed_29_level_4-2,1248,23459.091556549072,21730572,7048,(69;48;66;43;67;47;130;57;66;150;69;69;47;69;65;48;62;61;47;41;150;50;51;56;100;61;150;51;55;48;52;52;100;100;173;58;74;41;50;51;51;51;54;200;66;54;47;54;51;61;46;66;150;51;41;51;57;46;53;132;61;150;51;44;46;66;64;150;55;119;60;54;100;100;41;100;60;63;118;48;41;51;71;61;69;43;58;57;181;100;57;51;150;44;69;46;54;67;192;100;44;100;57;100;67;100;71;118;51;43;51;69;55;51;56;51;51;300;62;62;150;63;68;62;114;150;100;111;100;51;150;59;44;63;150;45;114;150;62;62;43;43;62;43;59;60;43;64;59)
seed_29_level_4-2,1248,23976.264609336853,22358103,7199,(150;51;52;51;48;51;54;192;70;62;70;69;92;70;70;150;150;47;48;150;60;41;119;100;57;51;124;100;100;100;118;118;100;61;71;46;150;51;61;150;42;53;44;57;62;114;63;55;100;100;51;53;73;63;48;65;69;48;64;69;118;45;66;66;47;100;48;48;44;200;43;40;66;54;57;150;63;49;174;62;114;43;60;100;59;44;250;46;43;181;100;150;46;48;100;56;48;56;132;75;150;63;42;46;47;44;150;100;49;173;46;54;54;50;59;72;41;49;150;111;111;47;150;111;40;45;45;111;100;51;130;66;150;41;75;66;47;66;66;300;62;44;54;59;44;100;60;54;62;43;100)
seed_29_level_4-2,1248,24473.81478047371,22934382,7347,(69;100;65;65;100;73;128;100;100;100;100;47;63;150;100;100;100;66;66;100;50;118;51;150;48;41;200;61;150;200;62;65;54;58;44;52;47;69;65;65;46;65;69;64;69;128;60;56;42;53;100;47;78;65;54;150;42;43;43;200;100;50;42;300;66;62;54;53;54;111;64;51;60;62;118;119;67;150;100;51;43;51;70;51;114;51;150;51;44;49;41;66;61;173;111;41;59;41;58;41;48;112;60;150;130;43;67;62;41;65;66;61;46;55;111;39;59;45;39;66;100;133;39;43;64;51;174;54;41;70;48;47;64;67;43;43;47;186;216;51;100;68;55;56;51;70;51;69)
seed_29_level_4-2,1248,24970.357688188553,23531245,7493,(150;66;52;52;150;100;66;128;41;41;43;100;100;69;41;69;51;100;100;100;200;47;117;66;41;100;100;40;53;132;77;47;200;54;43;62;114;42;192;100;100;100;47;65;100;100;64;111;51;51;62;39;115;40;100;43;39;55;130;68;51;47;47;66;59;64;66;41;48;65;69;65;64;69;69;66;69;69;118;51;47;118;42;48;51;150;172;40;72;114;42;150;42;44;42;42;42;62;42;118;64;73;51;51;76;62;45;69;47;174;43;100;59;43;150;150;62;114;44;114;59;188;300;54;150;51;100;50;59;111;54;57;59;100;174;63;41;44;41;41;111;150;58;54;150;59)
seed_29_level_4-2,1248,25475.561742782593,24096810,7646,(49;69;65;48;70;75;100;65;77;192;100;64;100;100;69;100;100;64;150;62;150;49;71;65;100;100;52;111;115;68;63;41;49;40;47;64;40;55;114;42;47;150;42;43;56;60;150;42;42;44;130;69;47;62;65;61;64;62;76;66;51;118;69;200;42;43;49;69;55;69;51;47;48;66;42;43;47;44;48;53;41;41;62;48;43;300;100;100;57;74;100;56;150;61;100;114;65;41;44;66;72;41;51;51;100;62;51;58;65;45;52;118;150;61;54;62;47;350;51;61;44;64;51;43;173;100;63;100;42;51;41;57;50;55;41;59;59;100;185;43;174;62;64;55;43;43;45;43;41;42;115;44;62)
seed_29_level_4-2,1248,25979.844507455826,24610258,7797,(66;43;56;100;64;43;73;48;41;39;40;46;192;64;69;66;100;62;58;100;100;100;100;100;150;56;49;100;100;89;45;52;71;48;100;48;118;52;66;62;51;57;68;53;66;68;51;49;114;150;57;51;132;61;66;51;42;44;47;65;44;56;43;63;51;61;43;118;73;65;51;51;46;51;43;47;56;100;45;57;66;150;41;114;57;150;60;52;43;54;42;47;62;44;52;150;55;150;114;300;43;150;111;47;47;57;59;114;51;45;111;62;66;57;59;57;111;44;63;43;100;47;45;43;43;56;100;39;111;46;115;46;174;174;62;43;62;39;184;53;126;62;41;65;41;43;62;150;62;44;64)
seed_29_level_4-2,1248,26477.211684703827,25131904,7947,(66;69;100;62;61;100;68;59;52;54;69;61;150;71;65;71;68;89;66;59;52;45;50;100;68;71;236;49;100;150;63;48;100;100;181;69;66;100;59;100;132;47;69;44;43;57;62;50;42;46;44;100;43;65;55;118;51;118;48;48;86;150;44;150;64;44;69;51;42;50;41;118;65;100;67;51;61;51;65;51;48;200;51;48;58;53;150;66;48;113;42;62;54;47;61;40;42;62;44;42;57;54;44;48;65;42;62;300;62;41;51;52;52;39;59;114;120;41;115;51;66;51;111;43;59;42;53;150;174;42;100;65;124;41;47;62;52;100;114;150;43;60;59;41;59;43;114;43;44;114)
seed_29_level_4-2,1248,26971.84338736534,25695936,8096,(132;48;57;73;68;44;56;51;55;51;68;47;250;57;51;56;60;150;52;57;51;68;100;52;51;71;100;100;100;73;70;100;52;66;47;63;62;69;40;51;42;63;44;40;100;66;69;40;114;43;52;42;75;43;60;69;46;57;43;54;150;44;40;43;42;150;183;150;43;100;100;100;67;100;45;100;100;67;100;100;100;64;100;118;71;67;48;45;100;45;200;46;44;66;118;66;48;40;66;51;66;49;174;111;62;62;150;41;43;45;150;62;40;44;41;60;150;41;62;59;43;45;59;43;300;51;58;54;100;60;150;176;53;54;59;52;61;58;150;114;62;54;171;100;51;58;45;58;150)
seed_29_level_4-2,1248,27463.599209308624,26175955,8245,(100;100;48;100;51;65;70;62;41;69;49;100;44;51;43;44;48;54;40;44;132;44;54;51;51;64;51;44;125;66;68;74;57;47;61;66;62;57;70;67;41;51;114;62;150;150;42;41;44;45;58;54;41;62;43;42;44;62;150;150;42;150;150;47;118;51;66;124;43;64;67;118;65;200;64;46;51;47;51;62;115;46;66;65;48;53;48;62;69;174;43;42;42;59;100;61;150;59;114;56;60;55;41;150;114;63;62;114;65;41;100;59;43;41;45;42;47;300;52;54;61;150;41;150;51;56;51;57;52;51;150;111;44;41;41;51;49;61;43;58;40;100;59;60;59;52;54;63;49)
seed_29_level_4-2,1248,27949.131769418716,26661812,8393,(61;41;100;43;51;100;100;48;100;66;64;48;65;51;100;100;84;100;150;51;41;51;61;44;42;54;46;51;44;48;41;51;44;51;45;44;52;64;51;40;65;300;111;43;62;54;51;59;51;56;150;41;61;111;150;54;41;59;58;51;53;57;44;54;59;51;58;111;111;150;114;42;62;39;150;42;42;150;61;59;61;150;56;42;100;60;150;62;42;42;62;52;150;60;174;59;114;59;59;59;64;50;59;54;41;43;150;62;63;114;150;65;62;42;111;62;43;150;43;57;59;124;125;42;100;69;48;69;82;100;59;69;48;66;62;66;62;50;64;100;76;69;46;57;118;43;48;39)
seed_29_level_4-2,1248,28430.54266023636,27091705,8544,(62;51;45;61;40;59;43;51;60;45;45;51;51;43;61;40;132;47;150;40;47;51;85;84;51;51;51;62;62;57;46;60;74;57;46;62;73;125;100;62;48;42;45;62;69;66;62;48;69;51;55;46;69;66;48;63;66;51;69;59;48;51;51;79;114;61;47;54;52;67;62;42;54;54;54;57;42;54;61;150;54;62;150;55;114;46;63;42;42;44;174;174;41;43;62;61;61;64;40;42;62;111;111;51;43;123;40;41;111;44;51;53;39;174;41;115;43;65;61;60;300;100;63;51;51;41;51;150;100;41;59;59;54;45;41;150;62;150;51;111;51;41;44;59;41;61;41;59;41;111;42)
seed_29_level_4-2,1248,28931.230866909027,27683270,8694,(62;70;51;59;57;69;59;61;41;41;44;69;62;44;41;41;43;42;132;61;42;100;59;45;64;150;64;72;49;49;61;51;52;49;63;400;51;48;58;63;125;69;69;68;51;70;67;69;48;44;69;69;69;69;48;62;70;51;49;44;51;69;49;51;57;114;48;57;62;57;58;60;42;150;62;43;51;62;61;150;52;150;150;200;42;52;51;40;61;62;300;54;59;41;150;61;150;150;41;150;59;54;100;111;100;41;150;41;111;54;54;45;150;59;111;43;100;41;100;174;59;175;41;41;150;51;43;44;48;42;59;64;43;43;114;41;62;100;150;43;43;59;43;150;115;43;43;52;43;127)
seed_29_level_4-2,1248,29431.071728229523,28214052,8845,(59;47;62;56;100;41;41;59;43;41;54;56;60;59;59;100;100;66;41;59;53;100;44;57;51;66;64;135;60;44;125;212;49;44;150;100;42;100;43;45;51;62;69;51;65;71;100;76;150;46;66;51;150;69;43;114;58;65;66;75;75;45;41;66;150;40;300;51;54;41;59;43;59;41;58;111;100;41;42;41;111;62;114;150;57;51;150;150;41;150;43;51;59;43;41;41;112;64;59;59;41;41;41;59;51;51;61;44;174;62;150;174;41;43;42;53;118;124;63;42;43;43;171;47;47;39;50;43;60;62;62;150;44;42;43;62;150;41;40;150;43;60;43;43;150;51;100;47;140;63;60)
seed_29_level_4-2,1248,29943.59880256653,28766205,8996,(134;62;41;41;100;58;66;40;100;61;60;56;100;132;44;43;48;150;41;45;100;45;42;54;41;68;100;64;66;59;64;64;47;52;150;58;69;47;39;69;69;114;61;45;74;100;51;47;100;44;44;46;43;69;100;62;150;73;54;68;48;46;68;48;69;42;69;59;300;54;41;62;51;150;111;41;43;100;58;41;44;100;41;178;40;111;44;59;59;100;60;51;59;58;150;60;111;150;62;45;40;150;42;150;52;41;41;59;51;171;150;150;62;61;62;150;113;71;59;51;42;43;42;43;51;51;42;150;62;150;43;61;53;63;61;114;42;41;62;114;49;44;121;60;42;118;150;174;100;59;174)
seed_29_level_4-2,1248,30443.157208442688,29375978,9145,(196;60;61;150;59;39;150;41;41;41;150;44;45;70;61;62;48;150;58;150;76;57;51;58;100;62;48;44;47;51;114;100;42;58;52;45;43;47;66;58;74;64;49;69;72;54;69;65;69;50;51;53;42;69;74;69;66;67;150;100;100;51;47;51;69;300;41;100;43;150;59;150;41;50;100;41;111;100;58;150;62;62;178;150;115;62;46;62;100;41;44;62;100;65;59;59;54;51;150;57;41;111;70;41;68;171;51;62;63;150;49;60;65;56;118;47;150;60;129;150;62;114;52;150;65;45;64;116;300;150;54;56;42;51;64;62;51;44;53;59;150;47;55;111;62;116;43;100;44)
seed_29_level_4-2,1248,30952.14799427986,29971163,9294,(114;64;51;41;64;100;100;100;58;74;100;48;96;42;84;67;47;71;51;69;60;63;183;41;100;69;100;51;41;61;53;66;42;134;150;100;61;61;48;55;150;100;48;53;61;58;48;56;51;61;58;150;42;56;53;64;48;150;61;51;51;51;72;150;61;300;41;51;100;41;57;62;50;177;150;100;150;41;150;62;119;55;57;62;150;41;41;41;54;111;51;61;173;150;150;62;51;41;48;58;175;56;41;59;43;100;171;62;127;60;52;54;150;112;43;47;43;39;150;100;54;111;51;40;47;150;114;150;64;43;50;54;52;113;41;111;61;59;100;64;59;51;150;55;100;65;59;40;100)
seed_29_level_4-2,1248,31444.49382162094,30518653,9443,(183;49;70;102;179;43;49;62;83;51;100;48;100;74;76;100;41;54;66;52;100;69;66;100;53;48;67;66;52;82;51;41;134;51;39;65;42;58;150;150;150;51;63;77;81;51;42;100;58;49;100;51;58;51;44;150;63;51;69;56;150;51;54;41;54;171;65;41;47;62;47;47;66;42;59;44;43;39;100;41;100;38;64;60;63;41;112;150;114;40;58;64;100;200;100;59;41;100;100;61;100;53;39;100;41;65;52;300;41;41;51;51;45;100;150;57;60;171;41;54;100;41;171;111;51;41;61;111;41;150;61;43;58;59;64;62;54;150;48;51;100;56;62;53;100;100;114;45;111)
seed_29_level_4-2,1248,31958.208344697952,31231291,9594,(134;150;42;400;51;66;64;64;41;54;41;66;68;66;72;150;100;55;58;100;150;72;67;44;150;150;64;51;150;150;51;53;64;300;61;51;61;51;150;51;100;61;62;400;60;100;183;100;66;100;66;58;44;100;100;118;43;51;48;100;58;47;43;123;100;43;44;92;112;69;55;43;42;54;41;43;54;53;45;60;43;41;66;40;67;53;51;66;51;69;57;47;300;150;100;41;111;41;54;49;40;41;56;53;44;51;59;58;54;64;41;41;51;150;150;150;64;40;59;56;39;54;61;150;51;100;51;54;62;111;41;111;150;54;41;150;114;59;60;62;111;51;44;47;54;51;51;44;41;51;54)
seed_29_level_4-2,1248,32451.44290828705,31774432,9744,(134;41;42;51;47;51;51;200;46;64;56;48;58;61;41;41;41;150;44;51;150;43;51;64;66;100;44;61;43;57;41;58;100;150;150;42;60;41;100;43;47;41;43;150;51;61;47;46;116;73;44;65;150;60;100;63;67;47;58;100;51;100;100;51;118;56;48;150;150;100;300;100;150;111;69;59;41;41;150;39;45;44;54;150;150;44;43;62;57;173;41;61;51;51;53;41;41;150;57;41;114;114;59;51;41;150;44;62;41;51;57;51;100;41;59;150;51;54;54;41;51;61;54;51;54;54;59;59;111;170;51;48;58;64;113;54;48;59;61;111;41;62;62;174;42;39;51;63;39;150)
seed_29_level_4-2,1248,32964.162939310074,32468418,9894,(134;56;51;51;150;150;150;48;150;57;48;55;100;51;39;114;54;100;100;60;61;51;64;150;150;46;66;61;64;200;65;56;51;61;39;57;62;61;150;67;67;61;100;59;48;51;150;100;51;51;48;100;100;51;68;150;50;150;400;66;58;48;62;100;58;56;100;61;300;52;150;174;64;39;51;51;174;41;150;150;111;114;51;114;100;40;67;41;41;113;54;44;114;63;111;57;54;54;170;100;44;62;41;59;61;59;59;54;59;44;59;51;44;43;54;62;44;62;51;62;41;64;48;59;176;150;57;111;41;41;41;150;47;150;150;44;63;41;125;44;60;111;60;60;51;111;47;100;44;177)
seed_29_level_4-2,1248,33476.86392331123,33118836,10044,(134;51;48;64;61;150;55;125;65;60;58;100;58;150;100;150;59;52;44;100;100;56;48;100;44;150;58;150;132;65;100;48;41;100;100;51;53;48;60;76;62;59;48;56;51;64;67;150;100;51;58;48;51;100;100;61;65;45;79;51;54;150;100;64;150;64;65;62;150;150;114;43;41;150;59;61;48;44;54;54;41;150;45;42;114;62;60;150;66;59;41;201;150;62;150;64;55;150;55;54;350;150;111;54;54;114;114;44;150;40;150;54;51;62;54;42;51;53;42;62;59;44;59;59;42;62;41;42;59;150;51;59;44;111;114;150;174;59;42;150;111;100;54;62;62;57;54;114;174;44)
seed_29_level_4-2,1248,33975.015773534775,33679620,10194,(134;62;150;48;48;200;100;58;59;51;51;47;150;65;47;59;100;58;150;65;63;67;48;58;150;46;100;58;66;58;51;44;52;58;60;46;61;57;150;42;59;100;54;126;150;48;59;51;60;150;48;58;48;150;66;100;150;100;70;52;44;61;53;201;56;42;121;66;65;43;150;44;114;62;114;59;41;111;42;150;40;41;59;62;41;150;54;57;47;57;44;41;134;54;44;150;41;44;59;44;54;41;111;41;114;114;111;54;69;41;41;41;54;150;60;51;150;59;111;42;46;100;44;113;51;62;60;54;117;114;114;46;114;51;41;174;42;150;51;44;42;150;52;51;150;111;62;51;60;114)
seed_29_level_4-2,1248,34493.45097112656,34463287,10344,(134;44;56;64;150;41;45;67;51;100;43;51;61;64;150;41;45;150;150;100;49;57;51;65;51;62;41;58;150;66;51;40;150;46;56;41;68;150;54;69;47;64;150;150;54;58;150;150;100;43;50;150;56;65;48;150;150;150;58;300;51;66;100;57;201;62;111;150;50;177;51;114;42;111;177;350;119;52;42;44;62;111;174;54;100;42;175;41;150;114;114;40;51;114;111;114;54;114;59;59;54;57;46;114;150;114;100;42;63;150;150;150;58;114;111;44;54;112;62;57;114;173;43;114;41;45;51;111;57;150;62;51;150;54;114;64;150;60;54;114;53;54;42;42;150;62;112;41;56;62)
seed_29_level_4-2,1248,35016.84776043892,35216716,10494,(183;150;66;51;150;41;62;134;47;178;51;46;100;121;150;41;48;51;51;67;41;47;58;48;60;44;66;150;62;150;150;100;50;66;51;100;125;62;54;59;51;80;48;150;62;47;51;65;51;100;66;64;62;250;150;250;66;150;70;62;45;150;100;201;150;150;111;111;42;300;57;114;111;60;59;61;44;100;59;60;62;100;39;111;48;112;61;42;61;114;54;59;66;100;114;60;59;61;51;150;62;42;150;60;100;114;46;41;51;112;59;54;174;48;54;42;111;111;44;62;114;174;42;60;62;59;111;111;59;114;41;150;114;54;111;53;54;44;54;42;51;50;150;174;173;57;114;42;250;62)
seed_29_level_4-2,1248,35522.98009967804,35831148,10644,(183;100;43;100;57;58;57;69;150;48;69;115;51;48;51;150;57;64;39;43;70;58;150;70;60;43;48;39;174;43;41;39;44;48;40;40;61;150;66;116;47;58;150;57;59;150;150;59;118;39;61;66;150;45;41;66;41;45;51;58;62;59;150;62;250;61;47;150;250;61;100;150;48;44;49;111;61;62;53;150;47;150;51;42;59;61;171;59;100;41;59;59;100;54;41;62;111;60;111;41;150;57;41;59;47;150;150;54;54;52;41;44;60;150;54;114;42;54;51;114;44;62;44;54;64;54;42;57;64;100;200;57;62;45;62;114;54;54;51;60;51;174;57;174;61;42;174;150;57;45)
seed_29_level_4-2,1248,36024.22234368324,36487867,10794,(300;150;66;57;66;51;41;39;39;58;40;123;150;51;41;48;51;48;69;45;43;61;72;48;48;51;48;51;200;39;51;62;150;150;47;150;150;56;59;51;58;150;43;59;51;127;200;44;150;48;48;150;51;41;45;53;62;100;41;116;51;51;41;100;62;41;51;300;44;48;41;47;44;44;44;61;250;150;44;62;100;61;114;65;111;45;176;44;62;42;51;44;150;114;150;44;100;150;54;174;54;150;48;54;44;63;54;53;42;44;175;52;54;60;60;59;114;42;44;45;47;43;100;150;150;51;62;54;58;51;150;44;50;111;100;62;42;114;41;47;54;114;44;114;100;114;51;59;150;57)
seed_29_level_4-2,1330,36559.038648843765,37457392,10944,(300;44;58;66;150;42;68;68;51;42;183;48;177;44;47;41;61;150;64;51;51;150;51;51;150;46;51;49;39;64;48;66;51;62;73;51;150;41;59;51;41;64;68;43;62;63;150;66;51;51;150;64;150;61;51;150;66;68;200;66;118;150;150;118;54;62;67;150;250;62;250;59;114;54;114;176;41;150;54;52;150;174;111;150;150;134;51;150;62;114;61;114;45;132;51;61;114;41;54;62;41;39;114;54;44;114;300;54;67;171;42;54;54;54;111;150;42;60;114;114;150;40;44;43;62;61;150;150;54;51;43;100;53;51;55;42;62;61;48;421;250;300;41;62;60;51;50;150;51;350)
seed_29_level_4-2,1352,37065.61057686806,38107268,11094,(183;61;43;150;118;44;122;150;51;44;65;59;66;62;39;42;150;61;61;66;100;44;41;48;61;45;150;174;52;41;150;150;47;53;64;43;59;66;150;150;66;48;66;150;62;56;43;66;40;64;66;150;61;150;66;60;42;57;39;49;41;42;58;58;150;150;41;327;150;54;65;59;58;45;114;113;150;114;53;114;61;54;59;54;54;100;114;62;114;39;100;42;100;44;48;150;44;59;174;61;111;45;61;42;62;150;62;60;54;63;44;114;54;44;114;100;47;62;62;41;114;54;57;62;62;42;62;111;150;150;44;61;61;114;100;150;61;54;61;51;250;114;44;51;114;100;44;54;150;41)
seed_29_level_4-2,1352,37586.972732782364,38860057,11244,(150;150;114;41;41;51;57;114;66;41;61;45;39;150;150;51;150;48;84;66;242;66;150;64;51;150;100;42;150;48;40;150;66;150;41;48;40;41;42;51;66;52;48;150;51;42;51;66;51;200;51;150;46;100;62;58;64;300;52;100;66;71;180;58;47;60;51;51;45;327;114;61;42;114;150;111;113;41;62;54;42;63;115;62;178;44;150;114;54;115;65;44;64;62;62;114;62;100;63;55;150;62;54;114;114;44;114;150;41;60;63;54;114;54;44;48;61;55;58;181;44;150;54;150;59;61;114;150;150;51;150;61;60;150;114;44;220;62;150;55;61;54;51;100;61;62;63;54;61;100)
seed_29_level_4-2,1352,38097.96875309944,39638645,11394,(300;39;57;100;40;51;150;41;177;43;41;44;64;150;48;62;47;150;61;47;45;40;51;47;66;51;51;150;41;59;47;66;50;48;61;48;48;150;56;61;114;111;114;40;43;51;150;47;122;61;67;150;41;48;150;150;40;150;51;51;52;150;51;62;47;64;48;327;60;42;116;209;64;150;44;60;42;44;48;114;60;61;42;114;61;123;62;114;43;150;113;61;114;62;114;42;44;51;150;43;100;61;179;44;54;114;41;350;54;111;114;100;51;54;44;300;113;100;150;114;61;114;62;114;51;47;44;62;111;54;150;62;66;59;54;41;179;114;114;61;44;54;61;44;59;181;114;41;114;114)
seed_29_level_4-2,1352,38609.049587249756,40434546,11544,(300;56;57;43;64;43;48;150;100;150;59;59;58;111;59;150;150;41;48;111;150;150;200;41;43;150;40;58;68;62;150;50;41;44;40;320;44;61;47;44;62;100;62;111;150;57;150;52;41;123;51;40;150;150;43;47;170;41;62;62;43;59;39;48;327;100;60;114;66;350;53;114;60;60;51;55;51;150;44;100;57;62;44;46;44;114;65;180;100;114;173;54;60;65;114;57;60;114;100;54;53;61;51;114;44;44;54;62;59;111;54;44;41;47;174;114;44;62;61;114;100;61;123;51;44;41;58;100;65;150;114;51;54;54;250;114;47;54;62;51;150;178;60;64;42;59;44;41;114;42)
seed_29_level_4-2,1352,39127.64732217789,41297377,11694,(308;150;51;48;150;150;51;56;111;41;118;66;128;150;41;61;41;66;64;43;40;44;42;59;150;111;48;48;66;41;41;61;200;52;200;48;41;41;43;150;150;39;150;59;39;66;59;47;59;114;41;64;41;150;73;41;111;150;150;62;150;40;44;61;124;40;41;327;117;114;114;54;44;41;150;64;63;56;65;178;44;300;100;111;51;100;100;114;114;114;60;150;150;62;41;100;100;55;61;41;41;100;119;44;114;41;44;114;100;114;44;62;250;52;61;44;53;100;64;114;300;54;114;300;57;150;114;114;41;63;66;61;100;41;44;114;41;44;100;41;100;150;54;44;113;100;61;114;150;100)
seed_29_level_4-2,1352,39646.31008505821,42181303,11844,(308;53;41;48;200;111;59;43;49;117;58;100;46;41;100;150;59;57;53;48;150;150;58;200;41;59;54;54;150;150;41;150;48;150;42;53;120;41;150;150;41;59;60;150;48;150;51;59;44;60;59;150;208;59;48;59;150;64;116;58;62;44;48;39;68;111;45;41;44;327;61;62;61;150;114;150;100;114;62;62;215;114;54;64;54;60;41;114;58;62;56;46;53;111;114;114;114;54;60;52;177;60;100;42;150;41;114;113;150;43;121;112;60;114;41;41;51;44;62;112;41;100;41;72;45;57;54;41;243;114;64;114;61;400;60;54;123;100;57;114;113;42;300;56;114;115;59;181;60;41)
seed_29_level_4-2,1352,40172.51906275749,43004181,11994,(310;45;100;41;59;100;41;39;41;100;61;39;40;200;150;62;114;48;64;61;111;41;41;61;45;56;51;41;41;150;66;150;67;39;150;150;186;41;48;48;150;150;150;59;116;100;48;46;48;47;48;40;66;41;66;111;64;150;48;62;66;44;116;100;114;150;57;327;44;56;217;114;100;54;51;44;44;54;100;114;44;51;114;71;114;250;64;113;44;100;47;74;100;114;111;114;62;114;41;100;51;60;114;100;41;182;43;114;54;150;176;250;100;62;150;41;100;41;48;100;42;150;41;41;111;100;54;44;41;41;114;54;150;100;150;150;41;54;61;117;150;213;54;174;114;100;42;41;174;43)
seed_29_level_4-2,1352,40695.7054605484,43898322,12144,(320;64;47;48;59;150;43;111;66;114;64;114;150;60;46;198;43;41;59;48;150;59;41;61;43;150;68;61;100;114;39;150;64;42;41;66;150;61;48;116;115;62;42;114;51;48;150;150;200;44;51;45;123;59;66;41;150;41;41;67;111;150;150;57;111;64;43;48;327;54;178;114;43;62;41;114;51;44;100;100;61;114;62;42;100;51;114;114;112;54;114;54;150;125;300;150;54;44;54;51;41;114;175;114;250;177;56;100;62;44;41;114;47;54;51;62;65;45;60;114;53;177;65;150;114;51;62;51;150;150;114;100;54;112;117;60;114;150;100;113;114;54;61;300;150;150;62;43;114;150)
seed_29_level_4-2,1702,41215.07852602005,44743322,12294,(320;229;48;46;43;120;150;40;150;66;62;54;63;350;150;150;113;52;41;43;48;62;67;54;52;111;350;114;41;66;40;42;111;41;62;48;40;64;51;150;51;64;64;48;48;176;41;43;62;150;66;48;150;59;114;41;111;63;48;100;150;65;100;124;111;184;111;111;64;380;57;51;62;150;52;51;189;54;60;54;42;114;44;114;55;44;44;44;61;62;57;61;114;64;61;114;51;114;100;51;114;44;178;44;56;177;51;51;150;54;51;46;114;67;183;54;100;51;45;43;100;42;51;112;60;54;100;51;114;58;44;100;176;220;114;61;150;55;41;62;61;114;51;54;47;51;44;40;54;100)
seed_29_level_4-2,1702,41740.96533584595,45679806,12444,(327;44;65;100;114;58;114;61;44;57;41;61;60;61;62;44;226;51;72;41;44;47;126;44;71;114;44;100;43;61;42;61;114;62;61;61;100;61;44;44;64;44;66;64;62;51;114;114;62;250;45;150;53;114;51;64;186;150;65;100;300;100;150;60;43;45;114;62;61;54;61;59;44;43;56;61;61;350;41;150;41;150;65;150;400;150;150;62;54;116;150;66;63;150;150;150;48;150;62;150;150;57;150;150;118;43;150;259;200;43;64;47;48;64;44;55;43;114;150;47;126;68;66;39;62;182;57;51;150;150;51;181;100;64;40;150;59;52;116;41;150;62;41;39;116;55;150;62;51;59)
seed_29_level_4-2,1702,42259.818081855774,46582135,12594,(327;51;300;51;150;60;42;41;119;43;61;133;51;54;44;100;114;100;44;250;111;44;176;47;100;43;100;51;41;100;51;100;53;62;150;100;62;119;64;120;100;42;100;50;114;114;100;54;47;44;100;61;150;100;114;61;44;63;44;51;54;41;44;181;114;176;177;114;44;51;114;200;60;114;100;200;61;150;51;61;67;48;62;150;300;115;57;114;131;62;66;64;43;57;180;66;150;111;113;58;62;52;150;51;58;51;114;47;64;150;114;78;40;66;64;66;57;62;47;59;52;44;150;118;44;44;57;350;66;64;150;64;62;66;62;51;150;62;42;118;66;55;221;116;61;65;177;150;176;150)
seed_29_level_4-2,1702,42786.75561904907,47552908,12744,(327;114;114;44;44;114;150;44;100;56;63;178;150;300;54;114;177;41;61;44;44;47;114;44;61;114;118;64;44;100;177;183;41;41;55;61;44;114;62;350;62;57;41;41;59;300;119;114;150;62;150;100;150;52;119;47;150;114;44;190;172;41;150;300;69;44;173;44;114;62;150;63;40;116;61;111;60;211;41;41;52;57;150;150;62;59;111;111;64;51;58;62;111;55;64;62;63;56;150;41;62;39;176;42;43;43;62;66;150;61;64;40;52;150;150;218;51;41;61;41;43;150;150;116;40;150;65;51;41;111;114;45;150;41;41;73;61;59;111;111;150;116;68;48;114;200;69;59;150;150)
seed_29_level_4-2,1702,43307.52569055557,48341962,12894,(211;62;142;65;41;111;52;62;59;41;42;42;41;118;66;112;114;150;41;41;61;150;250;48;42;115;54;114;41;111;48;59;42;111;59;114;62;40;41;57;61;116;62;51;150;41;44;41;113;41;114;41;150;46;62;61;62;70;41;59;52;64;236;50;49;150;41;41;41;150;51;114;150;327;61;111;174;57;150;61;44;114;62;114;191;150;44;150;44;44;44;100;114;47;114;172;150;64;114;44;112;204;61;46;43;54;100;114;57;59;350;54;114;114;174;41;56;62;150;54;62;61;41;117;114;173;41;178;114;41;61;51;54;54;62;51;54;114;43;114;44;150;44;54;51;114;61;44;114;54)
seed_29_level_4-2,1702,43844.689534425735,49239332,13044,(211;111;150;67;40;62;64;43;150;118;177;41;150;47;58;47;150;44;41;64;100;41;51;59;44;59;59;62;59;41;45;44;150;46;62;114;114;59;40;44;41;64;183;116;64;41;62;48;48;62;43;62;150;41;150;48;116;60;150;48;41;61;111;40;44;150;43;63;62;45;150;150;327;51;44;61;62;114;150;111;61;114;41;65;44;42;150;150;113;53;49;47;150;114;150;51;44;62;131;178;114;250;114;176;61;59;184;174;114;114;51;171;61;58;61;114;214;62;114;65;54;300;51;114;114;171;62;54;177;114;250;114;65;111;44;114;60;61;127;186;51;58;65;114;41;178;61;184;54;195)
seed_29_level_4-2,1702,44377.584401369095,50089799,13194,(211;54;150;48;40;62;62;59;111;40;62;41;100;114;116;41;150;40;111;69;51;59;51;41;64;111;66;64;150;40;41;62;43;150;51;150;59;57;41;43;123;59;61;66;59;62;59;52;57;66;111;60;65;41;69;41;58;43;111;118;150;57;62;59;150;327;100;300;44;53;113;114;44;44;55;178;176;114;62;62;175;51;114;174;100;187;114;113;114;111;114;100;60;114;114;62;100;54;44;150;100;57;44;114;48;114;54;55;56;174;350;41;114;100;44;51;44;100;44;177;150;51;61;62;177;61;44;178;51;62;61;114;114;178;113;114;173;42;54;177;150;114;57;42;114;60;114;150;114;55)
seed_29_level_4-2,1702,44919.36531162262,51364023,13344,(211;61;43;115;61;48;59;150;66;43;41;59;111;59;124;300;114;111;150;150;59;59;150;40;111;100;43;111;64;59;115;230;100;66;64;111;42;41;57;59;150;64;62;55;46;42;300;124;150;300;59;62;59;45;111;66;52;169;47;59;59;59;41;64;327;150;187;114;61;51;111;114;47;100;178;111;45;114;114;250;61;171;44;54;114;150;114;41;400;43;300;114;114;116;114;61;61;61;43;53;111;114;114;150;111;114;251;100;177;114;54;178;114;51;174;51;111;175;62;51;51;175;200;61;114;114;350;175;54;63;191;42;51;60;57;226;61;43;208;100;178;207;100;46;119;41;300;54;177;54)
seed_29_level_4-2,1702,45472.39862680435,52658902,13494,(300;44;66;150;64;212;63;66;150;69;116;62;59;150;117;116;116;150;112;59;64;54;150;51;300;62;111;51;61;69;69;142;58;150;131;225;59;57;67;40;62;66;116;51;114;59;114;51;300;111;41;51;43;63;43;113;55;300;58;59;61;58;150;116;56;327;61;114;61;189;114;62;44;114;100;114;300;131;150;54;114;58;111;114;350;114;150;150;114;115;44;60;44;114;181;51;47;45;120;54;173;44;69;54;41;111;174;44;150;150;62;44;100;51;111;63;51;44;44;114;114;44;178;150;300;150;114;150;114;350;209;44;114;60;150;350;111;51;44;44;175;43;51;250;114;300;44;114;44;114)
seed_29_level_4-2,1702,46007.10964727402,53599499,13644,(300;62;100;66;56;177;41;118;42;150;150;52;150;40;114;263;57;44;50;58;47;40;150;48;100;66;62;51;150;57;48;64;40;200;150;111;150;52;47;40;62;150;100;63;58;150;58;41;51;150;41;118;56;57;100;48;39;57;41;51;46;48;118;116;150;45;116;42;327;114;114;59;60;51;150;150;41;114;177;44;250;44;51;59;57;118;54;114;114;44;300;61;47;100;41;300;62;54;54;114;44;150;114;45;174;114;59;100;62;43;44;114;181;174;54;62;100;63;41;57;42;114;60;114;100;114;150;41;150;178;44;114;178;100;44;44;150;54;150;44;177;114;111;44;41;150;60;44;178;171)
seed_29_level_4-2,1702,46525.506872177124,54506868,13794,(300;48;112;46;43;62;150;150;111;64;44;59;64;41;59;59;100;150;200;182;62;64;61;45;61;115;40;150;118;64;118;54;62;64;41;41;48;66;150;112;48;150;48;60;150;66;114;69;150;41;59;48;41;47;62;48;48;60;41;115;59;60;57;57;62;111;111;421;44;114;66;183;114;114;114;44;114;44;114;54;54;114;41;250;114;48;54;54;62;150;44;44;54;114;60;47;62;150;61;51;56;114;62;61;174;350;250;60;44;60;116;174;111;46;114;150;114;44;111;43;114;44;43;66;114;114;44;114;59;44;350;42;114;100;66;51;54;54;44;61;54;114;114;113;51;114;175;65;114;114)
seed_29_level_4-2,1702,47045.614963531494,55337162,13944,(300;47;111;64;41;62;150;62;63;61;48;42;62;114;52;62;41;41;55;41;52;62;51;66;150;59;41;62;64;58;114;177;52;111;68;64;150;111;51;59;59;150;41;48;59;43;56;41;120;57;46;48;47;47;216;118;52;150;59;118;150;116;114;111;48;48;300;115;327;59;41;111;111;114;171;54;44;114;176;62;114;44;300;48;114;51;111;44;47;61;173;170;61;150;54;44;62;114;114;57;114;62;177;55;60;54;250;150;41;114;44;54;61;54;150;178;114;43;114;172;114;111;150;42;114;51;62;59;111;44;62;52;44;61;111;114;59;150;42;41;41;44;40;61;150;62;65;61;114;43)
seed_29_level_4-2,1702,47566.4724009037,56124553,14094,(216;115;46;46;41;116;44;200;46;41;111;44;52;112;114;55;62;115;66;64;200;115;66;118;111;63;51;177;116;63;60;57;58;300;45;59;150;114;62;200;64;66;45;59;118;64;150;66;150;64;61;62;59;62;300;65;176;59;62;66;150;300;41;59;66;114;59;114;62;45;46;62;59;150;64;61;62;43;327;51;44;41;114;62;41;150;61;47;41;114;44;65;41;54;51;47;41;62;51;114;61;62;54;150;50;111;113;171;60;43;44;44;114;41;44;111;150;46;111;41;41;44;61;114;44;41;61;41;43;190;44;114;44;42;114;44;41;54;41;51;41;100;150;111;150;41;114;177;45;150)
seed_29_level_4-2,1702,48107.19203686714,57199562,14244,(327;59;44;188;62;62;114;100;44;114;44;44;60;184;300;177;300;48;178;173;51;114;61;41;114;51;180;120;177;43;150;114;114;100;114;44;114;58;54;114;62;150;44;41;54;114;114;114;51;44;44;48;62;48;44;120;44;51;300;51;150;65;150;116;70;46;42;48;111;49;300;62;64;59;51;118;62;65;48;62;111;111;48;100;64;58;112;59;59;42;113;66;150;112;150;59;59;150;59;150;62;111;62;300;62;48;114;213;62;116;150;62;111;116;116;43;111;63;112;52;62;112;120;62;216;150;175;150;49;41;68;111;115;300;46;52;60;112;54;65;174;41;64;150;350;45;46;116;64;116)
seed_29_level_4-2,1702,48655.691856861115,58550942,14394,(300;150;62;59;116;51;300;150;62;170;59;59;150;150;150;59;62;118;116;59;46;150;150;59;111;62;59;59;172;59;186;150;64;62;48;69;300;116;150;114;116;116;150;64;59;115;62;59;327;54;114;61;51;43;61;300;150;61;68;114;54;51;41;44;43;44;250;61;44;118;59;43;61;179;114;54;60;61;184;350;114;173;44;41;57;300;47;43;250;150;114;150;44;48;54;54;61;51;44;150;150;300;300;41;50;100;41;300;150;116;125;274;41;40;114;174;54;41;42;173;111;59;117;62;40;44;41;112;112;62;116;350;48;100;100;62;60;232;45;194;176;62;43;114;111;172;100;300;42;53)
seed_29_level_4-2,1702,49195.948154211044,59655413,14544,(327;44;43;44;54;41;114;51;48;61;44;114;114;114;111;41;100;51;56;61;114;41;54;174;41;54;114;114;44;44;114;179;54;43;51;51;61;60;51;114;54;61;41;114;114;41;61;114;114;183;229;178;300;115;300;64;64;300;111;114;213;300;212;112;150;42;54;42;62;112;62;41;150;200;176;64;112;39;45;200;213;44;119;67;42;116;42;244;111;300;55;42;65;150;44;42;61;150;42;55;300;64;116;300;116;64;48;59;62;150;150;62;114;41;62;150;59;150;64;150;51;59;64;64;59;64;59;50;65;150;150;62;116;150;175;59;150;64;179;59;59;111;59;59;64;65;62;64;66;136)
seed_29_level_4-2,1702,49726.70433759689,60822948,14694,(327;48;174;44;150;58;44;60;46;221;114;114;44;150;114;111;56;53;250;150;100;44;42;44;44;114;100;54;51;44;174;58;114;114;44;61;60;100;64;60;100;100;100;150;50;44;174;300;59;150;123;150;116;150;116;150;41;150;115;65;62;67;55;150;150;150;52;66;43;64;62;60;62;150;150;62;64;47;150;69;111;62;47;62;66;114;59;62;62;150;64;150;59;65;64;115;244;42;59;67;111;61;48;55;300;49;213;55;150;111;350;300;213;112;59;150;111;300;112;62;114;112;112;100;60;111;116;112;243;62;60;213;150;61;112;58;114;150;41;213;121;112;59;62;60;150;150;112;111;213)
seed_29_level_4-2,1702,50204.171875953674,61887867,14844,(60;54;44;150;172;100;100;51;43;60;61;64;52;59;173;49;47;44;44;62;51;100;54;51;114;65;52;114;114;118;111;54;44;100;44;60;114;44;44;174;111;41;44;47;300;150;150;66;51;115;64;150;59;59;59;183;51;59;59;150;150;118;180;59;114;63;180;59;60;59;150;150;66;150;63;62;62;150;64;62;111;150;150;62;48;116;150;64;62;64;62;244;150;117;114;42;62;150;115;39;114;44;112;63;112;39;150;61;150;114;112;115;300;111;232;150;61;59;63;53;41;115;60;213;111;112;270;41;204;44;112;120;150;300;285;62;150;111;112;269;61;115;42;60;112;300;112;150;114;63)
seed_29_level_4-2,1702,50643.96706199646,63064745,14995,(172;150;51;41;61;100;114;57;100;100;100;187;114;41;54;114;100;114;51;41;61;60;51;53;61;54;114;114;44;114;100;174;174;150;114;150;54;56;54;62;114;300;59;64;115;300;150;59;181;64;150;188;59;51;59;62;62;150;150;64;66;57;46;47;48;172;62;65;64;62;44;64;150;150;66;49;61;47;180;115;52;150;62;150;61;300;66;62;47;119;232;112;64;150;111;41;118;183;62;60;49;114;114;229;177;212;54;234;111;45;114;114;115;273;111;111;111;150;150;150;45;41;112;60;150;177;150;231;114;111;52;62;150;114;257;150;150;114;62;231;111;111;204;112;53;112;60;261;46;177;114)
