seed_4_level_5-1,707,454.87060165405273,194086,150,(25;49;28;18;52;24;14;29;79;35;49;18;32;21;34;92;43;42;42;69;42;23;16;30;37;77;27;21;16;53;42;23;39;51;42;75;16;42;14;34;24;36;57;28;68;57;54;37;61;33;31;16;13;32;39;29;35;42;29;60;18;26;42;35;42;86;40;36;51;23;50;75;17;31;19;16;32;18;27;27;33;252;66;24;33;55;16;42;42;70;45;51;21;33;60;56;42;42;36;33;54;42;58;22;39;42;30;45;57;25;108;48;58;54;49;24;155;81;33;22;23;26;25;20;30;48;49;18;49;42;47;43;42;31;42;54;52;29;42;19;34;45;42;36;49;57;62;139;42;119)
seed_4_level_5-1,707,926.8608808517456,391772,305,(42;42;42;42;42;42;43;42;65;43;42;42;42;42;43;42;42;42;49;42;42;42;47;45;47;47;47;28;45;52;35;52;23;58;53;37;31;50;28;105;34;15;14;84;111;42;61;26;44;25;21;42;35;47;22;55;59;18;65;58;55;25;26;28;30;46;25;21;26;23;30;36;26;110;64;24;35;73;60;56;35;37;34;35;33;24;28;40;59;160;51;18;57;28;22;16;18;24;18;20;17;34;42;32;66;48;51;35;18;26;26;19;47;21;22;39;18;33;38;15;30;19;35;18;28;67;67;28;37;71;24;26;30;22;56;24;20;54;49;26;29;80;34;79;35;160;17;58;30;56;88;160;114;143;49)
seed_4_level_5-1,707,1398.313232421875,625390,463,(42;42;42;43;42;42;42;42;42;42;42;42;42;41;42;42;43;55;59;71;43;42;43;48;26;45;45;47;47;52;52;52;55;58;50;160;28;31;38;66;51;29;19;32;77;47;43;28;28;47;72;59;58;23;57;14;30;42;18;60;21;16;51;60;54;38;19;27;18;24;24;79;160;65;39;61;27;19;38;26;15;14;34;50;57;25;41;23;23;49;82;37;43;52;15;15;25;37;16;36;80;24;98;35;54;13;112;33;30;44;25;24;26;34;37;33;47;18;32;22;15;33;115;18;68;40;57;22;50;56;37;30;55;79;38;32;43;36;48;160;21;47;160;23;35;35;141;20;13;30;160;47;109;55;52;115;22;50)
seed_4_level_5-1,813,1871.804208278656,878796,621,(42;42;42;42;42;42;42;43;42;42;42;42;42;42;42;43;42;43;43;43;43;43;31;27;39;45;47;47;45;47;38;52;48;51;46;51;33;26;51;60;21;31;26;31;16;117;53;16;50;18;24;15;16;42;52;26;36;24;40;20;54;23;56;27;57;49;31;45;32;26;33;31;26;65;160;52;180;36;16;35;34;30;19;28;27;33;25;14;73;33;34;19;18;93;47;42;57;22;16;30;26;58;24;199;22;47;77;32;29;64;23;25;29;37;19;66;34;74;30;70;57;51;77;61;161;51;40;82;34;47;54;57;34;158;18;49;37;30;83;59;124;40;49;40;16;16;113;15;82;13;131;56;158;61;82;43;23;67)
seed_4_level_5-1,813,2327.076829433441,1081350,778,(42;42;42;42;42;42;38;56;42;42;42;42;42;42;42;72;42;42;43;43;42;42;42;47;45;47;47;45;45;47;46;54;47;51;42;74;20;52;30;55;36;35;37;18;32;45;18;27;38;105;59;13;15;18;24;59;26;19;39;32;36;30;13;24;32;19;41;67;21;36;18;23;19;39;31;31;26;14;59;26;26;22;25;24;28;27;57;116;32;35;63;26;35;26;36;33;34;50;19;53;30;14;28;57;32;28;27;38;15;27;50;54;158;44;42;116;55;50;57;38;63;36;42;30;27;79;22;26;49;57;57;26;32;33;51;31;28;36;136;29;158;41;62;59;47;77;121;15;29;52;17;26;46;25;97;199;28)
seed_4_level_5-1,813,2787.2192261219025,1284721,936,(42;42;22;42;42;20;42;42;42;42;42;42;42;52;43;42;43;43;31;51;57;42;42;58;42;47;35;47;28;47;47;45;216;50;53;51;158;26;22;17;19;41;50;58;22;33;24;21;45;18;61;57;33;30;25;76;26;31;50;37;67;50;22;26;57;24;23;60;26;18;18;165;34;20;30;36;41;39;17;38;49;22;21;74;32;64;36;54;33;35;49;24;23;39;38;23;40;23;50;14;64;37;25;158;69;14;40;28;60;18;20;31;50;23;42;17;35;58;46;54;27;34;24;33;48;17;54;49;20;79;32;52;21;25;37;28;31;27;95;53;26;39;33;25;78;118;28;36;49;47;30;16;116;28;51;20;52;77)
seed_4_level_5-1,813,3247.517167329788,1484532,1093,(42;42;42;42;42;42;42;42;38;42;42;42;42;42;62;43;41;43;45;20;47;45;46;45;47;51;51;40;52;42;47;36;37;62;42;36;21;25;26;59;30;57;51;62;55;22;15;70;28;17;43;52;51;20;42;26;19;31;99;16;18;42;31;33;41;28;17;24;31;19;63;27;38;24;17;25;26;36;30;31;14;137;25;30;78;25;29;38;53;31;18;15;16;56;49;78;24;75;30;33;31;54;53;30;19;158;33;32;34;19;31;36;22;19;25;50;77;21;31;23;26;53;50;47;94;56;54;52;32;30;26;31;47;45;110;37;24;50;53;35;25;28;24;38;158;57;86;158;31;43;42;105;65;116;67;84;47)
seed_4_level_5-1,813,3705.417385816574,1679003,1251,(42;42;42;42;42;42;42;42;42;42;42;43;43;43;43;42;42;36;42;42;43;47;45;63;45;27;47;27;60;51;51;32;22;71;42;51;46;25;47;32;83;23;35;14;36;36;39;27;19;26;158;47;46;45;25;16;18;24;33;27;36;15;40;24;54;54;34;32;14;41;42;45;42;32;42;28;109;25;50;59;18;24;41;36;33;31;66;28;26;26;44;30;16;23;18;38;40;20;40;51;37;47;51;39;24;51;27;15;35;27;54;15;32;19;23;17;20;73;36;26;46;56;108;82;83;60;24;70;61;24;45;50;63;23;53;69;24;63;86;16;27;77;80;49;105;77;80;126;33;77;109;53;33;14;34;59;145;40)
seed_4_level_5-1,813,4157.014820575714,1872052,1408,(42;42;42;42;42;42;42;42;42;42;42;42;42;43;72;38;64;43;42;43;42;43;47;45;21;45;45;48;48;38;50;51;51;51;54;39;82;59;33;30;22;27;57;14;27;18;19;23;26;34;158;51;30;42;28;30;51;13;18;34;34;54;53;42;31;25;52;47;35;28;100;27;43;18;28;34;27;47;32;35;16;49;32;30;26;21;15;56;29;32;59;26;49;63;32;36;51;34;38;54;84;57;58;80;22;62;26;24;32;28;31;17;34;29;33;35;25;25;32;22;33;18;81;51;28;34;25;30;59;51;106;90;20;58;31;43;158;95;22;19;27;117;20;52;77;141;33;105;30;108;42;48;35;35;22;23;28)
seed_4_level_5-1,813,4603.137946367264,2039053,1563,(42;42;42;42;42;41;42;42;39;42;42;42;42;42;42;42;42;42;42;43;43;47;45;45;45;47;47;34;56;59;47;55;47;53;33;83;27;18;31;42;47;31;158;78;60;23;47;17;48;18;27;63;32;58;19;22;32;33;16;18;58;114;39;27;59;63;23;20;21;47;28;34;21;57;34;19;42;48;15;77;30;32;16;63;36;39;28;19;26;31;26;30;25;18;31;34;14;28;17;19;24;21;35;22;31;18;34;56;40;158;18;34;21;77;26;31;47;21;25;82;69;42;57;30;26;52;51;63;87;38;18;23;18;27;52;58;31;29;50;41;66;105;31;50;24;86;80;54;32;28;32;24;20;37;25)
seed_4_level_5-1,813,5047.906188249588,2225518,1717,(42;42;42;42;42;42;42;42;42;42;41;39;42;42;43;42;42;42;43;30;42;43;42;45;37;45;45;45;47;29;60;51;49;59;51;51;26;36;51;49;51;158;51;47;37;23;17;30;33;13;24;41;42;58;36;55;50;114;22;20;34;30;34;31;25;17;15;21;35;31;26;56;63;34;31;18;38;58;29;96;31;33;32;38;50;59;50;59;26;74;15;38;33;16;25;36;48;33;15;32;80;59;34;77;26;140;25;24;36;49;34;26;28;23;32;34;40;57;31;24;14;18;34;30;32;57;77;64;33;70;44;96;54;38;17;92;48;29;54;52;41;48;25;34;47;158;26;38;22;141;14;16;78;38)
seed_4_level_5-1,813,5494.77219581604,2379880,1872,(42;42;42;42;42;42;42;42;39;42;42;42;43;42;42;42;42;43;42;43;43;43;67;47;45;47;47;45;24;25;47;49;32;74;50;60;33;109;19;55;19;55;17;47;14;56;52;34;17;56;58;15;59;55;62;26;13;25;55;19;19;57;26;24;18;60;42;17;22;52;25;29;64;29;29;22;47;16;32;83;27;63;29;40;115;31;19;35;15;28;38;14;29;52;19;16;38;16;37;29;38;35;57;77;19;42;22;57;25;87;30;28;37;22;20;32;49;21;29;55;14;61;31;69;49;20;26;16;39;54;16;41;23;50;151;23;47;29;20;38;48;35;34;49;81;50;27;39;105;29;40;23;53;30;17)
seed_4_level_5-1,813,5940.329861164093,2570608,2026,(42;42;42;42;42;42;42;42;41;42;42;28;42;53;43;82;42;62;42;42;42;42;43;42;45;45;46;47;47;37;49;47;100;25;58;47;87;53;69;51;30;37;32;22;21;36;27;35;38;48;55;17;46;49;28;24;18;31;16;17;48;82;28;158;69;24;24;21;27;32;14;27;36;20;34;58;38;29;26;24;39;158;24;26;31;30;36;28;30;20;26;37;35;19;61;69;28;16;27;30;28;79;31;64;55;62;30;15;21;35;66;84;24;27;38;38;19;27;22;31;79;77;59;31;58;42;15;62;33;33;22;57;21;51;55;30;14;31;35;26;158;50;158;19;27;85;35;93;39;54;29;17;67;47)
seed_4_level_5-1,813,6387.487403869629,2738325,2180,(42;42;42;42;42;42;42;42;42;42;42;42;59;51;42;43;43;43;43;42;43;47;47;42;57;38;45;47;47;52;51;26;21;42;42;28;19;49;61;14;27;32;52;26;56;47;50;66;18;51;24;27;48;26;30;82;35;34;26;50;32;28;43;48;52;58;42;56;64;30;71;28;30;30;109;43;20;40;81;40;51;19;33;22;28;24;35;25;40;21;24;27;33;34;23;47;109;68;47;55;28;27;30;26;16;15;23;19;39;59;25;15;28;20;25;29;19;13;38;17;49;36;20;54;84;77;36;62;57;47;55;108;51;20;34;55;61;16;124;163;61;18;18;56;25;21;28;26;28;84;52;47;39;15)
seed_4_level_5-1,813,6830.067611455917,2913856,2334,(42;42;42;42;42;42;42;42;42;42;42;42;43;43;42;42;42;43;43;42;42;47;35;47;42;47;41;46;49;47;48;50;26;83;60;35;60;40;25;51;26;26;47;42;47;46;30;16;24;77;61;59;25;19;52;27;42;24;47;53;54;17;37;26;59;54;25;23;22;21;30;29;37;39;30;67;40;40;37;30;29;27;29;29;34;33;25;48;35;17;19;30;32;30;26;30;30;22;22;24;23;22;24;17;41;26;24;30;39;21;34;22;23;47;50;57;14;52;16;31;42;21;38;61;23;36;86;17;42;68;28;84;16;82;22;34;77;32;21;61;158;38;102;63;111;48;158;146;49;35;23;77;85;46)
seed_4_level_5-1,813,7271.658709287643,3107785,2487,(42;42;42;42;42;42;42;42;42;42;42;42;52;35;43;34;42;42;38;62;40;42;43;43;45;47;50;47;45;45;59;47;52;65;50;45;55;52;19;52;39;17;161;34;34;16;21;70;40;48;38;42;19;61;40;35;57;37;60;18;20;32;53;37;16;32;22;37;30;21;17;20;49;14;25;15;57;31;38;27;21;23;40;34;25;52;35;18;26;63;74;33;50;21;21;17;35;16;33;26;15;38;24;19;19;30;27;42;24;77;158;24;37;40;28;49;31;50;34;23;31;81;33;158;84;95;47;62;26;57;59;27;53;36;81;15;41;158;24;57;81;19;27;54;55;27;77;18;35;37;47;28;158)
seed_4_level_5-1,813,7781.678350925446,3327595,2663,(24;43;86;43;42;43;42;42;45;47;48;47;45;41;50;42;53;50;15;17;18;19;57;16;23;29;139;30;22;21;29;31;36;24;60;31;45;55;50;53;25;27;51;49;37;31;35;53;16;27;29;32;25;37;25;30;40;42;15;60;25;19;15;24;37;38;54;20;48;36;48;16;42;47;47;24;28;38;77;54;42;19;25;17;43;35;25;32;28;34;57;22;24;17;25;27;59;57;32;32;82;67;44;15;31;27;31;19;30;29;66;44;64;14;19;57;21;17;24;27;17;20;33;31;24;47;31;34;60;37;43;32;94;32;45;65;43;28;47;30;30;63;50;33;57;158;33;52;50;24;69;47;37;26;25;24;40;35;47;16;22;25;218;42;47;56;15;25;158;76;158;31;105;43;141;31)
seed_4_level_5-1,813,8271.674396038055,3546916,2830,(43;42;28;42;48;38;19;47;45;51;41;82;24;39;53;33;60;57;62;57;26;54;51;22;59;19;47;19;50;79;35;32;42;24;30;62;28;13;35;44;42;29;35;45;77;26;34;24;32;35;113;18;32;37;28;23;36;24;106;17;29;27;14;17;26;24;32;33;20;31;26;46;77;117;27;14;57;51;27;20;19;37;23;19;21;21;33;33;20;42;23;32;35;105;29;72;37;25;38;36;38;35;31;22;27;56;33;23;124;42;28;63;38;32;63;81;85;34;29;30;42;24;29;27;18;57;19;18;57;43;24;50;47;26;26;47;55;66;33;24;17;15;29;23;47;35;105;65;53;84;38;60;158;15;55;37;36;49;66;83;158;158;158;53;51;35;42)
seed_4_level_5-1,814,8767.759750366211,3789236,2998,(42;43;51;42;42;47;47;48;47;24;16;45;74;53;54;39;91;16;35;39;61;57;25;43;21;58;23;41;29;15;19;14;26;19;43;47;28;27;42;37;37;21;18;30;22;27;57;29;33;15;36;32;30;88;21;27;31;28;28;17;29;32;34;38;57;25;25;23;26;31;23;61;21;13;34;17;31;87;35;32;15;22;51;33;21;19;105;21;37;33;33;30;28;39;34;26;47;26;31;22;43;32;59;158;31;17;50;22;47;24;20;17;25;218;54;40;47;57;70;47;41;52;42;50;29;32;57;23;47;75;54;47;108;24;64;66;32;47;18;35;27;19;43;124;46;53;56;64;49;28;81;51;41;54;112;21;43;158;41;96;57;59;113;158;51;56;176;33)
seed_4_level_5-1,814,9229.286544084549,4002486,3154,(19;42;49;18;45;61;45;47;46;42;53;62;54;43;50;18;21;29;16;43;27;15;83;32;56;43;25;33;26;44;23;34;50;32;33;162;22;40;15;30;16;27;52;25;36;27;81;42;29;30;33;31;72;71;19;28;33;47;33;16;36;16;49;19;34;30;18;40;59;26;23;31;17;14;55;23;47;21;19;49;47;17;41;26;29;29;36;30;162;50;34;162;16;28;35;52;49;54;58;39;162;52;36;57;131;54;77;41;77;16;54;51;18;43;25;27;21;32;83;57;18;16;30;37;51;162;24;17;20;58;41;25;84;77;37;26;24;69;32;16;53;17;17;25;38;16;54;31;33;54;58;23;51;15;162;101)
seed_4_level_5-1,814,9687.088968992233,4273372,3308,(42;59;37;45;47;47;54;42;57;48;34;36;23;42;32;42;17;19;25;96;22;66;34;42;31;33;83;33;14;54;95;57;32;27;26;46;34;47;34;35;48;46;19;42;108;34;47;24;17;43;50;184;28;54;33;19;39;27;32;28;25;162;28;27;107;77;82;134;20;47;43;14;26;20;47;162;162;28;26;27;34;27;35;20;35;40;47;31;79;31;26;26;43;107;22;39;43;21;51;162;54;47;47;30;24;47;26;37;56;36;18;48;22;27;34;80;57;16;23;35;54;59;47;42;29;47;50;162;82;79;77;56;113;25;162;36;53;106;16;80;53;42;100;79;47;35;41;17;26;25;22;90;24;22)
seed_4_level_5-1,814,10097.767379283905,4502774,3447,(56;52;46;46;67;53;45;47;36;17;30;34;36;59;53;24;49;35;39;19;33;22;19;21;43;25;162;30;30;116;26;24;27;17;31;20;54;14;16;30;24;106;32;20;49;49;54;26;24;16;25;21;30;42;16;30;37;39;23;162;24;25;36;31;14;77;82;47;30;42;48;33;18;18;20;21;58;162;37;33;162;27;45;69;49;22;32;24;17;58;84;34;30;47;20;14;69;141;110;34;105;161;54;43;41;20;51;32;16;50;20;162;28;36;42;26;85;62;42;39;58;47;18;18;23;22;50;18;36;85;78;162;48;44;23;89;33;40;57)
seed_4_level_5-1,814,10532.208224058151,4714319,3594,(47;47;38;54;41;41;52;21;14;26;32;42;35;33;30;44;22;24;54;49;78;23;41;62;35;36;26;21;26;18;47;31;43;28;21;112;29;51;77;42;28;25;38;19;25;27;29;50;17;30;30;105;43;38;51;19;28;22;36;23;19;58;72;63;41;27;26;54;57;61;27;42;18;26;56;22;28;34;16;111;16;25;61;80;35;134;37;51;39;60;44;26;19;17;27;54;79;24;25;33;36;32;47;40;162;31;31;88;31;23;46;79;90;21;18;162;30;57;29;85;26;85;39;32;76;40;43;59;162;79;25;42;27;20;145;19;34;47;47;51;26;18;16;50;38;162;24)
seed_4_level_5-1,814,10944.790745973587,4943162,3732,(45;47;46;51;54;50;54;47;114;19;36;35;47;34;43;31;50;38;62;76;42;22;27;23;22;21;25;58;53;50;162;26;14;25;17;50;15;30;24;36;67;24;25;35;162;31;50;14;28;26;58;42;85;22;33;111;38;26;20;109;27;32;26;42;41;63;48;17;33;35;56;77;64;74;20;32;94;84;105;24;36;24;40;68;57;109;22;24;47;105;47;28;33;29;49;188;48;76;48;50;57;48;31;41;35;47;37;113;86;37;76;53;24;58;162;26;26;36;29;24;14;37;20;22;34;16;20;38;17;29;51;21;47;29;30;162;86;53)
seed_4_level_5-1,814,11364.40174150467,5189481,3874,(46;45;45;51;54;53;45;58;20;38;17;37;29;162;49;49;25;34;14;37;36;19;25;74;17;36;31;33;33;42;26;20;24;16;35;32;162;86;48;27;48;32;33;57;14;78;51;42;17;18;118;19;15;15;25;66;31;33;57;38;17;18;15;36;24;59;42;15;30;35;21;48;78;38;162;27;26;33;81;115;54;19;35;50;37;30;129;27;15;28;162;44;106;34;31;62;29;31;43;25;65;85;17;27;19;14;28;79;26;22;31;25;29;77;114;50;30;27;162;41;54;108;77;162;50;25;18;108;77;77;162;35;47;50;25;37;77;35;28;21;23;50)
seed_4_level_5-1,814,11816.73715019226,5454584,4025,(51;47;45;53;23;20;22;43;39;34;25;25;49;53;23;30;16;27;15;74;70;162;20;59;32;27;33;50;35;50;48;71;43;50;79;24;113;124;39;35;29;38;71;31;162;31;19;16;34;24;30;191;26;56;50;50;29;21;25;51;26;78;16;15;32;14;47;39;24;31;58;34;26;27;47;19;21;38;13;30;31;16;47;49;85;149;162;23;34;32;30;33;37;44;27;48;162;27;32;16;49;13;42;16;162;26;36;32;30;77;62;28;32;29;25;34;32;30;50;54;100;42;42;37;44;33;36;24;70;26;20;16;42;31;79;15;25;32;22;128;36;22;81;50;162;46;162;36;78;109;67)
seed_4_level_5-1,814,12261.100940227509,5736233,4173,(45;47;49;54;53;42;32;80;30;19;75;45;162;90;47;24;60;32;15;16;22;37;57;33;18;31;36;25;38;14;31;35;26;67;42;47;27;33;25;49;23;43;15;25;31;19;47;16;15;16;63;31;85;32;56;41;40;27;24;60;51;28;79;49;34;61;76;31;52;45;31;29;51;58;27;53;79;52;58;42;42;20;19;47;62;85;28;29;50;102;33;108;18;20;32;37;33;56;66;43;57;162;77;33;14;118;21;70;78;110;162;60;28;54;47;32;61;135;28;190;54;33;32;58;32;50;49;42;28;28;25;57;25;23;25;162;17;199;50;32;162;43;25;47;162;61;60;36)
seed_4_level_5-1,814,12715.18117260933,6087622,4323,(58;43;65;47;27;22;33;31;29;67;18;25;38;35;55;47;38;30;41;26;34;88;57;20;28;25;14;25;57;25;28;15;21;54;40;30;25;24;25;33;27;162;25;17;48;76;27;33;35;70;15;162;162;18;22;24;54;42;185;54;29;50;16;80;37;135;47;62;25;42;50;162;62;57;162;24;37;59;37;57;18;60;43;160;32;105;126;63;16;39;37;26;15;34;47;58;16;162;38;47;80;70;58;31;32;54;35;31;77;45;162;58;35;47;42;49;69;29;38;17;80;162;162;28;53;49;29;25;59;19;162;162;191;41;29;29;28;49;73;65;81;162;37;28;49;26;50;42;37;37)
seed_4_level_5-1,814,13162.664425134659,6468606,4467,(45;28;58;51;61;60;117;70;49;29;34;48;33;37;29;57;34;30;22;22;32;57;20;47;25;78;162;61;28;24;81;32;49;19;17;33;54;40;57;113;18;31;21;47;78;201;71;115;23;29;112;29;85;162;24;24;32;54;162;33;162;34;44;18;48;19;77;162;22;162;100;32;30;31;54;24;25;27;25;40;47;162;59;38;25;49;191;30;53;32;38;33;31;57;20;87;47;19;29;34;32;52;16;85;50;28;30;162;66;156;49;42;34;136;197;54;30;25;53;108;79;105;105;157;37;34;21;162;39;51;28;85;20;134;48;54;20;30;34;79;29;47;29;50)
seed_4_level_5-1,814,13601.487851858139,6820508,4609,(34;26;75;47;37;19;24;190;48;16;24;21;20;36;111;32;57;30;58;40;40;57;60;51;54;16;18;162;21;14;35;47;56;18;42;47;19;30;51;37;31;29;39;79;77;61;162;162;30;162;43;162;162;23;35;17;63;24;25;67;114;22;51;34;46;81;27;19;16;33;23;42;47;28;58;42;54;162;41;54;97;30;162;54;29;18;20;30;81;30;26;162;33;24;162;57;129;86;83;26;106;40;71;17;19;48;49;42;84;162;46;36;38;57;41;83;37;17;51;26;55;79;33;30;30;21;162;30;16;162;16;19;47;53;53;112;29;41;162;40;27;61)
seed_4_level_5-1,814,14039.74794459343,7127093,4755,(28;23;33;63;60;42;28;16;27;31;27;132;31;18;74;24;63;84;108;35;57;25;53;33;51;30;36;54;39;58;56;27;37;47;35;50;47;35;63;77;42;48;162;45;47;30;64;38;49;50;16;54;114;43;53;62;42;67;51;29;51;77;31;17;23;57;79;57;37;63;59;83;17;33;80;31;17;37;58;50;162;79;53;101;28;29;106;24;26;162;43;18;77;16;47;34;162;42;94;40;42;39;162;57;47;81;28;162;30;81;114;29;51;44;54;19;40;35;19;31;54;40;63;100;34;76;18;40;32;16;28;162;57;27;25;26;115;31;23;42;162;162;26;29;75;47)
seed_4_level_5-1,814,14464.75201511383,7434049,4897,(46;29;48;19;144;28;38;162;51;27;167;38;35;30;31;137;50;57;16;25;19;18;58;131;24;43;29;43;40;23;20;25;27;76;43;35;54;45;52;35;42;37;47;41;106;77;23;47;20;35;162;31;77;47;35;50;47;54;35;16;47;22;21;43;22;27;27;80;108;57;42;24;39;55;29;38;115;28;23;18;48;33;32;31;35;83;42;29;43;55;42;23;30;162;41;26;29;29;13;162;77;86;27;47;84;56;41;57;32;34;47;58;47;45;42;162;27;162;42;42;61;26;47;162;50;82;162;20;20;162;46;47;60;80;37;44;128;54;79;53;60;59)
seed_4_level_5-1,814,14891.796475172043,7711513,5040,(16;51;162;78;41;42;18;15;29;42;63;63;76;65;32;30;28;26;29;71;21;123;34;161;32;46;126;37;28;47;76;29;29;57;26;20;17;42;15;36;50;50;55;29;22;53;33;37;32;35;35;33;50;50;71;19;59;51;154;57;23;28;54;56;84;58;56;19;29;58;79;28;18;47;50;32;18;78;34;35;47;162;21;48;15;109;149;37;162;20;29;38;58;147;25;197;86;28;77;54;16;26;45;81;42;14;95;162;49;33;22;35;17;35;47;62;107;22;54;47;57;47;39;38;33;38;34;35;18;22;34;17;85;36;53;23;44;43;42;42;54;42;93)
seed_4_level_5-1,814,15323.357106208801,8032009,5183,(60;27;162;20;61;57;62;48;17;50;95;58;82;43;45;81;42;38;31;82;131;34;84;26;40;28;79;20;59;162;162;79;29;24;79;24;31;90;17;15;29;49;70;30;59;50;20;35;57;45;45;25;17;34;18;129;50;25;84;64;30;36;71;108;162;50;31;47;32;82;59;34;13;17;27;31;92;58;79;29;47;20;57;162;143;39;29;27;78;162;28;106;37;83;47;32;47;160;146;47;26;33;55;24;46;92;32;59;28;30;28;41;108;50;50;47;31;18;37;27;146;32;77;15;32;35;32;22;34;50;32;56;45;57;49;47;83;52;57;82;18;158;24)
seed_4_level_5-1,814,15775.383435964584,8375432,5329,(131;54;20;38;162;42;36;56;33;20;41;21;27;45;38;80;35;162;56;56;42;42;162;48;83;20;47;77;51;21;157;126;109;25;15;16;54;83;44;19;38;36;21;19;19;18;45;19;45;26;37;27;84;34;29;54;46;57;53;39;19;162;24;50;35;176;18;82;29;26;48;107;129;32;30;50;33;21;50;30;23;15;21;47;47;21;108;19;77;185;15;19;15;57;162;162;21;54;49;24;133;47;40;35;37;47;30;18;21;35;109;103;80;101;131;84;35;34;67;26;32;20;51;50;47;29;25;77;162;25;75;47;43;40;132;36;15;38;58;42;54;49;65;116;87;41)
seed_4_level_5-1,814,16217.626391172409,8761395,5472,(32;162;31;42;51;28;34;31;65;44;38;32;162;102;42;42;50;35;50;23;18;32;82;30;20;47;18;136;37;34;14;162;25;58;32;22;57;18;33;162;54;24;16;92;54;14;25;35;57;33;129;35;34;61;34;162;82;27;174;88;113;18;27;47;53;14;34;109;84;78;146;148;25;162;119;137;38;31;39;146;69;27;162;35;32;49;37;77;50;22;48;50;37;81;22;57;21;143;112;55;13;68;162;28;23;37;38;32;31;30;162;33;27;50;54;85;53;50;50;26;17;28;74;162;44;25;40;82;58;17;18;48;27;48;50;172;23;29;78;31;21;145;34)
seed_4_level_5-1,814,16672.45579648018,9065403,5621,(90;42;42;44;47;119;153;36;42;29;50;24;57;17;35;33;95;35;63;43;25;51;41;57;60;65;162;74;47;78;66;41;17;81;42;96;31;32;145;54;51;61;16;64;27;64;28;47;22;28;47;31;17;26;106;25;162;26;54;31;22;53;50;15;162;78;18;42;18;42;32;51;20;71;57;71;29;58;25;55;26;132;34;162;28;30;38;34;21;90;55;26;17;34;32;53;81;162;21;53;49;47;47;22;77;34;18;35;32;77;56;79;56;162;50;18;41;21;30;80;27;34;77;105;24;54;44;162;26;20;77;28;70;80;35;38;32;14;28;133;107;42;34;49;16;47;32;63;14)
seed_4_level_5-1,814,17123.294395446777,9455647,5767,(73;31;49;98;21;162;162;27;18;79;38;31;162;20;36;60;31;31;57;61;66;41;34;53;42;104;40;59;162;53;22;20;107;51;49;18;48;26;49;47;24;25;162;31;51;47;56;19;24;47;47;58;75;162;38;38;50;162;162;32;25;36;14;34;14;47;34;48;145;34;161;32;35;20;43;64;30;63;24;31;33;41;47;22;47;28;26;162;162;63;33;14;162;49;58;37;48;44;49;109;113;23;199;40;56;57;22;26;50;18;32;32;47;18;133;17;88;78;34;77;45;34;60;162;47;162;21;49;70;78;80;109;47;24;16;59;162;42;28;57;59;30;51;85;50;42)
seed_4_level_5-1,814,17568.80776119232,9757441,5914,(58;34;24;69;36;21;42;43;23;173;26;16;22;53;17;91;44;42;41;88;162;47;75;39;43;47;36;41;61;50;49;64;162;71;50;17;52;40;25;25;63;64;23;65;23;57;96;57;47;27;79;41;162;135;49;53;26;77;23;20;119;22;47;24;77;105;25;33;18;27;28;50;25;57;32;37;57;71;57;106;29;108;26;25;35;22;33;55;47;57;19;105;47;31;32;28;21;29;109;78;19;107;19;32;38;28;36;59;21;36;80;59;24;162;56;162;38;48;40;25;49;49;96;57;48;26;35;32;28;22;38;26;162;162;32;22;53;162;36;53;29;34;26;50;52;29;42)
seed_4_level_5-1,1410,18032.339302539825,10683561,6059,(57;18;25;40;37;56;27;162;42;39;73;21;30;31;73;31;39;25;38;27;40;30;57;26;54;50;1001;165;31;80;38;47;61;84;62;37;21;17;79;16;29;32;165;19;50;56;31;47;29;53;18;34;37;56;36;55;57;15;21;25;47;165;26;143;26;165;29;105;165;77;18;85;47;22;57;32;53;57;165;53;31;47;30;37;15;47;105;62;165;107;47;17;53;17;26;165;22;24;165;165;24;48;40;24;77;58;55;21;32;113;165;116;165;64;41;68;62;44;64;143;165;25;30;70;19;165;54;77;29;48;49;18;180;165;81;21;25;14;165;108;107;43;77;53;47)
seed_4_level_5-1,1410,18484.62175512314,11111522,6203,(24;70;24;40;64;38;34;36;85;77;50;85;29;114;16;35;54;30;22;39;34;38;44;64;77;78;28;41;53;58;68;16;24;35;37;17;29;165;57;61;105;105;165;55;165;26;18;108;33;105;49;34;47;81;23;18;51;20;76;19;90;48;42;65;40;49;53;33;19;113;26;49;42;119;49;107;76;165;47;165;21;30;47;47;24;47;21;114;23;34;28;83;76;32;29;56;38;165;48;83;34;58;140;184;29;160;69;80;108;80;165;78;36;48;165;165;39;60;39;155;35;118;30;17;30;58;165;165;29;37;138;80;29;132;36;31;24;30;165;25;28;33;29;50)
seed_4_level_5-1,1410,18937.440880298615,11523615,6350,(35;65;22;50;22;54;19;23;23;28;56;47;25;48;47;33;54;73;102;23;17;49;43;24;42;165;25;54;25;107;35;77;86;56;16;55;105;165;106;20;39;35;40;42;108;49;31;18;35;38;57;26;165;17;109;17;105;15;109;165;47;23;17;79;31;50;14;131;47;28;32;16;20;47;18;19;133;25;32;38;39;24;22;31;35;31;107;54;57;38;78;48;50;49;109;118;51;84;115;17;25;165;35;35;48;19;59;21;165;134;165;139;152;81;165;35;165;35;153;62;42;122;49;33;165;18;83;78;122;25;108;80;83;182;39;24;31;68;31;38;63;17;84;27;31;47;47)
seed_4_level_5-1,1410,19409.905431985855,12060393,6497,(24;34;66;47;42;24;33;31;165;24;42;165;42;32;50;24;104;73;16;32;14;42;24;33;40;165;65;69;90;42;57;41;47;30;47;32;47;36;61;18;51;40;47;109;31;37;29;21;57;31;36;51;133;47;27;134;47;47;105;47;16;105;159;165;105;165;165;77;143;86;47;52;47;76;50;132;47;185;18;16;126;65;79;47;47;165;105;37;165;77;54;29;23;20;105;110;165;49;165;47;165;59;165;165;30;77;50;34;36;91;27;28;82;35;90;133;115;25;107;77;165;17;109;79;80;31;79;60;57;17;32;32;66;165;149;139;37;30;91;41;160;70;120;36;131;70;134)
seed_4_level_5-1,1410,19877.666181087494,12499931,6646,(56;47;47;45;96;31;22;26;15;165;56;48;36;57;50;25;47;47;47;53;17;47;77;34;47;32;80;87;38;34;25;20;113;25;118;46;34;33;55;40;84;22;27;67;19;24;78;54;19;28;131;34;88;105;43;80;165;89;35;57;19;118;57;81;50;80;50;19;20;111;105;32;165;30;48;78;19;55;52;104;47;165;165;38;18;59;57;76;40;22;32;19;58;22;22;105;47;165;77;132;165;16;27;105;165;47;34;67;88;135;23;43;126;54;91;116;71;43;57;165;24;32;22;32;33;47;41;52;55;165;25;35;28;32;54;159;52;165;165;135;165;33;21;16;32;47;151;37;16)
seed_4_level_5-1,1410,20349.945505142212,12971895,6798,(40;27;24;165;34;55;125;38;31;148;62;24;39;30;36;56;124;47;50;26;120;42;22;20;39;27;37;56;36;33;165;26;55;85;30;36;147;76;42;33;54;41;50;32;38;77;77;32;47;43;14;80;165;25;77;30;54;79;35;103;34;32;34;57;27;35;63;37;184;35;40;184;172;26;17;34;35;20;50;34;111;18;24;38;165;89;33;24;62;29;83;24;87;134;115;30;94;41;42;165;128;50;71;39;19;36;37;118;72;185;165;165;165;28;40;79;28;54;165;30;54;108;54;43;37;42;165;110;73;50;83;89;35;77;15;132;15;132;30;77;132;34;32;47;16;31;35;47;47;32;165;56)
seed_4_level_5-1,1410,20801.02304005623,13356389,6945,(40;70;47;79;30;57;42;18;62;39;116;34;87;47;19;50;28;71;29;17;35;35;26;31;36;115;31;57;57;40;16;31;26;33;50;27;41;15;20;80;36;15;31;24;36;57;57;38;139;98;84;77;33;109;165;49;40;47;109;77;16;165;59;81;83;57;29;32;43;22;31;38;165;47;165;38;27;90;165;77;42;47;40;29;20;49;107;165;71;17;42;32;42;16;22;39;41;78;165;47;18;132;132;51;47;57;132;47;105;18;23;47;17;14;35;57;54;48;63;136;36;26;165;131;165;37;37;43;87;57;165;41;54;85;35;36;56;23;24;17;93;18;134;173;36;17;35)
seed_4_level_5-1,1410,21264.42786002159,13760049,7094,(57;26;32;29;16;33;57;115;21;33;27;35;18;23;32;16;20;16;111;56;36;165;57;27;57;28;31;56;24;40;111;31;142;47;49;47;48;34;42;32;32;39;167;92;57;58;28;16;36;165;34;115;17;54;33;38;25;165;38;29;165;17;165;41;165;78;79;165;26;77;22;47;54;23;84;47;26;18;47;34;122;119;70;48;165;83;58;47;38;46;55;42;165;22;27;165;165;47;57;30;34;43;44;31;36;111;111;56;133;81;165;165;49;37;42;131;87;54;24;36;83;54;31;54;76;86;24;42;24;23;63;39;105;47;17;13;19;23;40;28;47;29;57;17;47;27;47;47;133)
seed_4_level_5-1,1410,21727.76716899872,14141720,7244,(37;29;58;43;21;52;16;18;29;72;74;35;30;57;36;67;55;34;33;49;34;77;47;47;47;28;25;77;53;32;54;16;128;70;88;165;24;115;54;39;131;23;83;37;115;38;165;39;57;115;81;80;35;52;15;54;31;35;18;20;17;13;57;51;53;33;133;26;31;59;105;30;165;29;23;105;38;34;47;38;39;77;33;57;18;116;105;165;172;21;51;17;48;105;144;83;47;105;24;21;47;50;78;26;25;118;83;38;34;18;33;49;36;35;25;165;26;79;14;161;165;39;64;149;24;26;42;112;42;57;62;111;71;165;64;32;31;49;50;23;39;31;35;27;20;19;33;165;50;48)
seed_4_level_5-1,1410,22180.755618572235,14574157,7391,(17;20;18;29;34;34;25;136;79;32;165;52;15;33;79;54;68;127;28;17;47;31;165;105;33;84;29;77;31;32;47;79;132;27;109;52;34;85;31;165;18;19;27;25;41;23;23;28;75;14;52;165;162;32;20;16;106;50;45;42;47;23;70;39;84;60;27;24;31;82;25;84;50;57;53;30;20;22;23;28;38;57;72;83;70;54;30;42;28;56;15;30;42;75;165;165;28;70;34;50;54;26;57;47;35;40;47;41;25;32;42;24;50;106;88;40;165;40;40;40;165;47;55;47;114;54;25;128;148;95;57;25;83;63;83;113;24;83;29;23;34;136;165;165;167;83;285)
seed_4_level_5-1,1410,22656.263607501984,15125210,7540,(18;29;31;47;27;51;16;33;37;31;31;29;26;126;80;28;26;75;16;57;84;51;165;99;165;21;165;165;94;79;165;47;123;56;28;165;54;165;25;50;114;42;24;85;52;65;34;36;174;19;79;33;109;47;25;55;38;17;27;80;109;18;165;82;165;51;47;35;165;57;49;28;39;37;165;16;32;57;80;54;35;113;47;37;80;134;85;36;17;84;47;43;65;136;165;16;49;78;14;55;55;31;37;30;127;83;111;17;14;132;47;105;34;77;157;105;14;105;56;47;145;61;47;77;145;54;165;85;61;38;149;40;28;36;38;47;93;23;165;30;58;55;165;19;165;165;24;181;137)
seed_4_level_5-1,1410,23120.430339574814,15605794,7691,(47;47;165;47;17;17;17;32;55;129;25;84;37;164;64;36;37;36;25;54;32;82;35;60;52;55;32;28;165;49;37;110;52;108;24;84;40;50;54;47;26;27;37;109;35;83;50;37;27;34;85;86;168;82;21;185;29;157;117;149;72;113;18;111;18;16;38;32;166;16;28;58;62;49;83;31;36;46;165;165;47;47;58;13;22;22;165;35;37;47;47;54;25;59;40;178;61;145;28;123;36;48;37;17;17;52;150;44;42;53;38;31;142;108;144;18;109;22;22;29;80;34;165;116;22;35;59;165;50;165;111;165;77;47;52;23;77;33;105;47;21;16;29;29;28;47;26;165;115;55;21)
seed_4_level_5-1,1410,23590.165103673935,16122149,7840,(57;25;19;33;25;47;27;35;47;20;35;26;53;54;28;165;56;31;57;61;23;23;106;16;132;36;20;73;14;36;47;35;41;31;34;25;33;150;38;57;161;87;31;51;36;40;31;165;47;14;121;38;165;41;110;165;55;185;165;47;165;77;34;165;24;165;30;29;79;54;110;114;32;19;23;165;58;49;109;51;165;110;41;16;151;24;42;35;40;86;37;43;54;54;22;35;139;23;84;30;148;61;184;53;30;36;50;50;30;84;165;165;37;165;57;17;165;165;109;57;165;165;25;33;47;57;48;24;59;24;16;69;22;40;79;24;168;64;48;46;30;37;59;26;39;156;28;105;16)
seed_4_level_5-1,1410,24041.3345413208,16540579,7989,(47;35;47;54;31;77;16;15;80;110;40;53;37;37;165;165;26;57;108;27;57;50;33;25;30;177;154;83;165;34;30;47;27;25;28;27;84;33;34;51;22;30;47;47;16;47;139;79;47;17;33;31;29;33;32;30;30;25;26;165;50;165;38;40;140;146;31;86;165;42;36;79;22;20;165;24;54;113;54;19;49;19;28;30;36;47;34;39;165;79;33;47;79;17;33;105;48;24;87;36;23;165;165;50;17;52;38;30;26;154;24;165;54;165;18;61;165;32;22;18;109;25;63;80;165;33;32;16;59;63;47;22;32;27;22;30;36;40;47;32;28;23;62;26;165;47;55;29;109)
seed_4_level_5-1,1410,24504.589308023453,17031157,8139,(82;82;19;47;58;165;77;56;165;24;17;51;165;30;77;21;85;18;47;23;165;77;132;14;32;24;81;25;34;83;77;17;47;47;105;52;132;38;26;132;14;30;27;21;17;22;165;24;55;20;165;165;47;35;47;16;53;25;32;165;105;49;19;54;30;53;47;77;40;20;105;77;25;34;47;165;23;35;136;102;65;165;50;51;172;165;54;23;17;23;37;165;27;34;165;61;47;27;165;27;54;25;17;59;24;30;34;151;30;24;16;37;54;40;165;42;34;47;30;18;58;36;108;57;38;18;34;71;23;18;88;77;20;30;66;109;135;143;54;165;165;145;60;35;109;38;39;84;17;166)
seed_4_level_5-1,1410,24982.364025354385,17549209,8289,(77;139;107;33;165;165;25;27;25;177;78;23;26;57;24;76;26;89;79;105;29;80;80;27;165;23;29;109;31;43;50;29;165;41;49;41;80;56;70;60;165;165;31;165;56;56;82;165;29;60;34;105;110;165;55;77;38;18;105;165;26;23;31;31;42;47;105;47;56;80;25;24;133;105;13;47;47;121;165;55;56;165;36;47;19;19;40;29;18;14;77;28;68;47;47;31;47;77;41;54;23;21;34;36;36;15;47;86;83;17;35;30;109;57;58;30;165;85;51;165;165;165;97;59;17;86;145;63;35;34;138;47;18;139;54;113;51;165;29;17;81;87;55;113;49;31;165;21;54;27)
seed_4_level_5-1,1410,25446.689020633698,18068142,8437,(51;35;165;18;47;32;85;26;36;54;39;155;13;54;77;81;165;35;18;54;165;49;21;51;28;109;32;27;32;47;50;18;57;57;35;113;165;49;19;22;25;23;44;68;50;165;18;33;82;31;29;165;25;14;77;19;57;132;30;29;79;47;165;113;88;133;31;33;47;112;47;105;129;77;31;77;132;27;166;220;21;28;145;38;26;30;105;54;28;22;133;105;17;69;145;32;31;139;139;134;30;181;24;27;80;32;23;35;56;155;109;60;36;165;29;33;24;50;37;17;30;19;55;35;165;105;56;77;29;37;165;57;112;24;39;51;56;31;111;77;25;165;47;31;56;165;56;165)
seed_4_level_5-1,1410,25912.113151311874,18577121,8587,(22;23;109;60;60;21;108;106;15;50;37;83;36;105;25;165;60;136;35;15;28;18;79;19;181;54;50;32;35;165;28;66;22;29;109;33;20;28;28;54;34;50;28;184;27;31;39;142;18;49;34;19;184;30;132;77;18;47;133;47;77;47;39;47;84;142;57;157;47;77;28;14;27;34;51;15;105;53;57;58;47;21;141;138;53;53;165;57;57;20;30;108;165;27;53;50;29;36;51;165;37;165;40;27;165;165;17;56;79;40;79;165;25;165;50;53;42;113;26;29;36;25;29;79;165;54;119;21;84;165;43;185;165;96;28;24;27;47;58;47;77;54;32;58;77;58;25;47;165;32)
seed_4_level_5-1,1410,26383.273305654526,19077357,8737,(18;23;47;18;16;85;47;38;50;77;18;24;33;165;165;54;16;22;33;19;47;35;33;34;48;165;15;28;22;41;29;27;83;165;105;21;59;34;57;165;165;58;77;133;133;32;46;77;165;185;77;126;165;24;165;39;17;145;165;77;107;105;47;35;24;32;133;26;156;124;28;47;52;30;165;80;57;82;40;80;57;165;22;87;110;55;40;57;26;38;79;37;47;15;19;165;165;53;19;51;165;33;28;30;50;30;79;57;165;49;14;34;117;32;47;77;15;31;34;32;119;53;51;112;50;135;35;16;14;77;22;19;33;49;35;77;77;21;21;21;27;132;47;143;22;110;115;31;77;47)
seed_4_level_5-1,1410,26858.46227669716,19666275,8888,(138;165;15;23;50;36;32;139;165;14;21;139;30;22;32;165;58;112;24;53;57;131;168;136;32;31;108;17;31;64;94;57;23;110;29;18;83;31;20;110;47;80;22;145;32;112;165;19;165;29;105;22;24;19;25;51;34;55;31;24;17;16;51;165;50;55;51;56;17;19;55;165;39;165;31;80;165;29;37;52;25;165;58;57;31;77;49;28;165;77;108;22;20;185;47;43;165;105;77;165;21;17;23;27;165;165;22;36;34;105;24;51;170;77;105;105;28;26;26;105;21;26;19;133;26;26;105;14;105;133;23;165;105;47;15;165;107;30;28;27;30;24;217;126;25;47;184;105;27;165;30)
seed_4_level_5-1,1410,27317.89264011383,20104758,9038,(31;47;27;49;31;43;145;17;47;34;35;57;47;21;86;105;31;20;38;47;56;47;59;83;19;21;47;30;22;56;18;173;47;32;21;31;106;184;47;48;47;19;37;23;19;137;47;26;27;85;14;77;30;79;146;55;24;30;77;61;77;144;47;165;18;49;24;110;76;105;27;49;77;30;22;112;29;133;22;105;30;165;87;85;35;77;22;28;47;33;39;89;165;165;36;40;19;22;14;13;42;24;105;77;31;25;28;77;165;22;18;105;49;182;19;47;105;27;133;77;24;105;32;32;24;23;106;28;15;84;18;105;105;84;77;76;24;165;165;25;47;47;35;105;47;105;165;27;165;105)
seed_4_level_5-1,1410,27779.97073149681,20615300,9188,(51;26;47;47;36;19;20;24;50;32;47;53;39;24;62;35;50;136;25;57;90;29;106;23;65;35;22;26;25;47;38;82;130;47;45;22;43;49;40;43;32;77;55;108;18;137;106;47;47;47;26;34;111;32;136;47;48;34;54;72;36;54;42;51;47;76;57;47;133;34;21;165;44;26;105;105;105;47;25;77;31;16;84;33;77;146;25;145;47;165;29;77;37;42;21;21;77;19;146;48;89;34;77;105;15;165;133;17;26;165;165;165;133;25;126;53;148;18;27;25;26;105;77;37;77;30;18;165;215;107;105;77;47;165;77;77;105;76;16;165;47;77;48;165;107;105;121;165;126;140)
seed_4_level_5-1,1410,28230.06916975975,21089031,9338,(22;109;51;79;65;42;83;70;15;24;27;34;105;48;50;87;25;38;30;25;47;165;47;26;27;47;51;19;42;88;29;26;81;31;21;109;76;47;76;17;26;184;108;19;47;30;36;77;18;17;34;59;42;43;105;25;36;41;42;27;24;165;26;77;105;121;105;45;165;47;93;105;125;180;92;33;29;23;54;165;27;35;92;28;87;47;31;155;23;47;77;35;28;141;106;27;34;27;29;26;43;165;54;21;23;17;165;169;145;18;133;77;47;123;77;165;84;44;105;26;47;165;77;165;27;47;33;24;54;133;47;47;59;77;105;165;31;165;57;55;77;19;18;77;105;24;40;30;105;47)
seed_4_level_5-1,1410,28674.65213561058,21458320,9488,(50;47;77;69;56;17;47;73;30;47;105;63;56;40;47;84;38;32;19;133;31;48;34;57;165;43;139;43;18;52;15;43;23;37;28;16;27;56;165;50;19;39;32;133;40;72;40;38;55;28;36;66;31;57;16;23;27;19;76;49;37;57;111;48;165;105;133;30;22;70;27;16;107;30;31;30;26;31;35;27;108;34;31;165;22;41;24;87;57;16;38;28;78;29;29;47;92;16;54;165;77;184;120;27;65;165;25;84;84;91;165;36;133;24;127;165;17;165;105;27;79;47;77;54;40;47;58;50;19;22;28;105;105;26;33;22;50;31;25;54;21;54;15;34;28;21;29;32;33;27)
seed_4_level_5-1,1410,29134.808960437775,21946226,9638,(77;29;31;42;42;16;80;56;22;84;126;27;27;54;17;33;43;17;54;32;165;93;50;28;165;54;51;110;51;54;118;33;43;57;35;27;23;42;154;64;56;59;21;32;47;47;33;31;31;39;19;24;32;184;28;43;47;26;161;33;22;165;112;27;165;30;105;115;48;77;36;165;15;105;37;105;165;23;27;52;77;21;165;22;165;105;42;18;77;32;107;47;77;57;77;42;22;28;26;19;129;163;79;129;29;89;26;105;105;38;79;30;107;34;40;27;165;22;25;165;77;47;31;94;142;26;24;165;34;38;165;165;105;14;18;48;80;32;50;77;87;27;113;15;77;77;165;77;79;26)
seed_4_level_5-1,1410,29590.545800685883,22460001,9788,(54;31;40;23;165;32;109;47;165;47;30;47;42;33;54;26;33;26;29;47;51;140;47;40;113;17;16;39;31;165;47;38;33;30;56;31;165;38;86;110;165;52;50;24;54;105;28;36;34;105;41;43;105;33;33;165;140;21;61;142;36;77;39;105;28;21;27;154;54;30;19;131;133;25;139;165;21;165;87;165;24;27;78;54;31;165;15;26;38;28;28;165;29;32;105;31;165;76;83;36;33;33;20;28;77;77;18;165;84;30;33;20;29;26;53;24;17;85;79;22;27;32;32;30;47;54;165;26;31;108;54;126;79;105;129;182;29;165;105;165;77;58;105;15;30;61;165;54;146;35)
seed_4_level_5-1,1410,30052.3035094738,22968959,9938,(22;35;80;111;165;37;33;150;23;165;24;25;54;132;56;34;38;165;26;79;77;49;39;19;165;57;57;34;165;57;26;80;32;112;23;50;73;47;154;54;33;51;52;31;165;47;32;77;60;25;19;33;28;29;89;50;34;32;113;138;27;145;38;29;144;60;57;25;16;105;32;77;29;26;77;47;77;165;79;35;106;77;26;31;30;165;35;105;135;19;165;27;165;47;35;17;105;28;84;105;18;25;184;21;37;77;164;84;42;26;21;35;89;60;87;26;28;31;22;31;27;19;76;34;77;105;82;21;77;77;162;16;165;146;165;24;39;92;32;165;87;26;47;17;126;165;24;18;27;77)
seed_4_level_5-1,1410,30518.05700778961,23494337,10088,(128;30;44;33;150;31;27;80;57;42;41;38;136;87;47;165;21;34;35;35;165;33;77;28;36;165;47;25;51;29;32;37;154;25;33;40;29;37;39;85;80;31;58;42;105;136;165;33;34;28;14;111;54;24;115;30;43;33;32;141;30;34;38;165;30;165;38;143;29;57;25;165;77;24;133;47;27;87;34;165;54;111;51;165;87;77;41;25;121;38;77;120;25;154;20;18;42;37;88;24;42;77;165;83;54;16;165;165;105;126;165;47;54;105;165;29;14;77;37;77;34;54;126;59;19;25;30;25;57;26;88;77;85;17;80;165;14;20;15;105;144;145;165;47;21;86;17;54;24;77)
seed_4_level_5-1,1410,30965.366919517517,23983626,10238,(33;33;23;165;35;24;118;17;29;14;79;38;165;32;27;43;40;33;42;42;28;132;41;31;165;18;109;26;132;31;33;126;44;139;31;33;34;32;31;30;51;77;31;31;31;31;135;165;47;30;85;47;31;161;21;40;18;30;26;22;23;16;58;31;91;22;165;26;44;26;26;30;165;29;18;26;119;39;17;22;34;27;165;32;105;165;33;116;25;77;47;27;31;24;29;108;56;54;32;27;165;36;32;17;36;50;19;165;165;21;28;165;27;165;77;165;105;165;77;105;165;59;105;154;165;30;50;20;165;165;23;29;27;105;27;165;24;24;47;21;77;24;80;42;126;54;17;25;31;30)
seed_4_level_5-1,1410,31429.00053691864,24517557,10388,(27;83;21;30;42;27;21;37;47;23;86;21;57;77;32;36;129;47;50;34;137;42;34;54;36;23;47;180;50;47;26;165;27;106;165;165;69;31;33;27;44;165;28;28;81;165;57;108;80;38;165;165;58;27;41;112;47;83;29;23;143;37;39;38;27;140;27;39;77;105;25;25;28;30;108;77;105;37;113;87;111;54;66;47;105;77;87;165;32;87;56;66;19;17;34;23;30;105;165;84;86;105;27;54;59;28;34;165;105;77;22;77;165;47;23;113;14;23;165;84;26;145;108;54;47;165;42;84;33;116;77;18;152;77;105;77;28;165;77;126;27;32;47;24;23;77;26;182;165;88)
seed_4_level_5-1,1410,31916.16947412491,25249349,10538,(47;165;41;123;36;40;19;16;42;165;171;137;137;31;31;35;122;35;22;43;33;165;47;54;40;42;165;17;35;165;165;29;31;47;165;31;165;145;15;20;40;55;138;40;40;25;165;165;22;44;29;76;32;111;138;32;165;124;33;18;110;56;168;27;30;137;41;27;165;21;165;165;134;14;33;25;165;77;165;26;85;105;13;165;30;116;16;165;47;77;82;27;157;165;146;165;41;31;118;77;24;14;27;165;127;25;165;165;24;26;20;165;165;66;77;77;165;21;20;47;54;21;165;165;31;28;77;82;105;57;25;24;148;105;165;165;14;165;26;27;77;165;13;105;27;16;57;29;165;26)
seed_4_level_5-1,1410,32396.733112573624,25860905,10688,(165;51;24;20;14;47;30;18;114;135;138;150;50;17;17;43;25;55;165;139;52;40;46;19;19;110;58;157;27;22;22;21;93;47;165;64;46;88;165;19;19;31;109;140;110;165;165;22;34;17;28;66;165;53;108;23;31;89;50;71;165;77;20;26;15;31;30;26;59;165;84;28;90;105;105;21;17;165;165;165;145;105;26;19;25;28;106;126;27;76;84;54;26;31;165;27;113;26;165;117;165;24;46;24;118;149;37;21;165;165;165;77;24;27;16;77;19;89;165;105;28;39;105;165;137;27;63;25;27;19;22;16;165;105;23;77;165;28;31;80;26;165;19;16;28;115;123;33;77;79)
seed_4_level_5-1,1410,32876.53225135803,26521496,10838,(16;150;135;15;32;165;165;33;19;26;83;56;48;45;165;165;93;28;42;47;34;109;165;165;26;165;26;43;80;17;42;165;51;47;56;47;23;82;130;18;77;47;32;165;19;133;165;53;165;42;108;34;36;108;18;165;113;28;24;30;142;43;21;65;27;29;34;28;105;38;27;165;165;115;165;165;25;32;165;27;57;62;15;25;52;30;33;165;111;165;21;23;165;165;26;154;54;28;14;165;25;15;54;77;27;24;22;19;26;128;145;49;165;33;165;30;47;31;165;31;81;28;126;84;33;29;54;21;89;77;77;18;165;156;149;105;81;126;18;28;165;40;61;83;25;165;127;165;27;24)
seed_4_level_5-1,1410,33349.98051285744,27099418,10988,(60;16;61;165;86;43;18;15;20;33;18;166;133;31;42;21;82;13;43;42;50;47;77;28;28;27;27;144;105;47;165;20;137;50;34;30;39;77;20;62;137;77;60;165;23;141;82;31;126;79;116;24;165;28;130;47;135;42;138;14;76;16;58;17;42;19;42;55;128;79;126;77;36;17;24;57;25;18;50;165;113;165;165;165;127;27;54;79;38;105;24;165;28;125;21;27;24;121;165;118;29;130;57;57;17;49;57;24;130;54;23;165;165;51;37;161;26;28;127;105;27;26;165;128;165;165;28;31;77;129;44;35;27;165;127;24;22;30;28;18;84;24;127;54;165;127;54;25;26;26)
seed_4_level_5-1,1410,33820.845220804214,27658593,11138,(33;128;24;165;86;22;67;18;24;113;80;134;112;132;29;32;31;114;42;124;79;43;18;34;28;19;86;30;33;26;26;165;19;23;47;47;30;163;17;35;23;33;28;128;17;215;165;165;71;132;53;47;17;75;90;53;19;14;110;29;109;43;18;110;71;15;46;24;54;24;54;81;28;165;25;54;22;25;32;130;54;165;26;20;165;54;57;24;42;165;55;77;165;165;24;165;36;115;57;165;26;137;57;44;165;54;165;62;165;36;54;165;26;136;126;63;30;51;26;165;54;117;120;51;29;24;115;28;28;24;39;165;42;27;23;165;25;36;27;32;36;24;89;115;25;25;17;30;165;30)
seed_4_level_5-1,1410,34296.62577176094,28274056,11289,(82;165;77;17;105;24;54;165;165;166;14;25;77;18;110;54;37;54;26;165;58;24;165;22;37;215;141;34;21;114;105;13;165;47;32;23;84;50;55;165;105;50;159;18;26;32;131;22;24;34;29;130;47;165;18;59;14;14;29;37;54;123;24;14;18;14;165;63;34;26;165;110;18;114;115;35;96;112;14;79;38;69;80;21;30;20;51;24;165;24;28;116;119;26;84;27;127;14;113;129;113;17;127;37;165;40;49;126;24;54;30;112;54;165;126;23;33;130;165;18;131;55;165;32;165;30;28;125;54;45;25;124;124;165;163;25;126;54;126;114;127;21;33;37;28;42;136;29;36;53;54)
seed_4_level_5-1,1410,34766.25317287445,28867673,11439,(77;34;80;165;19;165;21;110;57;54;30;165;38;87;165;77;29;165;105;161;51;110;14;34;165;77;105;105;20;105;13;33;77;116;105;23;105;80;47;19;28;21;84;108;50;105;58;84;25;147;80;165;165;36;165;77;81;87;47;24;16;30;54;38;24;126;69;134;50;25;31;130;26;54;30;127;127;18;165;32;34;28;40;153;32;16;15;24;86;165;126;130;25;59;165;29;129;34;127;22;131;106;40;127;165;149;33;36;165;115;43;130;51;28;58;122;128;54;54;165;24;54;29;57;130;20;70;56;115;25;38;130;19;125;54;36;23;19;24;58;32;115;108;24;44;54;41;27;26;127)
seed_4_level_5-1,1410,35242.46530675888,29592033,11589,(147;25;46;84;50;25;58;154;14;165;54;127;41;165;116;165;27;131;27;23;54;27;26;36;54;165;165;57;126;29;165;23;24;54;28;36;57;57;18;165;27;32;23;131;165;165;18;24;165;112;117;26;35;30;165;127;33;28;32;165;25;127;165;59;165;42;36;54;165;156;165;82;127;165;47;28;165;39;37;20;31;165;165;105;50;165;105;76;34;165;87;41;21;165;105;105;108;57;105;165;165;32;22;22;47;39;19;77;29;26;108;165;16;50;165;14;47;105;80;105;26;79;165;22;165;17;47;27;165;32;165;14;39;27;23;165;17;105;105;77;39;13;105;84;162;77;165;27;113;23)
seed_4_level_5-1,1410,35712.18514561653,30186717,11739,(49;26;22;27;49;105;165;22;16;110;21;79;165;90;24;34;24;165;77;34;24;57;51;77;46;30;105;123;58;26;24;27;105;22;42;79;34;165;77;23;51;105;81;105;22;105;105;27;105;163;22;15;105;77;57;105;49;29;105;27;165;165;20;27;22;14;29;105;22;34;25;77;16;165;27;77;76;165;24;14;57;110;113;32;105;77;30;77;123;80;127;56;165;40;165;15;25;34;127;125;117;165;127;165;55;56;128;146;17;165;127;54;29;107;24;165;127;58;17;54;165;36;23;33;36;165;57;54;83;29;23;41;19;57;130;130;130;165;35;165;37;130;33;165;28;126;27;54;61;57)
seed_4_level_5-1,1410,36188.06417012215,30850280,11889,(79;32;22;24;165;165;16;110;165;28;24;24;105;28;105;27;165;40;165;28;29;105;105;77;29;31;23;165;165;105;49;25;165;30;23;40;15;165;26;106;31;39;165;108;113;165;78;81;30;23;105;33;57;105;165;165;81;79;165;26;29;36;165;21;165;105;14;47;56;25;165;77;24;105;27;165;105;81;32;93;165;119;37;20;54;165;55;26;28;165;127;29;29;25;27;13;33;30;18;55;127;130;25;130;26;29;38;54;30;29;19;90;57;61;77;27;26;17;165;126;62;165;165;33;120;123;165;105;54;127;130;24;130;28;57;26;165;127;165;28;130;54;115;25;57;42;165;17;127;25)
seed_4_level_5-1,1410,36648.51216459274,31378271,12039,(52;97;54;120;27;165;127;79;87;28;23;32;130;33;33;32;19;36;28;19;19;36;65;57;165;127;34;165;25;79;37;33;165;38;55;132;136;28;29;165;19;57;123;31;140;130;131;165;28;165;60;129;47;28;131;50;165;31;130;26;41;25;26;54;38;32;24;165;115;27;31;38;27;165;54;105;105;165;16;27;77;40;16;32;47;77;165;29;110;28;105;34;55;165;165;24;165;14;47;165;47;34;22;54;105;28;14;77;27;77;105;23;24;33;25;27;16;35;16;105;26;47;82;50;16;35;14;165;24;57;57;165;47;15;105;77;24;165;50;77;24;105;24;22;49;110;34;110;16;27)
seed_4_level_5-1,1410,37100.35200738907,31856492,12189,(82;105;79;24;29;34;81;27;165;25;108;26;165;18;25;105;165;77;25;34;27;105;105;33;27;28;39;49;16;83;34;113;77;165;54;22;34;24;51;165;25;25;79;165;22;165;165;16;29;29;51;55;36;165;49;25;24;165;77;77;56;54;24;30;29;24;25;29;16;26;77;32;33;41;30;57;52;131;54;33;57;25;26;31;127;36;57;55;40;57;27;127;126;51;53;165;37;109;19;39;51;127;25;165;54;58;127;26;165;25;27;127;36;33;20;36;26;134;39;38;30;165;125;40;30;165;28;127;24;34;115;40;36;26;127;135;28;124;154;56;34;28;54;26;31;130;51;25;115;35)
seed_4_level_5-1,1410,37578.522802352905,32537474,12339,(105;158;105;165;27;165;49;51;22;54;33;29;54;32;30;77;34;81;29;105;165;165;165;13;68;121;31;53;77;26;165;27;105;105;55;17;29;165;154;110;15;55;165;29;165;17;118;109;22;165;84;34;17;165;35;57;81;23;27;59;55;77;165;165;165;123;42;54;54;84;33;26;165;127;154;28;28;26;40;18;34;19;28;22;57;165;57;127;39;28;22;23;165;57;34;126;165;57;34;127;165;90;165;26;25;39;126;38;165;25;40;165;133;54;131;157;28;110;89;127;28;57;126;41;55;54;41;21;165;121;165;79;42;16;51;30;33;28;38;165;37;27;35;121;165;86;38;127;129;165)
seed_4_level_5-1,1410,38055.18195438385,33208839,12489,(26;169;24;37;87;29;25;165;51;130;130;25;52;51;127;149;165;19;57;32;149;29;82;127;18;15;25;36;22;36;37;173;168;30;131;94;57;25;35;20;184;124;165;165;51;165;149;127;127;110;165;127;131;35;26;84;152;35;127;26;130;105;165;34;165;25;165;30;24;29;40;25;26;78;130;167;165;31;123;125;165;30;125;27;105;20;34;23;25;32;56;14;105;82;14;28;42;49;79;30;22;22;27;165;24;14;165;52;24;17;165;57;165;105;25;40;19;19;165;34;48;57;41;23;57;33;57;27;165;23;105;59;59;27;33;27;161;105;42;54;165;165;55;123;67;52;165;34;165;25)
seed_4_level_5-1,1410,38532.93022251129,33939001,12639,(46;46;105;35;51;16;22;19;33;47;55;25;23;33;34;77;28;32;165;27;142;20;54;101;87;36;82;123;127;30;161;18;29;51;55;80;165;165;165;22;165;30;55;119;28;165;165;25;26;55;33;36;21;21;129;171;26;22;165;125;55;22;28;165;247;165;24;25;54;37;33;165;36;25;28;131;126;49;165;39;51;20;18;165;105;157;131;28;165;165;23;127;165;33;165;55;165;165;152;137;23;105;28;35;37;24;18;33;165;165;105;165;33;33;35;165;27;29;165;25;127;36;18;126;82;22;165;130;79;154;165;50;165;37;26;127;24;32;127;126;35;165;16;36;79;24;127;36;165;24)
seed_4_level_5-1,1410,39004.671889066696,34638071,12788,(38;54;158;130;52;51;27;15;20;27;36;28;125;27;165;55;19;28;51;40;36;29;165;23;165;165;32;24;126;165;35;165;55;54;32;54;57;25;165;15;25;28;118;52;58;165;61;40;113;25;91;27;165;19;165;51;58;82;118;26;165;127;51;19;18;165;165;23;26;28;23;165;31;87;124;27;54;174;152;134;37;25;39;40;27;126;26;128;121;25;127;165;29;127;32;165;35;61;154;58;26;29;165;25;165;121;36;145;28;110;144;38;28;28;144;29;131;141;165;28;165;118;165;28;124;117;27;20;165;51;82;165;165;32;119;51;165;52;105;34;105;165;55;55;33;14;25;165;18)
seed_4_level_5-1,1410,39475.3716545105,35295676,12937,(27;33;56;34;58;54;38;28;55;54;18;31;29;27;13;27;25;42;31;165;42;56;165;165;60;17;130;52;19;24;109;77;33;54;129;37;121;124;51;35;110;18;25;27;118;29;125;110;126;165;26;57;165;26;110;126;51;57;80;26;123;79;24;27;50;165;165;51;52;165;34;32;165;165;105;32;165;123;81;28;34;123;60;36;165;107;47;27;127;25;49;26;55;59;55;31;35;29;26;36;25;144;175;83;154;28;165;165;165;28;31;165;31;154;29;24;165;115;165;30;123;165;132;82;152;16;26;25;165;24;26;237;130;128;37;144;50;110;31;54;87;31;24;149;57;27;54;127;148)
seed_4_level_5-1,1410,39950.92637658119,35959899,13087,(20;19;34;55;165;119;165;165;113;165;54;33;58;127;14;25;165;50;14;24;129;128;35;110;127;57;31;35;88;55;34;30;28;41;105;127;42;165;165;22;165;19;120;14;28;21;77;57;19;26;19;21;28;133;127;29;119;81;25;38;31;18;29;165;25;16;25;55;25;14;22;17;58;50;165;37;126;28;21;125;22;51;19;35;25;22;29;52;51;14;125;28;52;20;57;125;123;16;54;165;230;28;27;147;28;127;165;165;165;231;41;165;33;145;165;165;15;110;57;15;127;117;152;28;131;16;14;28;28;165;48;37;36;152;32;165;57;165;152;54;33;127;126;15;144;57;38;54;121;165)
seed_4_level_5-1,1410,40418.43774652481,36589070,13236,(135;20;36;39;51;29;127;28;29;51;19;25;50;25;37;124;55;28;22;127;26;51;127;124;135;125;32;26;57;57;54;36;37;127;29;28;165;21;165;54;58;51;127;34;21;57;24;124;21;55;125;119;22;29;119;21;26;127;55;127;23;113;126;27;34;28;34;165;44;127;165;124;24;18;30;25;54;130;165;165;24;30;18;25;52;124;120;64;154;21;18;35;23;21;165;165;130;83;31;57;165;54;152;28;126;115;165;145;55;165;27;40;26;23;16;165;28;54;154;60;121;30;54;131;23;58;165;126;34;54;165;58;26;122;54;112;161;115;30;149;165;54;54;154;105;27;144;165;27)
seed_4_level_5-1,1410,40891.53028154373,37279368,13385,(130;57;19;29;21;130;26;165;33;125;127;36;126;51;19;165;165;123;135;24;29;36;26;58;130;26;165;165;58;127;28;17;55;32;35;127;130;24;24;127;127;26;57;57;25;34;27;19;27;155;109;21;23;57;128;25;52;35;30;165;34;25;25;124;125;130;165;165;51;24;130;77;127;54;130;26;165;165;105;57;24;124;26;34;26;130;29;27;165;149;37;36;81;58;165;165;109;37;21;127;35;130;127;24;28;40;148;33;30;25;34;25;165;144;128;27;59;152;28;116;149;49;18;19;22;165;28;152;25;57;57;127;165;28;127;54;14;127;165;17;152;154;25;57;24;36;165;165;165)
seed_4_level_5-1,1410,41370.03229022026,37978651,13535,(125;58;28;55;165;18;19;38;124;51;165;165;124;19;55;23;165;52;122;22;116;77;57;27;24;24;18;38;127;124;165;165;55;19;130;54;18;24;33;126;51;26;123;123;33;26;35;37;123;126;126;41;127;36;165;165;23;29;18;123;115;165;57;29;28;28;54;35;120;165;25;165;28;149;128;25;105;165;123;127;49;41;127;61;17;24;26;24;54;27;146;54;50;25;54;165;87;152;30;21;40;50;54;154;39;184;165;147;159;165;25;57;22;165;127;26;32;25;27;126;26;47;126;54;116;18;130;28;29;77;57;19;165;129;165;124;34;130;121;127;90;165;165;25;57;25;127;31;165;16)
seed_4_level_5-1,1410,41840.30430841446,38547878,13685,(37;86;20;165;127;51;36;58;37;124;25;28;27;59;127;125;127;125;24;87;25;57;130;17;27;127;26;165;19;110;36;116;40;26;127;19;57;19;53;55;130;110;20;127;32;23;124;55;84;84;26;26;165;26;41;23;22;55;34;25;125;39;27;130;30;29;165;33;20;29;57;111;29;139;165;19;54;127;23;47;124;32;165;51;23;135;31;165;26;165;23;28;131;16;28;26;32;35;130;127;165;33;54;165;125;57;130;128;159;127;25;36;15;24;20;146;54;41;51;54;18;148;148;26;26;51;87;39;110;33;24;165;26;22;165;50;19;27;27;23;126;165;149;24;165;110;31;27;50;51)
seed_4_level_5-1,1410,42299.78470945358,39063091,13835,(23;27;130;28;41;49;165;126;33;90;30;124;27;29;20;29;61;124;165;54;165;54;28;119;111;130;19;37;165;132;32;79;21;19;54;123;79;28;25;165;54;27;149;16;79;128;28;131;105;32;35;130;149;16;158;29;27;25;33;54;55;32;126;18;18;165;26;60;16;18;54;25;24;125;25;24;40;130;55;52;29;24;57;36;29;57;92;36;80;125;81;127;165;20;37;165;29;18;34;129;86;29;37;27;28;19;83;18;51;18;29;26;23;25;139;141;26;127;124;124;27;27;95;165;128;26;24;26;130;29;45;127;131;32;127;54;33;27;26;32;57;165;36;37;19;43;130;165;57;27)
seed_4_level_5-1,1410,42775.070006370544,39651503,13986,(123;27;23;130;24;82;110;18;26;24;24;58;127;26;127;26;125;19;123;36;57;22;21;26;165;87;120;124;34;59;165;30;25;57;51;24;26;133;165;124;26;25;28;130;41;57;27;51;127;54;36;29;127;36;29;131;127;29;28;60;57;137;54;165;29;130;165;165;32;83;58;24;165;127;25;27;165;28;54;26;57;165;116;123;165;35;39;127;128;37;26;19;123;27;57;126;130;80;130;25;25;24;49;29;60;25;40;34;127;41;47;165;119;165;26;165;27;130;130;41;28;39;25;24;25;165;130;26;31;26;54;165;43;165;127;27;82;42;130;26;52;40;24;54;26;116;130;51;127;26;28)
seed_4_level_5-1,1754,43259.15716814995,40314437,14137,(32;36;23;127;30;39;40;134;25;30;26;27;44;133;132;32;133;54;29;54;129;139;127;45;130;165;109;123;136;135;165;26;84;130;25;74;36;28;54;28;130;127;24;127;127;127;127;130;28;130;136;50;50;165;345;24;29;29;105;27;50;26;159;36;34;130;159;24;28;57;159;33;18;19;38;50;54;159;127;19;125;18;159;51;159;25;54;159;124;19;125;28;41;17;28;159;136;18;130;45;21;28;157;57;54;28;58;24;130;125;115;25;127;28;127;54;88;130;23;31;57;36;37;127;159;57;159;159;29;127;57;30;57;24;57;33;26;28;38;126;27;38;56;26;30;130;28;28;24;54;128)
seed_4_level_5-1,1754,43723.85119962692,40809242,14288,(18;19;127;33;122;25;57;23;55;132;122;30;126;54;122;26;24;54;124;109;127;57;127;33;40;52;159;24;33;50;24;42;159;159;24;123;36;25;159;32;111;159;54;120;123;28;19;31;26;25;21;28;23;27;130;25;26;42;24;24;57;18;28;51;129;42;130;23;54;159;159;18;32;57;37;127;18;36;22;83;24;61;29;130;57;21;34;54;45;27;130;159;23;124;127;39;16;33;19;28;124;57;124;127;130;31;36;24;57;133;57;61;23;40;84;63;35;54;26;25;159;58;40;127;51;33;105;28;84;26;28;16;42;34;92;159;25;57;130;159;30;130;28;58;27;26;159;36;119;29;155)
seed_4_level_5-1,1754,44205.799617767334,41528529,14438,(159;159;127;28;127;127;57;36;159;159;57;26;57;159;110;125;57;159;24;27;127;159;57;154;159;159;29;54;130;154;127;124;58;130;127;57;53;25;36;24;159;52;25;32;154;159;29;26;159;32;159;105;57;19;39;57;27;255;17;29;27;32;27;38;31;61;159;159;29;24;127;123;34;30;54;43;14;24;36;58;25;57;129;127;57;159;29;61;127;59;37;41;29;52;159;32;130;129;126;28;24;57;54;25;127;119;25;42;33;127;158;126;125;159;36;42;127;127;28;42;18;127;125;159;57;129;27;164;19;18;126;47;38;159;39;23;24;126;128;138;159;33;38;159;25;130;40;127;40;23)
seed_4_level_5-1,1754,44669.23372173309,42095574,14588,(27;32;159;26;57;54;128;32;57;57;129;25;57;113;39;42;32;25;32;25;26;115;26;33;127;27;32;130;26;27;42;42;123;105;87;127;127;107;159;128;54;26;151;30;159;34;28;51;27;57;23;57;127;55;17;57;125;149;124;54;159;159;26;36;22;26;159;125;17;34;21;24;27;129;159;29;24;79;26;33;37;159;25;36;19;26;17;27;39;130;17;45;26;26;29;159;126;125;28;130;54;24;18;130;25;25;130;127;24;26;159;159;30;17;25;41;23;154;36;159;51;29;28;159;26;30;25;130;26;126;25;130;24;146;30;23;159;28;159;36;159;159;27;14;159;108;159;127;36;26)
seed_4_level_5-1,1754,45127.91877222061,42577847,14738,(63;19;124;123;51;25;92;54;130;57;62;130;26;54;31;80;23;83;127;125;25;123;24;24;57;110;57;26;159;55;43;18;40;25;24;33;26;23;159;159;23;19;34;159;159;36;124;26;106;31;43;26;35;67;32;159;29;159;56;54;38;54;36;25;26;30;127;54;24;25;24;131;27;56;58;28;26;54;27;129;130;130;27;129;25;24;40;42;29;61;42;57;54;159;57;35;34;51;25;27;32;29;19;26;159;24;28;26;130;26;125;130;18;130;36;159;32;24;126;25;130;159;159;17;26;24;38;27;27;55;41;130;159;24;27;25;24;159;36;26;57;159;54;130;25;87;54;26;130;130)
seed_4_level_5-1,1754,45583.70602464676,43137580,14887,(26;31;132;29;30;27;36;24;23;25;57;17;32;155;31;58;54;127;31;159;38;130;62;159;59;26;123;159;128;130;42;59;42;40;42;33;59;58;61;82;57;37;29;57;127;130;159;19;123;28;159;27;159;32;124;159;154;26;159;127;115;18;54;27;115;24;115;159;146;21;87;110;52;159;34;24;28;29;30;79;159;36;159;36;87;81;84;28;127;159;34;159;26;130;39;28;19;17;33;26;127;24;24;127;159;24;159;26;27;36;122;42;38;29;39;24;27;18;27;83;125;19;27;84;31;37;130;57;57;24;29;159;33;40;22;54;57;34;159;36;124;25;122;41;57;130;23;130;127)
seed_4_level_5-1,1754,46052.72959136963,43730708,15038,(126;83;24;136;27;27;126;31;159;54;83;159;130;129;38;32;33;27;26;26;124;122;26;26;27;130;31;29;86;130;113;27;59;54;126;19;26;127;57;40;51;28;57;29;54;57;54;26;57;31;46;25;30;127;113;23;159;24;59;57;34;41;54;28;33;132;119;25;42;56;28;34;159;34;25;58;127;159;127;127;54;109;52;26;128;125;130;128;127;25;54;125;57;127;159;23;130;55;113;79;159;26;26;110;26;26;60;159;113;40;159;159;130;159;19;34;26;26;41;18;130;159;23;27;30;19;159;57;124;127;159;36;33;24;51;22;125;29;34;57;27;20;25;27;57;159;159;130;159;125;109)
