seed_27_level_6-4,559,474.83853363990784,232500,150,(60;43;52;42;47;81;53;57;59;56;71;57;53;52;52;53;66;87;43;56;57;52;69;57;44;57;67;59;44;52;52;43;58;59;53;58;53;44;57;52;52;44;44;43;57;53;63;53;44;44;56;58;44;43;74;43;44;72;43;57;52;64;61;55;43;56;76;58;43;43;54;58;52;48;53;55;43;43;52;56;73;43;43;43;53;53;59;123;52;52;64;61;71;42;58;42;52;54;59;78;57;74;42;65;52;52;59;52;63;43;42;53;67;52;55;57;52;52;53;56;57;44;52;56;54;44;77;42;42;42;80;59;52;55;53;74;57;42;42;51;43;75;54;43;71;53;57;86;53;42)
seed_27_level_6-4,559,958.9103565216064,471312,300,(42;42;42;42;42;42;42;42;42;42;42;43;42;42;42;42;42;42;43;42;43;42;42;42;42;42;42;42;42;43;42;42;42;44;44;44;44;44;44;44;48;48;53;63;69;69;71;68;74;74;73;77;78;78;58;71;52;57;57;57;53;66;58;58;57;57;57;59;59;58;59;57;57;57;59;57;57;64;52;53;53;53;56;61;53;55;52;53;53;80;53;56;52;54;61;54;53;57;53;53;63;53;58;52;56;60;56;56;56;53;56;54;52;53;52;56;52;60;52;52;52;52;52;52;54;52;52;52;53;52;52;52;52;52;52;54;54;57;58;61;67;106;76;75;94;107;91;95;88;89)
seed_27_level_6-4,559,1441.0511105060577,704671,450,(42;42;42;42;42;42;42;42;42;42;42;42;42;42;42;42;42;42;42;42;42;43;43;43;43;42;43;43;43;42;42;43;42;44;44;44;44;44;44;44;48;48;53;63;73;69;69;71;73;74;74;77;78;78;58;71;52;57;57;57;66;59;59;57;57;57;58;58;58;59;57;57;57;58;57;57;61;51;53;64;53;52;53;53;61;55;55;52;53;53;55;52;55;53;57;56;53;62;53;58;52;53;61;61;58;56;53;60;56;56;53;56;52;80;52;53;54;60;52;52;52;52;52;52;54;52;52;52;53;52;52;52;52;52;52;54;53;53;58;89;53;76;75;80;75;84;84;76;92;93)
seed_27_level_6-4,559,1918.7066659927368,938524,600,(42;42;42;42;42;42;42;42;42;42;42;42;42;42;42;42;42;42;42;42;42;43;42;43;42;42;43;42;42;43;43;43;42;44;44;44;44;44;44;44;48;48;68;63;69;69;71;73;73;74;74;77;78;78;58;71;52;57;57;57;66;58;59;57;57;57;59;59;59;59;57;57;57;59;57;57;61;64;53;54;54;53;53;61;53;55;52;53;53;53;52;55;58;53;57;53;53;58;52;53;59;56;53;56;67;56;62;54;56;59;56;56;56;52;52;52;60;52;52;52;52;52;52;53;52;52;52;53;52;52;52;52;52;52;53;54;57;57;58;110;81;76;77;88;53;76;65;82;93;75)
seed_27_level_6-4,559,2391.204695701599,1168763,750,(42;42;42;42;42;42;42;42;42;42;42;42;42;42;42;42;42;42;42;43;42;42;42;43;43;43;42;42;42;43;43;43;43;44;44;44;44;44;44;44;48;48;63;53;69;69;71;68;74;74;74;77;78;78;58;79;52;57;53;57;67;59;58;57;57;57;58;59;59;59;57;57;57;58;57;57;53;54;53;57;64;53;54;53;53;61;53;55;52;53;53;53;52;54;58;80;53;57;56;56;58;52;53;53;54;53;56;53;62;56;60;53;56;53;52;52;54;53;60;52;52;52;52;52;52;54;52;52;52;54;52;52;52;52;52;52;54;54;61;58;67;82;53;95;76;64;75;93;87;89)
seed_27_level_6-4,559,2870.862694978714,1402823,900,(42;42;42;42;42;42;42;42;42;42;42;42;42;42;42;42;42;42;42;42;43;42;43;42;42;43;42;43;42;42;42;42;43;44;44;44;44;44;44;44;48;48;53;63;68;69;69;71;74;74;74;77;78;78;58;71;52;57;57;67;58;59;57;57;57;59;58;58;59;57;57;57;58;57;57;51;53;65;53;54;61;53;53;61;53;55;52;53;53;55;52;54;58;56;57;58;53;53;53;61;53;53;53;53;59;53;53;56;53;63;56;59;56;52;52;53;52;60;52;52;52;52;52;52;53;52;52;52;53;52;52;52;52;52;52;54;53;53;53;58;89;67;84;106;94;65;75;87;98;93)
seed_27_level_6-4,559,3347.74577999115,1633565,1050,(42;42;42;42;42;42;42;42;42;42;42;42;42;42;42;42;42;42;42;42;42;42;42;42;43;42;43;43;43;42;43;43;42;44;44;44;44;44;44;44;48;48;68;63;68;69;69;71;74;73;74;77;78;78;58;71;52;57;57;67;59;58;57;57;57;58;58;59;59;57;57;57;58;57;57;53;64;53;52;54;53;53;61;53;55;52;53;53;55;52;54;56;53;80;57;58;56;56;53;53;56;53;53;56;53;62;56;61;56;56;60;56;52;52;53;54;60;52;52;52;52;52;52;54;52;52;52;54;52;52;52;52;52;52;53;54;53;57;53;59;58;89;67;80;74;88;93;68;92;75)
seed_27_level_6-4,559,3824.004521369934,1867422,1200,(42;42;42;42;42;42;42;42;42;42;42;42;42;42;42;42;42;42;42;42;42;43;43;43;42;42;42;43;43;42;43;43;42;44;44;44;44;44;44;44;48;48;63;53;73;69;69;71;74;74;74;77;78;78;58;79;52;57;57;67;59;58;57;57;57;59;58;58;59;57;57;57;59;57;57;54;53;65;53;53;52;53;53;61;55;55;52;53;53;55;52;55;53;57;58;56;56;53;53;53;58;56;56;53;56;63;56;54;56;56;60;56;52;52;78;52;60;52;52;52;52;52;52;54;52;52;52;53;52;52;52;52;52;52;54;53;57;53;59;58;89;67;82;84;74;91;80;93;87;76)
seed_27_level_6-4,559,4302.069169044495,2098586,1350,(42;42;42;42;42;42;42;42;42;42;42;42;42;42;42;42;42;42;42;42;42;42;43;43;43;42;43;42;42;42;42;42;43;44;44;44;44;44;44;44;48;48;68;63;69;69;71;73;74;74;74;77;78;78;58;71;52;57;57;66;58;58;57;57;57;59;58;59;59;57;57;57;58;57;57;54;57;65;53;53;52;53;53;61;53;55;52;53;53;53;52;54;53;56;57;58;56;76;56;53;63;54;56;53;53;56;56;53;56;56;60;56;52;52;54;60;52;52;52;52;52;52;53;52;52;52;54;52;52;52;52;52;52;54;53;57;57;61;58;89;53;83;67;75;76;79;80;79;74;88)
seed_27_level_6-4,559,4781.040683031082,2330775,1500,(42;42;42;42;42;42;42;42;42;42;42;42;42;42;42;42;42;42;42;42;43;43;42;42;42;42;43;43;42;43;43;42;42;44;44;44;44;44;44;44;48;48;63;68;69;69;71;73;74;73;74;77;78;78;58;71;52;57;57;66;59;58;57;57;57;59;58;59;59;57;57;57;58;57;57;54;53;57;53;65;53;53;54;53;53;61;55;55;52;53;53;55;52;54;52;57;58;53;63;61;56;56;53;59;67;58;56;53;56;53;53;56;56;59;56;52;52;52;60;52;52;52;52;52;52;54;52;52;52;54;52;52;52;52;52;52;53;53;58;84;82;81;76;74;53;88;92;65;93;75)
seed_27_level_6-4,559,5268.757837057114,2565375,1650,(42;42;42;42;42;42;42;42;42;42;42;42;42;42;42;42;42;42;42;42;43;42;43;42;42;43;43;43;42;42;43;43;43;44;44;44;44;44;44;44;48;48;63;68;69;69;71;73;74;74;74;77;78;78;58;71;52;57;57;66;58;59;57;57;57;59;58;59;59;57;57;57;58;57;57;54;53;64;53;52;53;53;53;61;55;55;52;53;53;55;52;55;56;56;80;53;57;58;56;62;56;53;53;53;54;53;53;53;56;53;60;56;52;52;52;53;60;52;52;52;52;52;52;53;52;52;52;53;52;52;52;52;52;52;53;53;53;57;61;58;53;84;78;82;74;92;110;87;93;76)
seed_27_level_6-4,559,5741.72912311554,2799001,1800,(42;42;42;42;42;42;42;42;42;42;42;42;42;42;42;42;42;42;42;42;43;43;43;42;43;42;43;43;42;43;43;42;42;44;44;44;44;44;44;44;48;48;63;53;69;69;71;68;74;74;74;77;78;78;58;71;52;57;57;66;58;59;57;57;57;59;58;59;59;57;57;57;59;57;57;51;57;65;53;52;53;53;53;61;55;55;52;53;53;53;52;55;56;53;57;58;53;53;53;61;53;56;56;56;59;53;58;56;63;56;56;60;56;52;52;54;53;60;52;52;52;52;52;52;53;52;52;52;53;52;52;52;52;52;52;53;54;53;57;58;83;80;75;81;76;80;89;109;75;97)
seed_27_level_6-4,578,6213.26039814949,3036699,1950,(42;42;42;42;42;42;42;42;42;42;42;42;42;42;42;42;42;42;42;42;42;43;42;43;42;42;43;43;43;43;42;42;42;44;44;44;44;44;44;44;48;48;53;63;68;69;69;71;74;73;74;77;78;78;58;79;52;57;57;66;59;59;57;57;57;58;59;59;59;57;57;57;59;57;57;53;57;64;53;51;54;61;53;53;61;55;55;52;53;53;55;52;55;56;53;58;57;58;53;53;53;53;67;63;54;53;56;56;56;53;56;59;56;52;52;67;52;60;52;52;52;52;52;52;53;52;52;52;53;52;52;52;52;52;52;54;53;53;59;58;84;80;67;76;111;107;80;88;84;93)
seed_27_level_6-4,578,6681.7505984306335,3264632,2100,(42;42;42;42;42;42;42;42;42;42;42;42;42;42;42;42;42;42;42;42;43;43;42;42;43;42;42;42;43;43;43;43;43;44;44;44;44;44;44;44;49;49;64;60;68;65;65;67;69;69;70;73;73;74;58;79;52;57;57;67;58;59;57;57;57;59;58;58;59;57;57;57;58;57;57;53;61;64;53;54;54;53;53;61;53;55;52;53;53;53;52;55;53;56;57;58;56;53;56;53;63;54;53;53;56;53;53;53;53;59;56;52;52;54;60;52;52;52;52;52;52;54;52;52;52;53;52;52;52;52;52;52;53;54;57;57;61;58;84;67;82;82;53;53;75;81;88;93;76;78)
seed_27_level_6-4,578,7153.1765151023865,3490260,2250,(42;42;42;42;42;42;42;42;42;42;42;42;42;42;42;42;42;42;42;42;43;42;43;43;42;42;42;43;43;43;43;43;43;44;44;44;44;44;44;44;49;49;60;64;65;65;67;64;70;69;70;73;73;74;58;79;52;57;57;66;59;58;57;57;57;58;58;59;59;57;57;57;58;57;57;61;54;57;53;64;53;52;53;53;61;53;55;52;53;53;53;52;54;52;56;57;58;56;53;62;54;53;53;56;53;56;56;59;53;58;56;56;60;56;52;52;53;54;60;52;52;52;52;52;52;53;52;52;52;54;52;52;52;52;52;52;53;53;53;58;84;67;81;68;75;76;65;75;91;93)
seed_27_level_6-4,578,7633.117421388626,3726545,2400,(42;42;42;42;42;42;42;42;42;42;42;42;42;42;42;42;42;42;42;42;43;43;42;42;42;43;43;43;43;42;42;42;43;44;44;44;44;44;44;44;49;49;60;53;64;65;65;67;69;69;70;73;73;74;58;71;52;57;57;67;58;58;57;57;57;59;59;58;59;57;57;57;59;57;57;53;51;57;65;53;52;53;53;61;53;55;52;53;53;55;52;55;58;65;53;57;58;53;61;56;53;56;78;56;56;63;53;56;56;53;56;60;56;52;52;94;52;60;52;52;52;52;52;52;53;52;52;52;53;52;52;52;52;52;52;53;53;53;57;61;58;84;67;84;98;78;94;106;88;93)
seed_27_level_6-4,578,8107.441876173019,3978223,2548,(42;52;42;42;42;43;42;52;43;42;53;75;53;65;63;52;57;52;57;53;44;52;56;62;57;52;58;44;44;68;57;80;79;51;58;54;56;44;46;50;63;53;57;93;60;43;53;57;70;52;54;62;88;54;59;42;53;56;53;63;74;56;56;56;56;52;53;53;53;56;56;54;58;56;88;43;57;91;82;52;51;81;53;78;53;57;42;53;91;52;55;56;53;81;56;52;53;43;56;42;57;44;44;42;107;53;53;53;77;53;57;57;95;44;57;58;44;52;89;53;87;46;53;57;53;53;42;61;76;57;42;53;42;57;59;59;42;57;75;76;54;72;82;57;42;57;63;46)
seed_27_level_6-4,1188,8589.279963970184,4279788,2697,(42;53;69;42;110;56;53;69;52;73;53;53;52;54;53;52;52;56;52;52;90;52;79;85;57;53;56;57;44;59;57;88;53;52;89;57;42;57;63;93;52;77;53;57;44;80;56;52;57;201;79;87;43;56;73;88;51;56;81;52;64;57;86;97;81;52;67;53;107;56;59;75;48;58;57;57;56;44;77;52;42;56;52;57;52;42;75;56;53;59;57;54;64;57;52;53;44;63;57;57;52;52;52;77;55;74;44;64;54;42;42;54;76;42;42;71;88;42;57;42;57;42;72;57;42;57;44;62;68;77;75;57;57;42;89;61;88;51;104;53;57;53;52;44;57;77;80;52;58)
seed_27_level_6-4,1188,9065.543915510178,4563085,2846,(74;52;63;61;61;88;48;42;91;59;53;61;75;42;55;57;92;73;55;50;52;53;52;53;74;57;57;56;43;54;78;59;49;57;42;57;44;45;53;44;42;90;57;80;52;53;54;44;59;52;76;52;65;42;77;42;71;52;89;50;54;53;57;57;57;70;58;90;53;58;66;58;75;52;77;52;92;57;104;64;59;57;52;88;52;53;62;74;56;88;57;42;93;62;52;57;58;44;53;58;55;95;68;60;57;57;53;58;49;59;61;88;53;78;61;53;91;44;96;56;44;88;58;91;44;57;57;57;62;52;53;59;57;52;53;53;74;86;53;60;57;51;55;52;53;56;51;42;52)
seed_27_level_6-4,1188,9543.064964056015,4865806,2994,(75;80;93;44;81;59;64;52;42;52;52;52;69;54;54;43;48;56;91;43;54;74;74;56;56;98;87;56;56;58;77;69;51;53;42;52;63;99;44;58;57;42;57;88;89;57;53;62;57;44;53;53;90;52;57;58;54;57;52;103;64;93;57;53;53;58;57;52;64;77;55;86;54;51;89;43;52;51;52;75;66;82;66;42;42;59;64;74;44;61;42;88;43;61;61;61;78;53;52;75;73;59;52;58;92;73;42;63;86;97;99;42;52;56;53;53;58;52;89;75;58;91;90;57;62;53;58;90;96;44;45;56;53;57;64;57;64;88;60;90;63;52;52;53;52;53;53;53)
seed_27_level_6-4,1188,10044.490547418594,5198760,3146,(91;75;54;44;57;53;52;52;57;52;52;52;66;51;71;81;42;93;55;52;54;90;44;66;107;59;73;62;93;89;61;52;52;57;43;68;56;57;78;53;59;86;72;53;53;88;52;88;112;78;56;42;58;52;57;93;65;63;81;57;84;54;66;77;86;52;86;55;73;52;73;43;50;61;57;90;57;75;56;54;86;88;61;90;76;52;72;53;56;52;57;52;52;90;57;48;52;43;52;53;66;83;53;97;89;52;53;61;55;53;42;103;80;57;42;44;57;54;57;57;55;89;70;53;95;105;76;53;52;91;84;62;90;43;52;68;55;67;75;52;60;42;75;56;57;56;90;43;57;43;109;57)
seed_27_level_6-4,1188,10526.919902801514,5522576,3295,(91;52;44;61;73;58;70;93;50;58;56;59;54;90;56;87;57;66;201;44;53;77;60;79;52;52;52;52;52;52;52;112;57;64;88;104;54;90;57;52;59;90;52;53;79;59;43;42;52;90;63;56;52;60;53;56;53;52;93;53;52;55;60;53;117;57;52;52;89;59;68;106;57;67;57;97;59;57;91;57;61;58;53;52;48;42;55;93;57;57;44;53;60;57;62;44;90;88;53;52;59;45;57;53;60;53;75;52;58;88;65;52;51;42;57;55;63;56;52;56;50;62;49;45;52;75;86;52;54;75;88;88;53;51;90;57;63;89;51;57;52;52;57;52;62;42;104;57;54)
seed_27_level_6-4,1188,11017.078702926636,5839216,3445,(104;48;52;57;57;55;57;42;69;42;42;65;87;72;42;59;93;57;90;71;44;64;44;91;57;52;55;52;52;52;76;52;43;88;75;57;62;42;56;55;79;61;69;83;44;61;53;53;68;53;58;57;99;91;86;42;75;62;52;90;90;58;52;57;57;57;52;58;90;42;59;52;58;59;77;58;80;57;70;54;52;76;57;56;58;88;50;52;66;51;51;52;54;53;83;52;53;57;77;80;66;53;56;45;75;88;57;59;63;57;57;57;57;88;92;56;66;53;57;68;88;52;83;88;86;75;53;88;80;53;52;52;74;104;57;45;90;52;82;92;74;55;63;43;74;53;70;53;57;74)
seed_27_level_6-4,1190,11508.165489435196,6203170,3594,(90;48;56;58;59;54;62;52;52;52;52;52;52;52;76;58;52;42;52;56;90;113;55;57;61;68;51;77;57;79;87;52;53;52;56;52;52;57;202;50;53;54;59;64;77;43;57;108;73;53;86;74;63;74;73;50;72;91;57;57;116;98;118;57;54;90;88;74;52;53;52;52;88;42;76;56;97;65;90;52;56;95;56;65;75;66;57;51;134;53;74;55;88;53;80;90;66;53;57;78;62;52;76;52;76;75;57;54;61;89;42;106;72;57;78;75;61;56;52;53;81;53;57;53;86;52;88;86;90;65;88;53;77;57;53;61;52;57;57;91;95;42;93;52;44;61;90;57;61)
seed_27_level_6-4,1190,12011.981506109238,6568392,3748,(96;74;73;53;73;86;73;53;74;52;93;52;52;52;52;52;55;91;56;74;66;76;53;53;53;90;81;76;57;86;43;78;57;88;52;52;59;55;52;53;53;53;88;42;43;58;53;52;90;66;58;52;114;51;42;57;58;53;86;52;53;53;57;106;89;73;77;52;75;169;57;57;126;46;57;57;53;44;57;52;58;83;62;76;75;60;104;57;52;67;53;93;120;68;90;93;55;74;59;121;88;58;46;63;56;88;64;53;52;80;95;58;57;54;57;59;52;56;80;58;57;64;57;52;90;57;53;57;53;58;90;57;86;90;57;77;96;56;59;63;61;63;61;57;77;53;102;52;83;52;52;73;52;54)
seed_27_level_6-4,1190,12499.386307001114,6917192,3897,(86;44;44;53;74;67;43;66;86;69;56;58;90;55;56;59;53;88;86;75;57;88;82;53;88;52;92;56;86;57;43;73;52;73;88;52;88;57;54;52;43;52;96;62;55;51;43;50;50;42;52;95;57;57;54;69;88;52;88;57;97;64;58;57;66;53;58;61;57;81;88;88;52;52;50;90;43;53;44;86;53;89;56;54;55;53;56;57;62;54;89;51;90;55;73;93;64;67;53;94;89;88;59;58;52;60;53;43;88;58;100;57;60;72;42;78;56;61;62;54;60;57;90;93;54;52;52;213;57;46;57;100;75;42;57;53;56;74;120;44;57;93;57;44;52;93;62;52;62)
seed_27_level_6-4,1378,13008.289934396744,7312512,4052,(96;42;55;52;43;73;42;74;58;56;61;56;58;53;202;55;53;52;66;57;73;74;51;86;63;52;52;61;52;52;66;90;79;102;66;52;52;42;57;52;66;57;52;88;54;86;54;52;52;106;53;54;90;42;43;56;109;52;42;53;53;95;117;53;52;51;60;52;56;55;87;53;90;53;52;61;52;63;54;55;50;74;65;57;53;58;46;57;86;64;58;77;66;66;58;55;88;42;80;54;53;53;68;63;96;57;77;88;263;76;75;59;81;53;53;61;87;59;98;61;53;52;87;190;102;57;53;100;58;57;57;57;103;85;53;76;54;59;52;53;52;53;79;42;88;49;86;68;43;90;58;52;52;52;53)
seed_27_level_6-4,1378,13495.248241186142,7652211,4205,(95;59;58;53;52;57;91;64;57;71;46;110;57;91;42;102;52;43;52;65;52;42;76;54;89;58;57;52;54;42;52;52;55;89;77;54;85;54;59;87;77;53;81;52;52;62;56;57;60;55;69;58;91;44;46;53;51;60;57;52;99;58;53;53;42;55;59;42;56;86;57;74;42;44;56;99;90;90;90;44;53;89;55;66;52;43;43;53;87;52;52;57;87;86;52;43;62;51;86;43;64;43;62;62;86;62;86;43;52;91;51;59;90;53;76;57;57;57;57;61;52;55;58;52;57;59;56;43;55;188;57;57;57;57;46;57;78;59;61;57;106;131;68;66;57;91;80;57;62;57;119;77;57)
seed_27_level_6-4,1378,13993.98508477211,8039712,4359,(75;52;66;86;67;53;89;53;43;53;75;60;73;62;59;54;67;65;59;43;89;53;52;52;59;61;52;54;90;56;52;66;62;61;53;52;150;66;52;99;52;88;53;64;54;53;53;53;57;72;95;90;61;79;46;57;88;52;56;46;92;53;96;53;51;52;61;52;43;58;86;52;42;52;64;52;82;52;86;86;52;88;55;62;87;86;62;77;52;52;86;52;86;185;67;58;51;88;58;200;80;102;44;62;92;59;73;62;74;95;88;57;88;60;58;62;86;52;53;52;52;66;57;53;75;52;57;90;61;60;90;56;60;58;63;64;67;59;58;96;77;95;107;93;57;57;109;62;81;57;58;66;61;59)
seed_27_level_6-4,1378,14484.630967855453,8407681,4507,(95;53;52;43;51;52;52;56;54;89;52;52;92;52;52;92;52;90;88;93;75;57;46;52;52;52;86;90;53;63;53;53;43;73;53;57;53;56;88;53;103;57;52;57;56;53;55;44;58;53;65;54;56;75;59;74;58;56;42;86;73;52;52;93;73;56;56;90;59;134;63;52;86;44;53;55;53;53;53;92;56;74;52;94;92;57;58;79;57;58;108;57;63;55;66;91;57;73;57;65;66;91;53;64;87;52;59;57;56;104;57;52;57;59;52;52;87;62;75;59;77;53;57;44;62;80;109;88;58;58;61;77;104;73;53;107;261;65;67;56;46;58;103;57;91;69;53;75)
seed_27_level_6-4,1378,14962.12117934227,8749182,4654,(96;94;52;52;52;43;86;57;90;86;79;51;62;42;57;90;85;44;61;75;60;58;43;82;61;52;43;42;63;74;87;67;57;70;53;74;58;97;74;68;52;52;65;53;96;52;53;66;87;73;87;52;62;53;55;53;94;52;57;75;68;54;88;86;59;87;53;70;59;53;108;74;91;46;53;63;66;44;49;88;77;44;44;87;58;122;58;69;75;56;52;52;74;90;75;56;86;65;42;42;54;57;89;55;98;89;53;58;104;86;86;56;58;92;86;43;91;43;52;107;57;72;57;80;62;57;77;64;62;57;44;58;57;125;57;60;84;57;97;42;53;44;44;42;42;57;57)
seed_27_level_6-4,1378,15464.462395429611,9143930,4808,(202;57;101;74;55;91;57;116;88;73;56;62;90;61;43;56;59;57;69;53;76;69;53;53;98;49;78;59;80;53;54;60;76;58;105;105;88;84;52;90;54;54;51;53;87;59;53;53;69;52;104;57;75;69;57;57;75;75;88;76;52;58;61;75;90;52;52;54;90;49;44;52;65;77;62;104;43;96;68;88;57;74;113;53;52;57;57;53;57;56;95;52;51;51;60;49;103;101;52;75;88;59;87;51;55;77;56;52;53;56;42;88;86;90;73;55;54;52;53;63;88;57;56;57;90;55;53;97;77;55;57;84;56;86;54;53;90;87;91;56;81;59;94;53;44;55;70;92;57;110;86;102;53;52)
seed_27_level_6-4,1378,15941.548405885696,9507340,4955,(116;53;62;43;77;56;52;91;57;73;74;75;53;57;49;73;59;102;90;89;59;46;52;88;65;50;54;53;90;59;54;54;58;50;52;57;88;58;63;59;56;56;53;63;53;52;53;52;56;52;50;57;51;55;65;58;43;56;51;57;42;59;107;90;74;43;56;56;53;106;53;52;57;92;89;96;77;57;57;109;100;57;112;52;63;52;87;91;61;111;76;66;58;90;104;44;61;102;74;91;90;103;68;95;79;59;55;71;57;96;55;52;55;59;59;53;100;113;93;60;62;57;57;56;57;62;57;53;62;99;81;106;91;75;75;57;57;82;103;78;57;75;59;103;57;57;44)
seed_27_level_6-4,1378,16430.149652004242,9875017,5105,(57;56;52;90;52;55;53;52;52;84;53;56;88;51;92;66;53;54;53;104;62;52;58;53;88;79;71;63;63;114;65;42;53;42;59;64;75;43;88;88;52;52;56;55;56;56;55;88;53;52;53;88;108;58;70;56;53;57;57;81;73;77;57;59;57;53;59;53;58;52;88;54;52;105;59;57;52;56;65;55;75;57;57;57;68;54;57;104;77;57;77;104;57;44;78;107;57;123;46;66;83;57;61;57;59;103;57;57;70;69;58;74;68;57;75;58;52;52;52;53;63;58;93;52;164;68;57;52;53;52;75;89;97;58;52;73;52;75;54;44;109;104;42;52;106;50;216;64;52;52)
seed_27_level_6-4,1378,16899.75213599205,10212788,5253,(88;55;58;76;61;52;42;95;53;88;53;60;88;54;53;60;69;52;75;76;63;52;56;75;43;93;53;52;51;70;50;53;90;53;53;53;58;53;126;46;58;63;57;56;87;57;57;46;59;57;44;57;75;57;88;52;52;42;87;42;52;58;75;86;53;52;52;42;52;90;56;63;53;56;52;88;52;86;53;53;53;90;52;88;59;86;74;52;87;52;52;57;78;53;52;97;52;71;100;90;93;52;53;52;52;52;52;92;90;59;58;53;59;90;104;44;75;57;57;57;57;57;77;53;75;57;57;57;46;57;170;44;65;63;66;58;75;102;55;63;109;65;122;93;90;43;66;46)
seed_27_level_6-4,1378,17391.743215560913,10582110,5404,(91;77;57;104;57;117;53;57;63;107;107;42;54;65;53;46;126;59;57;91;57;88;58;63;57;57;87;57;44;44;42;57;90;55;57;56;56;57;63;62;62;66;52;57;53;53;55;95;66;55;51;88;88;118;88;53;53;53;66;57;68;79;74;51;53;53;53;52;56;74;60;53;53;112;52;52;44;60;90;53;88;86;56;56;57;97;53;53;90;75;56;57;63;53;53;70;43;43;42;78;56;42;86;62;52;53;74;52;55;91;52;52;91;104;55;63;54;52;90;55;53;54;61;64;55;65;58;65;52;91;59;91;106;89;98;57;74;52;62;105;52;53;59;53;109;75;206;54;42;104;61)
seed_27_level_6-4,1385,17884.57506132126,10975094,5556,(88;53;88;53;86;52;56;77;90;52;51;42;73;86;42;53;53;93;105;77;49;87;57;90;70;44;52;57;91;55;55;53;53;55;101;65;60;57;57;57;57;57;88;93;44;42;57;63;59;64;57;65;92;55;53;78;57;61;56;57;116;53;77;59;83;60;56;66;75;55;75;56;58;52;57;58;89;59;90;102;57;61;88;84;62;54;96;88;57;75;62;88;53;90;56;60;57;53;52;88;55;88;88;58;52;53;57;56;88;56;107;57;75;46;57;57;57;88;91;44;57;57;44;57;89;57;53;88;93;256;42;91;57;57;78;42;44;59;107;52;87;69;95;74;53;79;81;79;52;100;104;74)
seed_27_level_6-4,1385,18386.11913561821,11403128,5707,(93;77;52;56;52;53;57;99;53;62;52;87;43;58;53;99;108;57;65;59;57;92;57;58;53;42;56;63;44;98;57;59;44;75;52;92;53;42;52;56;74;52;77;89;42;43;53;87;53;54;88;89;57;57;57;57;74;64;57;57;61;57;57;59;77;88;58;94;107;89;90;55;53;75;49;90;89;54;67;52;70;78;67;58;55;64;90;56;90;53;56;63;53;63;88;88;59;53;88;56;52;56;88;59;52;88;57;91;58;57;56;57;53;59;91;88;91;53;75;59;89;58;88;77;90;91;59;52;68;117;61;56;90;95;116;64;68;53;127;83;212;53;75;281;91;43;66;53;90;57;107)
seed_27_level_6-4,1385,18880.046936511993,11812322,5858,(204;53;57;90;57;58;61;79;78;54;65;204;57;57;58;69;88;90;58;52;58;43;101;86;42;55;52;53;55;53;54;76;64;42;88;56;51;43;51;99;70;87;67;52;72;59;43;55;67;88;44;87;57;88;54;52;89;52;52;52;54;52;56;87;88;58;54;86;59;59;59;57;57;61;52;62;55;56;75;57;58;67;64;57;59;57;62;63;53;53;58;90;65;88;59;54;77;63;63;53;59;57;89;60;53;56;91;88;88;77;56;58;52;57;61;75;44;57;95;57;77;58;61;58;107;87;81;74;61;56;44;99;75;75;57;53;67;86;102;58;53;53;64;63;53;207;104;80;207;90;69)
seed_27_level_6-4,1385,19367.23562836647,12214302,6008,(99;57;52;53;61;102;53;59;57;53;56;53;52;51;79;53;101;76;106;94;53;65;75;44;42;42;46;93;57;56;57;77;42;62;63;76;59;61;75;60;56;61;63;106;75;53;55;59;75;107;88;57;53;57;57;57;77;57;59;58;100;59;57;53;88;57;58;53;86;56;88;62;43;43;56;57;53;61;56;43;52;50;52;52;90;49;75;88;63;53;88;95;107;95;107;53;88;91;58;59;61;88;53;91;93;88;105;53;60;60;49;80;59;57;44;42;42;54;60;44;42;59;62;49;58;165;105;205;202;67;58;59;63;52;68;83;61;92;66;65;52;59;159;64;52;96;65;89;63;88)
seed_27_level_6-4,1385,19869.64730477333,12744098,6157,(117;44;79;62;107;61;62;53;66;81;69;78;58;76;44;202;88;52;90;52;52;52;56;52;52;129;53;103;55;52;90;129;99;44;44;57;201;53;70;53;80;46;44;99;57;57;56;99;63;43;55;94;56;61;53;53;42;55;91;53;58;53;104;88;88;55;52;56;86;57;58;58;57;42;57;52;58;57;65;42;88;57;57;57;61;57;91;57;61;57;53;57;53;57;57;105;53;57;57;91;59;93;93;100;44;74;88;52;88;78;62;59;53;57;61;53;65;88;76;85;59;55;202;59;67;201;207;90;64;64;93;67;60;90;202;73;46;207;165;64;201;53;94;61;86;207;95;59;57)
seed_27_level_6-4,1385,20367.733661174774,13321950,6307,(76;51;91;54;76;53;54;60;88;58;90;90;67;89;123;53;106;53;91;57;57;88;55;55;55;57;75;57;87;57;75;88;79;58;75;62;88;75;94;51;57;52;265;98;56;57;56;53;84;56;57;52;57;52;52;130;70;55;86;53;52;78;88;107;43;53;74;107;92;59;55;53;52;91;203;64;58;57;91;65;57;50;91;61;73;59;91;175;59;93;104;54;58;88;89;57;100;100;53;57;78;88;57;59;57;91;65;78;57;55;62;57;53;53;57;93;201;93;57;201;58;59;53;204;52;44;58;74;202;58;53;204;42;160;60;52;243;57;46;57;53;89;55;58;206;99;89;63;53;65)
seed_27_level_6-4,1385,20880.534817695618,13982685,6459,(107;80;50;56;56;43;76;94;74;74;79;43;59;79;57;75;56;53;42;79;56;58;127;57;57;46;56;91;69;44;46;61;57;57;58;80;53;46;46;46;57;53;56;54;91;88;61;75;92;57;59;57;88;57;54;88;88;54;54;57;63;59;58;57;57;54;62;63;76;44;67;55;53;56;265;62;57;52;87;53;60;63;204;60;56;59;54;56;90;61;91;58;53;91;46;50;57;202;61;108;58;175;58;75;202;76;42;59;58;62;207;202;53;57;202;46;243;52;91;77;202;201;52;52;207;73;124;89;89;203;52;203;206;49;52;53;52;88;204;59;75;59;52;89;60;202;89;58;73;58;73;57)
seed_27_level_6-4,1385,21398.66637134552,14612200,6611,(107;52;50;53;53;53;53;79;53;53;102;57;54;51;79;56;56;59;53;134;44;57;69;112;61;46;56;55;44;82;74;56;57;104;108;93;63;44;107;57;58;57;57;53;91;88;52;75;59;65;88;93;75;59;84;64;53;57;86;91;57;88;55;53;73;59;53;71;69;88;88;96;52;52;53;87;75;77;54;75;55;53;88;59;58;202;63;52;53;59;53;57;57;202;203;65;160;211;88;91;57;202;59;201;57;201;57;201;59;67;87;57;57;53;59;52;80;52;59;52;52;57;57;64;43;201;92;58;73;93;53;201;202;74;59;95;95;201;52;52;52;57;109;277;66;58;52;58;52;73;96;160)
seed_27_level_6-4,1385,21916.16065096855,15261296,6762,(135;66;81;160;57;80;57;59;88;44;87;88;53;57;53;57;77;103;53;58;58;70;100;51;95;56;56;57;53;88;88;89;105;60;77;57;53;43;77;101;88;75;88;69;56;65;107;58;68;91;57;53;64;107;87;63;75;58;91;78;59;96;58;86;91;107;88;52;57;53;76;52;164;59;73;221;42;78;53;207;207;112;59;53;203;62;57;42;165;88;87;73;91;53;100;89;52;52;52;52;78;270;58;244;52;53;52;64;42;65;160;52;103;207;64;57;57;63;182;53;51;202;91;98;64;56;202;87;84;57;91;207;57;56;93;58;96;69;53;55;65;51;53;60;53;64;52;53;53;75;57)
seed_27_level_6-4,1385,22441.988518953323,15909888,6913,(104;90;93;90;112;59;57;86;73;96;53;43;52;199;90;53;52;64;98;53;55;49;53;76;53;58;64;72;88;88;57;54;88;93;77;58;61;88;57;53;88;53;88;52;88;57;62;88;55;107;60;57;58;91;66;78;107;57;96;59;88;91;58;91;107;90;88;53;64;57;91;74;75;107;59;107;63;84;65;93;49;64;57;91;62;90;91;202;88;55;88;76;53;57;88;88;88;53;207;91;59;59;44;53;58;54;57;58;52;199;61;62;89;208;62;89;53;53;55;201;55;54;93;80;53;52;93;281;52;65;201;55;55;59;56;86;270;88;52;75;59;209;201;57;74;57;88;54;219;54;87)
seed_27_level_6-4,1385,22945.961797475815,16601747,7063,(76;57;56;55;74;53;93;54;53;84;108;55;54;57;71;57;113;91;57;75;64;53;52;57;64;86;57;115;53;79;89;96;57;106;53;57;57;42;73;119;104;57;81;56;53;89;51;74;92;57;54;202;43;207;74;54;61;53;53;68;58;88;107;57;57;54;57;53;58;87;212;52;56;53;80;58;61;42;57;202;112;60;86;107;60;61;93;107;57;63;88;213;206;53;57;60;54;56;88;53;57;88;57;63;57;85;63;53;89;88;57;91;93;207;94;112;58;60;55;207;58;250;204;201;93;78;58;73;160;60;207;62;52;91;203;58;201;161;60;57;58;52;201;52;159;107;58;53;53;53)
seed_27_level_6-4,1444,23463.793669223785,17353750,7214,(91;77;77;62;57;56;88;91;55;88;79;53;57;57;53;88;88;86;91;57;57;53;57;52;104;53;74;74;116;100;57;70;90;75;245;53;112;52;57;57;53;88;262;85;57;57;85;53;106;55;89;75;57;44;56;99;202;44;67;66;87;59;221;53;90;88;94;96;134;61;53;53;53;77;77;55;57;204;42;94;62;79;56;70;101;54;44;98;77;54;53;57;58;91;89;91;84;57;88;57;70;53;88;53;243;89;57;58;91;75;91;251;59;244;201;158;73;43;96;58;52;53;89;90;91;54;201;214;63;49;244;52;80;52;52;73;89;265;55;77;59;53;56;203;103;73;52;53;204;53;53)
seed_27_level_6-4,1444,23958.54941534996,17969980,7363,(91;58;64;76;88;57;88;57;90;107;62;53;58;88;77;88;56;91;57;119;91;90;88;70;88;88;44;46;57;59;93;63;57;57;91;59;53;57;91;88;87;60;53;53;107;57;58;58;79;106;53;91;90;59;54;201;51;52;57;53;79;88;60;119;49;53;265;57;88;200;88;62;42;59;53;51;201;265;64;75;102;101;57;95;57;52;52;56;46;55;57;52;52;68;73;102;160;53;67;55;89;57;91;89;55;68;55;109;99;165;58;100;95;203;58;58;92;61;58;91;86;204;203;92;64;52;53;57;66;160;119;88;59;88;87;58;59;61;52;92;55;57;44;58;87;93;55;76;207)
seed_27_level_6-4,1444,24454.18266916275,18568830,7513,(98;57;70;53;57;202;57;44;88;53;52;53;53;52;61;210;59;63;61;53;53;55;53;75;90;57;91;59;52;57;53;74;57;76;88;67;100;52;52;106;74;59;90;52;53;53;106;73;46;57;74;60;69;53;88;63;91;53;60;44;90;88;62;63;57;100;52;80;107;90;202;116;117;88;90;88;53;88;63;55;91;90;57;53;68;52;92;67;93;82;87;77;86;202;54;202;87;92;94;93;51;86;93;57;53;53;160;61;53;265;89;94;232;54;86;89;56;88;265;56;52;61;95;58;53;77;58;57;42;87;90;58;55;54;56;55;75;54;55;58;52;159;59;59;74;60;109;74;207;62)
seed_27_level_6-4,1444,24969.235432863235,19383504,7662,(106;55;73;52;63;57;57;53;52;58;49;85;104;53;68;74;53;101;104;55;53;109;104;57;55;59;171;77;53;53;57;86;54;110;58;52;107;52;56;76;55;57;59;52;70;52;202;52;52;158;53;232;59;199;57;203;99;204;52;85;205;201;202;160;52;59;58;203;202;53;52;114;91;202;73;90;59;91;58;73;52;201;201;52;202;91;90;201;57;116;90;107;57;53;107;116;88;58;58;90;115;88;88;81;92;101;90;107;53;200;116;93;57;63;116;167;201;57;92;52;63;116;93;87;53;74;93;217;88;59;60;66;88;91;61;61;95;53;57;240;57;62;57;44;94;58;58;53;113)
seed_27_level_6-4,1444,25478.55765080452,20137549,7811,(90;210;123;95;52;58;57;57;86;88;86;108;79;100;90;53;51;53;106;75;106;77;53;55;91;55;57;90;93;63;57;77;60;112;61;94;58;53;75;58;62;88;58;42;53;62;92;95;74;57;58;171;57;92;54;100;57;204;58;58;52;53;91;53;52;60;52;59;89;44;86;44;57;53;57;57;86;164;91;63;201;53;57;52;57;52;93;77;88;52;113;58;118;60;62;202;55;88;102;90;89;63;57;115;58;53;115;88;159;59;59;150;52;55;207;87;42;60;56;204;55;203;201;95;89;202;200;90;53;265;164;93;176;73;161;73;78;55;75;91;53;203;52;265;53;202;42;54;112)
seed_27_level_6-4,1444,25967.67853999138,20705620,7960,(96;55;55;57;52;93;89;53;90;71;96;57;58;95;42;62;57;58;58;97;57;77;76;204;53;57;61;55;53;46;53;53;57;63;93;52;53;237;62;99;57;42;77;53;93;90;46;88;42;214;95;89;87;88;63;59;53;104;65;54;93;87;97;88;55;57;91;51;53;52;88;88;88;92;51;104;56;202;56;57;58;75;200;66;68;58;100;53;91;88;170;202;51;57;56;88;57;56;87;57;88;138;53;78;55;58;265;73;101;73;53;94;95;58;54;96;202;90;73;76;55;115;55;59;109;86;76;79;86;56;90;56;73;88;120;53;86;54;42;56;55;55;52;54;54;75;53;55;53)
seed_27_level_6-4,1444,26466.22746348381,21347073,8110,(90;59;52;54;63;93;200;88;56;46;90;101;55;101;55;53;52;42;66;202;57;89;59;97;237;53;66;68;121;53;53;56;53;77;90;57;74;57;54;92;42;58;88;55;42;103;52;56;223;56;57;55;204;113;88;75;106;55;90;75;52;54;51;53;86;52;52;75;104;96;57;88;56;55;104;90;55;53;61;117;52;265;61;74;54;52;58;52;55;90;111;62;115;57;90;203;73;54;75;53;59;88;93;52;120;53;93;53;87;54;90;53;62;162;203;56;110;46;201;78;74;62;53;52;53;201;56;58;77;117;58;98;52;57;118;76;209;52;74;202;63;58;53;58;61;95;63;61;56;90)
seed_27_level_6-4,1444,26964.34517645836,22005598,8259,(236;59;107;57;95;68;53;122;88;96;78;57;57;55;53;54;75;53;56;77;53;59;58;96;44;265;53;53;114;86;86;87;58;103;113;86;53;88;90;52;57;53;46;57;59;90;53;90;51;58;87;86;59;88;55;202;87;88;42;51;89;43;43;86;58;88;52;43;89;53;52;54;107;84;54;199;56;87;206;43;52;265;262;57;53;53;58;84;176;55;78;60;54;201;87;85;52;61;201;90;88;88;56;59;67;55;64;56;91;201;86;89;58;70;55;52;201;57;53;63;52;62;97;52;59;52;91;60;52;62;74;201;60;53;107;63;94;59;106;88;114;52;58;52;114;57;55;64;118)
seed_27_level_6-4,1444,27463.64210510254,22607235,8409,(88;113;57;54;88;54;87;113;54;53;54;58;78;114;52;53;103;54;90;53;59;88;53;52;51;90;54;135;86;63;58;53;103;161;165;81;53;52;107;54;46;57;46;57;94;66;57;255;57;53;57;87;56;57;58;52;78;201;58;57;53;201;53;44;56;53;46;201;57;93;94;63;52;52;58;89;53;202;89;64;53;104;61;56;56;52;60;62;60;52;63;93;53;56;62;52;63;60;52;91;90;53;57;62;162;90;52;74;90;76;55;55;90;58;74;53;58;60;55;53;216;82;53;53;55;53;58;59;90;118;212;52;74;76;52;79;88;58;73;53;204;74;74;69;205;200;73;79;202;53)
seed_27_level_6-4,1444,27981.772414922714,23457187,8559,(118;52;89;54;57;77;88;75;52;90;103;83;75;58;62;86;76;88;53;57;86;83;100;53;52;86;93;90;95;67;92;53;93;44;80;59;75;44;202;52;265;79;53;56;65;257;53;77;239;202;88;46;176;57;46;59;61;258;77;57;44;57;75;57;91;201;78;201;58;57;115;90;202;52;162;60;90;56;201;101;90;52;74;75;61;210;88;52;113;55;58;199;63;77;74;58;89;74;60;201;89;91;172;52;62;52;205;86;202;158;202;109;59;53;59;90;200;74;115;63;201;59;88;53;73;51;73;51;64;77;53;107;53;53;88;57;70;42;58;53;162;201;202;53;57;53;60;63;70;115)
seed_27_level_6-4,1444,28494.856987714767,24236492,8708,(116;104;52;87;53;53;86;55;54;52;53;52;104;88;53;103;90;76;102;51;54;103;115;59;90;104;52;87;99;88;104;60;73;55;73;52;202;201;73;53;55;159;159;52;55;121;96;78;53;54;55;74;79;55;53;201;75;73;90;74;202;57;104;58;60;202;73;93;57;158;53;170;258;77;167;55;57;62;243;74;52;52;53;88;98;53;56;73;70;52;86;60;57;93;53;72;202;164;89;54;77;170;93;53;105;82;59;62;93;58;116;109;202;159;158;233;89;93;88;92;63;91;109;52;102;57;88;116;64;90;202;62;160;114;62;60;88;53;57;53;62;201;160;62;102;52;78;67;57)
seed_27_level_6-4,1444,29014.119005441666,25074946,8857,(102;53;117;74;49;86;52;88;54;61;52;61;88;58;55;52;112;58;90;54;102;102;91;88;52;52;113;53;107;52;53;52;53;57;46;84;65;55;54;57;42;58;75;74;88;175;53;96;75;57;226;87;53;74;97;78;239;62;67;57;58;90;74;76;73;201;59;53;58;112;73;60;55;78;78;77;73;93;90;86;224;66;59;57;88;57;59;204;54;158;62;202;58;57;102;201;74;73;88;265;265;79;164;201;52;202;105;52;160;56;62;58;52;199;52;53;215;90;115;88;90;62;90;58;221;160;58;52;86;136;56;88;60;68;202;89;201;201;105;52;83;52;57;202;52;52;199;90;57)
seed_27_level_6-4,1444,29512.51038813591,25857848,9007,(119;52;87;98;58;104;75;60;52;53;209;52;90;51;77;53;86;59;115;102;75;87;57;59;86;54;86;99;52;86;87;98;100;90;104;93;89;63;63;201;56;52;52;55;94;106;265;52;52;58;57;58;61;218;74;52;86;62;73;86;53;109;202;73;219;90;110;77;53;63;53;58;57;91;58;62;52;107;103;52;62;88;58;90;202;201;62;52;202;265;158;56;52;201;89;88;201;201;53;53;53;57;58;57;90;60;89;88;201;70;55;169;60;88;52;56;55;86;86;90;55;265;87;95;59;55;88;52;90;53;73;57;50;53;201;202;56;73;90;67;73;90;73;56;53;74;53;158;55;52)
seed_27_level_6-4,1444,30029.060520887375,26711829,9157,(211;92;56;52;86;90;115;52;113;53;52;100;77;75;51;87;52;52;53;89;52;55;104;75;49;102;55;87;52;42;73;86;52;86;116;243;49;201;53;52;89;54;206;78;201;57;89;73;78;52;53;59;80;73;201;201;59;202;73;55;73;90;53;55;55;73;166;52;201;90;89;94;52;54;125;73;42;66;75;53;58;73;88;203;52;89;201;73;53;159;203;164;62;265;56;76;86;76;58;56;52;115;90;160;52;58;62;52;161;169;61;88;90;202;52;228;105;62;160;62;56;55;52;55;52;55;57;220;52;53;62;52;56;67;57;53;58;90;52;86;200;58;101;57;75;199;202;55;199;200)
seed_27_level_6-4,1444,30545.605156183243,27583484,9307,(89;75;114;52;52;86;52;55;106;74;54;54;52;88;91;42;52;103;108;52;74;58;52;55;51;52;52;53;52;90;55;43;58;59;52;52;52;52;265;53;58;202;87;202;90;90;76;201;162;58;52;62;227;202;88;74;52;201;61;52;58;202;53;58;61;88;52;56;52;75;109;90;201;209;88;53;60;58;52;52;58;52;158;106;61;89;202;108;62;53;62;106;102;90;49;52;201;201;56;59;199;169;200;73;164;89;86;203;201;90;42;88;53;90;59;93;57;73;81;74;107;58;88;201;201;86;99;58;55;76;73;202;90;52;205;55;53;53;201;73;73;75;86;184;52;255;60;73;68;58)
seed_27_level_6-4,1444,31049.689757347107,28376161,9456,(102;73;51;73;73;53;57;77;52;90;86;49;52;112;85;53;63;53;88;52;107;59;102;52;76;106;50;55;52;52;61;53;52;89;53;265;52;107;201;201;53;53;201;52;115;53;74;159;87;202;53;167;55;105;52;57;202;58;58;201;61;60;201;199;201;107;53;57;52;114;58;203;100;53;52;52;53;53;42;58;201;52;52;88;58;53;52;57;54;90;58;101;86;73;206;73;73;52;52;86;58;207;68;199;55;52;120;201;201;89;86;86;73;206;52;52;56;91;73;207;55;74;59;86;73;75;52;86;73;42;201;201;57;103;54;54;52;73;57;52;74;73;53;52;53;57;102;59;206)
seed_27_level_6-4,1444,31581.36938714981,29386226,9606,(206;90;73;55;73;73;206;52;52;73;74;52;63;73;73;96;52;202;201;54;106;102;158;63;52;52;52;61;201;202;53;52;206;73;86;73;201;91;59;53;238;73;200;53;52;78;62;97;102;167;62;201;55;201;52;73;94;52;52;201;86;75;88;201;87;55;53;74;52;201;56;52;104;52;265;52;202;57;75;58;52;52;53;52;201;109;52;53;201;55;202;107;74;201;100;75;75;59;63;52;201;52;203;52;109;52;86;58;88;52;201;202;52;210;158;86;58;86;77;201;90;74;99;52;90;202;54;53;92;201;52;86;52;202;52;103;57;74;159;55;58;52;52;201;201;161;53;73;52;57)
seed_27_level_6-4,1444,32112.069655895233,30486024,9756,(81;86;161;52;86;74;89;63;56;201;74;201;92;206;207;201;58;61;62;55;207;52;56;86;52;90;53;73;89;201;86;106;52;102;86;201;73;201;201;202;62;201;55;93;90;52;201;73;74;102;73;90;86;206;52;100;73;202;201;163;92;53;203;92;201;163;160;201;52;200;52;73;55;265;113;53;54;202;52;57;52;202;52;203;86;53;75;201;90;91;116;111;55;61;52;88;109;115;201;159;42;90;53;52;80;90;62;58;59;52;52;54;60;86;63;159;58;100;58;79;101;90;164;202;161;52;52;118;201;62;52;55;201;62;52;198;52;227;86;63;201;201;52;52;53;203;53;52;54;52)
seed_27_level_6-4,1444,32651.615700006485,31615880,9906,(265;201;73;59;52;161;52;54;101;88;202;201;63;52;74;90;76;52;224;92;62;50;90;53;90;52;86;53;201;52;74;112;58;75;203;52;52;116;68;201;102;171;54;202;52;58;54;53;201;73;73;201;201;169;52;57;158;64;88;62;91;115;63;248;52;201;88;201;202;58;52;52;159;201;109;201;52;86;52;52;158;158;92;86;109;75;52;159;87;52;201;92;200;52;73;73;59;203;52;88;55;86;52;93;265;201;201;75;88;201;52;86;52;201;86;90;201;207;73;73;56;201;90;52;62;88;107;52;53;52;52;88;159;170;92;201;52;73;206;93;159;54;86;52;88;244;89;73;52;104)
seed_27_level_6-4,1444,33182.02719831467,32614971,10056,(265;52;105;52;102;159;117;59;201;265;88;202;52;55;160;52;201;62;158;202;52;52;62;52;203;53;90;54;159;202;58;89;86;91;52;57;53;87;160;201;56;90;52;54;52;59;218;52;52;52;87;54;52;54;201;116;53;100;53;106;201;159;90;53;53;59;52;74;54;89;52;55;203;102;87;265;74;88;201;88;171;160;52;100;73;61;60;73;201;90;90;80;201;73;102;201;52;90;53;52;91;104;158;62;61;53;59;55;100;201;102;52;90;201;54;201;52;53;53;88;52;65;63;65;58;53;73;53;201;90;87;52;62;57;201;90;62;202;89;52;65;201;210;73;73;73;53;73;202;88)
seed_27_level_6-4,1444,33721.42991042137,33692813,10206,(167;64;54;57;202;54;52;52;102;52;53;87;202;201;57;202;53;210;57;78;91;86;53;74;95;88;55;52;52;104;60;95;56;53;52;55;55;52;198;87;53;52;75;54;63;53;202;94;52;76;52;73;107;201;173;58;52;57;52;201;206;56;101;53;52;91;42;54;201;90;52;90;54;265;175;160;206;77;88;89;201;201;73;56;102;52;56;86;52;265;88;201;68;201;159;73;52;52;52;170;168;55;90;86;52;158;100;86;55;201;89;201;201;100;52;106;73;201;109;206;73;104;59;86;97;73;62;73;85;217;88;86;160;203;90;62;73;163;208;86;52;201;65;201;86;86;201;95;160;201)
seed_27_level_6-4,1444,34259.69332575798,34757955,10356,(210;56;52;92;201;202;53;52;53;95;60;53;54;104;53;52;201;161;160;59;73;54;201;53;52;73;89;54;53;90;201;212;73;52;108;53;57;158;89;103;54;54;52;203;201;42;50;90;73;53;63;90;110;160;52;201;52;201;202;201;201;105;58;53;90;53;58;52;265;265;74;105;201;106;55;101;74;75;206;201;87;201;62;58;158;73;211;62;93;97;86;73;94;106;201;57;53;93;73;158;201;162;201;62;115;73;62;201;159;201;57;73;86;52;52;89;100;90;58;50;201;74;86;62;200;73;42;55;73;202;52;73;73;87;55;59;59;52;93;80;52;53;75;73;73;201;58;52;201;201)
seed_27_level_6-4,1444,34806.220099925995,35994023,10506,(104;203;90;202;90;56;204;58;90;222;90;52;54;52;106;53;202;202;162;77;233;201;89;52;203;52;105;107;53;54;52;201;74;90;73;52;52;75;109;52;88;102;63;53;52;58;58;86;55;54;53;243;52;52;201;52;53;59;51;90;101;90;88;53;52;88;202;201;102;57;265;88;90;201;73;86;202;52;56;92;57;232;73;89;52;90;62;201;53;75;53;58;201;158;100;115;158;203;169;52;87;201;201;201;95;159;201;55;250;86;62;201;101;201;93;52;201;93;53;92;76;265;93;210;171;52;60;52;201;254;265;53;59;201;57;55;62;201;73;159;201;81;94;89;58;73;62;53;202;52)
seed_27_level_6-4,1444,35342.73243379593,37017219,10656,(115;62;52;76;56;90;55;77;103;53;53;52;76;52;102;100;57;52;53;104;52;120;53;43;52;53;53;112;90;106;89;75;100;54;52;202;52;102;90;52;75;210;89;55;52;116;202;201;91;53;54;53;53;161;52;265;199;209;86;53;117;52;56;52;86;54;250;53;97;56;62;240;169;62;75;88;201;86;96;86;106;88;201;86;67;64;201;57;117;100;88;88;73;63;88;100;93;88;62;86;90;161;88;100;201;201;73;52;265;52;55;95;88;63;89;88;265;57;90;88;75;206;104;106;243;86;90;202;89;58;90;52;201;201;86;62;53;58;207;63;86;201;52;86;86;201;207;201;53;203)
seed_27_level_6-4,1444,35868.35655093193,38002830,10806,(77;57;95;97;62;210;73;75;58;201;52;88;203;202;201;97;257;73;97;56;52;58;199;53;63;52;89;58;233;89;62;63;42;59;58;201;52;90;75;90;100;73;63;57;200;57;245;107;57;62;52;52;96;91;201;52;199;54;231;75;201;53;73;160;243;100;52;73;73;61;56;90;101;201;81;53;207;89;59;57;102;88;201;73;73;62;202;88;61;52;75;92;89;92;164;160;252;63;106;201;56;56;201;105;58;75;78;62;74;201;100;86;62;89;89;101;63;52;88;62;62;93;90;57;59;90;157;53;65;90;102;92;73;73;73;75;73;65;73;94;158;160;75;62;202;175;73;90;88;94)
seed_27_level_6-4,1444,36387.313699007034,38875997,10956,(243;252;90;89;53;62;201;62;73;201;73;90;201;52;89;52;203;73;52;73;63;57;73;52;102;62;73;52;90;73;52;52;57;91;86;201;100;201;201;73;73;99;88;101;73;101;52;63;73;52;86;62;73;265;96;54;74;202;80;73;78;91;52;52;201;59;213;161;88;89;121;90;52;52;52;86;64;52;68;233;75;90;94;52;67;162;201;88;53;76;201;63;89;90;52;75;52;57;64;201;202;73;52;76;168;52;58;115;202;56;57;203;201;57;78;87;73;52;202;62;201;58;53;56;63;74;55;52;57;53;73;52;55;53;115;57;52;53;102;73;57;89;96;54;104;80;99;64;66;56)
seed_27_level_6-4,1444,36910.56922030449,39959731,11106,(75;207;90;61;201;58;201;63;80;73;54;90;73;58;158;57;50;90;53;52;43;158;58;98;52;202;201;55;52;52;52;52;52;53;57;52;52;212;75;53;76;201;202;53;89;54;86;52;64;52;74;90;114;73;209;52;61;222;73;76;193;75;53;53;94;58;52;52;52;201;243;201;58;52;161;201;104;207;100;63;91;90;53;201;81;88;88;73;81;52;60;53;65;57;89;94;88;101;201;201;63;265;74;265;167;104;201;56;60;88;52;160;52;74;89;201;201;201;201;107;52;75;56;89;54;61;164;53;207;159;88;53;58;58;59;207;160;57;52;52;265;56;107;211;90;217;58;58;207;52)
seed_27_level_6-4,1444,37429.364151239395,40811714,11256,(75;202;53;106;53;44;97;58;52;53;89;62;89;52;61;201;52;73;52;52;100;73;52;88;201;73;61;58;52;58;160;202;58;58;60;73;107;58;52;53;201;88;73;158;91;170;73;210;52;201;89;199;55;60;161;53;243;162;201;201;90;73;52;58;100;120;265;56;168;90;86;62;88;87;52;58;201;90;42;90;161;52;52;86;86;52;88;88;86;52;87;201;53;52;56;55;73;106;91;52;201;80;201;53;102;88;53;90;201;52;52;88;52;91;89;57;201;62;89;86;52;53;86;62;90;53;109;92;62;101;62;52;164;88;264;88;58;62;52;56;53;80;90;90;88;94;73;52;58;52)
seed_27_level_6-4,1444,37958.90343761444,41917324,11406,(264;93;175;89;215;53;58;158;88;52;55;93;53;201;52;55;168;53;100;87;58;62;91;201;201;86;75;78;90;52;161;201;52;89;201;54;55;88;200;89;73;59;74;49;88;101;97;86;86;201;201;52;201;201;89;88;88;52;88;201;86;201;100;92;90;207;88;62;160;106;90;87;107;53;106;265;159;158;89;201;52;55;107;51;67;52;57;201;73;89;52;265;201;52;106;52;201;85;52;54;102;201;90;110;54;52;60;52;52;207;201;52;69;108;58;52;91;90;202;201;107;158;160;52;52;52;58;211;52;53;210;52;52;99;53;53;86;89;52;52;162;201;94;52;265;85;52;52;52;58)
seed_27_level_6-4,1444,38476.44216966629,42839053,11556,(265;52;100;63;55;94;94;52;89;201;52;75;88;74;102;88;60;88;86;58;201;102;86;89;158;57;58;55;58;224;52;204;56;219;62;52;88;88;202;73;55;53;56;55;57;76;52;52;52;201;52;158;52;89;90;246;161;210;109;62;201;56;210;110;62;59;107;52;53;161;51;55;52;278;63;53;53;52;60;88;55;52;86;73;73;89;52;86;62;103;73;56;90;201;94;83;59;100;73;90;62;210;56;59;201;88;207;88;52;53;201;53;58;158;52;202;73;201;75;73;58;76;53;96;62;55;102;201;52;55;52;73;86;203;52;107;53;87;59;106;86;74;201;52;89;209;75;86;86;58)
seed_27_level_6-4,1444,39009.36483550072,44044629,11706,(264;206;78;58;108;73;75;201;73;88;59;43;158;86;243;88;52;73;201;92;88;206;62;89;201;88;207;107;88;87;207;58;207;61;95;201;92;63;90;161;86;59;52;114;74;73;89;93;98;63;86;52;100;52;201;74;76;243;86;86;90;75;201;78;79;86;88;73;78;73;57;52;265;85;87;246;53;159;88;157;53;210;87;210;53;98;52;201;86;55;118;52;210;201;55;54;55;52;53;95;97;52;73;52;201;56;201;181;102;89;94;73;201;52;52;109;201;55;88;198;231;232;201;103;52;202;207;52;100;210;201;88;201;55;53;55;52;52;76;201;52;55;55;56;86;52;54;89;210;201)
seed_27_level_6-4,1444,39568.49964547157,45421634,11856,(264;106;86;158;86;62;202;201;86;52;89;75;250;90;201;80;62;55;201;58;207;88;52;265;73;86;210;52;201;52;62;91;162;93;52;106;208;90;209;118;201;162;93;73;57;62;52;86;59;206;107;207;107;53;202;201;73;97;56;64;88;52;201;86;202;59;90;57;52;73;52;91;62;58;232;73;53;57;52;52;52;207;201;201;107;201;169;201;89;52;57;85;106;52;52;201;209;52;55;89;210;201;75;89;52;220;169;52;210;94;210;206;159;201;89;201;201;52;201;52;89;200;159;202;201;109;52;52;52;56;73;201;89;201;201;158;53;73;107;52;58;89;100;201;52;201;199;52;201;52)
seed_27_level_6-4,1444,40095.15486860275,46513492,12006,(264;88;202;100;49;201;202;55;90;107;73;52;57;106;73;201;86;201;201;74;89;75;52;58;64;53;88;73;86;201;56;97;99;53;73;76;96;52;52;94;201;62;52;73;104;160;53;73;89;52;86;52;93;86;52;86;56;52;202;52;52;81;52;89;158;52;88;78;53;61;86;232;86;52;201;52;161;52;58;103;86;55;52;53;52;159;55;52;201;59;52;201;210;52;58;210;201;57;97;201;231;230;89;52;201;161;55;52;53;53;201;89;89;55;219;89;56;57;201;89;52;210;210;88;52;201;210;52;52;55;245;210;52;201;107;243;58;53;86;210;52;86;58;210;52;52;58;51;86;55)
seed_27_level_6-4,1444,40639.13194799423,47766578,12156,(175;52;201;100;98;52;90;207;164;89;86;62;52;52;201;89;86;56;158;52;58;201;73;52;201;201;112;62;52;89;57;202;52;92;73;207;52;58;230;62;106;59;115;59;65;241;52;88;112;54;73;90;86;52;107;52;73;55;158;201;52;57;62;86;201;57;85;232;211;52;52;201;60;210;58;52;52;211;201;210;58;88;52;217;212;61;265;100;53;55;86;265;52;201;203;62;201;60;52;265;109;265;53;52;218;62;244;201;52;55;52;70;57;52;201;53;230;53;52;73;161;86;52;52;52;86;211;52;219;52;52;61;107;73;52;52;86;55;52;60;52;158;210;265;202;110;52;211;52;52)
seed_27_level_6-4,1444,41162.823155641556,48812605,12306,(100;63;53;89;42;73;265;73;96;55;201;53;52;55;52;207;265;52;52;63;59;58;91;201;159;51;201;52;88;89;201;88;101;88;159;86;59;86;91;201;55;57;58;53;52;59;62;101;42;73;52;52;53;52;52;52;201;53;168;57;66;201;57;57;76;57;201;52;244;97;52;52;201;90;77;52;85;210;73;52;56;52;53;86;107;210;52;86;201;98;73;201;243;52;52;211;172;52;52;86;86;52;219;52;158;158;55;159;73;201;55;86;52;104;90;265;210;219;265;52;73;202;52;52;63;52;90;62;86;52;75;58;59;58;265;55;52;91;52;55;77;52;201;211;52;59;52;89;52;89)
seed_27_level_6-4,1584,41688.68486452103,49807252,12456,(227;62;201;201;201;202;112;52;63;78;60;56;62;91;55;206;57;52;57;52;206;58;86;75;88;51;86;61;74;58;73;62;112;79;201;62;52;62;104;95;52;201;91;52;53;90;93;90;99;207;201;86;58;86;161;86;112;52;201;52;208;88;43;43;211;201;89;53;52;267;106;210;52;52;55;52;89;52;219;52;52;201;90;226;117;89;42;220;264;201;52;52;52;52;115;52;52;103;201;87;211;73;73;52;52;52;75;86;58;104;59;52;159;52;53;50;52;88;88;52;53;227;55;60;201;98;56;180;59;52;202;52;52;52;52;52;201;88;201;55;54;52;73;53;52;57;86;78;52;56)
seed_27_level_6-4,1584,42229.02063918114,51019484,12606,(86;52;52;201;52;52;52;198;53;89;59;201;76;94;52;107;52;232;210;52;201;199;102;52;58;53;243;89;91;241;87;210;54;167;206;88;42;52;73;52;63;97;201;52;52;162;53;73;86;52;52;201;89;201;58;73;74;52;201;201;62;89;56;91;86;104;94;201;52;67;52;158;52;60;201;73;264;52;52;201;53;201;87;201;58;52;52;56;52;74;201;52;52;206;86;86;100;52;89;56;53;201;73;201;100;202;53;206;86;201;201;86;52;53;89;158;201;89;86;59;94;78;92;52;73;202;62;52;75;76;86;52;264;58;201;74;201;213;63;52;161;164;52;203;62;90;201;264;55;201)
seed_27_level_6-4,1843,42787.47390151024,52416243,12756,(160;228;53;52;201;52;210;52;222;53;230;158;201;59;160;52;219;56;232;59;52;52;57;55;219;75;203;55;89;63;52;62;52;55;56;201;103;97;52;201;53;88;164;53;56;201;219;86;420;52;52;53;201;53;42;107;211;73;210;232;201;56;67;201;210;55;94;90;91;160;52;73;54;201;91;199;60;58;106;213;166;90;102;88;201;68;52;158;201;75;58;75;201;202;88;201;92;55;52;76;88;274;201;211;201;73;201;78;58;53;89;90;73;75;59;73;201;59;52;42;201;201;201;274;67;73;59;106;78;59;201;65;201;53;158;201;73;52;95;215;88;201;88;43;90;58;59;53;62;52)
seed_27_level_6-4,1857,43341.45354819298,53757744,12906,(274;73;53;53;52;63;201;73;207;52;55;201;57;201;86;159;53;90;52;52;201;62;201;52;56;58;89;101;201;201;52;81;52;43;94;53;91;74;90;86;207;207;90;52;88;53;75;112;55;90;58;55;53;202;106;86;75;53;55;86;57;55;163;55;53;158;201;68;60;159;55;53;158;52;201;380;201;53;54;52;52;201;201;201;86;52;109;89;230;58;53;161;201;232;239;103;86;203;160;52;212;159;52;159;55;160;52;53;202;211;53;88;53;52;86;52;201;210;52;53;210;52;57;52;86;91;103;225;55;52;237;210;86;52;230;52;89;76;187;201;210;201;52;53;73;201;201;201;276;97)
seed_27_level_6-4,1857,43887.4940598011,55067751,13056,(274;106;94;201;201;89;98;55;52;42;100;106;62;62;201;89;52;201;55;52;201;206;158;87;202;52;73;73;158;76;89;58;159;201;60;86;89;58;161;52;46;86;86;75;42;207;201;73;201;92;57;201;55;86;42;53;65;86;87;86;207;86;210;52;74;201;57;75;55;246;201;57;52;210;202;201;52;202;270;277;158;86;158;75;52;201;52;52;57;76;232;203;52;86;52;180;201;201;159;89;89;89;210;59;243;52;212;202;245;57;89;52;220;209;202;89;238;201;59;89;52;52;86;53;112;74;57;55;159;52;52;86;89;56;201;90;58;53;52;52;52;52;90;240;59;53;73;86;61;55)
seed_27_level_6-4,1857,44443.29108071327,56539075,13206,(274;52;201;59;211;86;77;52;73;52;43;57;76;52;59;202;86;55;201;52;86;201;86;57;86;52;52;86;112;52;201;46;212;52;92;52;86;201;201;274;90;201;52;201;203;207;86;87;213;86;62;94;201;158;87;42;62;201;89;96;201;201;106;86;201;201;52;87;112;107;158;73;102;52;74;91;272;210;53;158;270;76;61;59;201;100;226;105;58;60;201;52;213;104;52;88;225;86;90;201;57;53;93;86;232;270;210;52;73;58;89;201;202;57;52;89;59;52;94;91;201;202;57;230;89;75;269;57;89;57;54;202;52;56;58;73;201;201;43;53;52;52;412;243;58;87;246;201;58;88)
seed_27_level_6-4,1857,44982.157999038696,57715678,13356,(227;168;60;100;161;52;204;211;52;52;88;53;160;86;62;59;42;274;58;88;101;42;52;92;86;59;169;212;201;158;91;52;96;42;56;100;53;159;56;76;201;210;46;58;101;166;59;90;73;75;201;52;168;87;86;75;52;86;90;274;86;52;43;242;211;274;242;94;75;54;86;86;86;89;231;206;58;270;52;52;53;93;52;102;212;270;201;210;57;85;52;86;53;55;53;84;158;201;104;201;52;52;59;67;52;94;88;52;161;58;52;77;58;52;59;159;58;58;58;73;52;53;89;57;94;52;53;102;201;52;58;210;86;98;52;52;56;269;245;201;226;203;104;58;52;58;53;53;55;89)
seed_27_level_6-4,1857,45547.77083802223,59234376,13506,(158;270;202;86;53;201;52;230;89;52;212;90;54;115;210;210;55;52;88;73;203;53;58;58;115;201;202;89;52;58;269;96;102;52;203;58;232;52;73;159;212;201;210;235;58;159;234;212;58;135;201;202;201;229;73;268;57;203;52;52;201;203;160;240;103;88;110;52;90;55;204;254;201;270;56;216;42;274;101;90;94;94;43;244;101;211;67;101;59;93;53;90;78;43;171;88;58;202;58;92;100;60;159;52;73;52;46;60;89;43;52;217;89;274;53;92;88;58;102;86;75;43;59;203;68;75;101;107;89;73;53;62;57;55;88;62;87;203;54;240;88;90;274;207;253;247;107;65;58;100)
seed_27_level_6-4,1857,46085.44211411476,60339764,13656,(171;52;59;88;52;67;94;90;212;53;58;243;208;171;89;90;60;59;202;58;66;58;52;107;62;67;63;89;62;58;96;52;55;55;97;76;89;90;98;210;101;60;57;54;101;88;88;55;53;55;88;65;171;53;89;88;90;213;86;58;167;88;88;101;62;200;90;247;56;242;57;97;57;108;158;52;201;88;109;58;53;52;201;212;90;52;230;52;234;204;53;90;103;61;53;232;231;58;52;161;55;52;75;232;53;91;201;52;201;201;89;53;58;243;102;58;242;52;159;89;107;52;58;53;98;202;52;52;53;270;53;89;90;56;59;106;90;53;102;73;90;161;210;236;52;159;57;75;202;52)
seed_27_level_6-4,1857,46649.11948752403,61774240,13806,(86;93;56;241;52;53;90;90;86;150;58;89;57;90;43;200;59;207;52;106;86;90;89;59;52;42;62;202;53;90;211;90;61;90;200;170;87;274;54;74;89;88;52;88;102;73;88;52;202;88;248;67;65;90;52;54;101;62;90;246;89;59;177;73;52;274;243;232;267;201;106;55;165;204;202;52;212;232;57;115;212;158;160;52;58;96;243;104;230;201;104;58;52;201;91;201;158;58;52;58;58;92;201;52;208;234;63;202;158;58;59;234;60;56;108;202;204;158;238;201;91;201;93;57;202;53;230;201;57;57;242;52;53;52;53;53;56;53;58;58;272;242;230;59;52;90;52;53;202;75)
seed_27_level_6-4,1857,47187.180302619934,63053558,13956,(231;86;59;42;206;202;88;53;61;101;42;52;53;91;42;42;53;274;75;201;52;170;213;52;43;213;73;73;58;66;74;161;75;55;201;43;213;90;170;90;42;106;52;88;88;43;207;87;92;60;202;93;73;58;58;75;171;56;53;201;90;201;57;202;62;267;108;86;243;91;58;90;53;211;236;54;58;109;58;92;231;101;89;59;223;274;202;53;53;89;245;202;92;158;210;93;233;76;57;203;159;53;89;53;203;233;201;58;242;53;58;58;57;58;57;91;271;73;53;86;52;57;52;76;53;231;57;201;90;90;93;159;57;57;58;202;159;58;58;201;89;53;201;58;201;53;73;58;57;88)
seed_27_level_6-4,1857,47771.346799612045,64987699,14106,(274;90;89;91;52;75;42;86;86;88;74;86;52;65;86;86;201;211;274;158;86;202;90;75;86;42;101;167;58;65;73;160;201;74;202;60;106;92;87;86;91;175;201;90;43;205;74;201;102;274;160;201;73;216;52;216;90;73;57;176;92;92;42;168;52;52;412;213;271;201;210;53;245;52;58;250;98;56;57;201;242;58;201;57;212;242;74;230;202;202;53;201;234;58;58;52;99;201;202;98;53;201;203;53;199;52;199;231;58;202;52;57;237;232;201;52;270;210;201;230;76;201;91;230;57;91;211;230;52;61;160;58;57;234;159;230;239;52;202;274;53;202;53;90;237;270;242;412;52;53)
seed_27_level_6-4,1857,48319.15497350693,66371533,14256,(274;88;229;86;253;212;102;53;56;102;66;274;201;56;88;52;90;46;73;53;89;87;90;52;274;74;90;94;260;90;95;201;89;56;215;89;56;93;201;211;89;74;244;57;52;57;93;88;88;63;58;92;115;42;202;56;90;58;62;209;90;88;52;88;242;58;61;161;75;104;244;58;200;57;270;201;57;104;58;62;53;58;231;52;57;107;201;58;53;57;94;213;77;233;58;52;52;53;212;58;89;202;58;55;75;57;202;230;58;202;211;53;53;158;90;58;58;58;58;253;160;58;57;58;57;210;87;73;52;74;267;58;58;52;58;270;73;202;168;202;57;199;230;202;93;58;274;232;91;59)
seed_27_level_6-4,1857,48867.04403233528,67733030,14406,(58;91;274;52;90;107;56;63;56;78;58;90;184;89;87;88;86;53;63;77;243;88;107;99;90;58;58;62;58;93;213;52;53;80;88;90;210;52;166;42;213;58;53;44;57;62;53;86;90;60;89;52;93;201;88;90;42;66;90;208;44;42;91;76;170;202;63;412;234;202;109;57;75;109;76;86;52;199;89;201;52;52;202;202;53;89;270;201;230;57;232;52;230;89;52;75;57;75;57;270;202;52;43;89;59;202;199;201;52;201;160;52;249;232;52;53;53;52;63;52;59;161;202;201;242;85;232;245;209;212;55;58;52;201;201;53;53;234;244;58;53;53;52;52;58;75;162;58;73;205)
seed_27_level_6-4,1857,49418.79322934151,69227665,14556,(202;52;73;101;274;77;76;210;211;53;212;53;106;102;74;88;78;77;88;42;93;53;206;60;61;199;274;52;90;88;214;94;57;94;57;212;58;75;211;52;57;100;107;58;57;52;87;202;90;58;86;90;93;53;211;107;102;212;89;61;57;52;88;213;158;52;159;58;58;52;201;94;234;52;58;231;159;52;88;91;77;160;233;52;230;202;52;162;201;52;42;202;52;88;271;52;53;202;231;53;236;53;52;98;57;57;52;267;202;58;94;160;52;221;242;219;90;234;232;201;160;210;63;175;43;58;74;248;201;231;94;53;159;57;53;201;90;270;42;212;90;218;58;202;57;58;52;58;230;230)
seed_27_level_6-4,1857,49953.78800678253,70473355,14706,(274;61;253;58;89;90;52;78;88;54;88;86;161;53;211;160;42;90;76;58;161;52;99;201;74;101;65;161;212;90;60;88;63;274;87;55;90;88;202;57;189;77;58;52;73;88;78;53;52;92;88;158;52;170;44;81;89;58;88;206;52;55;211;274;57;267;234;57;57;219;267;201;116;90;115;63;58;58;53;58;239;59;97;58;52;108;44;58;201;231;232;56;53;53;89;161;234;239;272;58;58;57;52;113;58;58;58;58;58;200;58;58;202;52;58;57;74;57;104;52;58;230;54;177;159;164;53;202;52;53;89;53;52;42;89;92;234;57;85;161;62;119;202;58;58;53;201;53;236;234)
seed_27_level_6-4,1857,50483.090866565704,71677315,14856,(88;212;173;95;58;63;55;96;81;52;58;202;60;58;55;53;102;90;166;79;211;90;88;162;56;201;52;202;52;88;58;56;212;58;52;114;58;58;56;163;201;103;88;164;58;52;58;68;171;52;52;162;102;57;73;88;136;52;57;55;201;89;42;58;43;270;50;59;412;53;52;243;53;56;57;73;52;201;52;42;52;159;202;53;57;58;57;199;209;52;201;90;52;57;55;202;56;201;90;202;230;274;52;234;42;52;55;59;52;57;218;258;52;232;52;52;52;55;52;53;58;106;243;97;55;159;230;202;52;53;52;86;52;89;42;53;270;53;234;106;52;57;93;177;202;159;104;58;52;57)
seed_27_level_6-4,1857,51021.87766337395,73053971,15006,(270;58;52;167;201;57;253;53;61;74;89;90;202;274;73;52;53;201;93;58;93;52;52;55;212;73;201;211;55;243;74;73;74;201;52;53;52;75;52;52;75;52;159;224;52;88;52;90;201;74;75;218;53;63;52;74;212;52;176;88;52;90;201;58;44;202;88;55;55;267;86;91;201;52;234;58;53;86;54;53;52;52;201;201;52;74;53;412;232;243;53;73;52;75;42;52;58;52;58;210;57;52;201;274;52;231;52;52;199;58;93;52;89;202;202;90;234;52;107;231;52;53;233;61;97;199;56;230;53;270;43;90;57;94;58;50;53;272;98;241;55;58;108;53;201;78;52;159;107;52)
