seed_12_level_6-4,557,458.8873975276947,448766,150,(100;100;58;54;100;100;52;100;100;52;54;52;52;100;100;55;52;100;52;56;100;100;57;100;100;86;54;100;100;54;52;100;52;54;100;86;100;100;62;93;52;57;53;100;57;94;100;81;55;57;53;100;52;57;100;52;100;52;100;89;75;55;60;100;60;100;52;75;52;57;65;100;62;55;58;100;56;62;88;54;100;100;107;100;53;56;58;75;77;150;52;100;100;53;62;72;53;53;57;53;62;53;52;100;63;52;100;52;52;100;100;52;53;100;57;100;93;53;58;100;52;54;62;86;52;54;52;100;61;100;53;100;100;100;68;98;93;100;52;52;100;100;100;58;53;57;56;52;100;56)
seed_12_level_6-4,557,912.0556640625,960816,300,(100;100;100;100;100;100;100;100;100;100;100;100;100;100;100;100;100;100;100;100;100;100;100;100;100;100;100;100;100;100;100;100;100;100;100;100;100;100;100;100;100;100;100;100;100;100;100;100;100;100;100;62;57;57;53;57;57;56;59;53;57;62;53;62;53;52;55;56;52;60;60;54;57;53;58;53;56;53;71;56;56;52;54;53;62;53;56;73;52;52;52;53;54;52;52;53;52;52;52;53;52;52;54;52;52;52;58;52;52;52;54;54;53;52;52;52;52;54;53;54;52;52;58;53;53;52;150;58;58;75;62;61;61;53;63;62;75;80;393;66;56;86;73;87;59;107;98;82;93;90)
seed_12_level_6-4,557,1355.5369625091553,1400783,450,(100;100;100;100;100;100;100;100;100;100;100;100;100;100;100;100;100;100;100;100;100;100;100;100;100;100;100;100;100;100;100;100;100;100;100;100;100;100;100;100;100;100;100;100;100;100;100;100;100;100;100;63;57;57;57;53;56;59;57;62;53;62;53;52;56;57;52;60;58;54;57;53;55;58;56;53;58;53;53;53;53;52;55;54;59;56;73;52;52;52;55;54;52;52;54;52;52;52;53;52;52;53;52;52;52;52;52;52;53;54;53;52;52;52;52;54;54;53;52;52;58;56;53;53;68;57;84;52;150;58;58;75;62;61;61;62;59;91;62;76;87;73;79;93;86;88;63;98;93;93)
seed_12_level_6-4,557,1811.2346687316895,1842307,600,(100;100;100;100;100;100;100;100;100;100;100;100;100;100;100;100;100;100;100;100;100;100;100;100;100;100;100;100;100;100;100;100;100;100;100;100;100;100;100;100;100;100;100;100;100;100;100;100;100;56;100;63;57;57;57;56;59;57;56;53;62;53;62;53;52;58;57;52;60;54;57;54;56;58;53;56;53;75;56;56;71;53;52;55;53;53;73;52;52;52;59;55;54;52;52;53;52;52;52;54;52;52;54;52;52;52;52;52;52;54;53;54;52;52;52;52;53;54;53;52;52;58;88;57;53;57;52;150;58;58;75;62;61;61;65;59;63;90;65;53;86;77;90;86;88;98;78;93;93;107)
seed_12_level_6-4,557,2260.9160945415497,2289221,750,(100;100;100;100;100;100;100;100;100;100;100;100;100;100;100;100;100;100;100;100;100;100;100;100;100;100;100;100;100;100;100;100;100;100;100;100;100;100;100;100;100;100;100;100;100;100;100;100;100;100;62;56;57;57;57;56;59;57;56;57;53;62;53;62;53;52;60;56;52;60;54;57;53;55;58;58;56;53;56;53;56;53;52;54;54;72;52;52;52;59;58;54;52;52;53;52;52;52;53;52;52;53;52;52;52;52;52;52;53;54;54;52;52;52;52;54;54;54;52;52;58;53;68;53;52;53;150;58;58;84;62;61;61;75;60;150;64;74;80;56;87;90;86;78;86;87;98;93;93;79)
seed_12_level_6-4,557,2717.9105229377747,2730522,900,(100;100;100;100;100;100;100;100;100;100;100;100;100;100;100;100;100;100;100;100;100;100;100;100;100;100;100;100;100;100;100;100;100;100;100;100;100;100;100;100;100;100;100;100;100;100;100;100;100;100;62;56;57;57;57;56;59;57;56;53;62;53;62;53;52;58;57;52;60;54;57;54;56;58;56;53;53;53;71;55;56;56;52;55;53;72;52;52;52;58;59;53;52;52;53;52;52;52;53;52;52;53;52;52;52;52;52;52;54;54;53;52;52;52;52;54;54;53;52;52;58;94;53;53;53;52;98;150;58;58;62;61;62;75;59;79;63;75;62;66;78;79;90;86;86;87;98;93;76;93)
seed_12_level_6-4,561,3164.19224691391,3176979,1050,(100;100;100;100;100;100;100;100;100;100;100;100;100;100;100;100;100;100;100;100;100;100;100;100;100;100;100;100;100;100;100;100;100;100;100;100;100;100;100;100;100;100;100;100;100;100;100;100;100;100;63;56;57;57;57;56;58;57;55;62;53;62;53;52;58;56;52;60;54;57;53;58;58;56;53;56;53;55;53;53;52;55;54;72;52;52;52;55;59;54;52;52;53;52;52;52;53;52;52;54;52;52;52;52;52;52;54;53;54;52;52;52;52;53;54;54;52;52;58;57;71;53;57;57;52;150;58;58;81;62;61;61;53;59;106;90;88;75;78;77;62;98;110;76;73;86;87;96;98;93)
seed_12_level_6-4,561,3607.8006312847137,3616112,1200,(100;100;100;100;100;100;100;100;100;100;100;100;100;100;100;100;100;100;100;100;100;100;100;100;100;100;100;100;100;100;100;100;100;100;100;100;100;100;100;100;100;100;100;100;100;100;100;100;100;100;63;56;57;57;57;56;59;57;53;53;57;62;53;62;53;52;60;55;57;52;60;54;57;53;58;58;56;53;56;56;53;53;56;53;52;55;53;73;52;52;52;58;59;53;52;52;54;52;52;52;54;52;52;53;52;52;52;52;52;52;53;53;54;52;52;52;52;53;54;53;52;52;58;68;57;52;150;58;58;62;61;62;64;59;75;75;73;93;78;88;85;110;86;87;93;98;62;93;63;56)
seed_12_level_6-4,561,4056.084091901779,4054935,1350,(100;100;100;100;100;100;100;100;100;100;100;100;100;100;100;100;100;100;100;100;100;100;100;100;100;100;100;100;100;100;100;100;100;100;100;100;100;100;100;100;100;100;100;100;100;100;100;100;100;100;62;56;57;57;57;56;58;57;53;53;62;53;62;53;52;60;56;57;52;60;54;57;54;58;53;58;53;56;56;53;71;56;56;53;52;55;54;73;52;52;52;58;62;54;52;52;53;52;52;52;53;52;52;54;52;52;52;52;52;52;54;53;53;52;52;52;52;53;53;54;52;52;58;80;57;53;52;150;58;58;77;62;61;61;59;76;75;62;89;73;53;80;87;86;87;98;90;96;93;79)
seed_12_level_6-4,561,4501.865467786789,4507257,1500,(100;100;100;100;100;100;100;100;100;100;100;100;100;100;100;100;100;100;100;100;100;100;100;100;100;100;100;100;100;100;100;100;100;100;100;100;100;100;100;100;100;100;100;100;100;100;100;100;100;100;63;56;57;57;57;56;59;57;55;57;62;53;62;53;52;58;56;52;60;54;57;54;56;55;58;56;53;53;56;56;56;53;52;55;54;73;52;52;52;58;59;53;52;52;54;52;52;52;54;52;52;53;52;52;52;52;52;52;54;53;53;52;52;52;52;54;53;53;52;52;58;57;53;71;53;52;53;150;58;58;62;61;62;75;86;63;175;86;65;80;94;80;78;86;88;98;93;93;87;75)
seed_12_level_6-4,561,4944.426859140396,4949644,1650,(100;100;100;100;100;100;100;100;100;100;100;100;100;100;100;100;100;100;100;100;100;100;100;100;100;100;100;100;100;100;100;100;100;100;100;100;100;100;100;100;100;100;100;100;100;100;100;100;100;100;63;56;57;57;57;56;59;57;57;57;62;53;62;53;52;60;56;57;52;60;54;57;54;56;58;53;53;56;56;55;53;53;53;52;55;54;72;52;52;52;55;62;53;52;52;54;52;52;52;54;52;52;53;52;52;52;52;52;52;53;53;54;52;52;52;52;54;53;54;52;52;58;53;68;57;52;98;150;58;58;77;62;61;61;63;62;77;93;80;80;91;56;73;102;86;87;98;93;75;93)
seed_12_level_6-4,561,5394.6930730342865,5394003,1800,(100;100;100;100;100;100;100;100;100;100;100;100;100;100;100;100;100;100;100;100;100;100;100;100;100;100;100;100;100;100;100;100;100;100;100;100;100;100;100;100;100;100;100;100;100;100;100;100;100;100;63;100;57;57;57;56;59;57;53;53;56;57;62;53;62;53;52;60;57;52;60;54;57;53;56;58;56;75;56;53;53;68;53;53;53;52;54;53;73;52;52;52;62;55;53;52;52;53;52;52;52;53;52;52;54;52;52;52;52;52;52;54;53;54;52;52;52;52;53;53;53;52;52;58;94;53;52;150;58;58;62;61;62;75;79;62;78;63;59;90;79;85;78;86;87;93;98;93;90;73)
seed_12_level_6-4,561,5841.150788068771,5841811,1950,(100;100;100;100;100;100;100;100;100;100;100;100;100;100;100;100;100;100;100;100;100;100;100;100;100;100;100;100;100;100;100;100;100;100;100;100;100;100;100;100;100;100;100;100;100;100;100;100;100;56;100;62;57;57;57;56;58;57;56;57;62;53;62;53;52;60;56;52;60;54;57;54;55;58;58;53;56;53;71;53;56;53;52;54;53;73;52;52;52;59;58;54;52;52;54;52;52;52;53;52;52;54;52;52;52;52;52;52;54;53;54;52;52;52;52;54;54;53;52;52;58;53;57;57;52;150;58;58;75;62;61;61;53;59;150;74;77;73;53;76;93;75;90;80;86;88;90;93;98;93)
seed_12_level_6-4,561,6291.221494913101,6291158,2100,(100;100;100;100;100;100;100;100;100;100;100;100;100;100;100;100;100;100;100;100;100;100;100;100;100;100;100;100;100;100;100;100;100;100;100;100;100;100;100;100;100;100;100;100;100;100;100;100;100;100;63;100;57;57;57;56;58;57;56;57;57;57;62;53;62;53;52;60;57;52;60;54;57;53;56;58;53;56;53;56;75;53;53;56;52;55;54;73;52;52;52;58;59;54;52;52;53;52;52;52;54;52;52;54;52;52;52;52;52;52;54;54;53;52;52;52;52;53;54;53;52;52;58;68;53;52;98;150;58;58;84;62;61;62;59;63;90;61;78;102;64;91;91;79;86;88;90;98;93;93)
seed_12_level_6-4,561,6744.290481328964,6745800,2250,(100;100;100;100;100;100;100;100;100;100;100;100;100;100;100;100;100;100;100;100;100;100;100;100;100;100;100;100;100;100;100;100;100;100;100;100;100;100;100;100;100;100;100;100;100;100;100;100;100;56;100;63;57;57;57;56;58;57;55;57;57;57;62;53;62;53;52;58;56;52;60;54;57;53;55;58;58;56;56;56;68;56;53;53;52;54;53;73;52;52;52;55;59;53;52;52;54;52;52;52;53;52;52;54;52;52;52;52;52;52;54;53;53;52;52;52;52;53;54;54;52;52;58;53;52;150;58;58;62;61;62;75;59;74;62;171;75;91;90;98;90;91;78;86;87;63;93;98;93;73)
seed_12_level_6-4,939,7199.7076280117035,7211007,2400,(100;100;100;100;100;100;100;100;100;100;100;100;100;100;100;100;100;100;100;100;100;100;100;100;100;100;100;100;100;100;100;100;100;100;100;100;100;100;100;100;100;100;100;100;100;100;100;100;100;100;62;56;57;57;57;56;58;57;57;53;57;62;53;62;53;52;58;56;56;52;60;54;57;53;56;58;56;71;53;56;53;53;56;53;52;55;53;73;52;52;52;58;62;53;52;52;54;52;52;52;53;52;52;54;52;52;52;52;52;52;54;54;54;52;52;52;52;53;53;54;52;52;58;57;52;150;58;58;75;62;61;62;75;65;59;63;176;63;86;161;87;110;81;90;90;86;88;81;98;93)
seed_12_level_6-4,1187,7665.232039451599,7695339,2557,(100;73;100;100;100;52;100;100;100;68;100;52;100;100;100;53;100;100;53;56;60;67;52;59;57;61;61;53;59;57;55;100;53;54;56;100;100;57;63;56;59;57;57;53;53;59;81;57;63;62;79;57;53;57;57;57;59;53;52;71;51;100;57;100;75;100;52;53;84;62;69;100;68;100;64;59;75;58;52;99;63;100;57;56;74;218;233;53;100;55;100;100;93;88;60;63;58;58;98;100;100;60;100;57;81;59;77;100;100;65;86;52;52;56;53;51;74;65;77;53;59;88;100;64;88;57;65;68;53;60;100;100;67;100;56;54;57;52;91;53;93;53;53;87;88;100;104;90;55;57;56;100;100;100;98;56;100)
seed_12_level_6-4,1187,8115.662157058716,8136210,2709,(100;100;100;68;100;100;52;100;100;53;57;53;53;100;56;100;52;100;52;63;92;53;90;57;57;50;79;62;100;93;59;100;100;60;65;57;58;57;100;98;52;52;59;104;57;53;57;54;53;53;57;86;56;53;52;87;59;51;96;100;61;100;55;62;100;100;53;59;53;100;100;55;86;100;77;100;59;77;100;68;78;150;84;100;100;100;52;53;59;77;52;64;53;57;100;64;57;81;54;84;100;59;62;54;100;78;100;100;88;91;51;56;56;100;86;53;57;58;88;53;90;77;57;52;93;74;76;58;55;58;100;88;64;68;54;78;55;82;62;58;112;54;105;100;58;63;100;52;57;52;58;100)
seed_12_level_6-4,1187,8536.557518720627,8495665,2853,(100;68;53;52;56;56;56;100;52;52;52;54;97;53;52;52;100;65;117;56;100;60;52;100;53;100;57;63;57;53;58;52;52;53;57;53;59;100;53;53;95;69;55;100;58;58;100;77;100;57;57;61;57;100;90;53;56;67;59;53;54;55;93;60;100;59;56;100;53;60;78;58;57;54;100;65;100;63;61;100;100;69;64;76;53;55;52;52;100;100;86;54;75;57;100;57;53;78;88;54;52;96;52;57;53;57;53;52;74;98;58;80;92;90;100;52;63;86;53;60;88;57;52;54;53;52;61;88;100;57;59;57;100;59;100;75;53;76;69;87;52;53;53;53)
seed_12_level_6-4,1187,8975.762540578842,8886599,3005,(56;52;52;58;91;100;57;58;53;64;56;100;92;67;58;53;100;67;79;53;53;73;109;53;64;89;57;56;53;100;98;53;77;90;56;63;58;54;135;100;61;100;92;54;57;100;55;57;57;52;100;52;57;53;53;66;90;100;52;100;58;94;100;52;52;100;57;52;52;78;52;74;90;90;56;58;150;76;59;52;53;52;54;86;54;74;57;52;53;69;57;57;100;79;100;65;100;100;100;52;83;90;63;55;57;52;62;51;54;52;57;88;53;58;55;54;53;57;55;52;53;100;88;53;49;53;57;58;100;100;86;88;63;100;76;52;63;50;53;55;52;90;57;53;86;52;59;59;88;88;76;57)
seed_12_level_6-4,1187,9416.667919874191,9267146,3156,(94;67;52;63;61;57;79;52;100;52;53;58;56;52;100;53;100;53;52;53;57;100;52;83;75;100;100;68;99;100;100;52;100;52;100;52;88;62;57;100;53;75;107;56;100;100;53;75;62;88;52;54;54;53;87;54;54;54;96;100;100;54;56;58;59;104;100;57;58;62;59;53;75;52;58;74;57;55;53;79;52;86;52;74;57;87;53;52;52;53;74;53;114;77;53;52;100;57;57;87;88;60;52;52;56;58;57;77;51;61;49;49;49;76;52;76;90;79;52;56;52;100;59;87;110;73;57;52;53;57;100;55;90;53;65;90;53;92;53;90;56;88;102;63;51;57;57;90;55;57;58)
seed_12_level_6-4,1187,9835.190236568451,9633266,3301,(52;100;53;54;53;54;55;57;71;100;60;100;100;100;79;52;56;52;53;52;54;79;52;100;64;59;100;63;52;91;100;100;53;52;52;100;58;90;64;52;53;52;57;63;92;54;59;52;52;100;61;79;52;53;57;53;57;100;53;57;78;52;106;150;55;51;100;53;54;63;57;53;55;57;57;100;53;63;55;53;57;52;52;53;72;53;79;100;66;56;100;88;100;58;100;89;76;52;52;52;56;52;52;91;100;52;104;52;57;53;86;49;103;50;76;56;76;89;106;88;57;59;57;78;100;62;88;88;52;52;53;52;88;52;53;77;52;59;63;56;53;88;100;55;100)
seed_12_level_6-4,1187,10273.315404891968,9999083,3454,(79;100;54;52;56;100;117;52;53;100;55;76;52;54;110;100;54;52;54;90;52;52;88;52;68;52;63;57;52;53;100;59;80;58;62;53;53;52;53;56;53;54;77;100;62;52;100;100;100;87;61;53;53;55;57;53;53;54;52;52;57;53;75;54;57;52;94;52;53;52;52;52;90;52;100;63;55;57;53;53;53;57;88;56;54;73;75;54;57;100;62;100;100;100;62;76;49;52;50;52;52;73;52;53;87;49;49;105;58;52;100;96;74;58;76;52;53;75;88;53;57;61;53;57;88;57;90;110;58;90;57;57;90;54;57;54;57;100;52;136;61;73;87;53;84;58;88;73;50;52;52;75;52)
seed_12_level_6-4,1199,10726.166631221771,10407836,3609,(75;91;53;52;100;52;52;53;100;88;53;57;57;100;86;100;100;52;76;100;53;100;100;100;53;57;56;57;52;59;52;100;57;52;52;53;59;56;60;77;51;59;100;58;57;104;100;52;55;67;100;100;52;52;57;75;53;79;58;76;100;58;74;109;52;100;57;52;100;75;54;59;53;54;76;53;54;57;53;74;52;53;59;52;53;53;74;53;56;52;88;100;93;86;53;56;59;53;175;63;52;52;55;73;55;75;52;86;56;100;52;53;56;53;51;223;100;54;57;53;100;54;53;52;53;54;116;111;62;53;56;53;57;52;57;100;100;53;57;55;53;86;58;57;52;57;52;71;63;52;86;100;73;52;75)
seed_12_level_6-4,1199,11176.320284128189,10830300,3761,(77;100;53;57;66;100;54;150;52;56;100;52;57;52;52;54;61;57;56;66;71;100;100;100;52;100;100;86;86;53;54;100;55;92;52;59;100;88;63;59;60;58;89;51;100;87;52;94;52;64;59;59;76;100;53;54;90;112;60;57;56;100;54;100;100;52;79;55;53;90;57;83;74;52;100;100;56;86;86;53;51;51;52;86;52;52;52;86;74;74;52;52;53;53;59;52;56;57;55;69;92;100;59;60;52;53;58;75;75;89;92;86;64;86;88;57;53;67;52;54;52;88;62;55;146;70;100;52;59;198;100;59;52;57;55;75;53;150;91;77;52;57;52;100;52;65;55;55;57;53;53;77)
seed_12_level_6-4,1199,11618.642048120499,11200724,3913,(76;100;100;100;100;52;52;62;100;52;100;57;203;75;61;67;55;52;52;55;53;52;55;52;61;52;89;54;52;80;52;60;54;59;150;94;78;100;57;52;53;67;57;52;58;58;100;91;88;52;63;53;57;86;62;55;55;52;74;88;52;59;52;58;100;52;58;74;63;73;52;62;56;53;57;57;56;59;52;87;53;86;52;57;52;69;51;56;55;87;54;54;52;53;92;52;56;53;71;150;57;54;73;80;53;52;58;52;52;55;53;100;64;63;86;51;86;52;53;90;77;53;49;52;52;86;76;81;52;52;92;55;100;75;53;79;52;52;76;55;74;53;74;58;112;53;60;53;52;74;54;62)
seed_12_level_6-4,1199,12043.097307682037,11558688,4060,(78;52;55;52;53;56;88;100;100;69;53;62;100;93;61;53;79;52;52;52;52;52;100;53;53;52;52;75;53;52;100;52;58;53;74;52;52;52;73;52;56;55;53;52;52;52;52;74;89;100;52;54;52;76;78;55;52;52;51;88;100;100;55;52;56;100;100;86;100;53;90;53;52;81;53;52;89;55;53;88;55;92;51;86;53;74;62;57;91;52;52;91;52;57;91;75;100;100;73;86;103;52;100;53;88;55;56;64;58;74;59;100;53;53;53;54;59;52;100;59;53;74;53;105;56;52;52;86;53;87;52;52;52;100;52;90;87;63;88;100;81;88;56;54;52;75;78)
seed_12_level_6-4,1199,12475.82326412201,11954237,4209,(91;53;54;76;59;57;53;54;52;57;52;52;52;53;100;52;52;52;52;88;53;62;52;53;100;54;55;89;102;74;53;60;100;53;64;53;52;54;57;54;52;105;53;57;49;78;57;62;69;53;52;60;53;150;100;100;62;52;53;74;52;54;105;100;52;52;52;94;73;52;74;52;52;78;53;89;100;52;100;58;73;52;52;73;56;56;100;53;55;100;57;100;94;100;62;86;86;100;52;63;53;54;52;63;52;53;53;52;90;78;91;55;107;100;52;74;150;54;74;53;91;52;57;88;63;92;62;57;88;58;56;104;93;52;88;90;79;57;56;88;75;88;163;90;107;58;58;58;88)
seed_12_level_6-4,1199,12892.84250330925,12316612,4356,(150;53;57;88;92;100;61;52;52;52;52;52;52;52;52;73;100;55;53;100;53;52;74;100;87;76;75;53;53;93;53;54;52;54;52;60;58;86;52;53;56;92;100;58;93;52;52;52;89;87;54;54;88;53;78;52;52;55;54;53;52;79;57;53;54;53;53;93;55;52;94;56;88;57;57;54;56;60;87;53;56;52;74;52;52;53;54;52;100;53;52;53;53;74;56;54;96;56;88;100;65;52;53;58;91;201;52;54;55;53;60;52;100;56;100;52;53;100;88;69;100;58;69;57;53;89;100;52;57;53;61;57;93;58;57;57;53;64;56;57;79;75;106;88;65;75;91)
seed_12_level_6-4,1199,13326.205841779709,12704850,4503,(74;52;74;78;76;53;52;54;62;77;52;75;52;53;52;52;100;52;53;86;86;88;53;100;90;100;83;74;56;82;57;89;91;53;59;55;52;57;62;63;61;52;93;99;52;56;73;55;88;76;53;74;92;60;52;52;56;53;56;60;52;56;90;82;54;80;73;53;75;90;58;78;55;55;54;87;52;86;52;53;56;73;57;53;52;57;88;76;87;60;52;61;54;89;52;55;59;53;92;56;56;150;100;53;200;56;108;54;75;52;52;53;52;52;52;52;57;100;100;100;74;88;56;58;100;56;56;54;54;89;87;55;150;106;108;90;56;53;56;59;88;74;52;88;89;65;57)
seed_12_level_6-4,1199,13755.881873369217,13117597,4650,(75;52;100;75;52;52;52;75;74;73;76;52;53;53;54;53;100;57;91;61;57;93;79;53;76;95;88;79;53;89;53;55;52;100;100;53;100;100;64;85;89;100;62;52;88;55;87;56;52;87;52;91;54;61;100;53;106;62;100;124;56;73;87;54;52;65;200;86;54;52;53;55;74;52;63;56;54;58;58;52;90;90;63;75;63;75;100;67;61;75;63;110;56;77;203;100;64;79;68;52;53;51;53;73;108;100;54;52;59;88;52;53;57;57;61;57;53;75;76;54;61;75;87;87;53;57;53;54;88;54;54;53;73;92;88;58;100;104;59;57;100;56;87;57;56;55;57)
seed_12_level_6-4,1199,14192.051496744156,13511134,4798,(76;53;57;54;52;52;53;52;54;55;89;58;57;62;53;88;96;53;54;100;100;88;100;100;53;100;56;57;100;100;61;100;64;100;87;59;54;87;52;88;89;57;52;89;76;89;52;100;77;59;53;54;53;53;59;52;54;53;53;57;53;53;52;92;57;100;57;59;52;93;58;88;58;62;57;57;74;76;100;100;90;100;53;55;58;53;53;100;53;88;57;53;54;77;73;74;94;87;88;86;52;52;52;54;104;95;53;53;55;65;56;76;76;52;58;63;58;53;76;100;57;100;100;53;53;100;74;87;52;100;100;74;79;95;92;52;75;100;72;88;75;57;75;104;53;92;53;93)
seed_12_level_6-4,1199,14618.399188756943,13911930,4949,(58;57;105;100;56;100;53;75;124;100;100;100;90;100;56;52;90;100;104;73;59;100;56;86;73;76;52;52;54;58;52;57;53;57;56;56;53;57;77;54;54;53;52;58;52;88;53;53;54;100;53;54;91;91;100;54;54;67;88;58;54;54;55;54;78;90;95;100;53;90;56;150;62;53;52;88;100;52;56;100;95;115;100;56;56;77;75;60;90;58;55;56;61;63;89;61;91;52;89;86;53;89;76;121;53;51;88;76;53;53;52;59;54;76;52;87;75;100;59;59;61;52;78;86;52;52;87;52;53;52;53;74;52;75;100;57;106;52;57;75;77;57;57;57;55;91;53;75;63;55;63)
seed_12_level_6-4,1199,15058.281183719635,14309421,5100,(107;100;100;100;61;100;100;56;61;100;59;57;100;76;56;52;88;53;56;52;58;57;53;100;55;89;55;53;86;57;88;76;88;53;54;73;100;58;83;86;96;53;56;90;100;71;75;100;88;52;57;55;100;87;52;61;55;89;100;76;79;54;66;53;67;61;53;74;51;73;95;77;52;52;79;58;53;56;88;104;52;90;75;74;74;92;61;93;90;57;102;89;59;57;106;55;54;102;73;52;53;73;80;52;52;52;57;67;52;81;52;76;62;73;92;104;58;56;92;62;53;81;56;106;64;52;79;91;56;57;107;57;91;68;73;50;64;50;55;59;56;57;53;54;57;88;51;75;58;51;51)
seed_12_level_6-4,1199,15488.911839962006,14680696,5250,(70;67;69;62;63;62;90;58;52;53;100;107;56;58;54;59;54;54;53;55;100;53;57;55;74;81;60;87;53;73;82;58;100;77;58;100;62;77;82;100;100;53;86;100;59;97;52;59;57;76;90;57;62;98;52;77;53;58;122;57;57;63;92;58;62;74;60;57;90;69;54;83;54;53;63;100;89;100;53;100;100;100;88;92;77;60;52;73;83;73;53;52;52;86;58;52;52;53;57;90;52;53;59;52;52;56;79;52;53;86;92;52;52;56;107;56;59;57;64;56;53;59;58;56;53;74;56;66;61;90;71;75;74;91;76;53;58;65;59;88;90;88;59;76;56;58;57;53;63;53)
seed_12_level_6-4,1199,15918.291381597519,15111002,5400,(90;86;57;100;100;100;57;89;100;57;150;54;100;107;54;73;65;100;88;53;69;100;100;57;57;60;57;100;62;61;56;75;53;90;121;62;53;86;89;58;58;53;93;88;88;86;201;65;107;79;88;52;59;62;53;90;54;69;100;53;59;58;86;56;88;55;52;75;88;59;103;88;53;88;54;74;90;75;52;56;90;52;53;90;55;70;58;100;100;52;52;56;57;88;83;59;78;63;63;86;52;61;53;86;69;53;59;73;73;72;55;88;75;57;52;54;63;75;61;101;53;57;60;61;92;57;57;57;75;99;63;57;88;56;93;91;77;63;97;56;91;57;91;52;58;57;73;57;57;86)
seed_12_level_6-4,1330,16346.422470092773,15536723,5550,(85;96;100;87;94;100;52;100;100;59;100;57;75;57;72;53;57;57;88;57;100;53;57;92;57;100;54;53;100;77;53;55;56;76;54;52;90;90;53;75;57;57;56;54;67;54;59;104;57;57;57;53;75;59;97;60;217;53;93;53;57;63;56;70;53;89;100;54;100;52;52;73;53;88;52;100;52;52;86;61;52;75;88;76;75;57;57;57;75;88;56;57;57;57;57;57;57;57;54;75;86;52;106;86;74;86;56;56;57;56;52;52;51;90;74;281;55;60;52;77;73;62;88;52;53;53;63;57;52;94;80;82;73;61;78;58;57;54;52;54;90;73;53;73;86;64;57;87;87;86)
seed_12_level_6-4,1330,16780.70201921463,15958665,5698,(99;100;54;59;55;94;53;90;54;54;53;92;56;62;59;53;53;53;53;85;49;100;54;88;57;100;57;55;56;53;57;57;104;57;59;61;52;52;73;53;53;55;52;52;52;80;100;75;73;76;90;57;57;73;63;93;57;57;86;75;88;73;75;63;57;89;115;67;58;57;62;56;55;56;76;59;59;52;87;54;56;51;200;53;57;53;62;72;57;112;65;70;53;53;104;56;57;74;52;86;92;52;52;52;97;74;63;79;63;51;60;52;104;201;55;53;93;55;59;89;66;60;73;52;73;60;75;79;82;79;168;54;58;58;160;57;57;52;53;94;57;52;52;53;57;219;104;63)
seed_12_level_6-4,1330,17227.599417448044,16393192,5850,(75;56;53;95;100;57;57;93;64;75;56;94;94;94;98;100;52;57;100;54;100;53;59;88;54;65;53;78;53;58;52;56;88;89;51;60;79;115;53;73;76;68;55;69;53;53;53;53;52;83;90;53;52;73;59;100;88;60;52;52;61;74;57;62;57;215;52;64;106;59;100;52;60;57;56;57;53;100;150;114;52;74;92;53;52;56;56;53;86;74;88;57;60;52;51;63;74;88;75;53;88;74;75;75;75;76;64;53;74;100;59;77;88;53;88;59;58;52;54;74;76;88;206;52;106;101;74;52;74;52;100;52;52;93;97;52;57;63;57;57;140;58;58;57;57;52;52;57;88;74;53;88)
seed_12_level_6-4,1330,17662.007684230804,16800998,5999,(92;100;59;55;54;100;88;60;58;68;100;93;57;62;93;53;88;59;80;55;57;88;57;90;75;58;90;59;53;55;58;100;53;93;56;56;53;90;59;59;79;59;73;53;56;55;77;53;76;100;60;121;59;100;53;52;52;53;60;57;100;93;52;52;89;92;76;53;56;53;100;90;52;90;52;92;52;53;52;74;73;64;90;57;98;57;57;62;78;57;57;52;57;58;75;57;100;53;58;202;55;55;61;53;104;56;53;94;60;56;60;88;94;100;88;53;101;53;100;100;73;57;100;57;100;54;100;100;88;57;79;57;73;68;82;49;58;53;76;73;59;66;55;89;73;54;112;63;66)
seed_12_level_6-4,1330,18103.667122125626,17243920,6150,(90;100;75;52;100;88;88;73;55;58;66;62;55;95;59;53;58;54;100;53;54;100;59;54;95;92;59;150;100;100;56;93;60;56;100;100;88;88;124;52;76;58;75;77;55;58;52;57;52;57;59;56;75;53;162;100;56;58;57;56;88;100;55;52;77;112;55;53;123;56;86;62;58;94;91;57;68;53;53;73;73;52;53;74;90;88;58;59;57;53;76;57;62;59;53;57;57;57;94;87;56;90;53;61;53;100;63;90;58;58;95;57;57;87;58;58;112;73;77;78;73;100;62;86;116;94;80;57;82;100;95;66;71;94;91;53;61;66;62;100;100;56;53;90;115;56;53;101;100;100;69)
seed_12_level_6-4,1377,18543.87772011757,17726134,6300,(95;100;100;100;100;95;100;88;91;90;100;90;57;58;100;57;57;57;57;57;57;57;53;53;61;100;87;150;53;87;54;150;54;69;56;100;76;67;88;73;75;57;53;89;100;62;57;57;67;57;57;57;53;68;53;58;53;288;59;66;75;74;53;77;53;53;100;90;62;88;53;57;86;88;73;57;52;86;73;52;66;99;52;102;52;63;52;73;201;52;73;59;57;56;88;115;57;73;90;53;75;60;52;76;52;53;53;57;60;57;60;68;86;52;104;57;57;90;77;57;53;75;57;58;52;57;52;104;53;58;54;124;75;100;74;61;53;239;62;87;53;63;86;61;58;96;63;79;62;52)
seed_12_level_6-4,1377,18970.85466861725,18139357,6447,(96;100;93;100;79;53;59;91;60;100;90;57;57;76;100;62;53;56;57;56;53;78;62;76;57;61;91;53;57;76;77;56;76;57;58;87;100;100;53;53;53;53;53;88;57;53;53;55;53;53;108;57;93;57;61;100;88;93;53;91;93;100;65;58;53;53;99;65;53;52;90;90;66;52;100;59;56;91;52;60;57;74;100;56;124;100;67;89;64;95;74;53;79;100;67;74;88;57;107;53;52;75;75;52;54;57;59;57;53;90;90;53;68;73;55;61;77;76;59;114;51;91;90;86;100;58;98;94;112;52;201;53;58;88;55;56;58;55;56;53;73;56;95;93;52;58;57)
seed_12_level_6-4,1377,19415.859758615494,18636969,6598,(88;100;100;75;100;56;104;100;53;53;55;100;150;54;100;98;59;59;59;58;58;100;100;58;59;78;100;52;99;77;78;100;70;66;57;59;76;57;52;57;100;100;66;77;62;58;60;57;88;53;57;58;62;57;63;91;57;100;159;73;59;75;52;93;53;53;89;53;53;57;57;57;100;62;68;53;90;53;90;57;53;54;53;91;53;91;100;88;87;90;100;54;57;100;106;75;63;52;74;53;55;100;52;53;53;56;75;78;329;57;98;53;83;104;74;93;51;55;66;57;56;100;100;53;99;75;63;78;77;53;115;100;162;74;74;57;74;90;114;56;58;90;58;55;91;57;53;114;58;53;56)
seed_12_level_6-4,1377,19860.85813307762,19104692,6750,(97;79;59;87;57;56;93;100;56;100;94;59;56;62;151;75;58;90;55;60;54;57;57;59;56;57;57;61;57;57;75;59;88;53;124;57;64;76;57;57;73;57;52;75;57;57;101;57;100;98;52;61;100;150;104;57;100;60;91;73;51;65;90;52;52;52;56;89;52;91;57;57;57;201;53;61;58;57;91;89;76;57;63;53;80;57;57;57;88;91;89;90;89;100;52;212;104;70;61;99;64;240;74;74;93;52;131;75;89;83;53;53;53;56;56;57;55;53;55;53;55;56;53;56;100;89;92;56;111;88;56;53;56;53;57;88;88;90;59;74;56;58;53;56;93;52;56;56;56;89;63;53)
seed_12_level_6-4,1377,20306.818450689316,19567792,6901,(95;82;106;57;77;82;63;87;58;102;150;52;90;90;92;100;77;100;74;100;90;79;59;57;57;58;53;55;57;88;90;53;58;57;57;63;59;100;77;93;52;100;100;63;100;62;66;100;86;100;113;100;86;59;56;123;100;100;59;75;59;57;53;91;56;56;59;57;57;59;57;53;65;57;52;88;53;70;52;101;53;89;57;58;57;58;91;52;56;90;88;59;73;52;90;52;54;101;52;56;58;57;104;57;100;64;57;93;96;57;55;53;88;106;81;58;57;57;55;54;88;90;58;74;87;73;75;53;75;52;52;87;88;57;68;207;73;92;57;62;75;208;85;107;52;53;53;53;88;88;75)
seed_12_level_6-4,1377,20747.286906957626,20059645,7049,(89;52;100;51;93;52;59;62;53;99;55;73;91;79;62;89;56;87;76;55;57;57;93;56;57;59;79;57;100;59;88;57;52;79;58;59;74;88;57;53;88;57;52;91;88;53;62;52;57;64;58;50;100;53;57;88;122;73;53;73;231;90;58;90;59;58;88;58;90;101;57;55;90;93;74;53;74;77;59;58;60;150;100;70;100;52;100;100;52;100;74;100;53;96;104;105;71;89;57;106;56;53;100;52;76;88;100;108;74;78;94;202;55;100;88;199;68;74;74;57;87;93;88;58;68;89;92;81;86;100;64;92;57;92;54;106;53;58;57;91;53;74;62;53;93;88;66;88)
seed_12_level_6-4,1377,21192.75719022751,20631403,7197,(104;100;90;88;55;100;83;100;57;57;75;52;59;53;57;75;61;90;86;88;66;56;62;53;59;80;52;77;57;77;93;56;95;77;57;52;87;116;57;57;75;100;57;57;53;52;74;57;61;59;62;57;70;53;92;115;59;106;55;211;100;55;92;88;86;60;107;100;49;82;96;57;90;87;107;60;57;86;93;94;59;200;57;53;63;89;54;93;116;241;91;96;202;57;68;53;158;54;94;74;57;53;201;75;100;75;52;76;52;66;99;90;100;91;100;53;55;100;76;76;200;74;107;74;56;58;90;77;202;57;86;97;74;52;90;103;56;52;58;116;52;58;90;56;61;53;90;88)
seed_12_level_6-4,1377,21627.730298519135,21094253,7346,(75;57;91;60;76;57;57;90;88;76;86;53;53;80;57;56;100;90;53;53;57;59;53;54;93;58;74;52;54;100;100;75;52;77;57;88;57;57;53;63;55;57;56;88;57;57;53;53;58;57;57;57;61;74;100;53;86;86;52;74;55;73;53;100;115;57;97;116;79;55;67;59;57;57;53;59;74;74;88;93;53;87;75;63;53;53;57;201;74;56;110;86;201;162;91;88;74;70;74;74;111;100;52;53;55;90;86;69;56;52;54;58;56;73;53;92;86;87;56;112;89;51;64;63;57;56;63;91;88;88;203;100;57;56;87;93;114;59;68;162;58;52;97;88;61;54;86;57;63)
seed_12_level_6-4,1377,22050.988929986954,21506869,7494,(88;56;53;57;53;57;61;63;64;57;53;52;86;104;55;93;63;93;91;67;100;111;133;100;92;89;88;53;86;54;52;92;86;53;74;53;59;52;53;60;74;106;107;74;53;75;201;52;53;57;52;63;93;56;57;55;112;55;53;62;52;96;101;52;70;53;51;62;87;58;88;62;55;55;100;60;58;77;57;75;75;57;107;76;57;88;91;57;91;61;91;77;57;88;87;76;61;57;56;54;53;59;59;90;58;61;73;58;215;54;57;56;60;88;53;86;58;58;59;53;53;58;90;76;53;57;74;56;53;74;76;86;103;88;74;53;54;73;57;74;74;88;63;53;74;54;52;56)
seed_12_level_6-4,1377,22491.009245157242,21964771,7644,(112;86;93;60;51;74;113;52;61;112;53;57;57;96;52;59;74;80;113;57;88;93;63;59;57;93;53;57;57;57;57;57;77;58;59;55;61;57;89;93;202;57;58;53;89;53;203;57;59;65;93;89;57;78;71;53;75;63;55;88;54;74;64;105;79;88;74;89;52;86;60;86;53;101;73;73;53;55;76;57;74;90;55;105;57;100;56;74;115;107;54;52;102;88;57;57;53;74;53;52;52;106;88;92;57;92;53;107;117;57;59;76;150;60;106;57;54;59;53;55;52;93;55;57;90;104;57;106;75;88;57;53;75;57;113;57;91;88;53;75;107;76;57;51;86;53;59;86;76;86)
seed_12_level_6-4,1377,22931.86141371727,22435765,7794,(75;86;93;57;90;57;62;57;57;89;53;75;53;88;100;104;116;75;49;54;86;100;52;109;50;55;85;52;53;55;55;63;120;76;58;52;58;115;57;107;57;88;88;53;90;57;202;107;90;54;59;57;88;90;75;100;53;88;57;88;93;53;93;57;77;57;57;57;73;106;53;53;53;52;52;77;86;57;56;91;57;76;58;52;75;60;63;118;75;53;81;56;100;88;93;53;59;77;88;109;78;77;56;53;74;54;63;91;88;77;75;53;53;74;78;89;52;93;93;91;75;108;201;123;53;60;103;75;77;53;88;57;55;58;62;100;63;202;57;107;58;54;57;53;53;90;75;52;60;59)
seed_12_level_6-4,1377,23362.900475263596,22887585,7943,(111;59;86;56;73;56;57;55;55;108;49;94;53;62;100;109;88;58;100;77;52;59;89;57;100;57;62;93;90;77;93;52;57;93;100;77;57;91;78;57;74;95;95;90;88;88;53;53;55;56;77;77;57;53;53;52;52;54;53;88;63;56;52;73;53;53;73;58;73;52;107;63;60;60;63;201;63;75;73;105;62;86;75;93;90;73;89;86;58;52;55;73;100;54;75;77;73;79;74;76;102;79;93;64;63;75;57;114;59;90;90;89;73;57;74;57;56;75;75;98;57;88;93;57;53;202;57;57;202;75;79;100;58;52;52;61;57;86;62;88;57;75;57;52;56;91;59;53;55)
seed_12_level_6-4,1377,23805.39324259758,23365310,8094,(115;74;57;114;90;59;74;58;88;74;53;53;56;56;89;53;88;201;58;57;74;89;73;57;56;55;88;56;93;57;56;59;93;66;90;59;57;53;55;100;63;59;55;52;57;93;53;57;57;53;93;59;58;75;53;88;91;97;52;57;53;59;75;53;57;53;69;202;92;75;61;75;53;57;91;86;76;58;107;57;91;79;91;56;86;88;58;58;54;89;88;201;79;75;100;57;88;62;77;58;100;88;88;95;100;52;75;59;86;83;60;86;162;88;52;58;60;100;77;53;57;57;61;75;88;55;75;52;57;57;57;92;89;54;108;53;59;91;56;80;84;57;73;56;214;53;88;61;74;56;88)
seed_12_level_6-4,1377,24249.727863788605,23869492,8245,(93;51;57;53;100;93;57;57;63;93;57;62;57;57;52;53;88;57;53;60;61;61;88;56;74;77;57;73;123;57;66;88;52;54;59;91;53;57;57;63;113;78;75;88;53;91;57;57;57;53;88;60;52;88;75;92;87;52;52;86;62;158;73;55;80;63;100;201;100;92;52;75;74;88;73;53;56;92;91;52;204;52;73;77;104;52;232;93;74;88;58;88;117;123;116;56;56;56;117;74;76;90;74;74;53;73;53;57;74;57;100;201;53;90;56;57;56;73;75;52;52;90;107;57;53;57;88;53;53;59;59;57;57;90;55;73;88;57;56;202;57;53;52;101;64;58;107;57;53;77;97)
seed_12_level_6-4,1377,24697.199861049652,24429133,8395,(88;64;57;56;80;57;53;57;57;57;53;56;57;55;57;75;93;96;109;53;57;93;57;91;116;56;88;96;100;54;63;96;56;87;88;100;87;107;87;61;57;116;195;56;93;57;88;57;100;80;57;96;91;202;57;95;52;56;60;75;90;59;76;87;91;58;88;52;53;90;93;53;56;57;59;55;87;53;56;88;88;77;52;53;202;53;102;90;53;55;74;114;74;74;53;53;53;53;53;119;90;115;95;117;88;53;56;89;77;56;56;53;74;95;76;89;73;52;54;94;86;100;118;100;73;76;86;60;199;93;59;62;199;107;52;74;204;100;95;199;93;58;59;53;73;73;88;73;59;92)
seed_12_level_6-4,1377,25133.9649810791,24940238,8544,(77;53;90;53;53;67;58;54;57;56;52;59;56;57;109;57;57;53;57;53;100;55;53;57;94;57;74;57;52;100;93;56;57;73;100;113;63;57;100;100;92;57;57;91;93;57;127;57;100;77;76;100;92;202;57;55;107;57;74;88;53;96;91;57;90;56;53;56;53;74;93;75;59;57;53;88;52;159;57;230;57;53;88;202;59;58;53;89;73;114;58;57;53;88;56;74;201;56;88;56;56;73;74;101;73;58;107;58;114;57;95;90;74;106;76;100;57;73;75;52;58;57;63;55;100;161;62;97;100;55;73;52;75;73;161;89;89;58;54;57;100;89;61;73;73;52;55;92;57)
seed_12_level_6-4,1377,25578.277950763702,25482193,8693,(93;80;104;52;55;63;59;63;62;57;58;57;94;57;57;52;77;56;53;52;53;57;51;90;54;77;118;104;100;57;77;59;53;57;101;100;100;72;57;74;57;58;56;93;150;86;61;105;100;75;73;73;74;52;58;68;75;58;62;201;57;52;52;91;106;62;53;57;52;54;52;201;201;62;73;52;62;64;63;60;73;52;90;86;52;201;56;53;52;59;89;57;76;55;107;57;75;57;74;57;212;202;53;57;73;90;55;202;62;93;86;91;56;74;86;74;101;57;57;56;53;56;57;102;57;114;116;74;53;82;53;90;57;74;85;74;125;90;56;56;101;73;88;88;56;75;56;101;201)
seed_12_level_6-4,1377,26021.874322891235,25989300,8842,(104;53;53;61;69;74;57;78;53;56;66;76;57;93;63;57;53;56;80;56;75;105;59;64;57;56;55;100;100;77;53;53;100;90;59;53;57;88;77;58;60;88;61;150;57;56;90;106;106;56;90;114;53;52;98;88;53;77;88;74;53;74;117;56;53;117;86;88;90;106;53;55;58;74;55;90;56;95;56;73;57;73;52;74;53;75;91;89;53;87;73;61;113;52;103;53;73;56;60;57;73;53;54;198;59;86;53;203;57;58;73;199;89;95;57;57;74;100;61;201;57;131;57;56;73;56;101;57;77;74;57;57;56;74;201;53;57;57;55;56;101;90;57;57;74;53;56;80;202)
seed_12_level_6-4,1382,26460.91484427452,26527296,8993,(104;75;66;88;57;88;52;57;98;57;57;63;76;67;53;73;88;53;64;150;57;63;160;57;63;93;52;57;52;83;96;57;57;52;57;55;91;77;104;57;58;75;58;57;53;88;53;57;52;100;55;53;74;104;96;53;58;53;109;56;58;58;53;77;54;52;52;114;52;74;57;58;53;107;56;56;93;53;58;201;64;52;56;73;86;57;88;53;100;283;207;57;59;52;78;77;75;57;90;53;57;57;81;61;53;107;76;161;233;57;76;77;61;55;203;75;100;59;106;61;53;79;59;82;75;64;52;58;53;100;58;157;62;52;55;82;79;57;52;80;58;53;104;53;59;52;74;74;195;89;58)
seed_12_level_6-4,1382,26910.552936553955,27118880,9144,(88;53;58;91;53;52;75;75;59;53;56;58;58;58;56;57;99;57;104;95;88;52;116;59;73;57;74;58;57;57;90;57;70;93;87;52;57;53;55;56;57;57;56;100;53;56;91;88;63;57;57;56;100;56;56;104;57;57;82;57;53;78;57;57;53;53;57;77;57;52;57;57;74;57;53;104;57;58;85;59;88;202;64;60;88;100;52;60;162;87;74;58;74;74;52;105;52;55;53;53;86;59;52;201;53;63;60;51;63;55;91;54;100;55;91;233;55;59;97;53;163;53;100;93;201;66;100;56;56;53;168;100;164;57;100;79;166;207;57;96;202;53;201;57;52;207;67;100;207;74;65)
seed_12_level_6-4,1394,27358.33256292343,27829185,9293,(208;71;150;75;91;64;107;76;102;57;120;57;74;57;57;56;53;80;56;150;53;88;56;57;63;58;57;57;100;53;57;52;57;88;75;57;63;57;58;57;57;71;57;63;75;52;93;53;52;104;58;113;57;74;57;59;56;53;74;116;56;106;53;102;74;59;53;74;104;74;57;53;90;58;56;104;60;86;73;74;59;56;52;58;57;74;73;289;52;88;73;103;59;57;244;83;52;53;76;53;53;74;73;98;54;54;171;204;88;91;233;234;57;56;57;202;202;55;74;210;59;60;59;66;202;52;92;53;50;235;53;93;57;53;88;57;202;207;73;160;86;53;74;90;207;65;54;57;53)
seed_12_level_6-4,1394,27819.462904691696,28490367,9443,(75;57;90;52;57;57;52;63;57;58;59;55;55;53;52;61;52;58;57;57;69;56;52;52;52;97;104;64;57;57;57;75;64;57;107;57;57;53;57;57;150;57;100;57;57;57;57;75;57;57;85;53;75;57;59;57;65;75;199;53;208;75;54;58;55;73;60;62;75;53;54;57;75;61;53;54;100;74;100;70;75;100;55;232;76;69;55;89;61;64;64;54;100;75;75;95;64;58;92;233;59;54;202;53;87;59;57;202;87;88;100;80;55;56;97;202;246;54;56;88;234;52;52;204;55;52;78;93;245;69;92;91;65;77;53;56;88;53;52;202;201;88;61;53;74;54;208;201;55;57)
seed_12_level_6-4,1394,28279.204228401184,29174331,9594,(104;53;52;96;52;52;52;53;56;52;57;56;57;88;81;52;53;61;90;106;52;63;52;56;53;58;71;57;100;57;52;113;56;77;52;57;97;56;56;64;52;85;88;57;57;75;57;57;57;52;56;89;56;57;52;58;74;243;73;100;100;58;100;97;74;206;57;74;169;75;75;58;71;53;81;53;200;60;63;91;208;61;73;75;75;89;58;80;100;89;158;76;100;53;60;55;73;53;244;52;53;59;59;59;83;57;57;88;92;75;91;54;203;76;235;56;59;202;53;57;61;52;161;54;243;53;100;87;60;89;270;234;75;57;100;105;202;58;106;58;60;73;57;53;68;86;67;53;61;150;76)
seed_12_level_6-4,1394,28727.751441955566,29706798,9744,(75;57;52;57;57;52;52;58;52;61;57;63;57;52;87;52;52;53;57;57;52;52;88;52;104;57;76;52;52;59;77;52;57;56;113;68;208;75;54;100;77;57;81;57;75;73;91;202;100;88;82;58;77;202;75;115;74;75;57;75;58;58;105;75;100;64;55;95;74;86;52;75;73;75;74;56;206;100;77;53;82;53;100;187;100;80;91;203;61;53;57;56;86;76;57;58;58;107;57;52;52;52;100;78;56;52;94;56;58;77;110;90;55;76;207;90;57;52;79;56;52;57;90;225;53;89;52;53;57;52;55;165;100;53;106;74;53;61;59;92;60;71;77;62;53;58;88;57;57;58)
seed_12_level_6-4,1394,29169.560578346252,30168972,9894,(104;90;57;57;55;52;52;58;53;57;52;104;57;52;61;52;57;52;52;53;57;76;52;53;109;52;52;102;52;57;57;52;53;76;57;52;57;57;80;88;68;75;57;52;57;90;74;207;52;53;57;57;57;63;52;56;62;58;89;88;79;75;65;57;60;92;50;53;91;57;55;78;76;110;59;86;57;53;76;52;57;63;60;83;76;53;57;51;92;57;58;201;78;59;54;90;91;55;58;53;59;74;55;68;118;90;60;74;62;75;58;59;58;54;53;54;70;57;59;61;75;63;205;75;59;73;60;52;59;112;58;88;75;209;88;112;89;56;64;54;80;100;77;203;79;54;54;234;54;57)
seed_12_level_6-4,1394,29620.46074104309,30657943,10044,(104;52;51;52;52;58;93;57;52;57;52;104;52;74;52;57;53;57;52;109;57;57;88;52;53;88;53;53;102;57;112;58;57;57;52;75;52;60;93;58;57;53;51;57;90;89;103;62;88;57;89;161;94;61;53;63;91;55;67;57;126;91;57;57;63;52;57;61;57;116;57;53;53;68;60;89;53;57;53;57;79;61;57;76;91;62;53;63;74;57;52;61;250;122;57;75;90;75;53;201;75;93;100;74;90;57;91;61;98;100;56;77;89;100;100;78;100;57;59;55;66;100;57;100;100;58;55;54;100;96;57;100;91;100;61;212;54;75;67;58;80;55;54;59;55;98;68;207;63;65)
seed_12_level_6-4,1394,30081.395550966263,31265587,10195,(104;58;102;52;52;88;89;53;59;57;52;95;90;57;52;106;89;90;57;74;75;115;57;104;52;57;106;57;57;93;57;52;57;59;64;78;113;56;57;52;52;57;161;86;54;53;53;90;56;83;160;206;57;54;52;60;53;52;90;110;88;57;54;63;86;93;86;100;90;53;53;56;91;74;75;57;103;233;53;107;57;89;108;74;90;57;107;57;99;51;54;233;56;93;86;100;100;100;100;100;100;82;100;88;52;62;100;74;59;65;100;61;57;100;100;56;54;100;91;74;58;100;100;74;100;54;53;100;62;100;100;116;69;65;100;82;54;107;100;75;63;208;209;213;122;52;56;58;106;100;74)
seed_12_level_6-4,1394,30545.577380895615,32014307,10345,(104;91;276;64;86;52;53;57;73;53;53;89;57;62;209;73;52;57;52;108;57;107;52;104;52;88;73;57;108;107;56;58;88;52;54;57;93;77;59;57;51;57;56;53;52;104;53;75;57;79;53;57;57;64;57;208;51;104;74;62;58;57;57;53;56;103;91;86;89;93;52;91;96;95;169;73;201;74;81;98;160;206;55;52;91;88;57;62;202;57;90;53;92;90;75;160;52;53;89;53;91;52;60;52;108;51;95;63;53;57;106;53;106;100;53;207;88;202;76;236;158;54;100;53;59;237;102;202;74;233;95;102;54;100;75;233;90;86;56;57;58;52;59;52;52;86;106;107;200;86)
seed_12_level_6-4,1394,30999.040117025375,32729015,10495,(88;57;52;64;53;79;93;109;91;52;88;59;87;56;77;100;53;52;52;57;52;76;90;57;91;54;88;104;75;52;53;66;53;57;52;93;207;57;52;210;64;52;63;52;57;100;52;91;57;52;111;57;52;53;57;95;53;100;58;52;56;53;58;88;92;54;97;100;55;53;100;86;57;56;52;86;59;233;151;92;55;54;100;88;93;57;58;87;57;58;51;57;50;202;205;53;234;90;208;100;93;100;53;160;202;65;62;59;86;52;57;107;53;56;203;96;73;56;53;201;105;55;211;164;57;52;53;208;101;90;57;89;100;49;51;100;200;202;90;201;100;57;53;90;87;100;55;107;62;100)
seed_12_level_6-4,1394,31458.58322262764,33376372,10645,(89;90;87;94;88;52;104;109;53;54;96;221;54;88;90;53;95;88;107;90;52;118;56;64;86;52;90;107;53;96;109;102;86;57;56;107;52;88;57;96;52;75;103;52;50;74;52;57;58;74;61;61;61;73;52;53;100;88;55;57;100;57;57;100;106;201;62;92;200;207;57;87;100;68;60;53;161;59;67;91;58;54;89;89;53;95;201;76;53;108;54;54;89;96;57;91;53;100;88;66;62;59;100;56;95;93;53;100;61;100;106;53;66;62;86;94;65;163;57;55;75;78;100;201;69;86;94;150;57;80;205;100;63;60;91;86;100;97;216;57;57;89;90;57;58;161;162;93;55;53)
seed_12_level_6-4,1394,31898.544666290283,33946140,10795,(103;91;55;52;100;53;62;52;89;100;96;59;52;73;107;89;102;89;104;52;103;89;52;53;95;79;212;52;104;55;52;51;53;104;55;86;57;76;52;104;58;93;53;52;57;52;57;62;52;213;57;57;61;53;57;106;57;57;53;90;58;90;55;100;58;95;52;106;104;90;104;57;52;88;91;75;57;53;166;75;52;58;88;56;87;59;57;53;201;201;90;100;89;89;64;55;56;57;91;89;90;59;74;97;63;105;59;86;90;202;62;59;207;55;52;86;100;56;52;87;87;93;52;61;107;52;131;150;100;100;58;52;62;75;52;52;59;57;57;62;53;107;92;87;90;53;51;92;201;61)
seed_12_level_6-4,1394,32357.32274532318,34626241,10945,(104;112;108;109;112;203;62;93;89;59;61;74;61;58;281;103;59;100;75;100;71;89;88;102;73;63;279;51;88;54;53;106;114;104;122;112;57;75;90;52;90;57;93;53;88;90;88;52;89;106;75;52;279;104;52;53;221;104;73;90;57;52;96;86;52;104;96;93;75;76;57;75;79;52;52;57;52;53;90;52;90;52;88;52;104;104;53;201;86;90;100;53;100;61;54;62;57;53;100;61;100;57;88;58;100;92;82;96;93;92;163;54;52;102;75;61;57;56;55;90;88;59;57;57;56;53;101;61;55;53;88;100;68;202;58;62;106;61;53;100;100;90;86;53;51;58;208;150;61;50)
seed_12_level_6-4,1394,32812.983895778656,35281383,11095,(208;52;95;66;150;56;74;95;109;90;100;53;142;52;80;52;88;66;91;201;69;100;55;62;62;92;90;100;100;75;67;60;55;55;86;100;54;100;86;57;100;100;52;57;100;100;59;100;57;100;86;73;100;109;106;93;106;88;54;76;96;104;109;57;59;59;53;112;53;59;53;52;108;73;57;69;208;57;95;92;104;279;104;75;219;53;52;75;61;52;58;53;57;57;104;57;57;104;95;104;202;52;90;64;104;57;91;90;208;90;58;53;52;90;109;64;88;57;102;100;52;52;53;90;58;109;54;81;88;57;108;53;59;94;55;90;109;201;58;67;96;78;108;90;53;90;107;87;53;106)
seed_12_level_6-4,1394,33280.42716050148,36104711,11245,(208;57;90;59;100;57;49;61;100;88;56;53;68;52;100;162;57;200;57;57;100;202;88;100;100;100;205;202;55;53;88;90;100;55;78;100;201;57;88;88;57;54;100;57;79;201;98;91;52;96;91;109;90;57;77;52;103;90;57;57;52;114;53;57;104;55;104;104;53;79;85;53;103;75;100;53;65;76;83;73;91;106;93;100;52;279;53;96;90;73;106;166;206;217;109;52;52;59;59;53;100;57;53;89;53;57;83;111;52;73;68;53;165;106;53;162;52;96;75;93;68;109;201;53;64;120;57;88;53;59;202;63;57;62;89;57;218;91;107;93;68;53;52;96;53;57;213;281;225;57)
seed_12_level_6-4,1394,33745.052476882935,37082770,11394,(202;58;61;53;53;184;57;51;201;53;62;203;100;201;82;59;57;200;233;59;57;88;60;53;89;62;100;52;56;53;57;61;207;53;61;62;164;208;53;86;77;57;220;77;218;57;74;201;86;56;118;86;58;109;176;52;87;88;57;60;56;57;91;53;167;208;88;113;56;211;95;201;279;53;53;73;60;94;54;94;58;52;90;89;271;53;58;53;55;277;53;96;53;57;75;202;208;59;54;91;58;78;271;106;57;56;57;52;110;91;107;88;53;104;212;57;61;76;54;74;52;277;52;108;53;96;93;53;80;91;57;52;54;81;57;56;57;76;57;96;61;201;217;56;53;74;57;53;201)
seed_12_level_6-4,1394,34211.82396745682,38005683,11544,(281;277;102;212;57;61;57;53;53;61;57;94;57;64;93;160;75;52;93;59;57;53;54;75;56;104;74;59;62;100;52;202;52;276;88;102;53;53;83;90;58;100;52;104;57;53;52;57;90;61;61;85;168;63;101;89;88;53;88;59;208;55;53;88;128;61;74;58;62;62;59;63;64;207;90;61;231;166;201;95;202;200;59;74;60;232;61;57;88;93;206;55;90;77;202;75;87;98;74;201;271;161;53;57;105;57;202;60;52;94;90;57;52;57;95;56;92;53;52;57;102;88;163;104;234;53;89;59;95;86;55;60;107;107;105;91;91;52;57;57;67;58;63;206;53;57;204;202;58;63)
seed_12_level_6-4,1394,34687.54769039154,39060904,11693,(234;56;60;216;202;90;53;53;218;53;52;109;53;52;57;202;264;74;53;217;52;238;86;52;58;57;57;92;53;57;52;53;53;57;52;88;96;207;53;53;58;206;52;109;281;116;273;75;53;75;93;239;59;53;53;78;68;88;91;202;53;53;68;208;57;59;52;82;110;80;53;58;91;52;90;57;100;57;202;57;64;212;281;100;53;57;52;282;57;57;52;201;53;165;207;204;53;73;88;52;53;100;52;207;52;159;61;65;52;77;77;75;76;67;90;202;73;53;210;109;52;68;202;100;53;53;53;53;202;86;90;53;51;107;57;61;57;52;208;63;164;53;52;202;202;99;87;60;86)
seed_12_level_6-4,1394,35162.87716007233,40122089,11842,(210;60;92;100;76;100;76;88;93;52;52;53;89;56;201;55;52;53;100;82;54;88;200;52;59;52;206;160;68;52;56;52;53;57;86;100;161;93;100;58;92;57;90;106;100;52;57;96;58;95;234;113;215;80;61;59;58;80;90;61;176;202;57;61;62;74;103;159;59;56;63;53;61;59;217;59;52;52;52;77;52;53;57;91;72;64;61;75;53;57;57;65;89;108;79;201;59;276;53;205;77;59;279;203;52;52;202;202;53;52;93;53;212;201;86;68;53;278;53;52;52;52;57;164;63;209;245;207;216;52;150;168;57;93;106;68;213;212;87;75;104;233;221;100;234;52;57;213;83)
seed_12_level_6-4,1394,35650.39165854454,41383437,11991,(210;81;57;86;89;276;55;270;75;68;201;52;201;62;96;55;201;74;86;65;206;53;56;100;56;201;52;77;86;53;59;88;56;163;62;62;73;53;56;206;92;89;235;58;107;90;100;159;164;54;93;237;123;53;88;61;53;57;102;55;204;58;63;59;206;61;54;56;202;88;58;59;96;59;53;63;71;110;213;92;57;62;59;214;64;88;62;57;57;86;234;202;216;271;53;57;207;208;57;53;61;60;53;207;93;55;202;282;58;100;213;202;277;201;52;204;239;204;233;57;203;57;53;90;57;52;207;75;58;56;57;53;63;239;65;163;63;207;57;57;60;53;276;58;160;54;57;93;87)
seed_12_level_6-4,1436,36138.99048900604,42569587,12140,(96;61;101;60;62;66;77;90;57;62;159;78;95;80;106;113;61;58;247;107;106;90;80;207;65;94;112;58;106;57;239;59;61;92;79;74;55;106;208;57;202;75;53;51;235;201;55;56;53;102;73;120;211;58;242;60;56;57;92;87;90;53;106;52;60;90;53;59;123;59;50;270;59;93;59;53;53;91;76;130;54;89;92;88;73;53;60;92;57;49;161;240;57;107;166;57;159;96;53;202;282;91;186;226;96;58;202;53;164;205;93;202;202;53;57;165;211;272;54;53;55;96;53;57;59;91;212;208;58;53;208;52;166;234;202;53;61;57;207;57;57;232;88;206;202;286;101;90;113)
seed_12_level_6-4,1436,36605.55809426308,43567878,12289,(242;94;115;73;57;52;61;86;89;60;52;86;202;86;56;89;61;89;87;55;55;61;90;233;89;161;89;106;111;61;166;65;61;93;85;91;107;56;161;159;53;124;94;53;99;59;203;53;207;53;63;217;213;115;66;202;53;61;57;100;107;61;96;92;59;79;57;90;53;64;120;57;207;96;64;61;78;57;89;202;53;61;57;57;239;203;90;234;52;53;60;93;101;52;88;208;53;90;52;57;57;52;206;90;53;111;54;90;201;202;57;199;236;52;57;57;52;52;238;93;68;53;52;61;105;58;57;58;113;53;53;59;203;162;159;120;52;57;212;53;143;287;52;59;53;92;281;53;57)
seed_12_level_6-4,1444,37106.57979059219,45066484,12438,(111;202;93;231;96;236;52;57;202;239;57;66;104;87;75;57;58;208;58;202;202;207;202;52;166;107;107;77;73;104;53;240;69;67;61;202;57;202;207;58;53;57;53;90;242;61;231;73;74;90;57;76;89;54;61;73;238;59;81;52;66;87;52;86;160;56;88;56;52;53;60;79;88;165;49;57;53;53;202;68;61;105;86;53;109;270;90;109;54;73;236;53;53;277;207;76;101;57;202;53;201;201;58;208;245;53;202;283;202;212;68;253;88;202;96;234;231;75;57;53;279;202;53;202;52;75;59;52;244;202;209;63;57;202;202;90;88;117;111;54;282;203;57;211;88;92;275;202;53)
seed_12_level_6-4,1444,37587.611476659775,46219711,12588,(242;59;99;164;95;73;59;88;248;73;57;108;61;52;90;65;64;202;60;56;53;202;86;86;112;112;270;52;89;52;78;59;114;53;200;52;53;96;112;239;99;56;75;53;90;56;59;59;52;52;120;62;58;94;57;52;92;101;61;52;92;248;53;68;58;61;207;53;228;201;202;57;247;170;52;166;59;102;57;202;201;231;61;93;90;100;89;221;53;58;52;59;202;97;100;57;91;88;240;52;61;57;202;57;53;107;66;59;279;213;57;221;88;52;90;56;88;78;57;234;57;52;210;59;90;202;52;77;55;52;93;103;289;202;53;186;57;52;57;53;271;61;100;101;159;201;104;102;57;53)
seed_12_level_6-4,1444,38053.12558913231,47105474,12738,(242;53;92;59;162;65;52;93;162;86;60;58;54;106;86;57;79;78;201;73;53;66;202;53;234;57;55;52;56;92;57;56;59;86;53;55;88;57;98;58;93;90;57;90;159;91;53;53;87;73;199;90;109;53;87;158;59;89;53;233;57;202;61;59;90;53;202;88;57;90;108;93;57;160;61;52;90;58;271;158;202;53;53;59;57;59;61;201;104;52;59;59;61;52;202;52;59;61;60;104;95;239;57;68;68;83;52;166;53;52;53;52;58;89;68;239;53;65;106;53;52;57;207;208;73;59;57;53;93;57;234;202;95;202;58;202;52;52;99;90;201;160;57;53;68;52;61;53;93;52)
seed_12_level_6-4,1444,38540.08594226837,48314490,12888,(242;63;52;58;55;57;57;100;169;201;62;52;53;205;59;86;88;93;55;86;57;161;210;160;54;59;117;56;201;53;57;56;201;90;93;160;92;52;53;53;56;57;59;239;65;95;57;239;165;78;223;76;97;164;70;208;53;208;207;76;67;260;92;81;201;57;52;159;58;57;89;53;53;94;61;52;201;78;52;52;53;57;57;240;57;231;55;207;52;94;206;66;74;202;234;90;104;202;100;61;52;91;232;236;63;90;52;52;101;75;107;53;88;115;202;161;87;202;272;101;203;74;52;75;53;77;61;57;58;233;202;57;57;144;53;202;57;57;279;104;90;53;208;106;160;53;161;74;58;90)
seed_12_level_6-4,1444,39016.02805876732,49455640,13037,(106;53;89;59;57;62;92;201;52;160;57;203;56;53;62;233;206;202;201;98;52;277;73;73;116;73;73;202;201;90;201;208;59;52;92;56;92;86;117;201;106;59;235;52;107;61;88;230;87;59;103;78;87;57;52;272;104;52;52;90;88;57;91;52;87;58;103;100;52;52;57;90;53;53;89;52;53;90;53;52;52;90;53;88;58;59;60;88;89;202;93;57;54;234;104;202;260;107;97;53;238;96;53;100;58;160;201;54;59;63;53;52;202;62;104;100;165;58;208;296;53;84;57;73;271;57;54;174;93;110;81;89;52;52;52;86;100;235;57;117;248;239;58;207;57;66;71;87;207)
seed_12_level_6-4,1444,39502.10878562927,50724342,13187,(88;57;202;90;96;88;202;104;57;211;90;100;57;88;202;109;93;63;96;59;61;101;90;202;96;234;88;62;53;57;90;162;97;160;88;88;59;52;94;88;61;104;83;52;59;53;52;107;260;53;52;52;57;244;194;58;52;57;201;57;86;57;233;202;52;206;52;112;239;52;52;231;119;113;53;52;57;247;58;90;211;52;160;78;91;201;68;202;202;98;234;53;238;68;104;59;64;207;234;202;233;89;201;232;270;59;53;59;59;90;59;100;117;203;90;109;233;117;52;52;55;58;110;57;56;99;114;53;54;201;203;109;92;57;61;115;100;90;89;58;120;92;64;115;160;210;270;210;57;92)
seed_12_level_6-4,1444,39998.025717020035,52035242,13337,(234;57;59;202;88;61;104;59;62;208;271;53;202;91;52;104;202;211;107;90;61;59;63;63;90;53;202;90;90;52;88;88;88;59;88;61;90;202;160;241;202;244;202;202;57;52;160;56;100;52;60;114;199;201;87;106;57;60;52;61;52;56;59;88;78;159;75;201;53;53;52;201;206;114;166;86;243;53;203;202;233;52;206;117;86;272;92;85;107;52;115;52;60;55;100;81;231;53;72;115;57;97;231;57;53;146;201;81;94;112;252;57;95;58;103;158;234;52;57;160;52;97;52;52;100;52;53;52;58;109;96;234;88;52;57;52;74;53;249;73;202;238;114;202;286;52;239;123;52;98)
seed_12_level_6-4,1444,40482.1325109005,53241015,13486,(99;58;53;53;96;52;53;238;52;52;91;79;202;58;52;80;98;201;55;206;100;55;52;53;52;201;102;53;91;175;113;200;109;92;52;238;52;56;97;242;57;52;90;97;52;52;206;92;94;56;73;233;55;52;58;58;102;73;57;210;59;233;61;118;91;61;201;159;57;56;54;90;53;201;52;52;53;53;233;270;232;89;88;201;233;233;58;53;158;117;171;54;86;166;118;118;56;59;89;234;201;150;159;61;88;202;236;59;202;57;160;53;107;57;100;159;61;104;57;61;161;166;233;57;54;66;53;57;93;202;55;90;54;234;207;97;100;57;68;211;57;53;100;202;60;53;88;245;104)
seed_12_level_6-4,1444,40965.963978767395,54517862,13635,(238;83;100;201;52;57;170;59;275;241;93;68;53;52;88;53;207;73;58;202;55;75;55;277;53;159;207;53;57;100;167;52;202;53;52;104;234;52;57;53;96;59;57;57;53;55;63;235;234;59;51;58;202;59;233;202;90;93;74;107;90;202;202;107;287;57;57;202;53;98;99;59;53;101;202;168;107;279;90;234;53;233;93;53;57;202;202;88;236;77;63;57;234;83;57;65;66;202;158;90;90;61;52;52;56;99;56;86;59;60;80;75;58;73;90;232;89;56;134;53;201;201;61;235;201;53;52;86;90;202;93;90;60;242;61;86;233;86;102;53;59;54;52;91;92;59;67;201;56)
seed_12_level_6-4,1842,41437.48255825043,55608250,13784,(90;55;239;100;55;53;200;91;166;53;400;234;57;52;92;91;98;59;100;75;277;64;63;52;53;73;64;270;109;78;80;231;82;61;83;104;55;52;217;112;90;158;202;234;52;106;85;53;59;52;201;118;56;53;101;52;97;201;60;53;90;78;52;87;53;158;52;85;60;99;53;73;59;53;52;85;233;59;202;120;88;201;201;59;59;105;52;88;59;59;161;53;52;52;236;100;61;159;53;233;88;209;53;160;101;61;57;160;93;58;52;57;96;52;202;68;160;234;53;97;63;53;88;91;63;57;54;61;92;54;68;107;202;57;59;234;53;57;92;57;54;112;65;68;88;233;88;53;202)
seed_12_level_6-4,1842,41925.59966349602,56898017,13934,(233;89;52;53;233;203;91;91;90;101;87;53;85;202;201;94;58;62;75;89;102;52;201;201;92;58;89;159;117;201;202;59;52;85;57;219;53;53;52;52;52;86;201;62;58;59;98;160;59;202;160;63;52;203;53;202;150;51;100;93;202;61;57;62;91;59;88;160;57;53;63;90;53;77;77;100;53;56;202;160;90;202;233;59;57;57;234;54;57;239;54;83;202;57;53;63;61;57;88;400;51;243;93;88;83;236;90;59;61;54;56;53;271;57;204;50;88;239;61;53;57;52;91;249;53;281;53;268;53;76;73;81;201;272;257;100;88;56;59;220;112;59;79;52;61;82;202;57;186;53)
seed_12_level_6-4,1842,42430.542033433914,58355405,14084,(234;234;52;57;52;201;54;61;57;93;231;234;61;53;89;52;107;75;53;93;57;234;53;202;107;57;91;202;52;53;88;107;61;52;61;57;91;61;88;59;59;73;66;53;52;53;101;240;104;233;86;56;117;61;52;53;58;52;233;158;233;233;61;52;52;98;198;59;89;60;91;233;232;219;232;52;236;233;111;106;89;233;60;230;59;159;59;160;201;201;52;233;88;159;202;159;88;89;400;53;100;57;240;93;88;56;86;80;61;63;53;91;82;53;58;80;239;53;202;163;74;201;53;62;52;88;202;201;63;53;66;100;97;74;212;241;238;53;249;202;161;80;58;57;207;250;239;57;220;76)
seed_12_level_6-4,1842,42931.924916267395,59791992,14234,(234;57;100;83;53;201;97;202;202;59;54;59;160;61;202;57;159;238;90;74;90;300;95;51;202;57;57;107;201;109;93;53;91;99;201;61;53;202;74;57;57;107;100;57;57;400;57;61;56;93;56;88;73;57;52;58;93;55;81;52;90;176;93;60;53;158;202;53;57;207;91;57;275;107;97;58;57;53;55;51;51;53;100;101;63;55;96;165;61;52;52;202;53;100;53;236;233;87;201;233;234;61;73;233;65;58;159;233;95;59;85;202;201;235;201;202;59;203;161;93;58;59;52;90;203;53;53;57;184;160;59;233;230;59;230;59;75;242;233;233;231;86;233;59;62;86;233;201;202;59)
seed_12_level_6-4,1842,43439.15678358078,61350992,14385,(297;100;78;53;207;245;55;90;61;236;52;53;250;182;52;52;118;57;57;53;174;53;92;98;57;97;56;159;53;61;93;207;111;70;88;53;57;109;277;202;79;239;56;57;238;202;61;91;52;90;87;107;201;234;59;202;52;61;57;202;100;95;202;57;88;75;88;90;108;57;52;90;202;201;61;201;52;74;235;202;100;202;61;53;52;52;52;96;53;90;242;234;52;57;88;59;58;243;233;230;57;86;58;59;233;60;233;59;58;184;235;61;169;53;239;233;60;230;52;231;73;232;61;230;75;65;52;99;287;234;52;61;62;201;90;201;59;79;203;232;233;203;232;59;86;235;52;58;201;233;58)
seed_12_level_6-4,1954,43931.36920952797,62688944,14535,(297;202;53;53;53;68;59;59;61;62;52;59;62;93;58;53;64;63;100;112;52;196;53;88;53;57;202;88;63;53;88;53;59;91;61;68;207;57;59;57;59;77;61;93;61;235;75;100;107;53;100;57;202;90;52;69;54;76;52;93;75;100;202;61;56;57;202;201;231;53;52;88;75;60;100;90;91;57;96;61;234;61;159;202;100;159;59;69;202;57;242;54;201;59;61;201;58;52;59;234;56;59;211;240;200;500;59;57;272;201;88;102;235;52;210;59;86;52;53;106;89;233;61;86;233;59;161;59;201;159;60;88;52;242;60;60;56;235;233;233;201;62;235;59;233;59;242;59;57;158)
seed_12_level_6-4,1954,44423.81081223488,64032605,14685,(171;61;207;100;250;57;55;57;162;91;56;96;207;98;56;58;53;202;53;202;92;203;57;52;59;202;104;88;201;90;88;202;100;400;61;61;201;276;52;53;202;235;91;202;100;202;100;233;58;160;61;57;61;59;57;93;90;116;59;60;161;93;91;100;202;68;107;159;235;57;100;100;57;89;90;202;243;234;52;57;75;93;68;65;169;59;54;213;96;66;88;60;203;158;231;100;201;119;87;58;60;52;86;59;56;56;89;86;52;53;57;62;86;88;56;52;235;75;66;100;235;233;230;89;86;57;66;52;232;55;233;100;201;52;52;52;207;55;100;67;53;55;55;270;61;201;230;164;52;63)
seed_12_level_6-4,1954,44913.21084666252,65338882,14835,(162;58;206;60;52;61;165;103;365;59;59;52;201;242;59;233;60;65;58;89;201;57;89;58;161;160;124;233;243;53;117;234;88;59;231;111;86;59;86;233;158;100;59;231;59;89;210;201;62;119;206;59;243;59;59;235;62;75;236;91;61;100;60;61;57;59;90;91;202;62;53;59;59;100;53;75;91;56;57;61;75;101;107;100;100;234;91;53;88;77;235;52;234;75;90;234;61;202;235;100;100;101;166;202;202;234;202;57;62;99;57;56;57;88;53;64;52;52;202;234;52;57;58;64;104;59;59;88;64;53;160;63;57;202;57;63;59;57;103;57;56;202;202;203;57;64;280;57;59;52)
seed_12_level_6-4,1954,45388.69474577904,66646768,14985,(234;162;53;57;203;57;57;91;99;56;53;53;234;88;57;78;57;57;167;202;57;53;234;57;53;202;57;53;92;57;57;62;53;59;202;75;161;53;57;57;56;58;64;234;91;63;59;88;95;75;86;57;59;233;88;202;107;189;53;79;57;53;57;52;88;63;231;243;59;159;100;230;165;233;59;243;73;230;58;59;204;59;233;275;60;57;241;91;61;230;201;231;52;57;100;56;100;98;233;53;233;75;54;202;59;55;59;86;60;59;60;60;59;233;201;75;86;241;207;159;73;235;55;54;94;56;52;242;233;202;230;201;58;58;60;201;57;198;58;61;95;57;75;52;59;86;202;73;95;88)
