seed_5_level_2-1,530,540.1922943592072,1046572,150,(1001;115;72;256;42;104;43;43;42;122;97;125;84;128;78;43;47;99;88;42;97;104;42;85;183;97;52;100;70;42;42;59;52;122;64;42;43;43;98;46;104;97;122;42;90;42;51;100;42;45;42;99;85;45;97;100;97;97;79;42;42;43;42;183;104;88;97;104;42;104;52;42;93;97;97;79;45;49;97;42;97;42;84;100;97;42;43;84;42;104;99;42;90;43;84;97;100;91;49;87;98;54;71;87;59;67;70;97;86;183;71;98;42;97;75;81;97;104;100;104;71;97;99;42;99;104;113;84;104;98;97;43;47;62;104;42;92;126;100;42;42;104;92;73;98;42;45;59;42;84)
seed_5_level_2-1,530,1051.8638410568237,1579500,300,(42;42;42;42;42;42;42;43;42;42;42;42;42;42;42;42;43;42;42;42;42;42;43;43;42;42;42;42;43;43;43;42;43;42;43;43;43;47;47;47;45;46;45;47;49;53;51;52;52;52;53;59;59;59;64;68;70;70;71;139;79;81;84;84;104;104;97;99;97;104;97;100;98;104;97;100;98;97;100;97;97;104;97;104;104;97;97;97;97;100;97;104;98;97;100;99;97;99;97;97;104;100;104;97;99;98;104;104;98;97;104;92;100;98;92;88;90;85;78;93;84;90;84;91;85;84;97;84;126;122;122;122;79;71;71;75;72;67;62;125;126;128;113;87;87;85;183;126;183;183)
seed_5_level_2-1,530,1582.1804869174957,2106536,450,(42;42;42;42;42;42;42;43;42;42;42;42;42;42;42;42;42;42;42;42;42;43;42;42;42;42;42;42;43;43;43;43;43;42;42;42;43;47;45;47;45;47;45;47;49;51;52;52;52;53;53;59;59;54;63;68;70;70;71;78;79;81;84;84;104;104;97;99;97;104;97;100;98;104;97;100;99;97;100;97;97;104;97;104;104;97;97;97;97;100;97;104;98;97;100;99;97;99;97;97;104;100;104;97;98;98;104;104;99;97;104;92;100;104;92;88;90;85;93;84;89;84;91;85;84;97;84;122;122;122;62;71;71;75;73;67;62;125;78;126;126;139;128;113;87;87;85;183;183;183)
seed_5_level_2-1,530,2096.6928112506866,2630518,600,(42;42;42;42;42;42;42;42;42;42;42;42;42;42;42;42;42;42;42;42;42;42;43;43;43;43;43;43;42;43;42;42;43;42;43;42;43;47;47;47;45;46;47;45;49;51;52;52;53;49;54;54;59;59;62;64;68;70;70;67;78;79;81;84;84;104;104;97;100;97;104;97;100;98;104;97;100;98;97;100;97;97;104;97;104;104;97;97;97;97;100;97;104;99;97;100;98;97;99;97;97;104;100;104;97;98;99;104;104;99;97;104;92;100;98;92;88;96;85;93;84;90;84;91;85;84;97;84;126;122;122;74;71;71;75;73;67;62;125;126;183;72;128;53;87;87;85;183;183;183)
seed_5_level_2-1,530,2615.77423286438,3158691,750,(42;42;42;42;42;42;42;42;42;42;42;42;42;42;42;42;42;42;42;42;42;42;42;43;42;43;42;43;43;42;43;42;42;43;43;43;42;45;47;46;45;47;47;45;49;53;51;52;78;113;52;53;59;59;59;79;64;67;68;70;70;72;78;79;81;84;84;104;104;97;99;97;104;97;100;98;104;97;100;98;97;100;97;97;104;97;104;104;97;97;97;97;100;97;104;99;97;100;98;97;99;97;97;51;100;104;97;99;99;104;104;99;97;104;92;100;98;92;88;96;85;93;84;89;84;92;86;84;98;84;122;122;74;71;71;76;72;68;62;125;126;126;128;87;87;85;183;183;183;183)
seed_5_level_2-1,530,3141.774031639099,3687914,900,(42;42;42;42;42;42;42;42;42;42;42;42;42;42;42;42;42;42;42;42;42;42;42;42;42;43;42;43;42;43;43;43;43;42;42;42;43;47;47;45;46;45;47;45;49;104;51;52;53;49;53;59;59;54;64;67;68;70;70;139;78;88;79;81;84;84;104;104;97;99;97;104;97;100;98;104;97;100;98;97;100;97;97;104;97;104;104;97;97;97;97;100;97;104;98;97;100;99;97;98;97;97;100;104;97;98;99;104;104;98;97;104;92;100;98;92;88;96;85;93;84;90;84;91;85;84;98;84;62;122;122;74;71;71;75;73;67;62;125;126;126;128;113;87;87;85;126;183;183;183)
seed_5_level_2-1,530,3656.4975292682648,4221226,1050,(42;42;42;42;42;42;42;42;42;42;42;42;42;42;42;42;42;42;42;42;42;42;42;43;42;43;42;43;43;42;42;43;43;42;43;42;43;47;45;45;47;47;47;45;53;49;51;52;53;53;59;59;59;62;64;67;68;70;70;52;79;81;84;84;104;104;104;97;99;97;104;97;100;98;104;97;100;98;97;100;97;97;104;97;104;104;97;97;97;97;100;97;104;99;97;100;98;97;98;97;97;100;104;97;99;98;104;104;99;97;104;92;100;98;92;78;88;90;85;93;84;90;84;91;86;84;97;84;122;122;122;71;71;75;73;68;62;125;126;126;183;72;128;113;87;87;85;183;183;183)
seed_5_level_2-1,530,4178.614284753799,4754428,1200,(42;42;42;43;42;42;42;42;42;42;42;42;43;42;42;42;42;42;42;42;42;42;43;42;43;42;42;42;42;43;43;43;43;42;43;43;43;45;47;47;45;47;45;47;49;51;52;78;49;52;54;59;59;59;79;63;67;68;70;70;72;88;79;81;84;84;104;104;104;97;100;97;104;97;100;98;104;97;100;99;97;100;97;97;104;97;104;104;97;97;97;97;100;97;104;98;97;100;99;97;99;97;97;100;104;97;98;98;104;104;99;97;104;92;100;104;92;88;96;85;93;84;89;84;91;85;84;98;84;122;122;122;71;71;76;73;67;62;125;126;126;128;53;87;87;85;183;183;183;183)
seed_5_level_2-1,530,4689.566784858704,5283452,1350,(42;42;42;42;42;42;42;42;42;42;42;42;42;42;42;42;42;42;42;42;43;43;42;43;42;43;43;42;42;43;43;43;43;42;43;42;42;47;47;47;45;47;47;45;49;49;51;52;52;53;54;59;59;59;64;67;68;70;70;139;78;79;81;84;84;51;104;104;97;99;97;104;97;100;98;104;97;100;98;97;100;97;97;104;97;104;104;97;97;97;97;100;97;104;98;97;100;98;97;98;97;97;100;104;97;98;99;104;104;99;97;104;92;100;98;92;88;88;90;85;93;84;89;84;92;86;84;97;84;62;122;122;74;71;71;76;73;67;62;125;126;126;128;87;87;85;183;183;183;183)
seed_5_level_2-1,530,5204.766555786133,5806278,1500,(42;42;42;42;42;42;42;42;42;42;42;42;42;42;42;42;42;42;42;42;42;42;43;42;43;43;42;43;43;43;43;42;43;43;43;43;42;47;45;45;47;45;47;46;53;49;51;51;52;52;53;54;59;59;54;62;63;71;68;70;70;78;79;81;84;84;104;104;97;100;97;104;97;100;98;104;97;100;99;97;100;97;97;104;97;104;104;97;97;97;97;100;97;104;98;97;100;98;97;99;97;97;100;104;97;99;98;104;104;99;97;104;92;100;104;92;88;88;90;85;93;84;89;84;91;86;84;97;84;122;122;74;71;71;75;73;68;62;125;126;126;72;128;87;87;85;183;183;183;183)
seed_5_level_2-1,530,5723.28870344162,6324669,1650,(42;42;42;42;42;42;42;42;42;42;42;42;42;42;42;42;42;42;42;42;42;42;43;42;42;43;42;42;43;43;42;42;42;43;43;43;42;47;47;45;46;45;47;47;49;104;51;52;52;113;53;54;59;59;59;62;63;68;70;70;71;72;78;79;81;84;84;104;104;97;99;97;104;97;100;98;104;97;100;99;97;100;97;97;104;97;104;104;97;97;97;97;100;97;104;99;97;100;99;97;98;97;97;100;104;97;99;99;104;104;99;97;104;92;100;98;92;88;88;96;85;93;84;90;84;91;85;84;97;84;122;122;74;71;71;75;72;68;62;125;78;126;128;87;87;85;126;183;183;183)
seed_5_level_2-1,530,6242.198081493378,6852115,1800,(42;42;42;42;42;42;42;42;42;42;42;42;42;42;42;42;42;42;42;42;42;43;43;42;43;43;42;43;43;43;42;42;42;43;43;43;43;45;47;46;47;47;45;47;49;51;52;52;49;53;59;59;59;62;63;68;70;70;71;72;78;79;81;84;84;51;104;104;97;99;97;104;97;100;98;104;97;100;99;97;100;97;97;104;97;104;104;97;97;97;97;100;97;104;98;97;100;99;97;98;97;97;100;104;97;99;99;104;104;98;97;104;92;100;104;92;78;88;96;85;93;84;89;84;91;85;84;97;84;126;122;122;74;71;71;76;73;67;62;125;126;183;128;113;87;87;85;183;183;183)
seed_5_level_2-1,530,6762.342210769653,7384916,1950,(42;42;42;42;42;42;42;42;42;42;42;42;42;42;42;42;42;42;42;42;43;43;43;43;43;42;42;43;43;42;42;43;43;42;43;43;42;45;45;46;47;45;45;45;53;49;104;51;52;52;54;59;59;59;79;64;68;70;70;67;72;78;88;79;81;84;84;104;104;97;99;97;104;97;100;98;104;97;100;99;97;100;97;97;104;97;104;104;97;97;97;97;100;97;104;98;97;100;98;97;99;97;97;100;104;97;99;99;104;104;99;97;104;92;100;98;92;88;96;85;93;84;90;84;92;86;84;97;84;122;122;122;71;71;75;72;68;62;125;78;126;128;113;87;87;85;183;183;183;183)
seed_5_level_2-1,530,7276.858790397644,7906080,2100,(42;42;42;42;42;42;42;42;42;42;42;42;42;42;42;42;42;42;42;42;42;42;42;43;43;42;42;43;42;43;43;43;43;42;43;43;42;47;45;47;45;47;46;47;49;51;52;53;49;54;59;59;54;63;71;68;70;70;139;78;79;81;84;84;51;104;104;97;99;97;104;97;100;98;104;97;100;98;97;100;97;97;104;97;104;104;97;97;97;97;100;97;104;99;97;100;98;97;98;97;97;100;104;97;98;98;104;104;99;97;104;92;100;98;92;88;88;90;85;93;84;89;84;92;86;84;98;84;78;79;122;122;122;71;71;76;72;67;62;125;126;128;53;87;87;85;126;183;183;183)
seed_5_level_2-1,530,7791.4725930690765,8421925,2250,(42;42;42;42;42;42;42;42;42;42;42;42;42;42;42;42;42;42;42;42;42;42;43;42;43;42;42;42;42;42;42;43;43;43;42;42;43;45;47;47;45;45;45;47;49;49;104;51;52;53;53;53;59;59;59;63;68;70;70;71;52;79;81;84;84;104;104;97;100;97;104;97;100;98;104;97;100;99;97;100;97;97;104;97;104;104;97;97;97;97;100;97;104;98;97;100;98;97;99;97;97;100;104;97;99;99;104;104;98;97;104;92;100;104;92;78;88;96;85;93;84;89;84;91;86;84;98;84;78;62;122;122;122;71;71;76;72;67;62;125;126;126;72;128;87;87;85;183;183;183)
seed_5_level_2-1,530,8310.496215820312,8946184,2400,(42;42;42;42;42;42;42;42;42;42;42;42;42;42;42;42;42;42;42;42;43;42;43;42;42;43;43;43;43;43;42;43;42;43;42;43;42;45;47;47;47;47;47;47;49;49;51;52;52;53;52;53;59;59;59;79;64;68;70;70;67;139;88;79;81;84;84;104;104;104;97;100;97;104;97;100;98;104;97;100;98;97;100;97;97;104;97;104;104;97;97;97;97;100;97;104;99;97;100;98;97;99;97;97;100;104;97;99;99;104;104;99;97;104;92;100;98;92;88;90;85;93;84;89;84;91;85;84;98;84;126;122;122;74;71;71;76;73;68;62;125;126;126;128;87;87;85;183;183;183)
seed_5_level_2-1,1060,8822.249578475952,9574097,2548,(43;79;43;42;42;97;43;91;42;103;42;43;42;42;43;43;43;43;42;102;45;42;47;45;100;45;47;42;47;47;42;86;47;42;42;53;104;91;49;100;60;52;43;183;53;104;53;104;100;101;100;100;97;340;99;99;83;99;87;87;62;137;45;63;97;43;148;99;98;99;121;99;87;98;148;118;61;67;99;99;99;88;118;99;74;65;118;64;99;66;122;84;78;54;42;75;42;52;64;99;64;61;93;113;42;121;148;99;86;99;99;74;243;95;92;87;95;95;95;88;88;95;103;51;105;66;103;132;87;96;96;84;105;71;71;71;132;110;95;110;104;132;95;95;92;105;42;132)
seed_5_level_2-1,1060,9341.460529565811,10131863,2699,(42;42;47;43;95;95;77;79;42;95;42;95;58;105;42;43;86;95;95;95;42;95;58;42;95;95;95;95;95;95;42;95;95;95;51;47;95;95;95;108;95;95;42;63;49;95;95;93;95;95;42;47;95;95;43;95;91;105;95;42;78;103;95;95;80;103;79;42;42;43;43;95;43;42;74;42;95;43;109;103;132;95;58;43;95;78;95;105;95;56;95;87;64;95;47;88;95;60;164;98;105;91;105;87;95;95;63;96;95;95;105;91;100;95;95;103;105;103;105;79;75;132;95;105;95;109;95;164;43;71;103;105;47;95;126;71;59;132;99;125;92;45;43;105;71;66;59;63;84;79;95)
seed_5_level_2-1,1060,9868.33129477501,10686991,2852,(47;43;73;42;42;75;91;43;43;79;95;132;73;70;69;95;58;95;51;43;58;58;42;95;95;95;95;95;95;95;95;42;105;95;106;42;95;95;75;69;93;95;95;95;45;100;78;78;102;95;43;43;95;95;95;88;95;132;80;95;87;43;93;95;63;95;95;108;47;95;62;45;95;42;42;95;78;95;95;95;42;103;101;95;95;95;132;74;70;43;103;84;43;95;95;84;65;66;105;103;93;95;103;43;42;95;43;42;87;91;164;64;93;79;79;79;95;73;84;86;80;69;114;95;105;95;59;73;47;95;86;105;93;164;105;95;68;91;95;71;95;103;105;95;71;84;75;95;91;95;95;69;95)
seed_5_level_2-1,1060,10393.242916345596,11306713,3001,(45;95;95;58;84;58;95;76;95;77;96;90;81;52;92;95;95;95;42;105;100;95;95;95;95;95;43;95;43;87;95;95;87;105;80;103;95;91;95;78;95;95;95;95;95;95;84;95;95;95;106;45;74;65;132;54;43;95;75;103;91;105;95;84;73;95;95;95;95;49;42;42;95;95;84;49;95;114;95;85;71;95;95;94;75;71;43;95;75;76;132;95;95;95;95;95;87;46;100;105;105;105;103;132;132;95;71;105;74;87;85;95;87;164;95;88;95;95;66;73;105;95;105;87;132;95;91;71;95;95;164;95;95;42;95;106;95;105;95;95;95;80;105;95;85;95;87;91;132)
seed_5_level_2-1,1060,10928.194667577744,11936473,3154,(45;47;114;95;95;43;42;53;95;119;105;42;132;77;58;63;95;51;54;75;118;95;95;95;87;95;95;95;95;95;84;67;43;94;84;99;95;58;84;105;111;45;95;47;77;95;82;80;45;42;71;81;84;71;95;95;72;95;43;79;71;84;95;95;119;95;95;95;95;95;95;103;103;77;79;90;132;107;43;54;42;42;76;105;105;84;95;95;105;95;78;72;95;105;91;132;95;95;87;105;88;105;95;87;132;132;87;95;87;47;87;87;91;95;95;95;87;95;95;164;88;105;66;164;95;112;87;88;105;84;103;95;105;95;87;87;95;95;75;95;132;95;105;87;88;107;78;105;87;75;105;103;88)
seed_5_level_2-1,1060,11465.318592071533,12610201,3308,(47;119;42;100;91;45;61;107;77;103;109;132;92;96;95;103;49;42;47;95;132;87;107;43;131;105;59;103;108;132;76;95;95;95;132;64;61;74;110;67;61;84;43;71;98;110;97;100;95;71;71;105;77;59;95;95;84;105;71;95;105;87;95;59;42;88;79;87;95;95;95;119;87;95;95;95;95;95;105;77;95;66;95;95;105;84;95;49;64;105;95;90;95;105;105;95;105;164;95;84;164;95;66;95;95;95;95;115;95;75;65;132;132;79;91;87;100;99;78;95;95;95;47;79;105;95;164;95;132;95;95;69;87;78;91;164;105;66;95;87;132;95;88;95;105;63;87;74;67;95;95;95;52;95)
seed_5_level_2-1,1060,12003.625526189804,13297205,3460,(47;45;87;95;95;59;95;103;95;88;87;132;105;65;76;73;95;105;84;98;103;116;42;95;100;103;106;59;84;42;132;95;95;105;43;95;95;95;87;91;66;95;110;95;86;103;74;103;95;95;84;95;84;105;91;105;92;91;95;80;103;87;164;105;95;105;95;78;95;95;95;71;71;95;64;43;87;76;95;95;87;105;71;132;100;132;87;95;132;116;132;107;59;95;87;66;95;105;72;103;89;132;115;105;88;110;95;81;83;70;52;117;130;95;95;95;95;105;42;105;95;63;42;164;87;71;95;117;132;95;95;95;95;95;78;93;95;164;59;66;132;95;95;99;132;87;99;95;105;79;77;87)
seed_5_level_2-1,1060,12537.69953417778,13971923,3613,(47;105;86;95;78;107;100;59;95;91;95;131;128;105;92;104;75;90;103;108;95;116;42;59;42;95;95;42;43;105;132;95;95;69;66;47;78;53;95;51;100;103;84;95;100;85;89;71;100;95;95;110;103;97;110;95;95;68;95;103;79;95;97;132;58;83;105;101;59;71;80;58;95;59;95;164;95;95;84;71;84;95;103;63;99;68;95;84;132;47;95;55;61;77;105;132;43;105;84;132;65;71;132;95;95;98;43;95;97;87;105;95;164;95;87;95;93;95;87;105;78;87;95;42;132;132;100;95;95;95;97;87;132;94;132;88;105;94;105;164;83;78;68;116;77;132;95;87;95;105;95;88;74)
seed_5_level_2-1,1060,13069.924344301224,14622902,3762,(47;95;109;105;103;113;42;66;84;42;132;95;86;92;95;80;95;76;78;105;59;105;74;75;87;88;87;60;80;107;95;105;95;103;105;45;105;95;95;95;132;88;132;95;95;83;95;62;95;132;73;132;59;71;95;93;103;95;71;95;95;105;71;97;80;96;103;71;84;42;95;98;74;87;85;75;74;95;95;76;64;95;67;87;105;164;95;103;95;95;95;62;62;93;63;95;103;164;88;105;88;95;103;91;95;95;103;105;164;105;164;93;95;87;91;105;95;74;95;79;103;95;105;75;128;95;97;76;66;78;105;89;83;77;76;79;132;95;100;102;105;78;68;61;61;90;96;95;107)
seed_5_level_2-1,1060,13598.797822713852,15317613,3909,(95;63;45;42;109;103;103;95;105;95;106;95;84;105;88;61;93;84;95;95;132;51;107;110;59;95;95;145;78;53;71;103;98;42;95;105;86;95;95;87;105;132;85;85;95;63;95;105;140;63;88;94;164;71;132;95;59;59;42;95;95;132;95;95;72;164;63;82;87;74;91;95;134;103;95;95;91;103;164;105;95;87;112;63;68;103;132;74;95;132;132;95;42;95;84;68;87;91;84;105;76;127;95;72;88;84;132;95;42;71;95;95;132;132;92;84;63;63;132;64;105;95;86;132;95;108;91;105;64;115;108;105;80;132;106;164;95;105;95;91;132;75;105;95;66;87;103)
seed_5_level_2-1,1060,14136.6037504673,16040846,4058,(95;50;63;92;103;95;74;67;95;132;55;105;105;132;75;75;95;83;84;42;105;84;43;92;145;91;95;103;85;74;78;107;95;91;59;132;95;95;95;42;42;104;99;43;71;132;95;74;84;87;81;99;103;132;101;80;128;79;105;92;105;83;95;132;87;132;107;102;95;42;86;164;42;71;95;42;132;42;104;132;110;132;88;132;95;61;132;132;105;95;95;83;66;95;95;105;95;100;84;164;95;87;66;95;100;95;78;132;132;105;95;95;164;105;86;116;79;86;81;164;67;95;105;132;86;164;95;105;105;95;95;105;103;95;95;83;95;164;103;95;105;87;95;75;87;74;105;95;63)
seed_5_level_2-1,1060,14668.646789312363,16771251,4207,(95;79;63;43;132;95;95;95;105;74;105;95;132;164;43;42;71;105;105;95;89;77;132;132;42;74;84;59;103;132;95;86;92;92;78;95;105;47;132;108;105;88;95;132;97;95;65;97;95;132;69;78;95;51;164;62;95;132;95;103;96;87;95;95;78;145;105;132;103;114;105;74;84;105;64;95;74;164;100;95;103;103;105;76;74;95;79;132;164;66;95;95;95;143;89;105;91;103;95;106;127;164;68;95;42;95;65;95;93;95;95;132;95;95;62;100;62;60;62;132;84;95;84;132;68;61;66;132;95;87;61;94;164;95;84;164;79;116;132;86;83;100;95;63;138;74;62;105;74)
seed_5_level_2-1,1060,15192.501841306686,17489136,4354,(79;103;47;47;75;164;116;100;103;132;103;95;86;76;95;132;132;93;95;95;87;66;87;132;95;95;95;95;97;47;95;112;115;55;55;164;84;87;43;95;95;95;95;71;103;132;95;105;95;42;75;103;65;42;71;105;132;95;110;95;132;91;95;118;105;97;69;164;105;95;78;95;97;103;95;110;97;132;74;95;88;91;95;95;95;95;42;164;79;95;105;95;95;66;95;164;69;119;164;105;87;93;105;91;76;43;71;74;105;43;145;59;95;95;75;84;59;132;98;75;53;164;71;132;88;59;95;42;132;87;87;124;103;164;164;95;114;71;93;72;91;71;95;95;105;95;95)
seed_5_level_2-1,1060,15742.957180023193,18253304,4505,(103;42;45;91;65;47;132;86;132;42;103;78;95;95;42;105;112;95;95;105;66;80;95;108;90;132;43;62;95;95;71;84;71;95;164;95;95;105;95;75;95;95;95;95;100;164;78;43;100;87;75;95;95;42;76;95;164;95;103;105;71;95;164;92;88;95;82;93;145;73;91;120;132;105;134;87;95;92;105;103;132;75;79;95;87;95;100;95;91;86;95;132;105;115;117;132;121;132;83;132;105;103;112;164;103;95;95;95;93;66;91;95;103;95;144;71;105;103;105;149;103;86;95;71;95;164;95;95;105;164;94;91;95;116;91;89;91;194;95;100;95;91;74;59;71;62;92;95;98;101;95)
seed_5_level_2-1,1060,16278.3705971241,18943548,4654,(103;50;78;67;72;132;95;71;97;95;105;71;97;49;164;103;87;86;72;100;105;95;95;87;132;100;74;59;71;84;108;71;95;78;132;75;95;95;95;95;105;95;95;95;164;78;105;95;95;103;95;95;95;95;164;69;96;77;74;95;95;87;103;84;112;85;132;87;89;129;77;95;103;105;164;95;105;95;42;84;164;76;87;63;132;64;95;164;80;90;95;95;61;93;95;104;105;95;149;95;54;71;132;105;97;84;103;95;42;86;164;91;105;95;75;91;95;95;91;79;105;61;95;145;53;89;95;95;105;95;91;87;87;95;52;95;132;100;95;95;77;66;59;100;59;71;42;95;59)
seed_5_level_2-1,1060,16827.961505413055,19708315,4807,(103;65;79;132;66;108;132;59;90;84;72;95;78;112;71;132;132;132;132;74;132;71;75;72;118;233;132;149;109;89;95;84;103;114;42;111;85;82;145;95;81;105;75;100;103;121;95;84;71;132;164;85;95;77;62;95;42;95;95;42;59;132;86;88;95;95;95;100;95;80;87;67;132;74;95;71;95;79;94;42;95;84;105;164;95;105;79;66;91;79;95;95;95;95;95;164;95;95;87;95;100;89;72;95;95;100;164;95;74;105;95;95;69;69;95;103;94;96;194;70;132;95;54;95;89;105;53;74;95;76;164;103;97;103;80;95;94;91;132;87;95;129;87;92;59;82;103;132;132;42;87;98;95)
seed_5_level_2-1,1060,17370.79184436798,20476413,4957,(164;133;77;60;95;63;94;95;87;132;43;95;87;95;79;75;95;95;95;132;95;97;70;115;87;95;91;164;103;132;51;95;76;73;74;67;130;95;132;95;43;76;91;105;95;114;117;95;164;105;88;58;53;95;95;66;95;95;164;66;112;95;65;132;87;95;91;95;105;129;95;105;85;85;106;54;132;95;47;105;164;74;112;105;105;87;138;95;164;83;79;121;103;95;164;105;90;95;95;52;55;77;111;105;105;74;103;84;88;95;116;85;117;100;164;103;132;164;95;87;91;97;47;91;105;133;132;92;62;86;95;103;42;95;42;109;84;132;233;59;69;103;80;105;95;67;132;84;42;68)
seed_5_level_2-1,1060,17896.712403059006,21230568,5104,(132;84;71;100;95;105;95;95;95;164;95;119;71;87;87;103;95;89;132;95;72;42;60;95;62;67;95;132;105;132;129;95;50;76;95;95;90;96;164;109;132;95;78;47;89;95;97;105;233;95;95;122;95;119;49;164;95;105;64;164;92;95;65;84;65;95;42;62;105;129;106;87;84;95;132;106;54;57;87;164;95;87;87;95;71;67;95;95;86;115;88;97;95;132;65;78;62;103;75;164;91;95;105;87;95;105;137;105;95;95;95;111;117;116;95;164;95;42;95;95;80;95;164;95;86;103;103;101;91;95;95;78;105;42;95;164;75;95;132;84;132;83;103;105;105;61;90)
seed_5_level_2-1,1060,18441.476353645325,21994606,5256,(132;105;105;87;71;95;95;84;95;118;129;95;47;95;105;95;95;87;95;95;164;105;103;103;95;97;76;66;95;164;105;95;105;96;95;95;87;95;105;47;132;100;95;71;95;95;72;71;95;104;129;95;105;88;134;95;132;95;79;95;76;164;71;91;95;91;95;95;105;95;132;100;115;68;88;63;95;95;62;62;95;132;66;164;95;90;95;93;79;95;87;95;95;164;94;74;105;84;106;93;95;80;82;66;164;72;164;105;72;116;71;95;103;95;79;95;164;91;103;105;95;91;66;95;116;95;95;121;100;95;132;78;78;71;105;103;105;78;76;164;95;103;69;94;84;92;105;105;105;164;66;64)
seed_5_level_2-1,1060,18989.259595394135,22784634,5408,(115;132;96;65;95;102;95;63;63;95;129;75;95;105;95;82;88;90;88;132;86;95;74;83;132;74;82;92;164;90;132;87;95;70;95;95;95;95;91;164;103;102;95;95;87;95;105;95;95;132;164;96;95;96;144;95;103;105;103;113;132;90;62;87;102;113;95;64;71;43;132;164;82;87;45;95;71;95;103;78;116;194;76;87;95;95;42;106;80;92;132;164;78;105;145;100;71;95;78;95;86;103;95;164;66;79;91;95;105;91;95;95;95;87;95;129;105;91;103;100;84;86;105;75;95;132;115;164;42;95;105;87;42;105;164;95;42;87;95;103;164;71;91;95;128;95;132;89;132;90;100;95)
seed_5_level_2-1,1060,19534.59724020958,23546878,5559,(115;92;102;95;95;109;66;103;97;132;132;132;78;63;79;95;95;95;103;132;106;95;71;95;95;84;95;95;95;164;95;116;99;95;79;79;42;95;95;95;164;91;95;79;95;86;91;116;95;66;87;129;90;95;79;105;66;87;95;95;95;164;95;104;95;100;95;74;95;95;91;53;194;95;70;132;87;95;73;80;42;105;84;164;105;95;95;71;79;84;84;95;95;95;95;164;105;78;42;103;78;132;93;95;78;95;129;47;95;115;95;95;95;95;95;132;95;164;86;87;100;83;95;87;95;91;89;97;61;100;94;105;95;59;82;132;105;95;94;88;144;92;89;105;164;119;95;95;164;95;115)
seed_5_level_2-1,1060,20083.84476161003,24331199,5713,(164;79;62;92;95;105;82;164;95;197;87;121;105;164;95;94;79;95;87;95;95;73;43;95;79;95;132;95;95;95;95;43;43;95;95;103;84;95;164;42;43;42;52;87;95;45;42;42;51;95;103;132;86;91;95;95;95;78;64;118;95;109;95;84;110;129;164;134;87;90;96;139;95;85;105;95;95;95;129;95;68;87;95;132;91;95;88;95;95;42;115;80;87;75;80;95;95;105;66;63;95;103;164;76;164;91;71;43;95;105;113;79;42;73;95;132;80;120;105;75;86;103;95;110;105;132;95;164;164;103;132;105;139;61;132;138;132;105;134;74;144;95;76;95;95;107;87;82;133;90;95;89;97;95)
seed_5_level_2-1,1060,20627.078526735306,25075388,5866,(164;105;105;69;90;42;105;103;52;144;115;80;164;105;76;164;43;63;132;95;89;95;129;63;95;89;105;88;95;95;95;95;74;95;95;95;164;103;72;91;103;95;103;105;95;87;95;99;43;164;79;58;66;42;74;97;71;105;81;42;74;130;144;74;95;86;97;95;99;72;85;71;97;66;106;95;132;95;97;95;95;86;95;42;91;87;95;91;62;125;132;95;82;105;95;69;95;132;42;83;59;132;65;95;129;54;105;92;95;95;100;95;95;59;105;164;105;118;95;95;197;170;95;66;109;84;78;88;73;117;66;87;55;95;95;55;164;132;105;89;116;95;95;105;89;105;98;80;95;95;93;95;83)
seed_5_level_2-1,1060,21165.884565591812,25817047,6015,(164;95;42;87;82;83;95;62;132;132;95;79;132;132;71;95;63;115;95;72;86;54;95;42;95;129;88;95;95;95;95;89;54;63;66;52;95;100;129;132;59;92;89;95;54;51;95;95;54;95;88;82;132;144;86;103;76;95;59;90;105;94;95;95;138;66;164;42;103;97;103;95;78;116;43;105;132;90;103;79;132;90;83;132;87;42;74;78;84;105;164;95;132;164;92;103;95;55;71;95;105;79;91;91;95;197;137;78;95;105;51;80;95;95;95;107;82;105;105;105;164;164;79;80;164;63;95;105;80;164;88;78;78;164;87;87;105;100;100;106;69;71;87;80;132;97;132;87;74)
seed_5_level_2-1,1060,21706.589571475983,26601462,6166,(129;95;95;88;95;95;105;105;88;49;87;95;132;112;95;42;42;94;66;95;132;95;59;95;129;105;95;95;132;95;95;89;105;42;95;132;85;95;164;105;95;95;95;95;72;72;95;95;132;95;103;164;74;95;105;105;105;95;42;87;95;80;91;78;138;78;105;82;85;83;75;95;95;105;142;95;89;80;164;75;101;87;91;95;164;87;93;63;103;71;66;164;106;95;93;84;95;100;164;121;132;132;95;95;87;197;87;87;95;164;103;54;62;95;103;95;95;105;106;164;79;132;102;74;82;95;71;105;69;87;74;78;131;132;79;132;164;80;87;95;67;87;91;132;105;107;103;91;97;117;103)
seed_5_level_2-1,1060,22257.537052869797,27387421,6316,(132;88;79;100;132;95;119;91;132;100;52;164;87;105;105;95;97;87;95;95;74;79;71;129;95;95;105;105;95;95;95;95;132;95;105;49;129;132;76;71;105;132;91;76;132;88;132;84;76;164;113;95;89;42;88;85;80;111;87;76;94;95;73;138;95;88;100;130;88;111;105;95;164;64;153;128;164;95;79;91;105;84;87;78;92;63;79;79;96;95;197;95;95;95;103;95;108;164;105;92;132;80;105;105;82;164;66;69;70;93;95;95;90;75;101;132;95;95;108;164;105;84;132;92;71;132;89;93;61;74;132;83;105;132;105;94;95;84;95;84;95;95;87;103;93;84;87;95;87;106)
seed_5_level_2-1,1060,22814.996342897415,28183945,6470,(94;105;103;91;95;93;87;164;87;91;84;87;100;95;95;129;52;95;95;95;105;95;52;103;95;96;95;95;47;88;164;95;95;99;95;83;91;91;91;86;95;95;78;95;132;95;42;101;78;95;60;65;64;63;74;95;58;74;164;84;82;91;75;103;132;87;161;91;42;103;46;84;164;95;116;89;103;95;114;84;95;80;87;95;80;105;95;95;129;95;116;111;75;95;95;202;105;94;95;95;84;95;105;197;106;95;103;130;62;95;116;181;95;105;95;95;132;95;103;132;164;132;95;95;105;80;95;98;132;132;91;95;95;87;95;132;132;132;138;95;95;103;105;89;95;94;66;74;132;80;105;73;78;73)
seed_5_level_2-1,1060,23355.902784109116,28960200,6621,(132;103;95;105;77;54;43;66;111;92;100;129;95;95;105;95;103;105;95;95;86;95;89;45;164;112;95;86;78;98;132;104;100;105;94;77;132;95;117;164;95;103;95;91;88;84;95;95;95;95;87;95;95;164;103;84;103;78;87;95;132;107;105;66;83;42;74;103;138;64;88;112;105;105;111;91;95;88;95;95;105;108;103;164;95;84;74;99;95;71;105;103;95;72;106;95;84;93;95;103;202;82;105;91;78;95;95;105;105;82;91;92;132;75;95;87;164;132;132;103;95;95;95;91;95;134;77;132;95;101;95;91;95;197;87;95;143;59;95;62;95;73;95;65;121;88;117;105;95;72;105)
seed_5_level_2-1,1060,23886.379643201828,29703511,6768,(132;103;103;75;59;95;69;75;64;74;73;88;164;91;74;132;95;95;62;95;84;109;95;95;95;95;82;164;103;95;105;105;42;89;103;79;105;95;164;84;81;116;95;164;95;71;95;102;54;47;95;97;87;103;75;95;103;76;98;202;136;105;89;87;100;76;108;132;103;105;78;85;73;47;100;88;138;103;95;104;89;66;77;71;101;79;80;110;99;105;89;103;164;105;95;95;68;132;132;43;66;89;95;124;95;95;105;105;86;95;197;105;132;80;52;95;55;95;66;106;89;73;95;130;116;105;62;105;82;152;164;95;95;69;93;84;106;105;103;75;95;91;88;191;87;95;87)
seed_5_level_2-1,1060,24432.63250017166,30518609,6920,(164;97;63;80;43;95;87;103;103;115;103;103;71;42;105;95;105;95;164;132;105;95;95;87;67;95;95;95;95;95;93;103;93;101;103;114;138;76;95;105;95;132;89;111;105;64;164;103;105;132;82;95;95;87;164;164;105;86;132;67;95;89;71;95;132;105;89;86;132;84;59;96;84;95;202;75;95;88;164;89;42;104;95;95;71;100;88;144;95;89;89;78;75;164;78;73;95;117;95;110;95;87;42;115;95;42;105;109;83;116;105;95;197;66;105;62;95;95;132;105;96;71;105;105;113;123;95;95;87;103;84;92;192;105;105;164;132;95;105;95;93;71;95;103;95;105;103;80;87;105;100;100)
seed_5_level_2-1,1060,24977.71454000473,31341961,7070,(164;105;95;91;95;106;84;67;87;105;101;95;113;95;66;103;105;164;95;145;93;91;95;95;164;119;95;95;87;103;132;103;87;103;132;84;202;87;95;88;75;89;88;103;101;101;103;164;49;95;76;47;95;89;197;95;95;65;95;88;95;74;84;132;95;95;103;100;79;95;88;71;155;164;95;95;164;95;42;42;72;95;111;142;71;95;95;42;78;132;95;191;103;164;72;106;71;105;68;132;93;91;91;95;91;103;91;100;88;110;138;105;104;68;119;95;95;95;87;87;95;164;95;95;91;95;95;95;95;164;71;89;132;95;61;95;95;91;71;87;74;95;91;105;95;105;132;164;132;132)
seed_5_level_2-1,1170,25523.358010053635,32672829,7220,(202;103;77;132;100;82;71;95;75;93;88;84;42;105;47;95;95;164;91;95;95;95;103;109;79;80;79;42;80;105;105;97;164;76;197;71;62;105;95;105;105;95;74;105;133;132;95;105;95;95;105;95;164;78;105;95;87;106;103;89;132;95;99;103;103;95;80;100;91;105;138;99;131;105;106;103;95;105;97;103;141;78;132;71;95;95;81;76;103;78;191;95;87;95;132;105;87;132;95;71;88;103;95;93;73;105;103;103;95;96;164;95;132;132;132;95;95;103;133;95;164;64;100;1001;148;91;211;84;148;89;186;102;105;79;92;62;102;101;102;91;92;99;91;91;91;91;99;87;91;91)
seed_5_level_2-1,1170,26072.798980474472,33523922,7371,(202;84;102;98;186;102;91;102;102;102;102;91;85;91;83;69;92;90;102;84;82;87;84;148;91;91;192;61;91;66;62;91;86;93;91;91;91;91;108;125;74;100;80;91;70;91;102;91;91;102;94;148;69;91;78;102;197;96;102;91;75;91;91;91;102;71;91;89;91;91;51;91;91;76;102;91;50;69;89;62;90;91;116;78;141;91;75;96;82;91;71;91;186;148;186;102;91;91;84;104;64;59;77;91;93;123;103;80;186;76;91;99;91;100;91;261;91;91;148;111;186;71;71;71;102;94;91;100;102;70;186;89;102;91;148;90;187;91;71;91;94;102;100;187;148;92;99;138;186;91;91)
seed_5_level_2-1,1170,26625.589106798172,34446676,7521,(197;61;74;80;99;148;186;207;84;101;91;102;108;186;91;91;84;91;89;91;94;91;63;74;51;91;191;91;91;102;89;74;148;85;86;68;102;99;99;91;92;91;99;88;91;75;91;99;102;122;89;102;65;102;148;141;72;91;61;91;148;102;91;102;75;145;91;91;92;261;102;87;148;102;106;102;143;62;102;73;91;91;65;91;102;202;148;75;91;84;85;148;84;87;102;91;78;102;91;78;91;88;148;148;75;91;42;93;84;106;91;91;91;261;148;148;199;79;71;91;148;102;100;84;91;186;79;100;109;91;100;91;109;91;91;102;102;84;86;84;148;102;89;148;96;210;91;91;148;113)
seed_5_level_2-1,1170,27168.45087814331,35296873,7670,(191;91;50;93;101;91;99;79;177;92;84;50;49;51;93;91;97;102;108;75;82;91;91;93;91;91;42;104;202;91;75;64;42;91;68;85;87;99;88;91;118;87;87;65;91;91;102;91;112;148;91;83;148;91;102;94;91;207;100;84;140;91;186;87;102;102;99;66;91;66;74;75;216;102;61;91;91;91;91;102;115;62;91;112;59;261;91;91;91;91;91;91;96;91;77;91;91;99;76;69;89;91;103;76;91;91;56;91;91;113;61;148;91;89;261;93;94;97;116;61;148;210;76;74;96;186;91;111;91;87;91;91;186;91;94;80;155;186;75;71;117;94;87;91;80;84;87;186;148)
seed_5_level_2-1,1170,27711.24324321747,36142622,7820,(192;75;89;91;69;85;91;102;99;59;91;88;91;82;102;54;89;93;91;102;102;100;63;70;84;91;98;261;75;88;79;91;91;91;91;133;91;59;84;87;99;78;91;99;99;94;99;90;88;84;91;105;91;91;90;202;91;85;91;85;87;88;78;102;102;84;91;99;81;103;92;91;91;99;148;88;42;91;88;91;91;91;91;207;87;85;102;91;102;101;99;76;71;90;91;79;91;74;91;78;99;99;69;91;102;77;91;78;102;86;99;77;148;261;71;92;85;79;148;94;186;86;148;148;195;80;95;121;80;140;91;148;91;71;186;148;65;186;91;214;91;91;94;148;194;83;68;91;91;74)
seed_5_level_2-1,1170,28257.489392995834,36973133,7969,(191;99;91;114;89;92;79;91;90;59;68;91;91;148;91;107;102;99;148;93;102;79;79;91;83;50;202;99;80;86;85;91;91;102;102;87;76;89;148;102;99;91;80;86;91;148;91;70;85;42;91;85;80;207;62;76;88;91;99;45;115;206;99;79;74;91;64;102;74;84;99;91;91;78;91;94;93;77;89;193;82;92;261;71;88;66;91;105;86;87;42;87;75;92;96;91;82;75;70;87;91;59;62;105;91;91;78;91;91;102;102;261;87;207;91;102;71;91;148;148;148;96;71;91;186;109;80;71;91;71;94;91;102;91;102;88;91;148;91;91;101;144;182;148;148;103;61;102;102)
seed_5_level_2-1,1170,28806.29926085472,37887653,8119,(192;87;102;102;91;91;78;102;73;102;99;66;148;91;91;104;91;67;91;71;78;115;91;99;91;148;86;102;87;102;99;91;91;93;91;99;67;91;87;125;92;88;78;207;131;215;86;91;91;60;215;102;91;77;78;78;122;87;78;117;91;91;78;91;91;115;77;167;99;91;91;91;77;130;113;62;99;91;148;195;102;99;105;66;71;186;90;74;91;74;261;59;148;214;148;68;86;91;102;84;91;121;82;62;100;83;96;186;80;148;61;91;169;84;148;91;101;84;96;91;91;91;91;148;148;71;91;134;80;91;84;100;61;102;187;71;59;71;91;218;116;186;110;66;71;91;148;94;148;109)
seed_5_level_2-1,1170,29350.5348675251,38705191,8268,(191;91;80;79;78;66;87;75;72;77;102;99;91;96;102;87;90;92;91;101;69;99;102;61;102;96;91;91;75;102;78;92;103;99;91;86;75;88;102;71;91;45;215;148;99;51;91;91;93;92;91;102;91;74;74;102;98;91;90;91;91;79;102;89;99;102;89;186;99;91;68;96;91;130;94;91;74;102;91;87;99;80;67;99;91;91;91;68;91;91;102;261;91;84;186;91;84;62;59;102;111;102;91;91;101;91;148;91;74;83;91;84;91;148;65;89;148;92;171;91;116;102;89;91;148;71;148;84;44;87;96;87;213;101;148;166;103;116;87;91;261;91;91;91;84;222;62;74;91)
seed_5_level_2-1,1170,29903.25391983986,39636407,8418,(215;75;102;91;91;87;108;91;74;99;91;102;99;91;90;99;119;87;91;91;91;99;102;91;87;91;82;91;91;186;62;112;102;74;91;67;91;62;98;114;91;91;91;62;102;91;102;91;102;51;146;75;96;91;78;91;70;91;91;89;91;91;88;80;72;91;96;261;148;83;148;91;91;105;114;146;91;148;148;102;148;80;116;148;199;74;226;102;102;148;148;71;91;117;86;171;71;186;84;68;148;148;213;80;87;114;136;91;91;91;102;80;64;148;90;87;95;156;91;111;91;102;123;148;59;61;91;91;102;94;71;151;66;187;101;102;102;87;148;91;84;150;91;87;148;80;91;197;186;91)
seed_5_level_2-1,1170,30442.46637248993,40465390,8568,(215;102;96;91;91;91;91;74;102;91;79;91;88;75;66;64;91;102;91;91;91;91;91;102;87;91;92;91;91;102;102;87;96;99;91;91;99;88;91;91;91;70;91;91;91;65;99;104;91;91;87;66;148;146;77;91;91;91;91;99;148;77;91;64;78;261;84;83;71;99;83;71;80;148;91;89;186;75;62;148;91;91;148;114;84;115;84;85;71;91;166;186;148;75;69;62;111;102;87;96;186;109;71;75;101;86;94;148;83;91;91;117;86;208;91;117;186;91;116;91;96;100;71;148;75;186;101;93;94;65;148;111;84;102;84;94;84;71;71;138;79;71;94;71;71;98;186;135;114;102)
seed_5_level_2-1,1170,30976.777865171432,41206842,8718,(215;102;70;91;74;78;102;78;102;91;148;102;102;87;71;69;87;91;81;91;91;99;62;87;91;96;99;78;91;102;91;62;186;99;87;91;87;91;91;102;78;91;69;113;75;99;91;102;79;91;102;91;86;102;91;87;91;74;91;102;261;102;71;99;102;86;91;156;91;91;102;91;102;91;91;96;91;100;43;92;95;105;87;91;148;91;94;91;86;148;87;84;91;66;88;87;117;148;59;68;91;94;62;91;77;65;91;91;71;98;91;102;91;186;71;139;94;102;114;71;186;94;148;89;68;62;80;62;74;90;95;74;102;85;99;84;71;91;83;89;91;91;148;65;91;80;91;84;99;186)
seed_5_level_2-1,1170,31525.28393650055,42056930,8868,(215;91;102;86;78;91;102;87;78;77;91;91;91;91;78;87;102;50;94;74;91;91;91;91;91;91;77;102;50;102;91;102;91;148;102;84;91;102;74;102;91;44;102;91;91;99;91;102;102;87;91;91;80;102;99;82;87;96;91;91;91;78;91;91;102;91;261;187;91;91;110;87;215;186;88;84;188;84;99;91;94;91;94;91;102;79;91;99;84;80;91;91;148;91;186;86;102;91;91;156;76;71;102;99;115;148;186;91;71;91;102;192;114;148;110;79;148;148;94;91;110;84;91;102;71;99;91;71;71;91;99;86;102;91;71;80;144;67;130;166;91;91;148;91;144;90;91;148;131;87)
seed_5_level_2-1,1170,32072.646152973175,42906577,9018,(215;91;91;91;63;91;102;102;87;91;91;71;91;102;91;49;102;91;91;87;143;91;91;87;92;102;128;91;99;99;102;91;91;91;75;91;63;102;91;91;96;91;87;92;91;85;91;99;91;91;91;78;100;91;62;78;91;91;84;90;102;91;91;91;91;261;102;91;91;76;102;91;112;91;148;80;186;96;62;91;84;148;91;217;225;102;75;91;91;98;147;71;86;148;89;75;91;80;86;116;59;87;87;141;186;91;261;91;91;74;87;99;66;91;148;83;68;166;91;87;87;148;91;66;148;102;71;111;89;148;86;91;84;80;92;91;191;84;148;84;100;99;84;91;117;87;79;100;91;148)
seed_5_level_2-1,1170,32617.423523664474,43759111,9168,(215;103;91;87;85;92;81;67;91;99;91;99;87;99;84;91;91;42;71;102;91;87;91;49;74;91;90;60;91;91;77;91;91;116;91;96;148;91;83;87;102;91;91;51;102;86;94;84;62;99;88;91;91;54;91;91;89;87;91;102;99;102;100;91;261;91;111;74;109;102;74;79;99;91;114;125;101;84;91;148;109;91;78;102;91;91;76;91;148;80;80;87;90;150;102;74;89;148;91;79;80;91;186;148;83;91;91;74;130;91;91;261;91;94;94;148;79;91;169;186;91;91;87;91;148;91;148;102;102;91;102;137;186;92;102;91;91;186;102;90;148;111;116;87;111;84;148;148;148;102)
seed_5_level_2-1,1170,33173.62388563156,44607428,9318,(215;93;91;97;99;91;148;102;91;91;91;90;91;91;91;87;69;99;186;77;91;93;102;79;91;91;87;186;91;102;91;91;91;99;78;44;49;91;82;75;91;102;91;87;87;96;45;102;99;100;66;91;186;91;91;91;91;91;107;99;87;61;87;91;64;261;91;85;84;89;148;186;70;74;94;92;186;79;148;69;86;89;101;114;91;75;91;102;91;63;100;96;148;90;217;90;99;186;114;95;91;87;115;84;91;87;131;91;101;117;94;89;87;91;102;94;84;148;95;126;87;91;105;91;91;151;99;99;74;186;79;80;102;102;91;87;77;91;148;91;102;114;116;91;66;142;99;91;117;186)
seed_5_level_2-1,1170,33711.419180870056,45497243,9468,(215;102;42;91;50;91;91;78;84;91;91;48;87;91;90;87;91;87;99;79;91;72;91;52;91;78;100;102;102;99;87;91;99;102;91;93;78;91;102;83;103;102;93;61;77;186;91;91;83;102;91;91;66;102;91;63;94;99;91;78;78;96;85;99;261;87;91;98;91;93;102;91;91;102;99;148;148;148;186;84;148;87;100;101;84;91;89;99;91;99;91;91;91;100;91;143;113;91;95;148;100;79;148;114;102;102;261;102;91;186;91;148;111;87;91;186;102;114;91;186;148;91;91;123;116;100;84;98;94;186;66;186;132;59;186;80;102;111;101;80;102;186;90;91;148;91;101;87;91;66)
seed_5_level_2-1,1170,34265.563724279404,46428742,9618,(215;84;85;78;59;148;78;129;102;102;102;62;74;140;87;102;87;83;91;91;118;89;88;87;91;102;90;102;91;86;91;87;65;91;69;94;87;80;99;99;87;89;71;79;87;87;91;99;63;97;84;87;87;99;91;62;91;65;96;91;68;91;66;102;87;261;91;83;132;186;102;91;102;99;139;109;130;148;84;217;91;102;91;148;91;121;116;91;102;91;99;186;148;99;148;98;84;148;80;91;186;186;140;148;80;76;91;75;91;137;74;148;139;91;91;91;88;138;186;84;91;116;97;83;91;186;186;130;116;71;91;91;186;91;94;91;42;148;175;102;91;140;186;84;148;102;99;100;148;74)
seed_5_level_2-1,1170,34811.35744833946,47355271,9768,(215;102;102;120;91;64;91;74;87;91;91;91;49;88;91;102;111;91;115;86;91;46;51;200;91;86;90;80;91;91;45;56;58;91;91;91;91;43;118;93;91;72;91;87;80;91;91;91;148;146;102;197;102;93;91;76;91;59;66;91;148;78;66;79;102;85;261;91;87;91;186;87;84;145;91;147;148;91;115;186;62;59;186;148;94;102;86;97;75;148;186;97;100;186;86;83;115;136;186;91;83;99;186;87;100;103;102;91;71;94;86;91;102;96;102;102;89;148;154;99;94;62;86;101;140;109;91;117;86;261;186;84;102;186;91;80;102;102;148;148;91;132;86;91;91;96;91;100;91;94)
seed_5_level_2-1,1170,35363.24455857277,48248173,9918,(215;64;91;66;186;71;91;88;91;51;104;60;91;99;91;91;91;91;172;44;91;99;108;75;91;95;91;91;96;102;87;160;91;93;102;49;91;79;91;45;73;112;102;87;102;45;90;102;91;99;91;91;51;65;74;148;114;91;82;74;91;99;114;91;261;186;91;68;100;91;71;62;91;80;109;102;87;90;71;92;80;101;148;130;186;87;111;99;87;111;100;148;84;116;71;109;83;186;93;186;148;102;86;99;94;91;91;86;87;100;148;130;186;102;93;84;186;91;91;148;111;102;182;109;91;86;96;91;87;102;91;103;84;91;71;112;168;148;87;116;115;95;186;186;148;148;102;102;92;91)
seed_5_level_2-1,1170,35920.89539599419,49205087,10068,(215;107;91;102;91;148;99;91;94;100;83;102;81;113;91;91;148;91;68;82;99;92;91;91;89;91;91;59;91;91;99;89;91;102;91;102;91;56;60;76;91;91;84;47;91;99;91;60;99;99;49;91;127;96;91;66;61;74;81;186;79;102;98;261;53;186;91;109;86;99;91;85;99;186;83;215;148;99;100;84;90;186;89;148;100;186;148;109;148;102;83;112;148;42;81;91;62;91;100;91;148;83;148;148;86;112;91;91;148;186;148;94;112;148;71;71;99;71;148;54;84;84;71;186;102;94;75;102;91;84;80;186;84;95;89;59;148;186;186;128;148;91;91;80;87;148;148;86;253;176)
seed_5_level_2-1,1170,36482.339084386826,50265549,10218,(215;67;87;92;91;91;102;91;77;87;76;91;91;91;67;91;71;91;113;99;42;45;102;90;103;110;91;132;86;59;102;91;102;79;91;91;123;112;78;90;60;148;91;74;102;107;91;88;69;102;70;99;83;91;102;87;102;64;186;78;91;91;261;186;91;86;91;91;148;186;42;91;206;102;117;102;186;67;186;43;133;84;111;99;109;89;74;186;130;186;80;91;71;93;100;75;90;122;102;186;109;207;186;91;95;148;148;91;148;102;80;148;186;111;84;186;102;206;87;186;148;186;186;145;186;91;150;102;148;102;83;91;102;102;186;91;84;99;148;124;91;148;78;186;210;148;59;140;102;71)
seed_5_level_2-1,1546,37045.74744796753,51250906,10368,(215;83;91;91;77;91;91;47;78;96;62;60;78;91;91;91;99;102;102;98;91;91;82;91;91;91;102;81;91;87;91;91;111;91;91;71;99;102;99;91;96;102;60;87;78;91;91;91;91;148;91;91;107;74;94;87;74;62;91;91;85;261;91;75;80;91;91;91;148;96;96;91;261;99;103;80;91;87;101;186;147;177;91;74;71;91;100;87;148;186;125;91;98;102;91;100;91;315;91;91;128;112;237;91;91;190;131;102;285;72;102;208;84;117;128;105;91;190;71;190;91;102;102;91;103;109;91;128;75;102;101;84;99;91;128;102;91;91;133;104;130;128;74;84;93;94;61;190;100;190)
seed_5_level_2-1,1546,37597.959299087524,52328713,10518,(315;80;108;93;91;91;207;91;91;94;114;88;128;86;99;80;101;100;91;91;128;91;284;91;129;133;284;190;102;99;128;91;87;100;91;121;91;128;93;80;190;91;91;128;128;128;83;91;102;89;91;128;91;91;91;102;128;128;102;91;123;100;128;86;128;104;128;129;91;99;71;101;91;128;91;103;93;126;128;91;91;109;91;128;102;128;102;91;94;280;95;109;190;190;83;128;62;116;100;128;190;91;100;102;134;91;190;59;102;134;100;190;62;74;87;86;91;115;190;121;103;60;95;91;80;102;190;100;102;190;190;62;91;100;84;95;94;94;91;62;100;95;129;128;91;91;98;124;71;99)
seed_5_level_2-1,1546,38161.52773475647,53552217,10668,(134;190;91;190;84;102;128;99;91;190;91;109;100;96;190;109;74;128;190;91;100;128;123;160;160;59;119;128;83;128;128;128;190;190;74;190;91;128;190;105;91;190;91;128;129;86;190;128;190;84;91;133;190;190;128;190;102;110;91;84;190;128;97;128;87;74;315;132;128;187;190;128;91;190;80;91;87;42;190;128;80;102;91;46;42;91;98;102;99;100;128;96;190;92;94;94;230;128;91;128;89;102;190;130;91;138;91;94;190;89;107;91;91;83;135;109;71;42;83;91;74;91;128;94;128;128;128;91;284;91;80;120;102;66;110;80;103;91;80;190;128;128;102;102;190;95;90;91;128;94)
seed_5_level_2-1,1546,38733.99644947052,54854983,10818,(315;102;190;128;146;84;91;100;91;111;102;190;234;91;209;139;93;79;190;128;84;93;128;102;128;102;87;71;84;159;102;83;91;128;128;82;91;308;71;102;128;128;91;102;86;111;87;96;128;200;143;190;121;91;103;91;128;99;80;91;90;42;116;91;80;128;190;80;91;102;91;103;83;91;91;109;128;133;91;125;190;190;128;128;190;190;136;84;190;190;87;69;190;190;190;74;190;102;93;190;87;160;128;71;91;128;91;99;68;74;102;87;114;95;117;80;128;190;84;121;83;102;87;134;190;81;121;128;190;83;92;190;102;190;94;59;134;83;190;190;59;91;190;190;190;190;128;190;190;83)
seed_5_level_2-1,1634,39293.272726774216,56324079,10968,(315;84;80;87;91;102;83;120;80;91;190;91;102;124;79;91;160;151;127;87;92;150;74;91;102;42;112;102;87;80;80;91;128;103;190;91;91;128;91;128;102;42;83;117;100;134;128;149;89;190;91;87;128;91;179;102;128;111;42;91;1001;103;103;197;92;207;129;91;92;92;43;70;103;64;136;100;92;191;92;225;84;87;95;87;87;129;129;87;83;102;75;66;69;74;135;191;191;92;78;103;83;96;84;87;80;103;129;87;97;92;191;191;103;83;83;139;83;92;129;103;87;92;191;112;74;109;103;69;191;111;92;92;103;92;103;92;68;92;86;87;87;135;93;108;91;92;87;103;97;132)
seed_5_level_2-1,1634,39878.59308028221,58127783,11118,(225;140;74;103;101;191;87;92;191;98;92;92;84;106;129;129;191;103;106;87;191;92;129;92;137;92;103;103;74;191;191;92;103;86;129;86;83;114;115;103;91;97;103;103;100;191;109;91;74;129;103;92;92;103;73;191;59;129;84;92;85;83;129;103;100;89;87;91;191;91;110;70;91;91;103;1001;129;129;129;61;109;103;83;109;191;103;84;191;79;94;92;150;94;191;93;282;129;191;129;129;92;89;95;160;129;191;129;191;90;150;92;59;211;104;129;129;191;309;92;89;114;191;103;282;92;95;129;103;143;95;282;129;50;191;324;92;90;105;92;129;116;99;80;80;155;305;129;103;61;133)
seed_5_level_2-1,1634,40460.94897270203,59905135,11268,(220;83;92;92;92;84;92;92;111;84;83;80;191;130;105;71;92;191;62;103;103;129;85;103;129;103;116;103;186;191;92;109;111;59;134;87;191;130;100;59;43;117;162;71;191;103;191;92;103;191;191;191;129;92;97;92;129;71;75;80;84;96;61;100;89;91;100;141;191;91;1001;129;92;88;191;133;84;94;92;103;147;87;87;140;129;209;291;131;127;89;191;191;133;92;92;240;92;112;129;103;99;98;129;225;96;87;80;218;103;160;103;129;94;129;103;89;221;129;103;81;92;92;146;97;129;152;129;325;211;98;86;97;100;222;204;68;92;92;129;140;87;129;129;129;87;282;116;87;79;129)
seed_5_level_2-1,1634,41039.143553972244,61601545,11418,(186;129;127;92;103;129;82;74;160;191;100;93;103;100;82;103;191;103;191;191;103;104;191;160;122;191;87;191;111;92;75;91;191;103;191;106;191;103;158;91;129;79;92;103;191;103;191;74;109;103;103;191;103;101;70;84;92;74;80;101;87;127;191;84;91;191;103;109;91;1001;129;191;260;129;98;129;59;100;129;129;129;92;103;84;84;129;129;84;103;92;94;92;97;103;92;129;92;104;101;191;83;181;129;129;89;71;191;59;129;92;191;92;129;97;191;103;92;103;93;71;191;129;199;84;92;129;100;104;109;191;191;191;129;92;103;129;92;129;129;191;92;103;129;95;103;129;85;112;103;103)
seed_5_level_2-1,1634,41615.28884577751,63298948,11568,(1001;62;86;154;92;93;80;117;103;103;129;91;91;100;61;132;85;95;109;95;221;191;191;86;92;129;222;135;95;59;129;80;71;92;129;100;219;129;191;80;98;87;100;129;87;232;222;103;191;171;191;134;191;129;92;129;97;130;92;98;112;129;92;90;191;74;191;92;282;155;129;92;106;156;129;215;186;191;103;91;103;104;103;100;103;100;103;191;92;103;76;103;74;98;111;191;92;191;87;119;103;98;94;191;129;129;71;104;129;112;97;94;92;129;138;92;111;103;111;191;92;163;92;92;74;100;92;191;92;83;87;87;92;94;103;103;227;129;91;129;131;111;81;91;83;191;93;87;82;83)
seed_5_level_2-1,1634,42203.5692050457,65098631,11718,(227;109;92;92;92;81;191;95;112;129;103;101;106;92;101;82;191;99;90;86;129;101;121;95;100;191;191;92;111;129;100;103;129;129;103;129;97;87;100;97;82;191;101;191;80;191;191;191;191;63;87;101;87;97;129;84;98;191;191;103;191;93;104;191;121;92;92;92;103;83;129;1001;103;92;111;130;191;82;124;89;89;92;92;86;132;59;92;129;308;92;93;43;96;296;129;216;80;80;133;129;103;285;191;197;210;95;91;93;191;76;129;71;129;158;191;129;82;103;129;275;129;94;103;129;92;191;91;72;129;129;92;92;61;103;92;80;115;129;129;200;129;129;74;103;106;109;228;191;84;100)
seed_5_level_2-1,1662,42778.405153274536,66918514,11868,(240;103;97;163;92;105;186;191;129;93;92;115;66;103;129;93;80;43;127;73;191;100;74;166;106;92;112;191;92;84;103;101;92;99;91;92;191;59;80;100;129;92;95;92;101;94;129;129;96;74;101;103;191;83;84;84;100;191;191;103;106;129;100;129;91;97;99;142;87;93;103;98;1001;105;100;129;91;98;95;281;129;191;137;100;89;146;91;92;79;103;103;126;189;282;129;129;94;191;129;87;103;89;97;129;98;71;86;191;123;129;199;92;129;92;103;92;49;221;294;129;92;103;191;282;103;100;100;129;162;135;92;90;129;101;117;103;92;191;73;222;209;191;129;282;90;82;109;103;340;109)
seed_5_level_2-1,1662,43361.78145623207,68310263,12018,(186;117;151;168;109;98;101;168;109;74;87;168;84;91;98;98;97;91;168;103;109;106;136;142;100;98;142;168;63;83;98;59;87;109;136;98;74;168;103;111;144;168;142;168;98;98;97;127;87;134;108;97;87;126;168;168;97;100;92;62;168;136;132;97;95;136;136;91;168;98;286;121;217;136;111;100;274;221;168;90;101;78;294;91;93;112;216;154;221;136;98;98;103;112;95;91;168;80;98;92;136;84;136;119;138;168;109;136;190;136;164;109;200;109;221;136;98;136;168;97;136;98;293;98;115;111;87;111;136;43;98;136;132;136;109;89;109;207;146;109;109;136;160;168;96;133;97;197;80;328)
seed_5_level_2-1,1662,43935.65251803398,69675586,12168,(186;98;86;79;127;136;84;91;101;78;136;136;168;98;84;173;163;79;95;95;116;95;147;85;102;91;101;74;168;88;136;87;168;83;86;98;97;91;97;96;116;62;130;87;168;142;100;82;62;168;109;168;98;136;136;84;105;168;79;95;157;97;133;98;107;62;98;101;328;136;168;98;87;72;92;87;197;93;310;99;89;77;80;136;109;100;136;98;136;136;286;168;93;87;98;98;79;168;98;168;97;106;71;206;286;168;168;87;160;136;84;98;109;67;221;168;97;109;136;281;71;98;136;283;197;222;74;136;97;97;96;87;310;106;90;98;109;286;109;98;213;168;98;89;136;136;98;100;89;98)
seed_5_level_2-1,1662,44504.15313768387,70962314,12318,(186;95;95;142;136;136;136;147;93;168;136;168;83;168;91;72;86;98;109;109;98;102;74;72;83;79;98;132;94;136;168;136;97;119;109;98;98;81;88;87;86;89;97;168;59;140;136;109;74;60;168;105;69;168;79;109;76;74;144;98;168;125;85;221;168;142;97;286;89;91;87;71;115;136;87;136;168;287;136;136;136;79;98;84;204;206;59;109;97;232;98;168;75;59;168;98;136;304;168;140;98;136;98;94;83;109;117;136;136;136;222;83;181;97;83;168;197;137;154;98;109;136;96;136;136;72;91;136;93;97;197;98;98;98;159;61;163;130;317;109;87;120;109;98;168;96;91;136;136;122)
seed_5_level_2-1,1662,45069.158804655075,72121253,12468,(286;62;136;91;87;168;109;168;62;97;80;87;98;98;74;98;79;100;116;104;66;110;151;84;152;136;80;97;65;108;136;168;109;168;95;140;168;139;100;71;168;79;131;62;138;59;93;168;78;168;74;74;136;85;116;115;136;70;168;62;109;97;168;98;98;91;84;105;317;109;91;104;71;109;135;97;109;109;168;168;80;136;90;59;136;168;136;99;109;98;136;95;106;136;109;80;144;80;168;67;136;168;98;136;109;91;136;91;97;168;98;83;205;223;83;98;136;59;110;106;80;83;115;71;89;109;109;98;136;232;136;136;222;136;225;87;109;99;109;93;93;89;168;71;84;106;168;136;216;136)
seed_5_level_2-1,1662,45636.54427790642,73261158,12618,(286;91;65;87;87;98;101;136;80;109;168;98;98;87;73;168;116;128;97;109;97;168;98;136;74;92;168;136;101;136;91;168;101;168;62;92;139;74;168;168;87;116;74;116;99;137;80;62;98;98;168;98;127;98;136;79;168;86;83;122;75;98;98;136;134;168;136;62;103;167;317;80;87;231;168;109;89;87;203;98;84;145;71;93;109;109;109;97;109;87;94;80;109;98;109;87;43;68;136;91;75;98;98;98;109;168;91;223;97;168;137;98;109;87;97;87;84;106;136;86;109;109;109;87;59;136;97;89;87;116;109;95;112;97;83;98;98;216;286;136;319;109;99;87;168;111;108;98;89;67)
seed_5_level_2-1,1662,46208.482157468796,74510691,12768,(319;168;168;153;136;98;91;83;234;168;168;84;229;80;95;220;86;73;137;98;230;91;109;98;59;294;87;132;94;109;71;136;136;109;109;86;84;98;98;149;98;84;97;168;136;208;110;136;90;98;87;67;71;109;96;168;109;109;101;109;98;232;71;87;98;87;136;92;97;109;77;109;91;199;136;136;99;286;114;100;100;136;136;168;93;193;168;134;168;83;136;136;168;101;112;136;168;98;74;86;82;98;91;91;109;109;82;71;87;136;136;135;168;168;127;74;94;87;43;203;97;100;130;168;116;91;168;97;62;168;84;101;95;168;87;91;98;168;91;99;86;109;168;87;97;136;97;136;101;99)
seed_5_level_2-1,1662,46797.85309791565,76039979,12918,(319;87;142;116;111;168;168;109;109;95;136;99;119;72;136;168;97;94;223;136;98;168;109;97;87;87;98;168;80;78;97;101;216;168;71;98;99;98;99;71;221;261;101;146;168;321;286;168;286;97;109;98;136;43;138;168;109;130;67;87;109;286;116;318;109;77;109;79;286;322;98;116;318;97;97;84;286;98;111;98;114;168;96;127;91;109;168;144;92;168;84;42;168;87;98;87;78;87;168;87;95;78;65;109;110;168;74;94;168;136;95;138;111;78;136;83;87;91;286;168;168;109;98;100;136;101;84;114;87;168;83;168;68;87;168;205;103;168;97;109;91;71;86;168;168;87;87;91;168;127)
seed_5_level_2-1,1662,47385.79287362099,77481971,13068,(221;180;109;97;168;136;136;92;109;109;98;168;168;98;80;168;98;90;98;91;109;91;97;116;98;109;109;168;168;157;111;141;59;168;47;65;98;136;127;168;87;136;84;100;168;168;83;286;59;62;84;99;91;42;93;109;74;168;91;136;168;109;109;109;98;109;98;109;139;86;94;109;303;53;91;145;95;84;297;206;136;93;233;138;92;136;280;168;67;66;100;168;236;157;108;116;59;86;109;83;294;138;168;109;136;168;87;87;109;168;136;71;321;87;261;109;109;96;89;168;87;120;136;223;168;136;134;228;286;105;74;106;104;214;124;87;87;87;97;168;109;84;91;89;87;89;98;264;79;92)
seed_5_level_2-1,1662,47962.04020166397,78748166,13218,(209;168;91;109;86;87;62;91;109;98;136;168;136;98;136;109;98;97;98;80;168;87;98;168;87;109;100;98;111;168;84;62;109;84;80;127;87;94;83;86;98;71;136;83;118;97;42;80;168;97;94;132;84;168;136;136;84;86;98;87;101;91;168;99;94;98;98;128;98;89;321;96;138;111;93;109;136;97;80;94;286;168;138;91;168;97;98;109;136;87;131;91;318;198;91;109;94;139;98;109;109;98;162;136;87;101;251;136;98;138;97;288;97;116;109;136;70;225;168;132;79;168;145;122;231;109;250;59;174;109;98;136;87;136;87;261;91;84;109;95;119;89;136;88;138;136;98;168;87;168)
seed_5_level_2-1,1662,48544.70115065575,80266850,13368,(168;60;136;98;80;100;111;168;100;136;96;168;97;168;98;96;136;109;97;65;96;88;168;71;129;97;168;168;80;59;109;88;87;61;136;116;97;82;98;95;109;136;109;84;87;136;95;72;168;98;84;71;168;109;73;97;168;97;98;98;81;98;98;42;87;95;116;101;318;104;116;313;317;79;222;101;109;208;137;90;258;59;287;98;168;100;93;291;234;101;286;85;87;140;98;168;136;109;318;136;136;87;168;223;219;219;98;229;221;116;42;87;168;87;84;96;98;143;98;136;87;87;312;136;168;109;109;109;262;84;79;98;262;109;87;136;87;99;111;87;93;87;109;98;134;311;109;80;84;168)
seed_5_level_2-1,1662,49131.27495074272,81766985,13518,(168;168;80;82;92;98;109;79;87;66;87;136;136;80;168;136;154;136;168;168;98;168;122;80;168;73;98;80;98;168;109;127;86;136;97;136;94;79;168;98;127;98;137;88;131;87;110;136;168;168;129;98;168;100;97;94;136;98;109;98;168;136;136;136;313;97;80;98;109;105;88;98;117;136;168;87;136;136;286;109;205;98;89;87;271;87;96;87;122;120;87;136;109;136;79;87;109;323;89;93;169;87;136;91;94;109;138;87;136;314;98;98;117;43;95;98;87;67;199;87;116;136;109;65;294;42;87;286;97;286;97;109;87;275;91;101;109;136;322;98;97;106;87;136;162;223;320;321;71;168)
seed_5_level_2-1,1662,49721.43158912659,83381561,13668,(168;168;136;128;127;80;99;145;98;109;125;86;98;98;106;127;168;82;136;102;82;85;168;98;109;84;136;134;98;168;85;136;136;168;140;152;168;168;136;168;142;104;84;168;130;98;99;136;90;168;112;87;87;92;168;98;137;97;136;98;109;97;136;68;82;109;314;109;87;87;98;95;217;168;258;95;326;99;98;327;136;97;91;87;199;136;224;91;98;298;136;295;97;168;87;136;95;91;286;94;98;109;137;221;87;91;84;136;109;109;136;87;113;136;106;95;262;142;87;337;109;92;98;98;87;84;109;136;258;104;87;109;168;91;71;109;84;87;205;94;332;42;286;100;136;123;217;168;330;91)
seed_5_level_2-1,1662,50309.537407398224,85178238,13818,(327;168;106;152;116;97;87;109;315;91;97;78;109;91;87;84;313;153;91;96;142;98;80;127;237;100;98;87;109;100;93;94;91;136;138;286;91;168;87;328;93;229;99;91;96;136;52;168;96;319;98;286;84;87;93;98;98;136;332;219;101;160;216;136;88;98;153;91;207;87;98;294;231;286;116;93;87;87;84;87;103;168;106;136;168;222;97;91;98;100;95;315;80;94;97;115;80;225;205;136;59;100;294;168;136;95;227;87;286;75;87;153;84;136;87;286;168;75;97;214;116;293;230;120;95;109;88;87;87;87;168;123;80;42;89;337;91;85;219;219;97;79;144;87;106;116;84;85;143;136)
seed_5_level_2-1,1662,50898.491421461105,86819737,13968,(327;141;93;116;168;91;98;98;286;135;136;281;95;285;94;91;93;90;98;168;109;80;100;97;97;95;100;91;98;87;109;86;98;98;93;109;98;136;109;115;87;222;91;86;136;87;98;137;168;99;91;288;127;91;98;98;136;94;87;86;286;98;87;81;97;374;109;75;317;225;97;205;136;80;87;66;222;137;84;137;87;98;226;84;286;112;168;136;119;152;318;87;230;155;80;87;88;112;83;115;92;109;89;98;261;273;168;87;97;168;80;136;168;325;87;97;80;116;133;84;207;98;286;98;84;98;87;87;80;281;86;109;148;87;80;87;136;168;286;89;136;162;94;168;109;91;168;91;87;115)
seed_5_level_2-1,1662,51492.90910387039,88724420,14118,(327;205;121;90;286;138;80;137;98;168;94;95;225;138;98;87;317;80;136;95;168;136;168;315;91;106;287;136;42;98;150;136;106;98;98;229;93;93;87;94;150;168;95;103;98;91;168;286;229;93;168;75;91;106;307;98;139;98;93;103;168;91;109;332;80;98;291;86;84;168;98;81;136;115;98;98;136;136;215;155;87;87;84;136;109;136;87;198;164;98;89;136;290;94;98;192;168;98;97;289;98;106;168;116;116;89;237;80;79;222;42;98;94;84;98;136;326;84;87;80;87;136;311;136;89;150;286;87;80;259;136;326;116;80;98;286;98;115;80;216;168;286;79;42;331;71;168;131;98;286)
seed_5_level_2-1,1821,52080.78581523895,90543504,14268,(327;77;97;116;123;79;91;207;100;136;98;168;168;205;305;42;87;98;201;94;320;168;136;98;109;136;88;168;109;98;136;115;109;136;109;136;168;91;91;98;96;97;87;97;98;115;53;98;241;168;98;116;168;140;91;94;87;42;97;93;100;136;109;98;106;93;203;113;374;319;84;84;80;98;138;164;109;221;136;106;215;98;84;136;80;79;285;88;168;89;206;80;168;61;168;89;148;109;168;109;109;82;137;109;97;84;136;136;168;85;87;98;84;136;225;80;335;138;136;276;109;168;136;136;136;42;80;293;86;136;286;351;102;292;373;318;87;80;115;202;223;232;84;91;84;290;109;102;128;90)
seed_5_level_2-1,1821,52664.25435638428,92300732,14418,(327;91;128;49;96;220;115;110;117;314;128;85;102;87;95;84;91;87;102;49;91;88;100;239;80;291;76;227;91;221;91;102;78;91;93;115;290;91;91;91;91;87;102;105;94;129;91;87;128;91;100;91;91;91;101;91;102;198;102;92;91;128;87;91;310;116;290;373;320;141;223;80;91;87;143;198;81;116;91;246;198;202;89;99;87;255;91;91;226;80;116;80;91;128;225;91;80;87;290;89;87;318;115;115;80;84;43;84;89;205;198;290;87;91;80;87;89;201;234;102;85;84;290;131;87;318;67;115;222;202;128;113;91;80;126;91;102;128;307;87;80;94;87;207;84;128;198;198;244;205)
seed_5_level_2-1,1821,53248.836007356644,93912157,14568,(224;198;134;71;98;128;129;137;290;94;50;87;91;128;198;91;128;87;128;198;61;210;75;128;91;128;91;139;128;91;128;90;91;128;94;87;96;128;163;138;131;94;128;128;91;91;97;198;75;198;102;128;128;153;95;91;90;323;91;128;128;94;128;104;128;102;373;84;214;120;87;115;128;84;246;43;132;80;59;102;84;128;202;102;91;87;128;208;79;290;198;91;130;198;290;91;219;198;84;109;87;87;87;91;198;75;91;91;143;128;91;102;87;131;312;85;128;80;80;80;91;87;217;151;321;91;223;91;84;91;294;128;115;111;84;91;290;84;87;198;87;87;82;290;152;88;75;325;87;219)
seed_5_level_2-1,1821,53841.08067321777,95764689,14718,(323;128;91;198;64;94;134;91;218;95;91;94;56;87;232;150;94;91;94;237;91;91;96;126;200;90;80;91;91;99;229;94;48;95;87;64;220;81;219;91;100;94;97;98;321;102;99;71;91;115;95;93;290;259;164;99;91;91;94;298;54;91;91;133;138;91;128;373;99;290;131;99;132;338;91;198;87;229;91;229;198;84;91;82;152;87;271;80;46;102;115;128;80;80;102;128;84;79;84;84;88;334;87;294;288;290;84;166;92;198;91;222;87;89;198;128;137;191;87;243;87;207;128;118;290;64;78;87;84;78;216;87;210;198;91;128;198;290;198;91;96;137;62;197;290;128;290;124;80;99)
seed_5_level_2-1,1821,54434.499868154526,97641885,14868,(321;91;87;91;91;130;198;87;198;97;345;93;128;87;103;128;290;91;91;111;93;198;128;91;87;78;91;208;99;116;93;93;71;93;225;91;91;94;74;156;102;91;198;82;91;191;91;87;205;128;137;71;92;127;94;198;223;115;74;87;91;199;101;43;97;91;95;85;373;80;293;323;259;109;80;151;91;214;152;66;319;87;209;207;87;128;87;84;198;133;132;80;87;87;290;80;223;74;87;91;134;91;91;80;87;198;84;128;87;87;102;109;285;89;130;87;102;91;90;87;87;102;290;71;329;225;237;115;87;290;91;80;87;87;130;198;317;290;80;334;132;318;87;232;198;86;87;91;328;94)
seed_5_level_2-1,1821,54996.91885590553,99077709,15018,(321;116;78;102;128;84;91;84;68;99;91;66;89;327;91;92;87;87;95;114;84;99;103;250;128;93;116;128;91;91;96;65;125;292;80;111;91;98;87;91;87;92;128;99;198;116;96;76;102;205;72;128;290;91;133;102;198;74;91;91;102;91;139;91;198;152;373;91;59;102;112;66;87;84;91;87;99;87;129;42;146;102;329;102;102;226;73;88;87;87;325;84;290;128;87;62;198;198;87;91;80;71;198;205;87;87;198;91;84;71;99;91;84;96;91;290;99;91;88;42;42;233;128;87;87;128;87;84;87;87;116;90;84;80;130;84;91;83;218;102;323;151;128;198;87;80;128;246;128;198)
