seed_30_level_1-4,754,314.54413986206055,269976,150,(57;67;56;44;57;52;52;57;52;57;56;52;54;74;52;57;88;57;98;52;86;52;42;56;43;42;52;53;58;53;42;43;54;61;53;52;59;52;67;43;52;55;88;53;57;86;42;52;52;43;57;42;52;53;53;58;56;54;72;42;43;42;52;52;43;88;42;52;43;68;42;62;43;43;73;43;53;58;58;52;68;57;42;52;52;118;54;54;54;43;53;46;56;57;44;57;43;117;43;43;52;57;43;52;102;44;54;52;44;58;55;57;102;60;87;73;56;58;107;106;52;54;44;43;57;53;110;53;143;42;57;84;93;58;52;42;43;59;53;58;53;53;53;42;65;53;57;57;57;52)
seed_30_level_1-4,754,628.4641621112823,540296,300,(42;43;42;42;42;42;42;43;42;43;42;42;42;42;42;42;42;42;42;42;43;43;42;43;44;44;44;44;44;44;44;44;44;44;44;46;58;59;60;65;73;74;74;61;59;59;53;57;53;57;54;57;59;58;57;59;53;57;57;59;57;56;57;57;57;57;57;69;84;52;52;55;57;55;55;53;61;53;56;53;68;54;50;53;56;56;52;53;52;56;74;53;52;52;56;56;53;53;52;52;57;52;52;54;52;52;52;52;52;53;52;52;52;59;52;52;52;54;53;53;52;52;53;52;52;53;58;52;58;53;53;58;54;87;84;93;88;87;98;86;102;88;86;117;107;102;104;110;118;143)
seed_30_level_1-4,754,940.6933169364929,811743,450,(42;42;42;43;42;42;43;42;42;42;42;42;42;42;42;42;43;42;43;43;42;43;43;43;44;44;44;44;44;44;44;44;44;44;44;46;58;59;60;65;73;74;74;61;59;59;57;57;57;54;57;58;59;57;58;57;57;59;57;56;57;57;57;57;69;52;52;55;56;55;55;53;67;53;61;53;53;68;54;50;56;52;53;56;53;56;52;56;74;52;52;56;56;53;52;52;57;52;52;54;52;52;52;52;52;54;52;52;52;59;52;52;52;54;53;53;52;52;53;52;52;54;58;52;58;53;57;53;57;57;58;55;87;84;93;88;84;87;98;86;105;88;86;108;107;102;110;106;118;143)
seed_30_level_1-4,754,1258.4876205921173,1082188,600,(42;42;42;42;42;42;42;42;42;42;42;42;42;42;42;43;42;42;43;43;43;42;43;43;44;44;44;44;44;44;44;44;44;44;44;46;58;64;60;65;73;74;74;61;59;58;57;57;57;53;57;59;59;57;58;57;57;59;57;56;57;57;57;57;53;57;57;69;52;52;55;57;55;55;53;55;56;61;53;56;68;54;50;52;56;53;56;53;53;52;56;74;52;52;56;53;53;55;52;52;57;52;52;53;52;52;52;52;52;54;52;52;52;58;52;52;52;53;54;53;52;52;53;52;52;54;58;52;58;53;53;58;87;84;93;88;67;105;88;98;86;88;86;117;107;102;109;106;119;143)
seed_30_level_1-4,754,1571.744884967804,1353204,750,(42;43;42;42;42;42;42;42;42;42;42;42;42;42;43;42;42;43;43;42;42;43;42;42;44;44;44;44;44;44;44;44;44;44;44;46;57;60;65;73;74;74;61;59;58;57;57;57;53;57;59;58;57;58;57;57;59;57;55;57;57;57;57;57;53;68;52;52;55;57;53;53;53;67;84;60;56;68;53;50;52;56;56;56;56;53;53;56;56;52;56;74;52;52;56;53;54;52;52;57;52;52;53;52;52;52;52;52;54;52;52;52;59;52;52;52;54;53;54;52;52;53;52;52;53;58;52;58;53;59;53;57;58;87;84;93;88;105;88;98;86;88;86;108;107;102;109;106;119;143)
seed_30_level_1-4,754,1890.212564945221,1623925,900,(42;42;42;42;42;42;42;42;42;42;42;42;42;43;42;43;42;43;43;43;43;43;42;43;44;44;44;44;44;44;44;44;44;44;44;46;58;59;60;65;73;74;74;62;59;58;57;57;57;54;57;58;59;57;58;57;57;58;57;56;57;57;57;57;53;57;68;52;52;55;57;55;55;53;55;58;56;61;67;53;50;52;53;53;53;53;56;53;56;53;52;56;74;52;52;56;53;52;52;57;52;52;53;52;52;52;52;52;54;52;52;52;59;52;52;52;54;53;54;52;52;54;52;52;54;58;52;53;53;53;58;54;87;84;93;88;84;102;88;98;86;88;86;117;102;110;106;118;107;143)
seed_30_level_1-4,754,2204.8632140159607,1894086,1050,(42;42;42;42;42;42;42;42;42;42;42;42;42;43;43;42;43;43;43;43;43;43;42;42;44;44;44;44;44;44;44;44;44;44;44;46;58;64;60;65;73;74;74;61;59;59;53;57;57;54;57;59;59;57;59;57;57;59;57;56;57;57;57;57;53;69;52;52;55;57;55;55;53;58;56;60;68;53;50;52;53;56;53;53;56;53;55;53;56;52;74;52;52;56;53;56;52;52;57;52;52;53;52;52;52;52;52;53;52;52;52;58;52;52;52;54;54;54;52;52;53;52;52;54;58;52;53;57;53;57;58;54;87;84;93;88;67;87;98;86;105;88;86;117;107;102;109;106;118;143)
seed_30_level_1-4,754,2519.333423137665,2164134,1200,(42;42;42;42;42;42;42;42;42;42;42;42;42;42;43;42;42;43;42;42;42;43;42;43;44;44;44;44;44;44;44;44;44;44;44;46;58;60;65;73;74;74;62;59;58;57;57;53;57;59;59;57;59;57;57;59;57;56;57;57;57;57;57;53;57;68;52;52;55;57;55;55;53;58;56;84;60;67;53;50;52;56;53;56;56;53;53;53;53;56;52;74;52;52;56;53;56;52;52;57;52;52;53;52;52;52;52;52;53;52;52;52;59;52;52;52;53;54;54;52;52;53;52;52;54;58;52;53;59;53;57;58;54;87;84;93;88;105;87;98;86;88;86;108;102;109;106;118;107;143)
seed_30_level_1-4,754,2834.9410483837128,2432364,1350,(42;42;42;42;42;42;42;42;42;42;42;42;42;42;42;43;42;43;42;43;42;43;43;42;44;44;44;44;44;44;44;44;44;44;44;46;57;59;60;65;73;74;74;61;59;58;53;57;57;54;57;58;58;57;58;57;57;58;57;55;57;57;57;57;53;53;68;52;52;55;57;55;53;53;58;56;53;60;67;53;50;52;56;53;56;53;53;53;53;53;52;74;52;52;56;53;56;52;52;57;52;52;54;52;52;52;52;52;54;52;52;52;59;52;52;52;53;54;53;52;52;53;52;52;54;58;52;53;53;53;58;54;87;84;93;88;67;105;87;98;86;88;86;117;107;102;109;104;118;143)
seed_30_level_1-4,754,3147.8338804244995,2702804,1500,(42;42;42;42;42;42;42;42;42;42;42;42;42;42;43;42;42;43;42;43;43;43;43;43;44;44;44;44;44;44;44;44;44;44;44;46;58;64;60;65;73;74;74;61;59;59;57;57;54;57;58;58;57;58;57;57;59;57;55;57;57;57;57;53;68;52;52;55;56;55;55;53;67;53;67;61;67;53;53;52;56;56;53;56;56;53;53;53;52;74;52;52;56;53;58;56;52;52;57;52;52;54;52;52;52;52;52;53;52;52;52;59;52;52;52;54;54;54;52;52;54;52;52;53;58;52;53;53;57;57;53;58;54;87;84;93;88;102;87;98;86;88;86;117;107;102;109;106;118;143)
seed_30_level_1-4,754,3460.321179628372,2972152,1650,(42;42;42;42;42;42;42;42;42;42;42;42;42;43;43;42;43;43;43;42;43;42;43;42;44;44;44;44;44;44;44;44;44;44;44;46;57;60;65;73;74;74;61;59;59;57;57;54;57;58;58;57;59;57;57;58;57;55;57;57;57;57;57;57;57;69;52;52;55;57;53;55;53;53;67;58;67;61;68;53;50;52;53;56;56;53;53;53;53;53;52;74;52;52;56;53;56;52;52;57;52;52;54;52;52;52;52;52;53;52;52;52;58;52;52;52;53;54;54;52;52;53;52;52;54;58;52;53;64;57;53;58;55;87;84;93;88;88;98;86;102;88;86;108;102;110;104;118;107;143)
seed_30_level_1-4,754,3774.9184136390686,3242115,1800,(42;42;42;42;42;42;42;42;42;42;42;42;42;43;43;43;43;42;42;42;42;43;43;43;44;44;44;44;44;44;44;44;44;44;44;46;57;60;65;73;74;74;62;59;59;53;57;57;54;57;59;58;57;59;57;57;58;57;56;57;57;57;57;57;57;57;69;52;52;55;56;53;53;53;53;67;58;56;61;68;53;53;52;56;53;53;53;53;53;56;56;52;74;52;52;56;53;55;56;52;52;57;52;52;53;52;52;52;52;52;53;52;52;52;59;52;52;52;53;53;53;52;52;54;52;52;54;58;52;53;64;53;58;87;84;93;88;88;98;86;102;88;86;117;102;109;106;119;107;143)
seed_30_level_1-4,754,4089.7157356739044,3511088,1950,(42;42;42;42;42;42;42;42;42;42;42;42;42;42;43;42;43;42;43;43;42;43;42;42;44;44;44;44;44;44;44;44;44;44;44;46;58;60;65;73;74;74;62;59;59;57;57;53;57;59;58;57;58;57;57;59;57;55;57;57;57;57;53;57;53;57;69;52;52;55;57;55;53;53;53;67;56;61;67;53;53;52;56;53;53;53;53;53;56;53;52;74;52;52;56;53;54;58;56;52;52;57;52;52;53;52;52;52;52;52;53;52;52;52;58;52;52;52;53;53;53;52;52;54;52;52;54;58;52;53;64;57;58;87;84;93;88;87;98;86;105;88;86;108;107;102;110;106;119;143)
seed_30_level_1-4,754,4401.585792303085,3782324,2100,(42;42;42;42;42;42;42;42;42;42;42;42;42;42;42;42;42;42;43;42;42;42;42;43;44;44;44;44;44;44;44;44;44;44;44;46;58;60;65;73;74;74;62;59;59;57;57;57;54;57;59;59;57;59;57;57;58;57;55;57;57;57;57;57;57;68;52;52;55;57;55;55;53;55;84;56;58;60;68;53;53;52;53;53;53;56;53;53;56;53;52;74;52;52;56;53;56;52;52;57;52;52;53;52;52;52;52;52;54;52;52;52;58;52;52;52;54;54;53;52;52;53;52;52;54;58;52;53;57;57;59;58;55;87;84;93;88;102;88;98;86;88;86;117;107;102;109;106;118;143)
seed_30_level_1-4,754,4713.953166007996,4053184,2250,(42;42;42;42;42;42;42;42;42;42;42;42;42;43;42;42;43;43;43;43;43;42;43;43;44;44;44;44;44;44;44;44;44;44;44;46;58;59;60;65;73;74;74;61;59;58;57;57;57;53;57;58;59;57;58;57;57;58;57;56;57;57;57;57;57;57;53;53;69;52;52;55;57;55;55;53;56;58;60;68;54;53;52;53;56;56;56;56;56;55;56;56;52;74;52;52;56;53;56;55;52;52;57;52;52;54;52;52;52;52;52;54;52;52;52;59;52;52;52;54;53;53;52;52;54;52;52;53;58;52;53;58;87;84;93;88;67;88;98;86;105;88;86;117;107;102;110;104;119;143)
seed_30_level_1-4,754,5026.130645990372,4323439,2400,(42;42;42;42;42;42;42;42;42;42;42;42;42;42;43;43;42;43;43;43;43;42;43;43;44;44;44;44;44;44;44;44;44;44;44;46;58;64;60;65;73;74;74;61;59;59;57;57;57;54;57;58;58;57;59;57;57;59;57;55;57;57;57;57;53;57;69;52;52;55;56;55;53;53;67;67;61;67;54;50;52;56;53;56;53;56;53;55;56;56;52;74;52;52;56;53;55;58;56;52;52;57;52;52;53;52;52;52;52;52;54;52;52;52;59;52;52;52;53;54;53;52;52;54;52;52;53;58;52;53;57;57;58;87;84;93;88;105;87;98;86;88;86;108;102;110;104;118;107;143)
seed_30_level_1-4,1202,5337.545360088348,4657492,2549,(43;42;43;42;42;43;65;42;52;52;43;44;42;43;52;52;57;52;52;52;52;53;53;53;53;43;53;53;53;52;67;52;44;57;57;46;52;56;56;42;57;56;53;43;53;43;86;112;53;56;86;56;53;57;42;42;56;53;56;58;52;54;52;56;59;56;56;55;57;59;66;114;56;119;59;69;57;52;44;59;51;50;57;44;54;57;57;53;53;55;61;52;107;106;42;55;92;53;57;52;52;43;53;52;52;57;57;52;86;43;107;82;66;83;119;53;56;88;240;91;53;53;46;63;67;58;104;143;57;58;52;43;52;42;61;57;59;257;56;55;57;61;88;57;53;56;52;57;57)
seed_30_level_1-4,1244,5656.675550460815,5010247,2699,(43;65;56;42;42;53;52;46;52;42;66;49;61;53;52;42;53;52;42;43;52;52;52;53;56;42;56;56;59;52;57;90;60;62;57;55;53;109;104;89;66;44;44;52;53;54;53;52;56;58;88;52;57;53;57;56;42;53;96;52;119;53;57;43;52;52;52;52;63;53;43;57;53;87;52;114;57;56;52;54;52;103;96;55;52;58;52;55;111;57;55;87;57;53;53;54;56;57;54;59;53;57;93;57;53;51;112;55;52;52;90;52;52;94;52;86;52;51;109;223;53;52;43;240;57;45;57;58;53;87;105;88;59;53;94;73;57;57;57;55;79;108;57;68;63;73;57;52;102;57)
seed_30_level_1-4,1244,5975.353467941284,5427157,2848,(56;248;43;54;52;245;52;56;56;53;52;52;52;57;56;52;45;43;53;52;53;52;52;88;53;53;60;53;52;107;42;57;43;53;42;42;119;56;43;55;53;53;54;53;62;63;42;54;42;52;54;53;57;75;59;52;52;87;52;53;52;59;57;49;87;59;57;58;53;57;56;53;57;61;58;42;54;88;81;109;106;72;49;52;105;90;102;57;44;59;57;49;106;53;52;64;52;63;52;53;54;56;52;53;55;53;88;54;255;240;53;45;44;45;56;52;57;88;57;52;57;53;107;56;53;53;53;53;57;52;42;194;54;73;57;52;52;59;52;132;54;55;54;52;115;102;56;91;55)
seed_30_level_1-4,1244,6303.797136545181,5935263,2998,(52;52;52;52;52;52;43;42;43;60;119;64;53;45;52;52;52;52;53;64;56;53;56;53;42;57;52;52;59;53;43;57;52;52;87;53;53;57;53;58;53;57;54;53;87;91;53;57;52;87;65;52;56;52;51;58;70;53;52;52;52;52;52;240;57;67;107;53;108;53;57;128;57;53;53;107;91;88;57;143;45;53;255;96;105;57;57;91;57;60;53;96;88;69;57;44;112;109;112;44;81;52;51;57;77;59;57;44;45;53;45;104;57;45;106;194;56;53;133;57;52;52;57;252;55;90;129;107;57;84;255;57;52;248;102;53;52;90;52;53;52;52;52;76;53;133;52;76;59;52)
seed_30_level_1-4,1244,6632.259371757507,6395179,3149,(52;43;43;56;43;52;52;44;52;53;52;57;53;61;53;53;59;43;43;57;57;53;119;52;53;81;52;52;52;52;43;52;53;61;52;57;53;87;88;58;61;107;57;56;54;58;53;53;57;56;42;42;86;104;78;78;57;57;88;57;44;109;59;93;240;90;44;104;44;115;87;59;62;42;90;44;42;53;88;63;53;85;42;54;88;52;42;248;79;52;57;52;51;52;52;52;88;52;52;102;116;57;52;57;52;94;106;255;42;54;42;110;57;44;90;58;44;90;54;111;57;127;56;53;57;54;105;252;53;56;53;58;59;131;56;52;77;52;106;53;52;88;53;53;113;53;52;88;114;90;56)
seed_30_level_1-4,1244,6959.6476011276245,7022308,3296,(52;53;52;43;43;61;56;42;57;52;52;53;57;52;57;52;61;52;64;52;88;93;87;57;195;91;56;57;93;57;88;54;96;53;252;119;52;73;53;42;53;86;87;52;52;57;106;219;53;107;56;52;56;57;57;53;56;53;54;62;109;56;42;52;255;57;109;163;212;53;73;42;55;58;54;62;86;139;105;58;108;111;104;248;61;43;106;55;87;52;88;52;56;52;51;52;52;86;86;52;52;207;238;86;252;59;58;53;52;55;83;58;52;87;59;53;58;56;58;50;56;54;52;97;107;53;108;240;52;54;53;54;51;240;57;57;57;53;65;57;50;51;57;124;138;57;51)
seed_30_level_1-4,1249,7291.019330024719,7629744,3444,(52;52;52;53;52;52;52;52;53;43;51;50;97;74;53;57;53;50;109;61;53;53;106;106;53;104;211;53;79;52;53;77;251;57;54;53;53;56;53;180;57;57;57;52;58;104;57;53;53;56;52;50;219;52;54;52;52;52;42;53;57;51;52;57;53;42;42;56;240;57;134;240;52;53;91;208;54;52;56;53;55;78;52;56;88;217;88;207;90;106;87;52;212;52;89;97;92;52;111;52;52;52;52;52;61;52;53;52;54;212;53;57;49;53;44;56;44;61;42;58;243;54;66;42;54;57;105;46;60;243;243;54;54;58;53;42;56;42;52;58;57;59;53;52;57;44;57;55)
seed_30_level_1-4,1328,7636.941082954407,8456393,3592,(52;52;52;52;52;56;42;52;52;97;52;46;88;57;57;53;52;52;58;52;54;219;56;91;52;42;52;72;59;81;57;52;43;52;89;213;52;98;114;137;56;42;42;42;54;55;53;243;53;243;107;65;243;59;57;78;57;54;60;57;90;54;53;52;55;107;58;107;104;243;88;102;52;234;53;52;45;52;108;182;52;56;239;107;52;53;59;212;129;51;84;75;52;188;52;238;239;84;86;238;84;53;52;87;102;53;117;51;211;53;88;57;88;52;104;51;57;102;53;52;90;50;50;53;91;53;218;55;240;78;44;57;208;57;51;53;45;116;239;45;240;57;88;44;88;109;90;119)
seed_30_level_1-4,1328,7977.28835439682,9129202,3741,(52;56;52;43;68;52;42;54;88;52;51;88;57;114;97;57;57;55;88;219;53;52;49;53;53;52;56;52;88;113;55;84;106;45;85;53;54;106;90;45;51;106;45;86;56;58;55;57;58;252;119;110;59;53;54;53;213;57;42;55;57;109;58;52;57;212;42;62;212;252;53;62;56;102;113;57;42;130;131;76;57;104;52;252;53;60;52;90;52;52;52;53;90;194;188;56;56;59;60;53;52;59;55;218;57;55;53;53;55;53;104;113;88;61;107;58;51;56;196;208;44;88;57;53;146;239;113;106;54;56;57;52;107;52;56;53;52;52;52;115;194;84;57;55;52;59;105;55;86)
seed_30_level_1-4,1328,8319.039314508438,9986131,3888,(52;86;52;52;42;52;52;211;52;91;91;53;58;53;104;131;52;50;57;57;57;93;219;90;43;43;55;53;108;141;58;66;77;42;56;56;111;129;50;53;57;193;90;227;57;88;45;52;57;234;52;62;182;56;88;53;120;55;55;129;52;53;106;60;180;59;42;55;239;52;239;76;73;104;53;90;58;89;82;239;55;56;239;52;52;88;55;120;52;212;57;54;57;58;58;57;57;58;59;252;57;42;48;53;57;108;217;129;53;90;53;87;249;143;249;53;240;239;57;57;88;55;53;55;53;57;54;212;56;84;57;57;42;58;57;77;223;103;57;71;87;59;103;53;252;53;53)
seed_30_level_1-4,1365,8656.438998937607,10795993,4035,(86;52;52;56;53;56;59;52;219;45;57;86;56;63;52;114;56;44;55;56;57;212;45;57;57;53;92;53;52;42;54;72;54;53;62;112;106;57;55;45;52;52;177;42;54;57;240;42;57;57;87;88;223;52;57;55;57;55;104;57;58;57;53;54;252;57;59;250;105;53;57;234;52;134;53;52;60;56;110;134;53;53;58;53;55;56;112;52;209;227;52;44;58;53;56;206;57;53;55;50;43;57;57;124;52;239;114;52;86;53;97;52;56;151;52;52;106;53;106;114;114;56;104;276;56;217;53;57;53;240;240;57;107;45;88;117;53;233;53;238;53;88;53;240;57;53;57)
seed_30_level_1-4,1365,9004.796015501022,11760384,4183,(86;42;52;52;57;52;52;53;76;212;106;116;52;55;54;42;133;53;52;57;55;53;56;219;43;52;42;42;141;43;56;42;55;252;57;52;107;106;57;221;112;106;58;117;198;104;43;88;52;90;48;57;240;43;133;219;239;57;45;109;104;77;59;63;123;52;42;223;54;57;60;106;57;59;53;53;57;96;58;53;53;54;54;65;55;234;52;177;193;211;53;54;53;58;54;257;57;58;214;88;57;43;56;177;276;52;239;192;52;86;53;177;106;254;91;86;55;52;139;207;113;55;52;52;136;233;57;88;240;55;45;142;57;240;57;57;53;53;50;90;78;53;57;240;107;43;53;57)
seed_30_level_1-4,1842,9360.949417114258,13120128,4332,(86;55;70;52;88;43;42;52;52;94;223;133;53;93;109;52;212;106;54;53;57;52;53;54;53;219;52;52;56;76;51;51;57;52;78;111;68;52;213;59;245;118;57;57;115;80;58;113;53;241;114;53;59;234;57;60;56;57;106;57;57;53;89;113;52;53;88;56;53;210;57;88;57;221;130;115;53;47;81;42;53;53;42;54;60;53;55;79;146;219;55;57;240;239;53;107;114;52;43;63;130;43;43;57;45;232;234;52;53;146;56;117;53;86;52;1001;113;58;59;89;53;53;55;112;82;253;53;276;88;143;238;53;132;52;53;54;55;193;253;52;52;52;52;52;57;75;56;55;84)
seed_30_level_1-4,1842,9708.644186019897,14035913,4482,(86;111;102;53;42;52;80;53;42;219;84;87;43;65;52;93;52;58;52;52;43;76;253;211;56;95;53;44;59;109;219;78;44;44;88;49;53;57;233;52;88;106;53;135;109;52;239;240;104;57;57;53;88;57;57;238;212;57;57;57;136;53;52;64;60;109;57;104;55;64;57;57;56;276;52;76;52;52;253;86;211;51;239;76;238;86;248;53;52;86;72;52;88;53;232;57;66;42;52;61;53;54;53;86;53;57;248;46;106;119;53;57;373;50;57;97;53;186;53;56;53;253;88;90;113;62;53;53;52;96;52;53;213;56;57;54;53;57;57;44;54;42;54;60;77;80;57;53;54;53)
seed_30_level_1-4,1842,10055.772556066513,14914615,4632,(212;57;53;61;58;53;53;57;59;42;57;58;57;53;57;112;109;53;56;56;212;55;46;59;207;232;117;54;57;93;64;54;103;59;57;213;373;52;86;103;52;212;104;52;53;109;58;52;52;44;53;253;54;90;53;53;63;221;57;53;135;52;53;53;93;78;58;208;44;57;44;57;53;219;77;53;84;56;87;56;84;73;58;232;58;58;54;57;291;57;56;52;53;57;93;67;51;57;57;104;210;89;53;111;122;93;102;233;53;57;108;53;57;239;182;86;53;57;77;57;245;53;53;57;53;57;53;53;276;86;120;52;90;52;128;52;52;56;52;132;136;57;121;52;104;104;90;121;52;52)
seed_30_level_1-4,1842,10385.429343938828,15597676,4780,(213;42;85;52;57;60;54;55;46;58;52;42;55;212;57;55;74;42;64;220;57;54;58;52;55;55;52;55;221;113;53;57;44;53;52;44;96;57;52;111;44;55;53;231;118;56;57;53;50;56;59;52;109;55;53;104;159;56;139;373;53;69;57;57;57;253;56;57;52;52;59;230;53;53;59;52;58;233;137;57;53;88;88;57;52;53;53;52;88;240;57;57;57;53;88;129;276;52;52;60;53;190;52;52;52;52;52;112;53;55;56;60;52;62;52;53;53;52;53;52;42;88;53;84;88;58;56;52;52;104;104;112;42;102;88;57;46;78;42;54;102;57;108;88;61;104;92;131)
seed_30_level_1-4,1956,10733.923097133636,16812677,4928,(212;57;53;53;57;54;52;240;57;46;42;54;54;156;90;52;88;52;53;56;52;57;57;104;59;52;52;211;59;53;53;54;200;229;210;57;60;63;54;61;57;212;44;52;46;59;52;57;52;57;53;57;56;50;52;253;70;131;106;222;52;79;90;239;57;124;57;766;109;57;92;124;87;89;276;53;97;113;53;86;52;111;52;52;224;52;58;52;52;102;56;88;232;57;92;56;57;100;55;148;61;53;91;54;76;72;106;59;65;372;53;62;57;52;103;53;52;57;107;62;108;372;57;168;52;102;57;53;233;52;53;88;57;111;80;372;102;59;52;57;93;57;52;88;102;57;96;53)
seed_30_level_1-4,1956,11072.894543409348,17666786,5075,(104;49;198;56;42;57;42;53;53;57;84;53;212;56;77;58;54;52;42;61;57;46;94;60;57;56;232;52;42;42;80;56;56;53;91;56;59;42;42;58;105;213;57;129;243;57;90;54;42;87;57;57;56;54;42;109;276;52;43;86;75;43;52;210;52;52;52;102;89;251;55;89;52;223;57;239;79;55;115;53;88;104;53;59;93;53;57;95;95;89;53;53;291;57;50;57;107;52;57;52;53;53;59;57;53;98;62;56;239;125;229;130;57;59;211;53;57;88;190;44;44;210;208;240;44;53;60;220;59;54;57;94;54;53;104;103;215;52;57;229;57;52;66;53;57;221;57)
seed_30_level_1-4,1956,11406.272186279297,18447528,5223,(231;42;61;42;57;53;54;94;89;58;59;56;53;198;53;176;57;58;86;57;57;88;43;52;212;46;52;115;54;52;88;76;44;82;53;42;53;372;57;52;148;216;62;53;55;59;57;57;52;42;51;54;62;42;213;57;53;52;53;56;61;59;58;57;53;53;115;59;53;42;372;115;57;53;78;53;93;65;53;57;57;88;53;52;53;53;51;113;276;52;52;251;52;52;251;52;56;102;52;55;52;106;52;224;52;52;98;62;111;92;212;102;88;57;44;131;89;110;54;53;58;57;112;101;103;78;229;52;95;107;88;52;211;44;42;53;44;57;44;43;135;52;44;88;44;44;52;130)
seed_30_level_1-4,1956,11748.576247215271,19268154,5373,(232;53;52;147;55;88;132;51;53;88;55;92;52;81;213;57;54;54;53;58;88;57;58;57;59;119;52;58;68;212;104;92;117;53;80;372;58;53;58;53;57;53;53;229;57;53;106;59;43;52;79;44;51;211;210;44;133;57;55;189;49;66;198;86;176;99;52;89;52;63;62;53;46;53;52;53;291;53;52;113;107;57;59;104;57;94;97;100;53;53;44;44;53;56;223;57;52;81;57;56;57;57;57;86;57;57;57;53;57;44;52;212;132;60;54;57;53;55;57;240;118;115;53;53;102;222;54;53;55;53;276;86;52;52;86;52;82;52;52;102;191;251;52;83;88;52;52;52;56;114)
seed_30_level_1-4,1956,12104.16686463356,20261691,5523,(223;107;88;52;53;112;57;46;62;57;152;112;107;84;56;213;57;59;61;91;57;59;54;115;124;116;57;116;59;198;52;49;198;52;42;124;54;114;52;53;53;57;104;217;291;56;53;107;107;57;57;239;53;113;56;57;52;110;125;52;53;231;59;61;89;43;52;54;106;56;59;52;88;52;53;57;229;42;51;55;120;52;52;227;44;104;43;43;59;53;53;60;44;42;212;133;212;53;53;116;57;273;53;225;239;57;218;114;213;222;53;106;57;223;276;52;90;52;56;52;114;140;102;217;55;61;116;52;53;61;132;51;106;372;55;86;93;53;118;58;64;75;52;111;56;53;55;57;60;55)
seed_30_level_1-4,1956,12469.80190873146,21543514,5675,(227;55;42;233;44;44;77;372;49;46;114;53;214;56;44;232;91;54;59;110;56;59;54;53;90;241;53;54;90;372;102;251;78;70;132;88;44;57;57;55;44;49;53;55;57;212;53;57;111;54;84;57;89;96;58;57;117;161;58;57;372;53;176;131;52;87;56;42;114;42;126;55;111;294;153;42;217;58;56;52;177;58;217;251;53;58;53;55;55;91;104;89;291;53;56;55;55;53;56;59;88;52;53;109;97;57;57;88;53;372;276;52;87;52;52;52;52;57;52;52;102;52;88;52;53;102;75;141;273;250;249;79;55;93;110;112;120;78;136;148;239;116;79;88;78;240;212;269;54;87;56;78)
seed_30_level_1-4,2073,12834.115930557251,22723201,5825,(276;102;51;88;56;359;55;53;55;52;52;119;253;82;52;238;213;57;57;54;57;57;114;253;117;47;57;87;107;90;231;69;52;52;63;78;54;43;125;52;55;53;101;54;52;360;56;57;61;253;60;57;253;210;53;56;53;251;60;56;88;98;360;50;53;45;54;57;54;51;53;58;57;52;88;88;64;269;57;221;52;52;207;107;58;107;57;53;53;88;211;250;88;217;176;176;129;57;107;56;55;56;52;64;223;60;43;113;59;52;223;53;53;53;57;62;52;53;42;57;58;53;86;58;42;59;58;269;55;84;51;181;118;184;52;57;77;54;54;240;88;91;84;124;242;57;104;87;239;102)
seed_30_level_1-4,2073,13200.484027862549,23942995,5976,(223;112;42;53;147;140;42;173;51;51;53;42;57;232;47;42;88;119;59;54;53;60;53;52;115;111;360;124;53;91;106;183;57;57;102;90;94;56;51;57;212;52;113;104;45;53;57;57;51;106;57;119;45;57;53;223;53;52;52;55;88;186;102;55;117;60;102;117;166;53;78;52;53;360;57;53;57;56;52;53;42;103;52;210;58;53;88;61;226;57;56;269;249;88;53;110;107;107;245;86;216;88;93;274;88;107;96;57;254;65;72;88;240;279;52;52;52;249;296;51;87;117;52;206;118;52;51;90;84;88;211;52;269;42;116;144;53;203;86;106;57;234;211;110;88;211;58;43;180;53;56)
seed_30_level_1-4,2073,13568.919523239136,25173476,6129,(231;250;62;55;92;90;87;59;105;100;54;57;212;57;85;42;167;109;90;200;105;57;122;42;144;59;223;88;53;53;52;54;96;59;95;55;88;51;213;53;360;125;57;134;110;93;68;93;53;246;223;57;53;57;274;109;53;55;267;52;53;52;56;53;52;208;52;178;91;53;55;218;55;88;360;57;53;54;51;45;57;93;57;106;43;86;53;70;57;57;279;129;52;55;106;52;43;52;52;238;52;52;52;117;86;116;52;141;86;52;360;42;52;57;42;53;189;224;57;133;209;107;53;53;218;43;53;53;88;110;269;88;43;57;91;93;57;88;52;57;53;269;43;88;180;104;309;87;119;181;223;57;112)
seed_30_level_1-4,2073,13932.032833576202,26418789,6280,(360;45;43;86;54;77;45;57;52;57;95;43;93;45;223;107;296;53;177;54;59;54;54;160;177;145;53;53;54;279;253;106;76;75;102;117;86;102;53;52;82;52;52;52;52;127;52;232;83;73;90;93;84;57;54;97;62;59;53;55;85;212;57;57;52;57;245;49;114;42;106;123;45;83;54;52;360;96;61;53;52;52;52;52;210;53;282;56;52;56;52;91;360;222;56;47;53;58;55;88;56;53;57;131;54;226;88;52;248;53;57;309;109;239;126;88;266;131;78;55;79;209;88;212;119;211;78;117;77;57;57;224;360;56;107;107;59;227;56;107;107;53;57;112;53;57;107;53;107;57;107)
seed_30_level_1-4,2073,14296.332073688507,27706102,6430,(360;56;43;56;52;57;111;52;295;107;90;84;93;232;83;52;58;42;63;56;53;86;91;54;88;53;212;130;240;117;57;54;57;55;57;119;57;54;45;57;360;360;88;59;253;129;132;86;57;214;62;109;94;58;104;53;52;68;267;55;42;55;86;52;56;53;52;52;55;52;55;223;53;55;55;279;52;102;106;102;52;52;52;114;52;52;76;52;114;42;82;111;269;52;208;56;57;53;53;53;57;205;59;94;274;130;57;53;59;53;360;98;89;112;57;85;54;59;224;62;109;88;53;177;88;53;53;107;57;91;360;296;209;274;57;234;131;107;56;89;58;79;240;53;104;78;208;88;97;87)
seed_30_level_1-4,2073,14666.581780433655,29122502,6580,(231;53;53;78;58;58;53;53;53;82;90;53;52;130;52;267;104;52;53;52;86;55;56;55;89;51;51;52;86;52;253;212;57;253;250;112;42;52;43;57;57;52;253;60;53;57;42;269;52;57;102;223;57;180;360;52;226;57;106;274;57;237;88;235;43;42;130;297;54;53;53;54;42;54;238;57;85;108;84;115;88;207;234;239;107;52;360;55;54;55;132;57;117;62;86;52;53;57;117;55;102;57;57;360;59;86;57;56;53;88;53;107;107;98;59;57;266;57;274;57;274;59;57;223;104;298;242;59;220;52;116;90;62;237;53;93;246;55;57;106;53;52;52;52;84;43;244;223;87;232)
seed_30_level_1-4,2194,15027.871511220932,30500697,6729,(231;52;133;88;56;75;42;57;53;55;42;53;88;92;118;43;53;360;93;53;53;53;134;127;56;91;57;56;88;92;123;57;62;53;267;112;102;214;253;222;219;55;52;52;52;52;56;378;86;237;52;86;360;107;228;107;57;57;52;55;251;296;53;251;219;107;57;52;57;107;57;53;108;52;56;53;297;56;96;53;89;55;54;89;87;57;87;108;56;108;113;57;103;54;239;412;55;88;298;116;88;119;112;84;108;107;217;57;53;57;103;57;57;88;220;224;97;97;57;108;53;280;57;370;102;240;53;53;111;59;57;114;106;57;120;57;52;52;107;53;53;301;53;53;53;55;53;53;105)
seed_30_level_1-4,2194,15380.353022098541,31777948,6878,(231;53;96;57;52;106;52;42;56;42;62;52;60;69;43;370;44;53;53;114;53;46;88;108;46;44;232;43;92;57;107;53;81;370;226;53;129;88;57;53;52;58;57;57;53;57;53;91;54;56;89;52;57;90;212;257;42;107;54;59;54;88;89;238;236;240;106;59;60;54;86;53;240;53;54;53;88;53;370;72;88;88;57;59;106;52;56;112;57;90;107;89;57;62;110;91;57;107;88;53;106;298;44;370;280;221;53;44;65;44;106;114;116;79;265;120;44;46;52;53;59;131;87;42;44;267;104;86;216;52;53;405;52;55;52;279;53;280;52;52;207;53;55;53;267;216;52;52;54)
seed_30_level_1-4,2194,15746.494164943695,33137078,7028,(231;84;63;113;42;57;58;55;53;56;55;57;58;42;370;102;113;56;113;53;53;88;44;60;57;53;55;43;53;86;105;59;53;370;58;102;57;57;69;53;176;107;56;57;57;57;60;57;90;113;219;57;114;108;53;370;53;59;113;111;53;57;245;58;88;57;210;158;54;53;117;57;107;104;229;57;257;57;53;91;90;54;239;86;59;51;42;42;57;116;236;116;88;208;107;52;108;56;57;54;306;223;89;91;112;57;91;248;275;89;87;126;272;116;59;224;280;116;53;108;53;87;55;370;52;370;214;58;54;92;237;52;238;52;195;210;222;102;59;52;52;52;55;137;56;225;52;86;54;52)
seed_30_level_1-4,2194,16110.723647117615,34554121,7179,(231;85;52;53;301;134;53;42;87;54;42;84;87;370;57;57;53;88;52;53;53;64;51;52;53;57;248;77;104;104;64;370;53;65;107;59;206;106;113;52;88;55;209;53;109;208;112;57;56;56;51;94;257;52;53;370;77;88;57;88;57;59;53;96;51;57;57;88;53;57;248;53;240;113;370;120;57;93;104;57;53;53;57;53;57;112;52;60;57;57;61;53;53;57;53;103;58;370;104;238;127;52;67;52;129;88;57;209;101;52;52;57;185;57;88;56;52;370;86;214;214;109;57;59;86;306;57;44;112;92;116;54;228;52;88;108;63;115;57;46;44;61;212;238;306;108;124;406;262;88;87)
seed_30_level_1-4,2194,16466.28002691269,35767402,7330,(370;57;109;57;53;107;57;53;57;57;226;140;248;144;57;54;104;57;57;370;115;105;90;57;55;57;95;115;44;53;56;44;53;248;55;43;248;51;301;52;52;90;53;52;53;52;105;55;68;42;53;110;74;112;301;60;56;219;88;53;112;236;88;61;53;59;53;53;53;88;210;54;57;53;90;370;89;56;61;110;223;57;102;91;57;53;107;53;248;57;57;57;77;54;57;57;57;370;52;52;53;95;86;58;55;208;89;224;206;56;87;86;53;90;86;76;128;52;212;104;53;53;176;52;294;46;44;52;57;108;44;58;223;78;116;54;87;220;280;46;103;113;44;44;104;89;213;44;91;44;111)
seed_30_level_1-4,2194,16813.951869010925,36991532,7481,(301;54;53;248;239;82;59;52;54;60;52;60;76;42;52;53;58;370;56;56;44;57;53;64;46;53;57;106;117;60;53;98;58;53;57;53;53;370;57;53;61;110;55;53;44;104;109;57;57;226;57;44;53;131;107;110;57;52;294;44;44;112;44;57;44;226;44;78;43;44;53;53;44;54;44;57;65;221;88;44;84;370;370;57;86;52;52;53;57;107;238;57;53;285;301;53;55;234;103;53;53;238;108;106;370;57;122;53;107;208;57;52;132;53;104;57;53;57;86;57;118;52;53;102;53;370;94;238;214;55;52;53;52;52;42;52;218;86;52;122;52;72;52;53;154;55;52;67;176;76;56)
seed_30_level_1-4,2194,17168.99416589737,38165255,7632,(370;57;46;58;58;64;57;42;56;53;114;94;54;53;57;53;53;57;87;88;370;43;57;89;44;220;44;53;236;63;123;108;66;280;69;53;54;85;147;301;53;53;54;105;132;139;52;62;248;52;107;217;52;54;58;56;52;59;370;56;57;66;57;57;56;57;110;62;106;57;56;57;185;59;55;93;94;56;370;53;106;53;56;57;49;104;234;53;57;53;104;109;57;106;110;53;53;57;53;53;370;52;135;42;52;57;53;55;52;222;58;89;61;140;176;52;52;42;52;213;42;109;238;52;102;301;219;234;93;238;90;52;54;88;57;89;87;115;53;57;207;56;52;53;54;53;115;103;58;206;57)
seed_30_level_1-4,2194,17523.763418197632,39381870,7781,(370;57;57;62;88;53;115;88;59;109;52;51;55;79;110;44;57;370;134;58;53;115;55;71;52;138;59;62;53;129;110;91;78;58;88;53;370;53;59;53;96;57;106;179;57;53;104;90;57;187;211;112;240;106;57;104;240;301;52;54;53;133;62;242;61;69;139;118;210;121;56;58;88;240;42;65;53;267;89;176;56;52;89;89;52;184;193;106;186;52;52;166;129;55;88;52;52;55;102;52;61;111;52;97;280;90;57;87;302;52;53;53;46;87;57;53;129;106;55;53;280;44;56;239;282;55;218;52;52;59;44;52;58;52;220;52;90;53;52;53;53;277;53;52;239;52;109;59;53)
seed_30_level_1-4,2194,17879.221952438354,40565847,7931,(370;65;71;104;57;52;56;58;57;195;62;49;71;44;46;67;57;154;88;56;64;370;178;117;53;53;56;56;106;54;59;56;59;235;52;130;56;152;111;107;53;56;57;57;282;58;95;248;58;239;239;85;52;58;107;238;57;53;54;57;52;52;57;57;59;53;56;57;59;238;301;60;56;52;88;96;72;54;52;53;59;52;87;56;53;57;94;136;57;92;86;52;52;58;190;267;55;52;55;238;178;223;52;178;217;102;136;55;99;238;178;240;185;52;222;176;52;86;52;206;139;44;370;53;56;57;56;55;53;113;53;57;212;57;104;53;240;52;57;106;57;53;42;53;49;52;53;52;52;213)
seed_30_level_1-4,2194,18223.946734905243,41639881,8080,(370;64;53;66;55;57;52;248;93;57;53;53;53;91;55;53;57;57;46;111;301;96;53;55;56;56;54;52;62;57;52;91;92;54;52;106;58;132;54;87;56;140;370;240;53;53;107;53;53;57;57;57;90;109;53;53;107;53;107;104;117;53;53;57;52;88;56;370;123;93;107;117;77;103;88;229;52;109;57;239;57;113;107;88;109;69;112;109;53;107;44;301;53;117;77;52;52;57;53;52;117;59;53;53;237;57;57;52;53;53;86;106;55;59;57;87;370;207;52;42;52;52;56;102;161;52;57;102;166;42;88;301;141;58;52;210;55;216;110;238;52;54;89;176;207;52;53;52;65)
seed_30_level_1-4,2194,18576.6475148201,42860562,8228,(301;52;76;54;53;53;86;61;57;58;54;49;156;238;102;109;57;87;248;88;52;92;106;370;57;58;55;57;112;301;51;57;53;248;53;51;90;53;44;53;57;88;248;57;301;92;83;52;60;52;54;92;58;87;85;88;248;58;88;114;52;52;73;52;95;370;53;107;53;107;104;240;106;53;104;88;59;57;57;53;52;57;57;211;93;53;109;57;53;370;90;107;245;53;56;53;52;102;107;134;57;52;56;104;248;58;57;242;126;177;54;57;105;53;57;52;370;52;102;104;55;277;42;57;52;42;166;210;53;127;61;70;86;52;53;175;102;238;209;86;71;186;52;113;86;53;106;52)
seed_30_level_1-4,2194,18939.482060432434,44215104,8378,(301;52;57;114;43;53;137;56;52;58;57;51;56;52;54;52;85;106;52;53;59;52;370;65;57;64;46;128;106;61;62;64;90;121;239;108;57;96;57;248;57;57;88;88;52;370;248;57;57;109;52;57;249;57;53;57;53;53;125;128;370;57;132;53;129;107;57;53;88;57;370;263;52;210;67;52;52;52;57;54;52;57;52;238;56;57;86;52;248;55;54;104;53;52;370;248;65;52;154;52;87;69;42;242;104;109;119;107;80;54;54;52;52;55;59;240;106;107;53;56;405;220;42;57;61;370;53;244;55;87;58;86;89;88;268;102;86;61;240;55;60;57;86;61;176;158;53;108;87;84)
seed_30_level_1-4,2194,19296.163908958435,45395792,8529,(301;50;89;106;52;215;53;56;56;52;107;91;210;66;56;88;52;56;55;52;370;131;53;53;52;56;106;52;114;53;64;91;57;113;232;132;53;57;124;57;59;109;58;52;301;52;284;52;52;53;107;240;90;57;57;60;52;52;52;96;57;102;52;55;53;112;53;87;56;370;228;84;107;88;248;239;52;52;57;52;108;102;209;57;115;57;211;53;240;59;66;107;370;56;370;179;52;57;57;57;52;52;57;57;53;236;59;182;57;60;53;57;52;58;62;57;56;117;128;53;267;126;53;90;86;53;52;52;52;53;52;87;55;57;52;86;214;53;53;248;86;52;180;52;52;86;238;52;89;86;52)
seed_30_level_1-4,2194,19659.20149040222,46746751,8680,(370;57;53;57;53;179;53;57;59;194;248;178;53;57;53;53;53;122;214;57;136;53;59;51;55;53;103;86;240;51;97;208;52;52;52;52;103;370;238;53;86;53;238;52;55;59;370;93;111;57;57;51;46;53;107;54;57;52;51;248;57;109;46;49;64;62;46;67;110;301;209;78;54;51;106;58;121;54;134;58;52;214;86;95;53;53;52;52;57;52;42;370;52;57;102;55;56;102;176;61;233;52;129;58;176;206;128;226;53;52;56;176;52;52;58;131;238;52;86;370;211;112;57;54;240;100;59;51;248;52;53;56;55;93;97;248;61;82;120;210;248;62;76;225;42;56;248;86;88;57;134)
seed_30_level_1-4,2194,20013.021795511246,47987211,8830,(301;53;53;58;53;60;53;58;280;57;248;280;88;43;82;54;78;52;115;42;52;42;54;108;110;382;57;238;57;51;103;58;52;286;52;53;56;104;52;240;59;86;289;52;84;120;56;113;214;220;58;90;57;370;52;53;134;117;54;53;242;235;57;52;59;53;57;53;119;57;55;55;109;53;57;103;53;55;296;57;53;370;109;62;88;213;102;53;53;58;89;87;62;57;57;59;60;240;56;57;104;57;57;88;57;56;107;221;242;57;59;60;211;57;104;107;127;267;53;57;199;42;52;86;220;57;52;52;52;107;61;57;238;92;113;52;238;52;56;53;158;87;52;59;57;52;95;102;57;52)
seed_30_level_1-4,2194,20366.779554605484,49198944,8981,(370;56;102;56;53;53;88;90;62;86;56;52;248;52;52;43;217;66;53;52;54;89;88;58;101;105;52;116;52;247;228;53;42;54;227;222;106;301;248;53;139;52;405;92;153;62;42;52;84;96;53;52;52;109;89;87;87;52;211;54;56;108;58;117;52;52;81;58;52;370;220;52;116;223;120;113;57;53;51;110;46;248;57;223;227;107;52;242;46;52;110;210;53;52;59;114;111;110;52;53;57;56;55;52;68;54;107;53;94;54;382;53;56;106;116;52;53;86;102;108;59;106;86;59;56;52;53;52;58;59;219;53;115;90;107;87;108;58;56;238;53;52;214;109;87;55;57;52;283;59;52)
seed_30_level_1-4,2194,20724.601842403412,50526743,9131,(283;124;104;222;102;52;91;238;115;238;56;238;248;53;90;109;84;90;52;240;52;114;57;56;57;248;106;248;52;238;370;52;53;57;88;59;57;102;405;56;57;248;99;53;56;87;52;43;52;122;55;58;57;116;192;97;58;58;77;53;54;84;248;56;52;89;58;52;108;74;58;52;64;370;109;52;57;57;52;111;208;111;55;52;52;60;52;96;301;52;220;102;53;131;52;52;62;58;52;153;248;52;55;184;87;55;52;113;224;248;52;370;55;106;83;53;239;65;54;89;220;57;57;54;57;51;53;57;106;223;107;107;109;57;53;54;69;109;62;57;248;57;88;56;93;53;207;87;54;43)
seed_30_level_1-4,2194,21091.81517648697,51890631,9281,(324;167;90;248;133;141;240;73;58;142;53;53;248;53;66;112;111;59;91;53;76;58;52;116;139;88;58;52;95;53;248;51;370;111;86;53;65;54;110;86;124;88;52;53;57;53;97;52;53;56;112;57;107;301;106;53;88;109;280;104;90;56;248;56;53;52;54;56;267;52;54;222;52;248;109;68;52;52;53;176;88;102;113;71;143;49;53;42;53;64;75;107;227;63;58;128;42;87;52;188;52;103;52;53;126;280;76;370;229;108;52;223;57;218;182;132;57;238;84;52;177;84;88;284;59;53;238;52;52;84;107;57;57;129;106;102;107;84;59;219;53;85;129;176;84;219;238;215;56;238)
seed_30_level_1-4,2194,21454.828843593597,53254152,9431,(370;57;108;112;57;57;53;53;61;57;107;217;52;56;74;57;52;57;54;62;62;54;169;57;51;243;73;236;52;57;182;57;53;59;267;52;301;301;226;55;52;166;280;52;43;268;185;267;113;102;56;94;170;52;239;52;55;86;238;104;102;53;52;52;52;106;55;155;209;53;142;106;53;56;59;54;55;42;238;52;88;115;93;54;139;56;55;58;108;64;42;53;72;71;57;56;58;73;59;57;137;109;107;42;370;280;55;87;57;56;87;52;53;52;114;238;248;54;117;57;238;238;239;53;90;56;52;52;53;129;53;56;238;219;55;53;88;239;220;52;49;52;177;84;59;370;52;209;52;121)
seed_30_level_1-4,2194,21815.016456127167,54623328,9581,(143;60;60;105;222;58;59;94;52;248;52;53;57;53;55;107;107;53;58;110;120;280;56;93;58;88;73;53;53;370;44;57;57;42;57;57;52;62;59;93;58;53;59;54;42;53;107;44;53;42;57;53;57;96;58;56;57;107;102;106;110;139;370;240;102;57;54;219;59;239;102;52;235;222;55;53;53;238;52;176;52;102;86;53;238;86;248;52;55;301;55;52;239;55;52;52;117;238;121;114;86;110;96;220;55;76;284;268;53;219;301;52;208;86;197;52;105;52;242;52;166;86;212;238;58;52;55;244;104;55;224;52;42;52;240;86;52;42;53;55;52;370;199;217;86;52;86;56;52;52)
seed_30_level_1-4,2194,22177.024284124374,56075736,9731,(370;57;88;61;107;52;56;56;56;81;53;107;44;62;43;54;115;52;52;104;56;113;57;42;61;62;42;56;280;56;86;248;53;137;81;91;43;97;52;56;239;83;280;53;52;58;62;106;239;152;52;52;42;60;49;49;53;56;370;204;52;193;216;53;206;55;238;52;52;52;55;52;248;52;52;75;87;237;193;88;102;52;129;90;52;280;248;42;213;104;51;52;87;52;86;237;57;217;52;53;210;102;241;370;248;88;106;52;234;52;52;238;248;370;248;52;106;52;53;229;112;238;52;53;42;248;114;103;114;52;93;53;52;102;52;134;52;52;52;248;42;114;112;102;238;92;52;54;238;56)
seed_30_level_1-4,2416,22542.946435928345,57616090,9881,(370;55;239;107;52;55;57;248;248;59;115;57;280;54;248;57;248;62;104;239;57;107;57;109;63;115;280;140;92;142;42;58;43;56;74;43;56;56;137;53;53;57;57;56;229;56;58;56;58;92;56;52;43;43;57;66;58;248;370;238;102;114;248;56;53;247;52;43;55;86;220;86;238;212;239;107;52;102;178;59;52;220;53;42;128;112;52;248;53;93;70;106;51;43;248;107;186;49;56;54;52;49;56;117;508;52;88;219;52;242;121;52;43;102;185;53;52;86;52;56;114;263;55;238;89;234;231;113;55;226;180;56;52;102;221;52;86;56;57;53;86;242;57;214;55;165;52;55;90;238)
seed_30_level_1-4,2416,22903.786923646927,58899421,10031,(134;58;242;56;242;53;111;56;59;58;87;92;56;53;109;131;60;85;242;157;57;52;56;84;61;86;63;107;348;111;222;42;57;238;114;102;242;53;107;210;116;114;58;52;57;223;52;53;208;52;56;115;242;42;118;108;102;56;52;106;102;114;56;55;242;210;53;53;53;55;222;349;349;57;136;52;58;114;92;55;210;58;83;122;60;57;108;42;96;56;56;57;90;94;129;98;104;88;56;114;56;57;101;57;230;348;153;86;54;53;216;52;52;128;57;55;51;53;263;52;52;52;52;52;105;102;55;55;97;242;51;55;87;82;106;64;138;213;242;56;57;176;238;57;263;53;238;85;139;53)
seed_30_level_1-4,2416,23278.62975382805,60548194,10181,(349;53;96;42;176;53;59;61;242;59;56;53;179;52;57;57;57;88;57;242;90;53;110;52;53;114;42;52;52;86;47;242;42;53;57;106;284;56;42;52;115;47;104;348;55;52;42;275;52;167;104;60;102;238;57;52;136;58;201;189;56;68;55;88;238;53;52;178;52;130;55;267;203;222;52;102;52;53;229;216;53;238;59;238;53;210;135;86;90;222;55;52;228;86;89;238;348;238;53;89;114;52;55;503;242;55;59;52;102;102;106;102;206;53;223;238;53;59;53;53;209;238;114;55;102;55;52;242;102;242;57;240;52;56;240;209;206;238;55;56;240;242;238;107;75;52;86;103;89;84)
seed_30_level_1-4,2416,23646.624046325684,62094153,10331,(349;88;107;43;57;120;43;58;91;120;43;62;62;57;54;242;206;59;53;56;97;242;226;107;242;53;52;57;55;242;242;242;59;263;57;57;53;76;109;210;348;57;138;195;61;87;53;55;84;52;52;75;52;243;43;52;194;57;243;176;100;53;53;86;102;52;102;86;55;194;53;86;52;116;139;52;84;87;242;42;242;102;52;210;238;56;83;76;239;102;241;243;55;268;429;260;102;114;102;114;57;229;106;222;52;53;56;104;105;49;132;86;238;53;177;220;90;53;52;189;49;53;53;52;55;52;242;112;102;52;59;210;238;284;58;114;87;52;56;53;52;84;72;242;260;52;102;55;106;219)
seed_30_level_1-4,2416,24007.69253873825,63561664,10481,(349;88;106;59;131;118;62;57;104;57;113;53;104;56;120;56;57;104;60;114;109;107;104;88;52;62;57;113;57;68;57;117;57;197;106;64;106;53;57;57;64;53;48;57;348;222;238;86;114;52;88;52;58;207;52;115;55;52;137;52;86;42;231;102;52;86;86;180;222;53;242;42;102;86;52;51;86;53;130;240;216;52;59;222;52;86;117;242;151;236;52;86;54;210;109;102;430;54;56;242;58;235;238;220;55;211;52;59;223;52;52;56;102;43;242;228;53;89;263;55;57;235;52;284;348;53;53;114;52;53;56;212;242;52;242;219;54;52;108;86;52;207;238;103;52;126;53;113;120;208)
seed_30_level_1-4,2416,24369.341454982758,65017538,10631,(349;97;198;104;117;88;79;242;57;88;57;109;88;109;57;64;115;88;93;59;117;242;55;53;43;114;88;56;68;57;57;57;183;105;57;104;93;88;55;109;348;216;57;52;105;52;86;238;52;242;57;242;52;104;242;185;57;223;56;55;242;238;53;51;52;57;224;52;240;222;52;176;103;55;242;367;57;52;86;53;58;52;145;222;52;52;151;106;102;43;119;53;76;285;112;55;52;208;222;58;242;106;57;242;238;242;210;43;227;57;57;52;219;106;42;91;53;84;42;117;55;53;42;53;103;238;53;242;68;53;90;101;87;227;107;53;55;56;53;52;53;263;348;52;52;107;59;52;107;112)
seed_30_level_1-4,2416,24720.75244474411,66192901,10781,(349;90;52;52;88;58;67;53;88;53;57;59;53;123;55;52;196;57;110;104;52;96;57;242;89;54;62;107;53;107;135;56;57;55;88;53;88;93;107;58;101;348;57;53;106;284;53;56;242;54;55;53;114;87;53;52;102;53;117;106;102;53;43;128;52;114;53;102;52;92;107;102;139;57;53;107;231;50;59;57;53;348;222;117;53;88;102;53;52;52;49;57;56;210;242;267;104;195;86;86;57;190;90;103;208;348;224;221;210;52;57;222;55;53;222;90;51;222;102;58;103;128;92;104;84;102;52;223;233;105;86;55;55;240;52;52;222;86;51;52;52;55;52;57;52;52;87;43;52;52)
seed_30_level_1-4,2416,25067.732805013657,67364501,10931,(279;52;106;52;103;49;52;129;52;55;42;52;100;205;53;87;57;84;53;238;57;52;230;104;102;52;221;217;242;112;88;57;53;88;84;138;57;55;121;53;274;53;53;106;57;52;182;56;106;158;107;133;53;112;55;57;53;106;42;110;221;242;112;106;52;53;52;57;95;53;348;43;224;106;57;53;57;104;52;52;143;53;86;53;52;106;55;86;53;86;104;104;102;52;53;223;242;52;223;57;52;53;224;52;270;53;58;86;104;102;42;222;55;52;222;52;146;52;105;86;138;86;222;53;43;54;57;224;242;52;57;52;242;106;86;102;238;53;102;57;225;86;222;58;238;57;55;52;140;88)
seed_30_level_1-4,2416,25419.476770877838,68626457,11081,(348;57;53;43;242;99;234;52;207;104;114;117;106;374;219;62;79;56;57;53;56;87;53;88;55;107;52;45;55;114;241;112;107;52;52;123;93;88;56;53;43;123;233;57;219;43;53;52;90;52;55;90;56;53;53;55;200;55;270;222;216;224;129;239;57;104;222;242;53;224;178;53;238;42;55;141;53;129;53;52;186;53;43;240;42;53;126;104;106;52;65;52;56;102;55;104;128;104;131;52;51;53;57;102;57;53;102;88;104;104;106;52;57;348;58;53;192;131;131;103;61;88;143;208;57;133;106;54;57;53;53;201;223;43;61;57;131;62;126;57;106;43;106;107;192;284;193;103;57;114)
seed_30_level_1-4,2416,25775.848372220993,70011737,11231,(284;53;57;54;53;53;58;59;55;54;236;56;52;112;52;112;242;52;52;52;52;52;90;55;52;55;54;52;52;58;52;52;242;91;209;54;57;242;238;102;133;242;367;115;53;53;230;52;104;138;86;52;270;43;54;176;242;90;73;86;128;42;222;52;242;132;43;62;102;102;42;180;86;52;86;102;89;108;57;238;54;42;86;42;43;222;86;221;348;106;240;53;52;242;103;52;57;208;62;106;57;59;240;210;130;90;106;57;145;57;57;61;104;53;52;221;88;113;57;58;242;53;52;224;61;212;238;57;104;223;240;104;57;242;57;53;94;239;106;45;221;87;106;57;242;229;59;53;53;52)
seed_30_level_1-4,2416,26124.841586589813,71329422,11381,(285;56;89;43;53;242;49;215;58;106;59;61;131;129;134;90;52;121;238;238;238;43;120;84;61;117;57;239;58;55;242;182;53;56;263;59;53;114;53;87;53;56;129;104;57;56;240;210;104;270;88;52;239;55;43;55;55;206;89;53;43;238;52;55;106;86;102;140;180;53;89;178;42;239;176;52;239;53;86;53;55;52;86;86;86;53;86;52;53;52;109;43;242;348;223;53;177;133;61;90;348;131;92;129;221;106;53;62;59;55;132;104;55;43;55;53;130;59;86;53;57;178;104;242;57;53;90;53;284;52;225;57;57;57;52;223;88;129;53;242;223;106;107;55;57;58;103;59;78;55)
seed_30_level_1-4,2416,26481.58612346649,72776437,11531,(348;208;144;57;58;134;53;178;109;163;239;59;53;57;87;43;45;52;57;103;106;178;53;57;53;43;55;53;141;131;222;52;242;53;57;57;53;103;77;238;57;131;61;239;54;53;129;130;129;117;178;106;58;45;199;239;57;242;53;223;57;59;90;240;57;43;223;57;107;52;43;52;52;129;53;189;54;367;242;242;88;240;52;58;57;183;57;52;119;241;53;136;57;57;86;120;242;54;52;52;212;91;53;56;57;121;107;75;53;107;57;234;212;129;242;54;220;202;91;131;240;95;241;59;58;57;89;240;134;53;107;58;86;210;57;54;134;238;59;348;57;89;53;184;212;239;107;53;52;57)
seed_30_level_1-4,2416,26822.439127922058,73870501,11681,(348;53;60;131;42;57;189;56;130;57;43;59;52;145;52;45;53;52;55;88;53;62;57;53;53;42;205;42;43;104;45;42;59;58;240;222;43;53;42;53;55;43;52;53;129;284;59;53;117;53;107;54;235;43;62;43;242;45;52;104;115;88;240;106;80;51;42;57;52;52;55;88;119;367;56;57;52;57;54;53;108;102;348;57;127;52;52;225;42;240;95;88;237;53;42;120;57;54;59;117;242;240;56;109;209;58;117;120;57;87;52;54;119;107;113;58;59;55;129;55;109;57;89;53;51;106;54;116;242;239;54;284;108;54;109;57;120;87;52;57;52;240;52;54;52;57;239;53;113;183)
seed_30_level_1-4,2416,27170.7849752903,75023589,11831,(348;86;115;45;62;57;53;57;53;58;240;109;53;45;53;211;42;61;129;129;53;210;57;218;57;52;45;233;78;59;53;106;140;43;57;53;104;100;53;86;57;57;106;239;52;61;52;43;62;52;242;54;90;52;54;67;222;52;234;54;90;53;224;53;239;240;43;240;57;285;239;120;88;109;121;58;263;53;109;106;58;53;53;165;103;57;120;107;53;57;145;56;53;57;86;53;241;57;58;52;53;53;89;53;114;54;129;53;240;57;52;55;53;59;199;223;55;57;116;54;59;239;89;57;55;240;53;235;88;57;109;53;58;90;240;57;116;115;57;240;81;180;239;109;90;58;54;77;117;57)
seed_30_level_1-4,2416,27508.279879808426,76142880,11981,(348;130;140;57;102;52;107;75;129;53;129;42;178;57;57;53;242;180;57;57;240;45;56;103;144;45;219;240;43;57;54;116;106;52;87;86;243;104;47;146;43;88;57;196;59;70;53;53;54;288;52;242;156;183;111;212;57;192;57;52;54;135;42;229;130;104;114;52;181;53;62;367;53;107;43;57;58;57;53;55;57;110;57;88;59;84;53;88;56;57;240;56;240;240;88;88;87;57;55;57;57;132;57;94;42;107;57;57;89;240;58;52;87;55;52;54;55;56;90;56;55;107;53;107;89;88;53;56;88;56;59;117;163;57;57;224;240;87;88;107;53;182;212;242;56;42;132;56;56;94)
seed_30_level_1-4,2416,27858.671386241913,77423873,12131,(284;136;57;88;242;52;57;240;107;234;57;131;191;87;87;58;55;240;53;240;57;239;57;52;56;197;57;87;55;52;88;57;53;58;93;224;240;52;107;217;108;89;52;88;225;94;57;57;107;54;111;54;56;57;84;57;87;52;52;212;239;42;88;177;53;240;242;239;104;107;208;240;107;348;52;55;130;53;59;53;58;54;108;118;53;42;111;241;109;53;104;57;55;88;52;54;63;103;52;224;239;104;56;55;57;227;52;141;131;55;52;240;55;57;244;229;57;53;238;57;57;57;54;104;52;53;43;132;105;132;242;57;131;78;53;57;57;57;194;62;57;104;239;59;211;57;54;100;126;53)
seed_30_level_1-4,2416,28201.15568637848,78583726,12281,(348;57;57;208;111;54;221;57;104;234;221;53;62;57;53;59;57;226;239;57;54;53;75;59;59;58;263;57;114;86;57;91;57;53;54;57;158;57;104;53;57;88;45;45;88;221;245;53;53;52;216;57;52;42;53;53;52;104;53;87;84;45;52;225;62;52;57;104;54;53;59;42;348;84;225;217;55;116;115;53;89;57;241;52;53;58;89;136;57;57;57;57;101;101;53;108;120;52;210;129;57;52;87;240;240;89;107;56;93;57;197;57;57;57;107;57;210;242;76;236;52;52;84;94;84;57;239;52;87;57;239;57;53;89;240;238;94;56;56;55;57;57;240;181;56;51;57;54;239;53)
seed_30_level_1-4,2416,28561.15193271637,80076713,12431,(348;53;42;58;54;43;126;113;242;57;65;88;131;57;209;133;53;53;43;208;45;90;224;223;105;92;53;221;55;57;61;53;54;145;57;106;88;90;57;201;112;52;221;240;242;57;57;146;52;91;109;53;119;52;43;239;45;104;104;119;102;53;90;42;104;93;76;104;219;88;367;57;52;58;57;54;57;53;242;242;107;179;242;90;154;234;55;54;224;223;56;242;242;77;57;199;242;239;67;54;210;56;143;53;224;136;242;263;57;88;90;218;104;90;58;57;55;242;57;242;114;151;108;56;57;55;58;57;129;210;57;53;52;120;93;222;52;302;242;57;57;53;180;53;42;213;54;284;52;52)
seed_30_level_1-4,2416,28914.285915613174,81579237,12581,(348;55;42;223;55;103;55;52;59;224;132;53;57;53;57;52;53;240;52;137;106;109;52;103;107;54;88;53;240;207;242;57;178;87;42;57;58;211;52;225;57;53;89;53;57;53;54;53;54;87;45;348;62;57;223;52;57;186;57;242;289;191;52;53;55;54;61;86;53;367;57;213;89;56;239;53;52;79;247;225;87;242;57;88;110;57;53;240;224;57;53;236;194;263;240;240;52;58;240;224;196;52;77;239;228;51;56;61;54;57;92;240;239;89;89;56;56;209;52;89;55;58;53;212;53;53;88;115;242;52;77;242;139;87;54;86;224;52;54;242;240;89;56;89;167;52;56;56;51;53)
seed_30_level_1-4,2416,29267.107458353043,82949339,12731,(348;104;117;53;106;59;62;107;53;242;50;54;52;232;88;63;88;42;147;111;52;221;183;213;57;106;48;88;114;42;89;224;53;128;242;53;57;193;224;53;224;57;45;90;53;128;185;53;219;57;91;130;53;92;114;52;57;43;132;52;102;52;45;132;242;61;45;131;285;106;57;107;209;263;52;242;141;96;217;43;240;240;104;228;53;57;89;136;211;116;56;52;88;198;57;85;53;242;57;52;53;222;107;52;116;216;53;51;87;107;76;53;88;208;87;53;53;109;59;211;52;61;57;239;57;90;57;56;57;57;183;240;58;53;228;240;263;107;129;117;224;56;57;240;57;224;53;56;94;57)
seed_30_level_1-4,2416,29627.842153549194,84480059,12881,(348;87;86;57;55;52;132;55;225;87;90;52;132;76;152;58;59;107;102;115;62;57;78;221;104;53;284;210;62;103;53;184;244;280;62;238;263;45;103;57;284;187;90;61;187;57;53;53;219;57;93;129;62;52;52;52;242;117;58;103;54;242;53;85;57;237;194;104;54;284;57;57;53;59;68;107;224;53;57;240;263;52;87;116;120;53;212;57;130;52;57;240;53;222;104;55;52;57;188;96;52;43;52;107;87;57;54;55;245;240;210;107;107;120;56;52;53;88;240;85;104;224;224;52;116;238;107;52;115;160;52;239;112;57;242;107;238;239;239;56;57;235;221;53;240;211;108;53;113;57)
seed_30_level_1-4,2416,30001.41808438301,86301998,13031,(348;88;59;242;57;43;106;53;240;131;238;209;52;211;59;53;52;240;242;240;214;52;182;130;227;190;56;242;53;133;242;104;180;53;87;104;53;58;57;93;59;53;128;163;87;43;180;348;104;53;57;225;52;142;113;238;55;54;108;242;224;229;55;138;53;55;53;211;112;57;222;216;285;110;52;263;263;57;223;52;177;224;53;240;57;57;240;223;224;149;57;55;117;223;52;263;263;54;235;239;57;118;88;57;263;57;140;134;52;224;107;55;52;57;107;55;52;117;51;213;240;52;119;263;54;240;234;89;55;57;52;57;57;224;57;240;52;55;53;224;52;58;52;53;120;263;238;53;240;53)
seed_30_level_1-4,2416,30357.374232530594,87685071,13181,(348;62;57;157;240;119;52;107;107;57;235;187;57;115;53;240;216;240;188;98;101;235;263;56;53;57;57;107;240;87;54;112;89;42;57;263;56;60;284;240;57;45;57;240;240;107;53;120;242;165;57;208;57;57;106;43;107;108;240;53;95;57;57;228;43;57;242;55;52;263;224;224;57;134;224;57;348;59;88;104;42;57;42;223;178;53;88;54;57;57;104;86;242;55;88;224;45;102;54;55;284;53;53;117;57;113;107;54;73;43;53;57;90;62;102;92;90;53;129;55;88;53;54;53;116;239;86;52;53;52;52;43;53;52;93;178;242;57;52;57;76;57;52;52;242;76;53;242;42;57)
seed_30_level_1-4,2416,30717.138892173767,89206483,13331,(348;242;78;88;108;133;132;78;177;43;53;57;119;86;53;57;104;58;242;131;45;45;196;145;54;117;108;53;222;53;227;53;52;106;107;53;53;204;239;86;52;212;57;57;211;242;270;103;53;193;178;224;242;129;52;104;106;104;242;57;52;226;129;284;102;112;102;145;285;119;43;100;58;55;119;226;53;240;130;52;88;52;240;57;88;99;239;242;263;58;57;116;57;56;107;109;58;52;88;57;57;107;52;95;107;73;72;58;59;52;215;57;120;224;53;88;54;57;110;242;55;240;119;263;57;59;211;223;57;57;53;263;263;45;178;57;55;67;263;240;59;53;120;68;57;43;240;240;58;86)
seed_30_level_1-4,2416,31060.256592035294,90398240,13481,(284;107;42;152;121;56;52;263;229;56;242;132;162;52;59;57;100;53;59;57;43;59;178;57;239;69;57;87;57;57;57;57;58;57;56;245;57;43;57;89;215;88;242;98;57;211;55;43;53;56;58;108;59;57;119;110;242;53;53;92;229;224;59;235;56;95;57;242;54;52;226;57;53;239;52;348;57;57;53;57;57;117;55;90;106;53;103;102;216;53;53;103;109;54;178;348;129;202;127;58;53;90;53;236;53;104;224;54;130;95;157;106;155;179;57;52;57;131;86;129;104;53;57;57;109;61;53;75;119;55;104;52;104;129;56;58;57;53;228;53;104;107;57;178;180;212;57;103;73;52)
seed_30_level_1-4,2416,31424.339554786682,92137141,13631,(348;58;138;217;53;239;57;53;57;53;224;242;224;57;240;147;47;62;42;222;45;53;57;58;256;239;42;57;110;93;242;68;57;53;57;192;42;204;242;211;57;42;91;59;58;240;236;53;57;57;240;89;216;92;124;57;59;235;57;240;42;43;59;89;240;263;90;187;211;92;57;57;119;367;348;58;223;53;60;104;240;106;183;57;102;52;57;245;106;54;223;53;54;52;104;151;235;54;90;229;239;43;222;55;55;57;104;56;106;104;57;211;104;348;63;229;57;109;180;240;106;43;224;53;47;53;102;106;104;89;106;267;104;53;61;240;238;348;278;61;88;93;104;55;112;57;57;57;54;222)
seed_30_level_1-4,2416,31783.425983667374,93673231,13781,(367;242;53;52;108;57;88;239;117;242;84;239;72;211;242;57;242;59;56;240;107;53;61;211;54;58;184;69;171;57;53;87;63;224;56;198;107;53;239;240;53;263;138;47;107;117;213;55;119;57;240;52;56;56;223;47;57;57;106;222;263;213;51;242;263;52;57;59;242;57;52;239;227;348;114;217;106;54;106;52;57;60;87;92;101;45;53;53;106;43;104;240;53;52;55;104;54;91;57;106;111;90;235;141;43;86;104;53;53;222;242;45;119;240;61;59;57;226;57;113;111;75;55;54;104;106;65;62;104;106;223;59;242;242;90;53;216;53;57;182;53;57;223;240;57;104;52;54;144;119)
seed_30_level_1-4,2416,32138.412256717682,95255835,13931,(348;104;139;57;240;52;57;57;53;223;53;57;104;92;126;60;223;111;240;348;52;57;239;131;53;106;106;53;103;66;218;178;57;53;57;112;348;128;53;62;53;53;53;192;54;53;57;52;53;57;57;57;57;43;107;131;131;104;147;102;53;57;223;106;53;212;348;104;88;104;130;239;367;88;211;57;242;53;59;55;119;58;53;53;212;57;57;107;87;240;242;224;238;242;119;45;52;53;52;56;42;53;107;57;53;48;240;52;263;224;240;242;88;240;242;43;62;221;55;263;53;107;57;57;90;57;87;223;52;238;129;55;57;57;240;57;56;62;57;276;242;84;58;53;240;53;242;53;51;52)
seed_30_level_1-4,2416,32495.808082342148,96818529,14081,(348;216;187;53;178;54;145;57;53;284;192;106;210;42;106;61;105;75;211;45;53;104;53;53;57;93;62;57;104;212;222;57;224;217;104;57;42;223;57;239;53;88;61;53;222;57;212;53;104;75;52;106;216;53;52;109;42;57;57;52;61;116;55;208;219;176;90;348;106;57;86;238;53;242;52;56;53;106;52;57;221;221;239;55;56;107;43;57;57;252;57;52;53;103;120;57;89;43;52;235;216;237;241;242;53;57;55;235;58;107;57;223;212;52;239;57;54;242;106;239;90;57;92;56;56;90;88;52;57;53;263;224;53;52;263;284;228;57;263;107;239;57;52;240;52;57;119;217;57;53)
seed_30_level_1-4,2416,32883.71799445152,99033996,14231,(348;238;53;242;242;242;57;42;211;130;284;128;57;53;53;233;52;112;61;54;222;222;104;61;57;52;92;284;203;57;52;53;222;94;45;55;42;52;208;242;53;104;238;53;55;144;52;95;239;219;57;54;107;53;128;119;88;212;103;131;57;57;57;222;177;185;242;208;224;225;211;104;240;111;284;240;221;240;235;228;59;55;177;242;236;53;263;55;242;284;89;57;244;240;240;216;263;86;240;57;240;240;240;234;57;235;58;206;52;106;181;58;59;240;240;217;55;263;57;90;240;240;235;107;81;223;218;240;57;57;57;240;57;53;242;228;283;208;214;53;57;238;263;57;52;62;95;56;52;226)
seed_30_level_1-4,2416,33262.029713869095,101050960,14381,(348;88;52;104;184;222;52;42;53;88;57;284;222;52;61;141;223;87;221;104;238;219;53;106;43;52;221;75;94;242;238;53;54;196;57;130;55;57;52;238;89;222;53;196;45;105;53;224;61;212;53;107;57;53;211;53;52;57;86;57;102;54;234;242;53;166;54;139;103;89;53;348;110;240;62;263;244;57;57;53;211;244;43;106;284;57;244;52;53;57;284;242;90;242;87;240;242;52;57;224;148;284;284;242;235;212;111;229;239;240;239;263;107;52;242;221;59;52;239;57;240;54;244;242;52;57;55;104;109;57;53;242;263;52;52;240;57;209;57;57;55;244;57;240;245;90;239;263;57;55)
seed_30_level_1-4,2416,33643.30988287926,103121785,14531,(348;52;53;57;56;52;103;222;240;238;52;52;52;52;104;220;55;57;223;140;53;52;52;201;239;53;90;57;420;52;58;213;43;239;176;58;62;216;102;105;52;57;232;53;222;86;227;53;53;57;57;52;242;57;167;104;139;54;176;238;229;239;53;112;54;106;53;55;348;212;242;123;57;83;211;263;240;57;93;107;52;210;107;208;121;212;235;244;52;59;117;57;58;242;225;107;57;240;88;53;116;88;228;242;242;83;107;57;239;242;240;57;263;240;57;239;107;223;51;242;117;55;284;227;240;263;57;90;239;107;242;240;93;52;212;107;91;230;112;291;91;242;57;121;225;242;107;214;57;254)
seed_30_level_1-4,2416,34030.86110377312,105321926,14681,(267;103;59;53;57;52;53;222;195;43;52;52;129;119;263;53;90;52;89;57;57;227;57;208;57;52;57;189;68;43;52;58;88;57;57;52;132;52;238;53;63;222;211;242;242;274;219;222;42;52;52;208;53;242;53;131;52;141;52;238;57;43;107;53;242;104;348;57;90;57;263;367;217;240;53;56;61;88;208;263;53;235;230;218;263;53;263;217;263;106;55;240;57;263;263;240;240;210;88;84;57;111;211;263;96;89;228;206;240;238;53;263;85;53;124;213;244;53;240;52;242;226;228;263;95;53;234;53;221;57;242;57;57;235;235;180;242;229;284;107;240;240;240;212;112;226;53;53;233;242)
seed_30_level_1-4,2416,34407.36767458916,107351676,14831,(267;129;102;52;57;52;185;146;239;242;104;189;128;238;52;239;181;53;196;57;242;53;222;206;88;281;178;86;141;88;52;104;52;86;242;55;128;53;55;45;88;194;63;216;53;222;111;222;53;284;224;242;57;239;277;240;52;52;190;238;133;52;295;182;52;104;56;194;112;263;104;53;239;241;216;52;242;138;58;57;57;263;246;57;295;239;240;232;111;109;107;53;263;57;263;263;222;195;112;57;242;239;242;225;57;118;55;59;107;108;240;211;58;56;240;108;106;53;222;242;42;92;42;110;263;52;57;55;116;263;69;243;59;57;263;106;242;53;242;57;53;57;58;53;57;211;57;57;106;210)
seed_30_level_1-4,2416,34796.79695057869,109835868,14981,(367;263;240;128;53;284;42;54;240;58;107;263;263;107;104;263;217;242;48;57;236;52;239;57;240;242;263;56;242;53;242;107;235;53;210;263;241;53;57;234;230;240;52;116;239;234;223;63;103;115;227;57;238;240;241;52;107;211;263;263;211;221;239;57;243;263;263;242;142;239;263;242;240;52;239;77;53;244;230;224;348;242;242;52;52;107;52;348;128;281;104;76;53;52;52;224;54;52;104;132;52;281;301;231;57;190;238;52;52;52;263;219;94;263;55;53;43;53;57;91;222;86;130;104;53;239;242;52;101;57;133;52;210;103;52;128;129;52;231;276;52;52;175;52;187;56;222;238;91;239)
