seed_22_level_6-4,1190,551.1734941005707,260357,150,(52;52;53;52;52;44;58;54;58;57;64;58;75;53;58;91;110;56;43;46;43;43;52;65;53;49;79;57;62;62;42;53;59;53;202;76;61;97;52;42;57;44;53;42;53;72;52;60;74;59;42;42;56;42;53;59;52;56;43;52;63;53;74;60;53;57;52;42;65;57;42;53;43;57;75;86;42;82;52;59;92;54;42;53;93;52;42;54;52;54;44;42;44;53;57;53;42;59;61;96;61;63;54;42;66;42;53;42;62;53;53;43;45;72;43;42;59;88;42;69;42;52;59;42;43;63;52;56;42;52;53;42;42;74;42;52;42;43;55;77;52;56;61;72;45;52;42;45;48;56)
seed_22_level_6-4,1190,1092.2214710712433,506782,301,(42;42;42;43;42;42;42;42;42;43;42;43;42;42;42;42;42;43;42;42;43;42;42;42;42;42;42;42;43;43;43;42;42;42;43;44;44;44;44;45;45;45;45;48;48;60;61;72;72;74;59;56;56;54;59;53;56;59;57;57;57;57;57;57;58;57;59;60;52;52;96;53;53;54;54;53;69;53;59;50;58;56;56;62;53;52;53;52;52;52;63;53;52;52;52;58;52;52;52;52;54;52;54;54;52;52;52;52;52;53;53;53;57;53;57;61;54;63;55;53;63;71;58;59;58;61;60;65;60;74;63;73;66;83;81;90;90;83;75;86;76;84;86;92;97;97;53;88;92;58;54)
seed_22_level_6-4,1190,1633.953632593155,758749,451,(42;42;43;42;42;42;42;42;42;42;42;42;42;42;42;42;42;42;42;42;42;43;43;43;43;42;42;43;42;42;43;43;42;42;42;44;44;44;44;45;45;45;45;48;48;60;61;72;72;74;59;56;56;54;59;53;56;59;57;57;57;57;57;57;58;57;59;53;57;60;52;52;53;53;54;53;53;69;93;54;59;53;53;53;58;56;53;59;52;52;52;52;64;53;52;52;52;59;52;52;52;52;54;52;54;54;52;52;52;52;52;53;53;57;53;53;61;54;63;53;90;98;72;59;59;58;61;61;60;65;57;66;82;61;62;97;104;87;95;90;86;53;74;86;92;97;93;77;97;88)
seed_22_level_6-4,1190,2172.1421360969543,1013444,601,(42;42;42;42;42;42;42;42;42;42;42;42;42;42;42;42;42;42;42;42;42;42;43;42;43;43;43;42;43;42;43;43;42;42;42;44;44;44;44;45;45;45;45;48;48;60;61;72;72;74;58;55;56;53;59;53;56;59;57;57;57;57;57;57;59;57;58;53;53;60;52;54;52;53;53;75;54;53;69;53;59;50;56;53;56;59;56;52;59;52;52;52;64;53;52;52;52;58;52;52;52;52;53;52;54;53;52;52;52;52;52;57;53;53;57;61;53;54;63;53;72;57;59;58;58;62;61;111;60;61;62;66;82;63;96;90;90;76;86;86;92;95;93;97;92;87;88;98;90;95)
seed_22_level_6-4,1190,2716.092413187027,1260374,751,(42;42;42;42;42;42;42;42;42;42;42;42;42;42;42;42;42;42;42;42;43;43;42;42;43;42;42;42;42;42;42;43;42;43;42;44;44;44;44;45;45;45;45;48;48;60;61;72;72;74;59;55;56;54;59;54;56;59;57;57;57;57;57;57;59;57;59;53;53;60;52;53;52;53;53;54;53;69;96;59;50;53;56;53;59;53;52;59;52;52;52;63;54;52;52;52;59;52;52;52;52;54;52;54;53;52;52;52;52;52;53;53;57;53;61;53;54;63;53;63;72;63;59;59;58;62;61;60;60;62;66;103;77;76;71;86;86;92;92;72;90;93;97;73;88;83;90;74;79;67)
seed_22_level_6-4,1190,3251.877861738205,1502842,901,(42;42;42;42;42;42;42;42;42;42;42;42;42;42;42;42;42;42;42;42;43;42;43;43;43;43;43;43;42;42;43;43;42;43;43;44;44;44;44;45;45;45;45;48;48;60;61;72;72;74;59;55;56;54;59;53;56;59;57;57;57;57;57;57;59;57;59;53;60;52;52;53;53;54;53;69;54;59;50;53;56;53;56;59;52;62;52;52;52;64;54;52;52;52;59;52;52;52;52;54;52;54;54;52;52;52;52;52;53;57;53;53;57;61;53;54;63;53;63;72;59;58;58;62;61;60;74;65;63;62;71;66;87;91;87;74;95;82;76;75;70;86;86;92;80;90;53;97;88;58)
seed_22_level_6-4,1190,3793.535069465637,1745989,1051,(42;42;42;42;42;43;42;42;42;42;42;42;42;42;42;42;42;42;42;42;43;42;42;42;43;42;43;43;42;43;42;43;42;43;42;44;44;44;44;45;45;45;45;48;48;60;61;72;72;74;59;55;56;53;59;53;56;58;57;57;57;57;57;57;59;57;59;57;53;52;54;52;53;53;54;53;69;53;59;50;53;53;60;56;56;59;52;59;52;52;52;63;53;52;52;52;59;52;52;52;52;54;52;53;54;52;52;52;52;52;53;57;57;53;61;54;53;63;53;63;71;59;58;59;58;61;61;60;66;70;71;63;62;66;90;78;76;85;93;76;98;86;86;92;79;97;87;88;81;81)
seed_22_level_6-4,1190,4334.769664287567,1987206,1201,(42;42;42;42;42;42;42;42;42;42;42;42;42;42;42;42;42;42;42;43;43;43;42;43;43;42;42;42;43;42;43;43;43;43;43;44;44;44;44;45;45;45;45;48;48;60;61;72;72;74;59;56;56;54;59;53;56;58;57;57;57;57;57;57;59;57;59;57;53;57;52;54;60;52;53;53;54;53;69;53;59;50;56;56;56;56;58;52;62;52;52;52;63;53;52;52;52;58;52;52;52;52;53;52;53;54;52;52;52;52;52;53;57;53;61;54;53;63;53;63;71;90;59;59;58;61;61;60;65;96;71;57;62;66;76;75;90;76;93;82;75;86;86;92;95;71;53;87;88;60)
seed_22_level_6-4,1190,4877.270712375641,2231046,1351,(42;42;42;42;42;42;42;42;42;42;42;42;42;42;42;42;42;42;42;43;42;42;43;42;42;42;43;42;42;42;43;43;43;43;43;44;44;44;44;45;45;45;45;48;48;60;61;72;72;74;59;56;56;54;59;53;56;58;57;57;57;57;57;57;58;57;58;53;53;53;52;53;52;53;53;53;53;69;53;59;50;53;60;56;53;56;56;58;52;59;52;52;52;64;54;52;52;52;59;52;52;52;52;54;52;54;53;52;52;52;52;52;53;57;57;61;54;53;63;53;109;71;63;59;59;58;61;60;60;79;60;96;73;66;73;61;75;98;74;89;71;86;86;92;95;90;82;87;77;58)
seed_22_level_6-4,1190,5401.393392801285,2470762,1501,(42;42;42;42;42;42;42;42;42;42;42;42;42;42;42;42;42;42;42;43;43;43;43;43;43;42;42;43;43;42;42;42;42;43;43;44;44;44;44;45;45;45;45;48;48;60;61;72;72;74;59;56;56;54;59;54;56;59;57;57;57;57;57;57;58;57;59;53;53;52;52;53;53;53;53;69;53;54;59;53;97;56;60;53;53;56;59;52;62;52;52;52;64;54;52;52;52;58;52;52;52;52;54;52;54;54;52;52;52;52;52;53;53;53;53;61;54;55;63;53;72;58;59;58;58;62;60;60;60;77;70;57;66;63;73;74;65;62;107;77;95;86;86;92;93;71;79;76;73;83)
seed_22_level_6-4,1190,5945.348295450211,2716479,1651,(42;42;42;42;42;42;42;42;42;42;42;42;42;42;42;42;42;42;42;43;42;42;42;42;42;43;42;42;43;43;42;42;43;43;43;44;44;44;44;45;45;45;45;48;48;60;61;72;72;74;59;55;56;54;59;53;56;58;57;57;57;57;57;57;58;57;58;52;54;52;53;53;54;53;69;93;59;53;56;53;56;60;56;59;52;59;52;52;52;64;54;52;52;52;59;52;52;52;52;53;52;53;54;52;52;52;52;52;55;57;53;57;53;57;53;61;54;63;53;63;71;63;58;58;59;58;62;61;60;92;60;96;114;62;66;87;75;61;107;84;76;88;77;73;86;92;79;53;79;76)
seed_22_level_6-4,1190,6482.982576608658,2958426,1801,(42;42;42;42;42;42;42;42;42;42;42;42;42;42;42;42;42;42;42;43;43;43;43;42;42;43;42;42;43;42;42;42;42;42;42;44;44;44;44;45;45;45;45;48;48;60;61;72;72;74;59;56;56;54;59;54;56;59;57;57;57;57;57;57;58;57;59;57;57;53;52;54;60;52;53;53;54;53;69;59;50;56;53;53;56;56;58;52;62;52;52;52;63;54;52;52;52;59;52;52;52;52;53;52;54;53;52;52;52;52;52;55;53;53;57;61;54;63;53;63;72;58;59;59;58;61;61;60;90;76;57;62;66;75;86;95;95;89;54;82;87;76;96;86;92;53;73;88;65;95)
seed_22_level_6-4,1190,7017.198478221893,3202054,1951,(42;42;42;42;42;42;42;42;42;42;42;42;42;42;42;42;42;42;42;43;42;43;43;43;43;42;43;43;43;42;42;42;43;43;42;44;44;44;44;45;45;45;45;48;48;60;61;72;72;74;59;56;56;54;59;54;56;59;57;57;57;57;57;57;59;57;59;57;57;53;52;53;60;52;53;53;54;53;69;54;53;59;53;53;56;53;56;53;58;52;62;52;52;52;63;53;52;52;52;59;52;52;52;52;53;52;54;53;52;52;52;52;52;53;57;53;53;61;54;63;53;109;71;63;90;59;58;58;61;61;60;65;62;66;90;75;84;75;76;86;80;86;92;96;96;77;75;77;60;95)
seed_22_level_6-4,1190,7545.691858053207,3441310,2101,(42;42;42;42;42;42;42;42;42;42;42;42;42;42;42;42;42;42;42;42;42;42;43;42;43;43;42;42;42;42;42;42;43;42;42;44;44;44;44;45;45;45;45;48;48;60;61;72;72;74;58;55;56;54;59;54;56;59;57;57;57;57;57;57;58;57;59;57;57;53;52;52;53;53;53;53;69;75;93;54;59;53;53;53;53;60;53;56;59;52;59;52;52;52;64;53;52;52;52;58;52;52;52;52;54;52;53;53;52;52;52;52;52;57;53;57;61;54;53;63;53;71;59;59;58;61;60;60;67;60;57;62;66;63;103;109;74;82;76;74;77;82;87;86;86;92;71;53;58;79)
seed_22_level_6-4,1190,8082.881157398224,3682868,2251,(42;42;42;42;42;42;42;42;42;42;42;42;42;42;42;42;42;42;42;42;43;43;42;42;43;43;43;42;43;42;43;42;42;42;43;44;44;44;44;45;45;45;45;48;48;60;61;72;72;74;58;56;56;54;59;54;56;59;57;57;57;57;57;57;58;57;59;57;53;53;57;52;53;60;52;53;53;54;53;69;53;59;50;53;56;53;53;56;58;52;62;52;52;52;63;54;52;52;52;58;52;52;52;52;53;52;53;54;52;52;52;52;52;53;53;61;54;55;63;53;63;72;63;103;59;58;58;62;61;60;90;65;96;62;66;76;79;74;54;112;75;76;88;80;86;86;86;92;53;77)
seed_22_level_6-4,1190,8620.250037431717,3939329,2401,(42;42;42;42;42;42;42;42;42;42;42;42;42;42;42;42;42;42;42;42;43;42;43;42;42;43;43;43;43;43;43;42;43;43;42;44;44;44;44;45;45;45;45;48;48;60;61;72;72;74;59;56;56;53;59;53;56;59;57;57;57;57;57;57;58;57;59;53;57;52;52;53;53;54;53;69;96;54;93;53;59;50;97;56;56;60;53;56;58;52;62;52;52;52;63;54;52;52;52;58;52;52;52;52;54;52;54;53;52;52;52;52;52;53;53;57;57;57;61;54;63;53;109;71;59;59;58;61;61;60;65;57;62;66;74;107;95;89;87;93;87;76;71;86;86;92;104;74;82;91)
seed_22_level_6-4,1190,9166.681405305862,4212082,2554,(43;42;43;42;43;42;43;44;43;43;43;42;42;43;60;75;58;77;88;56;59;57;58;58;53;58;53;53;97;53;66;57;80;57;57;83;58;59;59;54;66;53;62;52;52;62;57;77;57;76;62;54;54;43;61;43;63;73;57;53;64;75;65;61;52;58;52;53;53;52;90;52;54;57;58;53;52;83;57;57;53;54;52;54;76;52;42;55;77;53;42;96;82;58;54;52;85;52;87;44;59;45;89;56;58;86;83;53;59;53;54;53;77;57;75;95;52;43;52;73;52;53;56;52;52;64;95;56;52;52;52;53;53;53;52;58;52;52;56;57;57;42;48;48;77;55;52;59;54;76;86;53;57)
seed_22_level_6-4,1190,9711.973913669586,4490537,2707,(43;44;87;43;55;43;58;76;91;42;57;90;53;52;77;53;56;70;42;52;62;57;52;59;62;53;101;90;53;43;56;52;51;56;52;66;57;57;52;93;91;84;52;52;77;53;55;52;52;52;87;68;52;55;92;42;42;42;56;79;52;53;55;53;57;79;65;53;75;52;43;53;58;52;52;52;52;86;57;52;58;52;53;53;61;52;71;63;66;58;55;59;55;58;60;89;53;44;44;51;55;43;52;42;94;53;42;60;52;57;60;52;48;70;42;53;53;58;53;55;59;59;53;53;56;42;90;74;53;53;86;57;55;56;52;52;57;53;52;75;53;55;50;98;57;91;88;57;55;56;57;57;62)
seed_22_level_6-4,1190,10231.40297293663,4775904,2854,(42;42;44;43;77;52;53;53;57;65;56;54;52;77;52;42;53;55;86;66;56;68;61;43;54;53;48;59;91;60;53;43;59;56;54;42;52;55;56;57;52;78;52;52;52;52;52;86;54;52;83;52;64;48;59;76;55;66;59;83;42;58;72;75;63;52;86;54;43;53;73;62;86;52;52;57;57;52;59;57;52;52;52;92;107;57;76;52;95;57;54;53;57;60;61;53;52;52;52;52;62;52;52;77;83;58;57;54;83;97;42;53;57;58;56;88;54;57;45;53;59;88;63;53;73;57;113;54;52;53;88;59;97;110;57;53;96;57;53;57;53;88;74;55;42;57;57)
seed_22_level_6-4,1190,10761.437900304794,5058152,3002,(42;44;54;53;43;54;43;52;52;57;57;52;44;93;58;58;52;42;55;51;52;58;57;43;83;52;54;57;90;81;57;82;57;53;76;86;52;88;57;53;57;53;52;57;52;56;52;54;89;57;53;53;61;57;57;53;53;53;57;86;43;52;68;61;42;54;56;86;55;42;93;60;57;57;116;77;57;53;52;57;88;60;66;71;58;53;55;76;59;88;57;57;56;59;57;53;62;86;52;43;42;53;54;68;52;55;65;57;63;52;60;90;52;86;56;60;86;61;52;62;60;94;42;53;53;52;52;45;42;57;43;53;57;52;110;57;57;85;57;97;75;48;60;103;53;53;66;44)
seed_22_level_6-4,1190,11293.657097101212,5354802,3152,(42;44;44;52;52;53;52;52;52;52;59;53;52;93;54;44;54;44;59;42;52;52;75;57;90;42;55;58;42;56;42;57;42;53;86;86;90;52;86;88;92;87;95;86;86;52;52;56;52;52;52;52;87;52;59;76;53;54;54;57;52;53;53;57;48;51;67;119;59;104;56;57;53;67;71;44;53;96;56;59;88;53;53;57;77;86;60;54;53;42;54;59;57;78;88;63;52;57;80;52;52;52;53;53;53;52;79;62;90;52;57;91;56;52;102;75;55;60;53;59;52;88;62;112;53;71;70;56;45;53;56;53;58;42;55;66;93;57;53;53;57;55;57;56;57;44;44;60;57;52)
seed_22_level_6-4,1190,11833.453085184097,5658396,3301,(42;44;44;42;92;53;56;42;44;43;42;64;56;96;52;54;73;52;44;75;59;77;52;51;61;82;93;57;52;102;74;74;91;59;61;43;44;103;52;52;52;52;52;52;54;52;52;52;52;89;75;48;57;57;58;57;57;53;56;61;44;52;70;59;71;52;50;85;56;52;53;63;74;56;62;121;74;58;56;56;57;53;57;116;53;53;55;79;104;88;51;58;94;75;57;53;51;88;54;53;77;57;90;64;78;52;53;88;76;59;80;52;52;57;77;79;57;58;57;73;50;50;108;52;52;74;52;52;54;52;53;56;50;92;53;86;59;57;62;52;92;53;56;53;52;59;51;52;52)
seed_22_level_6-4,1190,12379.116817712784,5972037,3451,(44;44;90;56;56;53;57;56;57;42;57;53;53;52;52;56;52;53;52;90;52;53;52;52;52;52;52;75;57;53;57;57;57;93;80;66;57;61;53;75;85;57;94;54;44;52;87;55;91;57;52;52;42;56;57;57;52;89;52;53;55;73;76;52;59;63;53;90;110;64;52;49;52;53;63;78;52;57;56;90;90;52;55;91;42;53;57;57;52;74;55;88;52;88;75;57;59;58;57;57;90;57;53;68;52;78;57;70;57;61;87;53;88;59;57;56;88;57;57;89;88;55;57;59;58;59;54;53;57;91;104;77;55;102;91;59;57;51;59;57;58;57;53;69;116;53;61;85;54;78)
seed_22_level_6-4,1190,12909.757967710495,6292159,3599,(44;44;44;89;53;52;57;56;53;57;52;57;42;53;57;90;52;52;52;58;52;52;88;96;56;52;56;210;52;56;55;53;53;54;53;57;57;42;53;43;52;94;52;53;88;53;62;93;92;53;88;59;57;53;74;93;56;52;93;58;88;90;52;73;90;52;75;63;52;59;56;52;53;56;72;52;57;88;52;51;58;57;53;56;58;53;88;62;56;52;99;55;58;53;58;97;92;50;57;52;52;42;82;50;95;56;52;53;54;70;53;58;110;55;53;94;53;57;61;58;53;64;55;62;53;109;108;60;58;56;75;53;45;57;90;52;92;53;52;44;78;52;57;51;53;75;56;44)
seed_22_level_6-4,1190,13450.465926885605,6612035,3748,(44;44;92;60;93;56;53;72;53;42;54;74;42;53;42;53;97;66;43;53;58;104;59;55;59;104;52;82;86;58;86;61;84;92;63;52;88;57;69;57;55;53;53;57;63;57;53;57;52;96;44;92;59;67;88;93;57;58;67;57;58;57;57;66;57;95;53;57;68;73;73;78;53;55;57;44;57;87;60;52;52;57;57;64;55;57;56;100;57;57;51;88;52;53;54;74;55;61;52;90;43;52;88;104;56;56;56;56;74;52;79;77;57;54;57;53;79;53;53;56;57;93;58;52;49;53;56;58;57;87;93;53;73;76;90;52;88;51;52;52;59;53;53;56;95;90;52;74;77)
seed_22_level_6-4,1190,13995.31376171112,6919788,3896,(44;56;44;92;56;77;63;59;56;74;42;56;57;42;73;65;59;53;56;42;55;100;59;73;57;67;84;52;58;57;53;58;57;80;53;102;55;57;70;97;97;57;59;57;53;64;57;53;73;57;62;64;108;54;57;57;52;77;107;57;93;54;89;77;53;57;57;75;53;78;56;56;53;55;56;76;56;52;53;58;59;56;86;56;55;90;57;88;43;56;53;43;52;50;74;61;93;57;63;57;75;57;52;52;88;59;53;57;57;55;65;57;53;57;76;57;57;88;57;57;53;111;53;52;53;56;59;52;52;52;58;74;73;56;52;92;52;53;52;52;86;73;52;88;74;54;87;74)
seed_22_level_6-4,1190,14536.023566246033,7242228,4047,(56;65;60;42;54;42;44;43;90;55;91;42;87;58;42;52;42;57;42;57;59;54;57;63;57;57;42;64;42;53;88;73;57;120;52;74;77;54;57;53;42;57;63;54;56;92;57;52;58;88;57;57;57;61;52;53;53;57;57;57;52;75;57;75;53;45;60;44;55;57;57;57;53;73;73;52;88;57;57;72;53;96;45;42;87;86;57;57;89;102;57;73;53;53;53;53;76;56;55;52;57;56;57;104;53;57;58;57;57;58;57;53;53;58;59;57;94;70;57;88;61;75;56;52;56;56;62;53;53;76;57;62;56;42;43;89;88;88;52;56;63;52;79;86;52;54;52;56;158;58;202)
seed_22_level_6-4,1190,15076.628182649612,7588324,4198,(54;57;44;57;58;59;57;42;57;59;76;63;55;56;62;57;93;56;86;54;90;59;88;110;56;65;42;55;92;76;56;96;53;61;56;77;53;56;93;53;52;57;52;53;52;57;63;57;66;60;86;57;102;56;62;57;53;57;102;57;57;57;50;57;53;102;57;61;55;57;57;51;57;53;93;56;57;57;53;53;57;59;56;83;53;102;102;208;86;53;62;57;86;59;105;65;52;43;54;58;52;42;74;57;201;42;93;57;57;58;68;45;59;90;61;52;64;74;56;88;53;52;52;77;52;53;51;52;77;52;52;55;53;52;75;78;52;58;52;56;52;52;43;59;76;74;53;52;52;86;52)
seed_22_level_6-4,1190,15608.200599193573,7883188,4348,(59;52;53;44;105;57;42;42;52;65;77;58;62;57;42;43;57;57;102;57;51;57;57;95;75;85;53;53;57;56;53;57;53;53;57;58;55;51;57;57;57;57;60;57;55;102;52;55;53;96;57;57;87;107;52;52;87;52;93;86;43;52;51;57;42;54;60;62;53;52;57;52;42;42;73;53;53;52;54;53;54;80;52;102;57;63;53;52;53;52;62;52;53;51;57;57;75;53;52;53;53;51;55;45;57;59;53;44;80;56;52;53;88;201;54;57;43;57;44;63;61;57;77;52;48;58;109;92;57;55;45;53;54;93;58;52;57;92;43;63;53;62;57;53;52;52;44;53;55;42)
seed_22_level_6-4,1190,16145.276950836182,8233361,4499,(88;53;57;54;52;52;61;57;42;61;53;57;53;54;65;57;63;44;43;62;42;73;59;42;57;56;57;44;201;88;57;57;97;43;202;90;57;117;57;52;87;91;92;52;53;107;96;88;59;42;56;76;59;86;52;54;52;66;59;65;58;57;54;109;104;58;53;88;53;58;73;55;88;53;52;53;57;73;58;57;52;79;81;53;52;52;52;57;57;52;57;73;55;57;63;52;57;53;53;53;51;93;59;52;93;57;55;55;57;52;96;53;88;57;53;57;55;57;53;52;57;57;57;52;57;52;69;60;57;93;57;57;57;57;53;57;102;55;52;56;53;102;55;57;53;60;128;90;56;52;57)
seed_22_level_6-4,1190,16692.590080022812,8620201,4649,(88;54;53;44;93;57;42;43;62;62;58;42;54;61;57;52;45;57;56;52;58;42;43;57;42;59;72;133;55;69;55;91;55;56;53;55;57;65;53;56;73;53;59;52;53;53;57;56;57;53;53;53;58;52;57;104;55;57;53;57;53;56;94;98;110;61;76;53;52;53;57;57;52;75;100;53;53;53;53;45;71;90;57;53;56;53;57;52;71;88;79;56;57;53;57;75;63;56;201;52;52;80;74;57;56;107;108;89;54;94;59;109;92;67;93;93;93;91;65;117;75;53;53;57;62;92;87;57;53;88;58;55;61;52;63;43;77;162;72;104;118;53;88;104;56;52;200;74;57;57)
seed_22_level_6-4,1190,17240.81680870056,8975418,4800,(95;52;49;53;88;57;44;57;55;44;45;53;88;44;45;45;53;76;53;63;53;53;57;57;44;109;57;52;55;53;95;61;57;100;57;57;66;53;59;57;53;57;53;59;58;52;93;54;61;58;102;53;60;55;103;88;52;63;52;86;59;57;53;88;56;56;55;57;59;55;45;56;53;53;52;52;90;57;53;76;53;53;90;53;60;57;77;54;64;82;44;52;57;59;61;88;78;90;58;56;54;52;56;92;65;96;52;53;98;57;63;91;53;52;45;104;113;45;52;45;43;60;93;57;84;52;52;102;201;90;90;57;208;57;102;53;57;57;57;53;42;56;56;57;55;45;91;53;53;90;57)
seed_22_level_6-4,1198,17789.376552581787,9365860,4950,(79;63;57;97;92;91;58;57;57;57;57;57;104;53;57;57;76;58;52;57;103;62;74;57;57;57;57;64;100;52;76;57;79;207;105;56;92;93;56;59;59;53;118;53;88;61;52;69;53;53;77;52;52;90;45;52;59;56;104;57;53;57;57;52;86;52;52;53;118;53;59;53;53;57;55;58;53;52;59;53;57;52;74;42;52;58;61;54;59;93;53;53;96;92;52;93;92;53;53;52;53;44;52;57;106;130;43;107;75;57;42;52;42;52;57;58;95;104;42;52;79;212;106;52;105;90;119;88;57;53;69;57;42;53;109;53;53;52;57;52;61;88;57;52;77;52;57;65;52;78)
seed_22_level_6-4,1198,18332.609506368637,9716624,5100,(84;65;58;53;88;102;57;63;77;58;55;56;51;52;59;54;52;62;55;88;64;95;57;52;53;53;56;53;55;53;62;88;53;93;57;88;82;53;58;54;56;59;58;58;53;53;50;108;63;58;111;106;65;54;104;107;53;57;57;52;118;59;59;57;97;53;104;53;58;65;53;68;112;82;80;118;115;53;57;53;56;57;60;61;73;42;75;52;52;58;49;53;52;111;44;52;59;109;54;63;46;54;60;42;97;53;75;57;57;44;64;57;62;91;58;57;201;57;53;53;90;43;46;58;57;57;63;46;44;59;90;58;53;78;57;56;58;42;52;57;53;97;56;57;54;57;43;46;92;53)
seed_22_level_6-4,1198,18865.47243499756,10036011,5249,(201;46;90;43;76;57;57;61;63;57;46;58;74;104;58;86;57;58;57;57;46;60;57;69;58;68;57;57;57;52;53;88;53;57;56;59;57;57;57;58;57;53;53;57;57;75;104;62;53;53;58;54;52;55;53;52;52;53;89;86;54;52;82;46;57;53;53;88;53;43;52;75;91;63;57;90;59;52;57;96;46;42;90;53;46;53;42;57;44;93;51;54;90;53;93;54;58;52;76;108;52;88;59;52;52;59;52;57;52;52;42;52;77;53;78;86;86;54;57;52;75;46;52;56;65;58;53;44;73;57;57;91;86;87;52;56;73;93;60;52;52;88;52;86;54;73;58;64;56)
seed_22_level_6-4,1200,19406.88505268097,10416756,5398,(102;88;57;88;52;52;52;86;56;52;44;44;79;43;44;44;52;53;53;51;62;57;88;57;54;57;53;44;49;88;58;56;53;104;57;57;86;58;55;90;44;91;57;75;90;63;88;96;104;91;212;117;77;57;57;90;104;52;57;56;121;104;94;89;53;102;54;54;61;123;88;55;55;104;102;57;113;57;82;55;52;52;75;103;55;102;66;52;61;53;58;52;57;53;106;76;76;92;54;104;58;109;43;57;59;90;53;51;52;57;54;54;57;52;52;58;57;53;90;52;52;57;102;92;53;52;52;55;68;58;60;53;52;58;55;58;53;60;57;90;52;43;87;57;71;53;56;53;52)
seed_22_level_6-4,1200,19942.44256234169,10771234,5548,(102;44;57;53;59;57;68;52;57;107;57;94;57;63;85;104;52;74;74;57;61;57;53;57;57;57;46;66;94;74;44;57;58;90;87;57;52;57;57;57;81;56;53;44;74;57;74;57;63;57;57;88;52;44;58;57;52;66;53;57;53;57;52;53;71;90;109;54;106;95;57;54;52;53;57;56;95;91;104;116;75;119;75;57;52;46;57;52;53;54;52;90;51;57;89;53;57;89;43;57;86;53;57;55;52;57;56;106;103;57;75;54;53;53;55;56;54;53;92;76;77;87;59;199;102;85;56;57;54;53;95;93;54;57;58;52;44;52;64;43;46;53;91;53;52;55;57;57;77;51)
seed_22_level_6-4,1200,20476.7644841671,11105574,5698,(75;56;52;68;51;54;117;109;80;49;76;44;57;52;57;75;52;57;81;44;90;74;43;75;52;52;57;107;89;74;55;89;56;65;44;43;63;57;57;91;57;82;46;48;75;52;68;57;74;57;43;106;59;46;53;74;55;58;44;57;59;88;57;57;43;44;89;110;53;52;86;53;52;53;59;53;54;54;57;81;63;91;55;53;116;62;55;57;88;57;52;53;58;46;54;55;57;106;103;75;52;57;57;86;52;62;53;57;57;102;54;52;54;58;54;102;106;103;55;57;73;109;57;57;63;52;44;60;53;57;58;56;60;103;43;104;73;56;52;53;51;53;53;68;87;62;54;88;59;57)
seed_22_level_6-4,1200,21015.78561067581,11468578,5848,(75;69;111;46;44;52;57;44;58;103;54;74;46;57;86;55;58;88;54;44;57;53;58;62;211;58;52;72;60;54;52;53;56;55;52;59;55;52;89;57;63;102;57;57;44;73;57;57;83;73;58;44;55;88;53;64;112;90;57;55;88;56;54;43;53;57;90;57;57;97;55;76;63;84;52;53;46;52;44;78;73;57;44;57;53;54;113;54;58;102;106;102;56;57;56;102;57;93;57;52;52;55;55;86;53;53;52;57;73;70;73;53;43;64;54;58;55;55;116;52;58;57;55;107;57;54;57;59;102;55;105;57;55;57;96;86;43;57;106;86;55;57;103;75;52;73;104;58;102;63)
seed_22_level_6-4,1330,21570.48247694969,11936905,5998,(84;73;73;75;128;46;52;93;57;52;88;57;57;63;58;202;57;57;44;75;52;107;52;96;97;52;98;57;49;43;201;52;43;52;88;53;46;69;73;43;58;53;52;57;53;79;44;52;57;46;56;53;90;57;57;53;52;57;106;88;53;43;43;57;44;53;53;57;96;57;102;75;99;53;98;52;106;56;59;56;112;63;52;57;86;91;300;54;52;74;44;104;57;57;57;106;53;90;62;89;79;75;102;55;52;104;102;55;111;111;55;94;52;89;104;74;79;75;52;54;109;77;53;52;57;53;86;52;68;89;73;52;73;52;90;86;103;96;75;53;92;52;53;55;42;102;104;102;88;106)
seed_22_level_6-4,1365,22129.707440137863,12430533,6148,(202;202;80;57;92;56;44;90;79;53;57;88;104;75;93;201;57;92;116;44;107;105;57;52;57;64;46;91;52;110;57;86;52;93;52;54;57;74;57;94;93;88;52;57;57;107;58;86;53;74;62;44;57;57;63;82;52;73;61;59;58;107;58;52;57;57;57;88;58;57;73;61;55;57;106;42;59;46;43;55;52;77;63;96;113;63;86;53;58;74;88;104;75;102;52;104;102;52;58;52;59;102;57;52;63;53;57;75;115;90;102;104;90;63;52;111;53;96;57;46;104;102;68;51;76;52;42;115;52;104;53;52;54;231;106;52;89;74;102;63;55;104;103;106;57;52;77;52;88;106)
seed_22_level_6-4,1365,22686.07839655876,12895401,6298,(201;55;86;57;90;65;44;52;52;57;59;52;55;52;75;75;46;90;57;56;58;52;73;57;73;57;91;88;58;57;59;64;201;56;73;49;44;57;91;52;91;52;201;42;65;56;44;88;58;56;53;55;52;52;53;57;57;58;57;46;90;57;55;42;59;53;93;52;71;57;58;104;102;67;87;88;102;53;104;63;55;75;68;57;102;104;104;94;102;107;52;83;105;52;55;89;104;106;134;90;63;107;57;77;57;106;57;88;102;46;42;104;87;104;77;64;52;53;90;64;104;75;71;102;88;68;106;57;46;57;53;54;93;107;57;106;77;96;44;88;57;57;53;104;88;87;68;102;90;110)
seed_22_level_6-4,1365,23251.712894439697,13439916,6448,(91;70;88;58;111;52;84;57;49;53;85;87;74;88;52;89;73;52;53;201;53;86;52;76;56;89;52;113;55;52;58;86;52;53;96;93;53;53;86;56;81;83;76;56;90;55;76;86;107;102;67;52;57;159;93;52;96;58;106;97;202;162;55;70;102;57;73;74;88;88;75;63;102;77;52;77;73;56;102;53;62;106;102;63;102;64;68;53;54;104;104;106;57;194;104;106;106;52;55;102;75;104;109;93;57;102;74;106;104;64;75;73;73;90;106;52;57;102;44;89;74;53;59;104;77;109;102;53;52;106;104;88;64;73;102;57;98;53;89;57;103;89;109;104;52;89;102;104;68;57)
seed_22_level_6-4,1365,23801.105843782425,13907411,6598,(73;199;59;53;89;56;73;57;57;89;52;57;58;51;86;86;55;57;58;75;53;76;90;53;53;42;75;73;50;53;63;86;52;57;59;53;93;57;52;87;201;73;57;52;114;89;52;58;108;201;159;57;56;87;91;52;51;90;55;52;91;57;56;225;52;44;57;52;60;201;84;75;88;104;78;102;57;59;92;73;59;54;104;88;46;88;53;102;76;57;63;57;88;104;65;53;117;57;77;56;86;107;46;51;62;88;57;56;44;57;52;42;104;54;74;53;66;57;106;64;65;58;52;53;55;86;68;52;42;89;59;104;78;62;52;75;57;104;52;46;42;88;52;55;89;55;53;57;57;104)
seed_22_level_6-4,1365,24363.883132457733,14407548,6748,(106;105;109;103;88;78;52;104;109;57;106;53;43;125;55;52;44;44;52;75;106;108;55;54;102;93;102;104;43;75;57;91;90;44;53;77;104;52;71;59;42;46;44;52;53;64;91;53;53;54;44;55;88;90;53;104;79;106;57;106;44;88;64;104;55;104;53;104;56;113;44;88;53;57;201;55;73;52;53;52;103;86;56;231;52;201;73;52;90;52;52;67;86;52;96;90;103;52;52;56;57;90;86;73;53;86;52;53;86;73;56;91;75;52;52;89;201;159;57;86;52;52;73;86;89;50;57;52;52;52;52;56;58;57;52;53;79;53;89;52;57;89;52;56;76;89;201;52;52;56)
seed_22_level_6-4,1382,24937.135536909103,15065587,6898,(54;86;56;102;67;58;53;52;51;102;96;44;67;57;52;59;78;42;43;94;89;57;88;53;75;95;75;104;74;68;104;88;53;57;104;57;53;103;74;53;109;54;106;89;106;59;107;77;208;115;57;82;55;104;54;73;52;106;113;75;90;103;76;106;87;57;42;89;202;90;57;57;231;99;90;53;73;52;55;52;52;74;55;90;88;56;88;201;201;55;79;102;73;52;163;52;86;202;86;89;58;91;53;102;56;201;75;93;50;53;58;199;52;201;52;57;159;52;52;52;73;86;106;89;201;158;95;57;57;234;53;43;73;57;115;99;52;88;52;104;63;53;73;86;52;73;55;77;55;73)
seed_22_level_6-4,1382,25498.014236211777,15609240,7048,(202;43;57;44;104;54;106;109;74;53;57;90;75;104;52;58;57;90;57;58;51;57;61;102;88;109;87;53;52;57;57;116;102;86;104;57;105;109;93;102;86;96;102;52;53;53;104;89;52;59;66;83;106;52;58;109;53;53;104;104;52;57;109;91;103;102;90;57;54;56;74;73;55;73;75;201;52;52;76;73;52;204;53;52;52;52;63;75;114;53;89;57;73;73;73;202;52;112;123;201;75;55;87;73;58;55;56;206;55;73;52;49;73;86;57;87;54;77;88;57;86;86;75;55;104;52;98;52;114;49;53;52;104;57;159;86;57;52;90;52;89;55;93;75;52;53;88;57;57;73)
seed_22_level_6-4,1382,26064.646313905716,16171160,7198,(74;112;104;117;53;52;91;52;104;61;73;120;109;106;63;91;59;104;53;61;89;102;62;53;78;74;57;66;53;104;99;53;53;57;44;53;55;96;57;104;102;43;104;106;55;115;106;103;76;99;53;46;72;106;59;96;53;51;57;52;53;102;103;57;53;57;106;56;106;105;44;73;53;73;55;77;90;75;55;55;58;76;201;90;57;204;96;91;94;75;77;118;203;76;52;201;52;56;52;52;53;74;57;77;59;74;53;53;75;74;202;73;97;91;75;75;74;75;53;93;86;90;59;55;54;86;204;90;97;91;57;58;73;111;57;76;53;60;87;57;101;90;90;88;88;52;118;93;98;91)
seed_22_level_6-4,1382,26632.838570833206,16842027,7348,(102;55;102;52;57;58;103;93;96;57;106;77;90;87;52;102;75;43;77;53;89;59;57;57;98;107;103;52;52;97;59;53;75;57;53;52;89;104;54;88;102;91;104;57;104;52;90;53;52;104;91;104;104;106;88;57;90;53;106;107;53;52;57;102;75;112;52;91;52;201;75;86;52;73;86;55;70;57;202;245;100;53;107;59;90;201;86;90;74;76;159;86;54;56;58;62;52;75;52;201;43;53;52;201;53;52;92;104;95;202;57;91;89;89;91;55;201;57;92;62;51;230;57;53;75;96;53;98;201;75;57;52;57;73;203;52;67;55;76;203;74;88;86;74;58;75;89;55;74;90)
seed_22_level_6-4,1382,27197.767278194427,17433351,7498,(102;57;106;57;53;89;109;102;89;53;91;55;52;106;52;53;88;57;52;57;106;55;52;54;77;52;53;102;52;73;97;58;55;57;54;55;77;98;99;87;104;76;53;53;104;104;77;75;52;76;59;53;88;104;53;101;58;106;52;89;52;58;90;56;103;103;57;52;230;73;52;104;73;58;88;93;159;86;98;54;52;52;90;55;52;75;88;81;52;60;74;52;107;51;64;162;76;116;52;75;52;203;74;201;52;56;107;57;55;89;52;65;52;52;61;59;57;86;74;73;52;53;171;43;53;59;202;57;52;201;52;86;58;85;164;53;57;56;53;202;61;110;63;73;75;201;89;201;55;115)
seed_22_level_6-4,1382,27774.743472099304,18132066,7648,(104;51;102;106;101;46;104;53;91;54;64;57;53;89;106;53;104;54;88;104;59;57;88;59;86;91;97;104;57;55;86;106;52;97;52;90;104;53;104;104;110;104;104;44;53;104;61;109;53;102;53;57;104;76;88;94;58;168;96;53;51;74;90;53;57;104;73;73;52;53;53;75;73;92;88;202;202;86;49;75;79;53;119;54;103;157;52;53;49;86;93;75;52;57;74;73;213;57;90;43;61;53;56;96;107;77;202;201;201;52;73;75;55;53;101;203;73;57;105;52;97;89;203;90;93;53;44;91;88;57;60;79;201;74;203;87;203;56;53;75;209;88;74;53;202;73;81;58;86;52)
seed_22_level_6-4,1382,28344.570217847824,18754576,7798,(89;102;89;73;53;67;89;76;86;76;91;104;68;73;105;52;53;94;52;52;73;103;63;52;57;112;97;54;52;55;104;116;55;52;93;86;57;53;102;111;102;104;86;62;102;97;57;101;55;108;55;91;111;52;56;88;54;56;106;102;67;104;61;53;75;91;75;88;53;53;75;75;86;53;56;91;160;202;90;75;52;90;75;73;206;117;107;58;44;53;75;75;55;86;91;52;203;54;52;88;75;43;78;104;201;223;88;206;77;53;95;57;61;59;43;119;207;57;94;96;53;88;74;75;58;78;55;129;54;73;54;203;86;56;43;61;86;201;58;91;102;57;74;75;52;73;74;52;52;87)
seed_22_level_6-4,1382,28910.830344200134,19382108,7948,(75;57;44;86;75;106;58;108;57;59;52;58;53;117;52;74;106;57;60;62;54;62;57;104;57;63;57;57;75;90;51;44;75;82;104;57;103;105;60;57;75;59;64;52;106;56;53;57;73;94;44;55;63;104;43;90;109;101;73;109;57;110;97;102;81;102;52;75;79;59;91;86;92;120;77;75;60;57;60;52;61;50;52;55;77;52;207;57;202;81;73;89;77;52;59;59;53;75;203;74;203;56;77;207;119;202;86;89;243;73;75;228;203;49;53;79;159;92;54;56;89;73;63;59;94;74;74;55;108;43;58;201;52;104;53;57;55;53;88;158;89;86;55;91;53;81;90;57;75;98)
seed_22_level_6-4,1382,29460.448217391968,19903022,8098,(58;57;57;52;52;57;92;51;218;111;75;53;53;52;102;57;53;52;52;52;89;75;54;78;104;52;63;58;58;104;102;103;53;106;100;90;53;89;57;61;75;58;102;54;57;87;52;109;112;81;97;97;58;73;104;59;53;93;44;53;59;53;52;43;78;91;77;53;55;90;59;73;207;73;55;216;63;75;57;158;52;79;53;98;63;63;53;95;64;62;107;57;55;74;74;54;53;64;74;207;59;58;57;44;61;86;89;58;74;63;51;53;56;53;53;52;86;55;58;59;73;57;160;78;57;54;43;75;74;53;207;66;53;54;54;201;76;110;75;57;56;65;211;74;84;69;75;55;52;53)
seed_22_level_6-4,1382,30009.626687526703,20454353,8248,(77;52;88;76;56;57;52;57;105;56;56;97;56;54;52;73;73;53;102;52;52;102;62;114;53;56;58;57;75;58;57;57;52;75;90;109;63;50;120;89;64;53;106;52;201;52;59;201;56;64;52;94;87;92;52;89;91;52;112;44;57;52;52;102;54;102;52;113;52;75;52;52;73;73;106;73;52;73;76;52;88;90;87;201;78;101;53;100;94;73;171;160;201;204;88;86;53;51;73;54;57;161;93;220;58;52;58;53;69;73;90;96;56;88;96;59;52;61;73;98;57;74;73;90;74;98;88;73;61;103;59;57;74;55;58;57;50;110;70;80;159;63;52;56;73;74;89;55;57;53)
seed_22_level_6-4,1382,30576.3645195961,21120824,8398,(201;103;98;52;89;52;97;108;62;57;109;57;86;97;86;56;103;94;94;56;57;104;53;59;88;55;62;64;201;97;97;99;98;107;90;52;61;93;88;96;88;86;86;60;58;102;52;89;62;57;89;102;106;87;95;104;53;56;52;43;55;103;58;77;201;55;73;56;75;90;201;67;158;52;53;81;57;203;74;75;93;56;88;54;73;89;56;93;57;57;81;53;202;86;53;115;55;73;57;86;210;57;73;90;58;76;60;54;57;73;201;57;107;52;88;57;57;55;118;53;60;73;57;219;201;59;95;61;86;88;73;53;73;201;55;57;58;73;57;73;57;73;52;56;202;52;203;52;86;86)
seed_22_level_6-4,1382,31152.58954191208,21853119,8548,(201;86;89;52;114;57;103;73;93;53;52;53;52;52;43;58;57;86;90;63;102;86;114;56;57;55;90;91;86;109;73;59;57;95;89;86;52;90;55;62;103;89;56;57;201;88;61;104;52;63;102;57;102;89;57;53;94;86;73;54;57;53;53;52;90;52;52;202;106;203;73;79;201;86;90;52;161;73;201;222;207;77;56;204;52;86;59;100;98;100;57;73;89;94;75;91;52;51;59;57;55;60;90;220;52;73;86;56;59;86;73;58;201;159;52;75;114;95;206;52;102;158;107;75;99;74;43;57;75;86;63;53;76;86;54;86;75;53;158;73;89;59;110;57;160;206;86;201;86;75)
seed_22_level_6-4,1382,31716.48899626732,22441841,8698,(201;57;56;57;57;58;59;55;58;57;86;53;53;56;58;57;59;201;61;57;53;58;86;73;53;52;90;61;58;57;57;57;96;81;104;57;109;51;58;57;57;58;53;57;53;90;53;61;62;53;201;56;91;57;86;56;55;62;62;52;58;78;83;104;62;57;75;53;110;86;55;52;264;77;73;44;63;55;160;61;53;90;63;54;54;55;161;93;62;53;60;53;95;103;57;52;201;61;75;58;90;202;44;56;201;55;52;53;75;110;88;92;73;58;201;54;63;52;77;57;88;101;75;73;73;73;201;75;57;52;97;43;52;61;102;86;77;53;58;202;58;59;159;91;75;64;103;201;56;61)
seed_22_level_6-4,1382,32286.12851166725,23158054,8848,(89;63;53;63;93;57;44;56;56;55;52;57;57;57;61;52;62;88;57;90;52;89;90;104;57;53;53;52;62;102;53;57;57;56;92;56;57;56;53;56;94;57;76;73;57;57;53;57;93;102;93;57;57;52;264;58;74;264;58;86;73;73;101;57;73;86;57;74;57;202;73;74;74;54;211;202;55;73;202;54;101;53;56;95;52;104;86;74;73;73;91;110;87;201;52;73;73;62;160;58;160;86;74;88;62;73;55;204;201;52;57;58;53;57;53;54;92;65;86;94;201;59;58;55;92;59;86;202;57;59;202;264;89;86;117;44;106;52;89;68;77;57;59;52;162;202;210;55;44;91)
seed_22_level_6-4,1382,32842.35059285164,23809597,8998,(202;58;58;57;88;52;58;104;59;63;53;58;54;54;62;52;89;57;115;93;58;86;111;61;53;56;54;58;88;159;109;93;53;53;77;53;59;53;52;77;106;58;53;52;91;98;59;53;73;58;58;67;69;87;73;110;89;54;53;57;55;87;75;52;57;85;75;59;62;53;212;221;73;59;90;88;159;58;60;222;52;60;86;59;73;123;52;92;59;85;89;55;87;76;63;43;74;53;219;75;53;52;264;53;73;90;53;91;90;61;54;93;93;79;75;199;64;54;105;75;73;53;58;73;90;92;63;77;211;53;91;57;87;63;88;53;62;201;74;74;86;52;212;53;75;74;96;76;202;203)
seed_22_level_6-4,1382,33404.7609372139,24401861,9148,(102;62;53;53;82;57;57;58;57;53;102;53;73;55;67;62;97;103;57;104;73;57;57;57;77;55;52;57;56;53;57;104;104;64;57;52;104;53;57;102;75;57;52;219;203;59;91;52;201;61;88;94;52;57;112;54;88;74;43;86;203;74;100;102;110;57;59;90;54;88;58;52;207;53;90;87;53;91;75;86;91;52;106;52;57;87;114;58;90;52;90;86;91;55;52;58;73;201;74;93;54;52;52;88;87;80;54;58;53;52;201;56;203;52;52;53;75;52;170;52;75;59;201;73;93;106;167;75;57;55;158;70;59;52;53;57;57;73;187;60;59;74;59;76;57;74;58;52;73;59)
seed_22_level_6-4,1382,33968.21596288681,25076149,9297,(88;52;90;53;58;117;53;57;68;68;53;103;62;98;57;76;116;75;79;104;53;53;53;85;91;57;77;44;202;53;90;65;109;93;90;55;46;63;61;79;52;116;100;167;206;89;67;44;59;109;63;202;54;52;74;91;88;53;201;73;106;58;74;53;59;52;202;201;58;55;64;203;91;73;75;202;53;58;86;86;59;202;73;100;107;58;201;49;201;76;167;52;63;57;58;60;86;73;115;52;163;53;73;74;75;81;53;77;104;59;59;58;74;92;99;75;202;61;92;57;90;202;101;52;58;61;93;58;52;54;59;52;57;53;59;52;75;60;59;57;203;90;52;54;74;111;58;53;52)
seed_22_level_6-4,1382,34543.219552993774,25769019,9448,(104;104;76;74;58;114;56;56;57;53;53;62;53;53;56;104;94;57;52;64;57;90;76;56;56;58;63;90;104;53;53;58;58;54;63;57;57;100;102;44;52;74;57;202;88;94;75;170;74;57;43;90;203;74;90;207;59;57;87;57;74;75;169;90;52;74;54;75;59;58;96;202;63;87;88;76;58;54;53;58;204;77;56;88;52;62;88;53;55;73;74;57;105;199;201;86;87;56;89;52;88;53;264;73;73;52;202;160;89;59;63;92;54;162;160;108;53;73;58;75;52;202;61;58;61;203;83;58;92;73;59;93;52;52;91;203;76;212;57;54;59;53;74;89;162;55;55;57;116;52;59)
seed_22_level_6-4,1382,35111.887798309326,26533115,9599,(100;201;112;57;79;58;75;57;68;53;53;58;161;88;53;118;59;106;90;59;62;97;53;58;53;58;98;53;57;62;86;57;58;108;104;53;108;93;62;56;203;75;67;88;95;75;74;58;74;202;80;53;207;52;54;56;53;100;58;57;202;202;52;77;48;118;88;108;76;59;98;107;99;88;58;43;88;201;91;204;160;88;57;202;66;58;53;202;59;203;59;89;74;89;58;75;74;59;57;53;59;203;53;63;202;63;90;43;52;203;207;57;62;44;67;55;76;58;53;186;58;53;63;52;73;91;53;52;90;202;204;53;52;52;90;65;201;74;79;52;58;64;73;88;90;54;59;208;63;52;88)
seed_22_level_6-4,1382,35712.70051407814,27454697,9750,(91;53;88;57;58;199;52;98;87;201;201;99;112;204;58;76;98;86;201;52;201;209;102;82;100;201;58;53;53;92;52;52;201;73;88;59;58;55;52;57;52;201;203;202;57;244;89;56;94;75;53;203;89;101;90;75;61;53;57;74;54;62;55;53;64;106;54;74;233;62;53;74;63;58;88;58;62;87;52;57;202;88;53;56;88;101;57;201;77;115;95;100;85;168;60;88;202;57;58;57;57;88;57;54;55;112;57;53;58;159;57;101;203;53;62;74;88;161;53;58;61;58;57;203;52;203;107;58;44;43;207;59;165;159;63;59;204;54;97;60;57;207;57;53;86;59;93;203;95;207;59)
seed_22_level_6-4,1382,36311.626985788345,28584433,9901,(114;210;116;88;74;264;74;69;75;73;90;88;87;54;201;60;62;43;57;52;44;107;86;59;58;58;201;58;212;202;57;63;247;46;58;215;93;201;61;101;43;98;201;57;89;164;57;63;90;53;60;202;58;89;58;53;96;203;203;52;56;207;108;202;58;59;75;58;57;207;93;206;53;203;206;201;53;106;58;203;43;207;54;93;202;75;52;201;57;202;160;203;207;57;207;213;63;57;53;136;59;101;91;159;53;201;97;53;88;59;102;199;201;134;52;199;75;73;94;52;86;102;158;78;88;95;57;89;52;86;121;75;201;53;90;56;55;100;201;89;106;91;52;56;76;100;159;53;92;58;62)
seed_22_level_6-4,1382,36888.02104353905,29404780,10051,(253;161;91;264;158;53;90;52;61;43;57;211;88;104;58;163;75;58;58;97;75;62;164;65;91;43;63;53;104;57;62;61;96;101;88;202;63;202;73;73;59;224;58;73;53;63;55;62;87;54;201;53;86;76;108;106;201;52;55;62;104;73;95;56;56;54;92;61;53;115;92;163;88;53;62;207;57;100;88;54;123;102;57;102;56;55;55;53;90;98;90;53;53;53;90;203;93;160;88;55;88;58;92;202;88;202;87;93;88;58;50;91;51;161;89;60;87;202;59;56;57;161;207;59;55;65;54;90;59;56;57;88;57;94;160;202;91;57;201;53;53;90;57;106;88;52;53;81;88;90)
seed_22_level_6-4,1382,37500.329444885254,30435294,10202,(85;100;86;111;199;86;86;90;57;52;43;121;63;86;53;204;95;61;202;62;55;52;100;55;53;121;52;120;92;201;58;75;109;57;201;87;73;52;52;202;62;88;95;165;53;85;92;58;159;88;106;202;54;202;88;93;113;53;100;94;101;203;203;59;93;53;88;81;60;54;80;202;89;92;202;74;86;202;203;203;101;53;59;53;63;54;202;116;201;201;88;202;57;57;54;201;91;74;202;88;247;77;90;55;75;61;88;64;90;64;58;52;87;64;254;116;90;74;98;53;53;201;87;93;58;111;54;87;59;91;115;58;87;62;202;86;64;88;52;61;88;159;202;201;77;58;52;201;201;54;202)
seed_22_level_6-4,1382,38090.212443590164,31373243,10352,(159;87;90;86;58;53;88;57;102;62;201;201;86;116;53;90;57;61;207;201;52;93;207;201;73;53;112;55;165;92;79;201;57;56;95;202;93;99;95;87;44;52;53;88;76;254;73;63;86;163;202;88;201;97;77;53;162;52;61;52;161;107;52;162;58;97;202;53;52;98;53;89;62;73;114;73;210;162;86;202;54;62;100;58;75;58;75;59;76;164;62;58;60;60;60;203;69;201;53;91;54;202;202;91;113;88;57;91;87;58;54;52;59;206;57;90;93;119;53;89;104;86;118;201;58;90;69;107;57;93;203;59;103;53;60;60;50;87;203;87;88;60;201;94;57;88;88;92;58;86)
seed_22_level_6-4,1382,38695.37585449219,32434713,10503,(203;88;75;57;88;201;52;89;100;203;55;57;76;101;59;86;202;55;52;94;53;86;203;88;203;57;106;53;201;53;57;202;58;207;89;57;57;55;54;75;91;52;59;57;86;93;201;60;58;56;52;201;255;87;53;46;159;159;68;211;54;58;56;201;57;55;222;53;87;115;93;164;61;56;54;202;51;264;91;163;73;52;75;53;53;98;203;56;58;58;52;52;203;219;88;88;162;55;50;93;173;52;204;201;206;93;90;53;79;88;98;98;105;56;100;207;201;203;53;97;90;53;56;86;86;88;99;62;43;93;57;93;90;53;87;52;207;202;231;112;52;57;56;90;202;94;201;52;98;76;92)
seed_22_level_6-4,1454,39306.11172032356,33623615,10654,(203;90;54;92;58;158;87;203;50;86;59;160;59;203;57;77;53;207;55;88;51;62;201;121;55;59;52;87;159;202;54;57;89;201;58;75;87;58;58;106;54;86;52;58;87;75;52;89;202;58;76;158;52;201;202;61;201;76;57;90;56;57;207;52;53;77;105;53;86;89;121;52;90;87;121;88;91;57;202;86;52;201;90;201;64;202;86;57;207;95;56;59;93;90;58;58;93;116;59;63;263;202;45;104;201;55;90;166;88;58;58;53;90;86;160;61;217;52;53;246;86;119;74;204;55;89;259;209;86;201;202;61;56;175;201;221;61;271;256;59;211;158;52;227;104;86;63;52;60;254;65)
seed_22_level_6-4,1454,39910.893823862076,34737001,10805,(202;53;42;202;202;54;52;87;54;42;87;53;76;55;53;51;88;56;87;86;201;42;55;203;220;59;201;203;74;75;96;202;54;52;203;49;102;51;75;55;59;201;201;199;59;87;59;201;57;207;57;52;53;102;207;55;114;49;210;58;158;85;59;93;55;58;98;82;111;207;76;86;201;115;58;57;82;88;114;89;61;95;53;86;59;206;96;87;75;202;78;61;202;100;54;263;53;56;279;65;61;207;58;157;201;52;281;118;88;61;52;49;91;86;42;107;170;104;53;63;88;55;58;49;199;54;52;75;42;75;252;211;61;86;208;55;58;74;61;53;58;220;89;52;167;58;65;119;201;73;207)
seed_22_level_6-4,1454,40512.679834365845,35766980,10955,(220;100;86;92;77;162;87;59;107;87;201;59;87;54;60;55;202;203;54;52;51;62;60;55;105;92;86;55;202;95;88;54;88;87;57;53;64;95;75;53;55;57;74;201;199;200;207;52;120;102;61;58;87;64;90;97;59;203;118;57;120;58;97;207;57;88;52;62;53;52;57;54;88;58;207;93;52;92;207;202;59;275;56;92;58;207;99;57;53;91;91;62;102;57;56;102;52;263;58;207;76;212;246;201;78;60;217;102;55;58;210;52;52;159;53;54;107;58;104;199;54;58;75;58;247;52;170;55;52;77;58;162;219;93;74;202;58;57;43;208;55;52;58;43;203;169;58;55;55;58)
seed_22_level_6-4,1454,41092.97167420387,36594310,11105,(62;57;73;202;86;207;56;58;58;76;57;52;58;100;63;96;63;201;108;57;202;49;53;52;202;52;202;103;64;52;62;62;201;100;93;74;53;52;52;89;62;57;107;52;58;58;161;73;100;201;106;88;49;88;55;94;202;52;58;59;58;54;58;87;57;199;54;55;203;202;58;207;58;52;57;88;53;88;67;90;240;56;59;95;57;86;52;76;59;160;89;52;202;203;55;201;168;55;86;64;58;61;55;99;57;52;88;52;57;201;86;52;58;59;58;53;120;59;209;210;58;68;59;89;75;54;162;57;57;58;85;57;58;201;86;59;52;97;55;57;134;58;58;86;58;92;224;55;164;52)
seed_22_level_6-4,1454,41698.8825006485,37751648,11255,(173;89;54;89;58;49;57;202;115;42;57;58;52;86;201;55;60;210;42;202;169;61;167;96;53;57;89;57;52;52;53;276;160;45;86;43;52;106;58;201;95;202;57;57;209;52;209;61;202;271;58;86;117;53;55;201;201;102;201;58;90;52;56;100;207;63;206;76;208;201;53;87;201;54;90;75;201;207;56;58;52;52;57;52;94;58;158;201;56;106;73;58;204;201;98;202;240;64;271;59;202;75;202;58;57;54;201;58;57;201;57;54;59;42;52;87;58;59;201;93;62;54;200;211;86;62;42;57;201;202;59;60;59;53;59;201;53;63;59;54;57;53;52;71;157;202;54;58;53;139)
seed_22_level_6-4,1454,42309.834737062454,38928505,11405,(240;52;53;52;53;201;73;201;160;57;59;73;199;61;201;53;88;62;202;61;61;87;202;88;59;161;87;62;53;58;54;75;80;201;75;52;88;53;202;85;75;42;59;58;160;43;106;271;51;55;276;53;219;73;208;80;93;86;58;201;201;158;93;52;210;199;199;165;58;86;60;210;207;205;199;55;77;133;87;55;209;90;159;55;201;88;58;52;53;58;89;89;204;92;247;201;52;75;202;52;100;57;62;52;95;59;88;73;100;52;201;76;201;53;57;106;87;73;63;207;51;76;78;52;54;57;202;87;207;203;63;201;95;57;74;58;88;63;61;165;52;158;59;56;202;86;52;59;102;201)
seed_22_level_6-4,1454,42901.33970332146,39919617,11555,(240;75;57;52;53;59;169;61;60;62;87;88;201;87;53;55;53;88;160;86;213;201;212;207;57;203;58;58;88;202;52;52;52;61;53;55;201;201;53;60;54;75;59;51;158;55;54;57;202;59;201;52;158;63;56;91;201;57;76;57;159;49;53;53;59;57;202;201;88;91;166;100;58;93;201;124;54;106;58;56;53;202;93;90;75;95;59;201;57;101;52;88;54;52;207;59;206;276;73;57;59;74;159;52;63;61;42;79;58;73;73;92;64;210;55;58;73;112;52;52;88;173;222;58;95;75;281;65;105;59;254;69;132;93;43;58;58;161;58;53;105;58;73;58;53;55;213;69;52;56)
seed_22_level_6-4,1454,43497.75321602821,40989535,11705,(254;58;58;167;58;58;59;43;58;79;119;58;58;86;58;53;59;43;211;205;57;55;167;75;61;57;53;57;58;58;167;58;142;55;86;101;53;176;53;52;81;124;57;212;167;164;214;64;170;240;204;75;88;60;74;202;169;74;59;63;242;270;88;86;55;61;64;91;75;107;202;95;202;62;60;73;88;52;94;57;99;60;59;52;201;57;202;90;58;55;64;202;75;63;63;63;53;75;203;202;158;91;90;58;109;57;51;101;207;73;165;89;62;118;202;201;52;58;52;86;201;91;86;52;56;161;201;52;91;161;201;58;100;52;54;53;53;53;201;86;203;201;58;87;203;201;100;54;86;57)
seed_22_level_6-4,1454,44104.41315817833,42064428,11856,(254;99;43;53;202;57;54;159;58;162;52;58;92;80;82;56;52;74;226;74;73;52;52;159;59;77;56;205;52;54;204;93;53;58;58;98;201;164;211;60;91;58;59;58;165;93;59;242;157;52;272;59;52;52;53;201;53;73;52;68;54;89;201;201;55;52;94;58;56;242;76;160;52;73;58;213;62;59;201;270;55;203;58;161;55;54;60;210;75;158;54;52;57;52;203;55;96;63;202;74;75;57;58;52;90;58;202;52;57;58;78;202;201;104;201;53;75;86;52;51;53;202;52;59;59;160;58;201;42;59;202;109;201;116;100;201;57;52;58;58;53;166;52;202;56;57;60;58;52;73;201)
seed_22_level_6-4,1454,44729.060960292816,43339387,12007,(53;95;61;62;73;59;53;88;57;201;234;58;106;58;86;160;216;77;58;219;101;60;57;52;61;167;201;58;61;58;167;239;201;81;95;64;201;204;62;207;59;58;59;202;59;202;160;234;203;201;52;90;52;201;52;207;55;89;93;58;53;207;57;101;86;56;201;158;201;56;56;76;53;201;58;58;204;75;204;52;52;57;201;76;53;167;100;76;59;57;201;55;58;201;52;75;74;201;52;242;53;52;87;58;52;203;206;52;58;56;161;211;88;56;59;53;201;86;52;86;45;89;270;268;203;52;243;87;52;73;60;201;59;58;103;57;104;75;74;56;203;42;53;88;202;201;57;234;201;52;160)
seed_22_level_6-4,1454,45361.16950106621,44780136,12158,(202;57;57;58;57;58;59;201;60;55;58;202;59;57;57;62;52;59;53;92;202;53;52;202;202;56;90;201;208;64;52;57;107;53;58;202;201;59;53;53;201;53;203;204;58;59;73;202;57;90;263;52;201;53;244;270;53;93;201;270;74;53;90;270;89;199;201;51;59;54;199;91;56;57;73;77;201;57;243;53;76;54;88;202;199;242;53;63;53;95;88;137;92;53;73;52;202;202;88;52;53;160;75;203;52;200;209;200;53;212;86;271;170;92;56;201;61;89;54;203;167;60;161;86;54;120;159;86;58;202;201;58;73;93;202;58;212;53;202;209;208;61;216;209;54;58;58;53;224;207;202)
seed_22_level_6-4,1454,45957.04399394989,45942594,12307,(202;202;59;158;57;202;58;58;57;201;59;57;58;82;53;57;57;88;87;54;159;201;94;202;201;73;208;57;52;89;52;61;201;58;202;75;85;160;58;88;93;58;56;75;89;56;90;93;55;244;62;98;86;73;53;73;201;55;52;53;59;52;78;52;202;244;57;78;53;201;163;86;55;52;53;78;243;161;52;203;86;74;53;62;233;202;201;243;133;161;54;201;56;53;272;52;93;53;53;59;53;60;162;57;74;203;128;58;203;52;53;200;53;57;58;59;234;203;201;54;207;64;53;59;160;158;170;217;73;115;170;52;53;59;58;54;239;201;201;95;73;159;58;55;58;88;52;87;56)
seed_22_level_6-4,1454,46576.80779123306,47280614,12458,(202;201;202;52;65;90;201;201;73;59;87;62;73;201;201;53;52;58;59;62;57;53;203;58;202;108;53;161;201;59;201;57;52;201;88;53;202;58;53;93;202;57;52;58;52;58;235;202;158;201;89;171;212;90;59;88;199;60;202;171;59;43;274;275;120;88;60;202;107;160;52;60;86;199;58;53;166;59;96;53;241;89;90;201;53;54;54;270;272;202;201;159;53;175;60;58;59;59;60;89;52;199;201;52;270;55;61;88;52;245;60;51;66;51;76;73;52;201;61;106;53;53;60;243;115;60;49;73;42;201;201;57;55;59;57;55;60;202;61;271;86;59;52;62;201;86;270;93;59;76;86)
seed_22_level_6-4,1454,47176.67245340347,48404350,12608,(160;53;56;93;58;52;201;57;202;59;53;89;57;59;201;59;206;207;53;53;57;52;61;202;56;52;202;86;56;73;57;53;58;201;52;86;201;100;201;88;63;93;201;56;52;60;201;52;52;52;57;52;52;57;202;52;202;53;89;58;76;100;88;206;93;86;58;88;202;234;64;201;161;270;93;159;90;123;240;107;90;52;52;57;57;53;91;200;277;53;93;118;59;59;59;58;55;203;53;59;57;64;235;281;58;104;59;279;272;55;86;42;124;59;79;61;142;58;76;223;93;158;86;89;53;93;58;58;88;58;57;107;59;101;87;60;91;238;52;88;59;58;104;201;87;93;60;58;281;61)
seed_22_level_6-4,1454,47790.35816335678,49621176,12758,(201;56;52;202;53;74;88;207;158;57;58;202;42;52;61;201;57;52;56;201;57;58;58;201;58;58;78;56;116;56;53;58;58;76;52;73;52;57;58;52;57;55;76;57;202;57;53;57;57;52;201;201;202;52;57;201;59;57;52;56;100;58;120;74;90;202;52;52;73;52;57;161;94;158;53;233;270;86;59;88;212;201;52;180;119;57;169;165;56;89;174;58;199;65;94;63;199;199;87;201;58;201;86;201;201;59;61;161;54;59;55;87;203;58;204;59;59;58;200;170;212;202;158;210;58;52;281;211;201;43;209;161;100;52;201;47;94;59;161;61;86;199;52;63;59;212;161;233;53;90)
seed_22_level_6-4,1454,48382.63494181633,50582146,12908,(203;201;58;202;53;58;57;76;86;87;57;55;203;58;202;53;201;58;201;58;91;80;201;203;93;160;52;64;60;77;52;73;52;52;52;59;53;52;52;161;76;93;77;56;58;112;58;93;57;60;87;58;202;118;57;64;57;73;207;52;52;201;59;52;59;52;85;87;202;86;73;93;201;201;54;271;89;202;60;61;77;74;173;52;63;60;75;88;55;201;55;53;61;88;88;210;210;58;58;42;58;201;199;53;58;59;262;52;86;100;118;58;88;55;55;86;59;52;56;201;59;54;75;199;87;53;54;88;59;55;54;58;55;200;203;201;211;52;53;220;58;63;60;59;119;74;88;74;91;52)
seed_22_level_6-4,1454,48987.23106455803,51740515,13058,(202;201;201;53;42;74;58;74;73;58;92;201;58;202;159;58;53;88;59;201;57;58;91;75;57;58;54;75;201;59;92;58;231;57;57;58;202;58;52;201;90;92;84;57;202;201;58;73;53;55;58;53;201;202;61;212;158;203;74;158;201;58;55;57;85;102;207;51;53;204;262;63;53;88;74;90;42;60;86;59;202;100;61;58;54;52;89;86;58;59;58;60;52;58;209;52;59;70;59;73;86;201;198;53;202;52;218;93;90;217;89;113;270;87;199;75;55;225;104;73;52;77;117;90;158;159;53;91;221;160;211;168;89;86;199;201;54;201;64;58;75;52;121;74;64;161;219;117;94;53)
seed_22_level_6-4,1454,49572.48718500137,52818733,13208,(262;59;162;53;98;52;85;106;89;95;59;200;52;172;217;201;58;52;59;116;209;53;88;52;58;59;209;59;88;62;53;58;73;159;58;201;158;52;59;61;52;52;54;201;52;240;199;186;52;52;117;59;75;73;58;59;56;59;61;77;52;203;52;58;61;56;58;62;58;58;85;169;233;117;86;58;52;86;170;52;56;54;52;58;202;201;201;52;88;161;202;42;86;202;89;202;57;136;73;74;201;52;73;56;201;58;52;55;203;52;231;54;201;201;206;57;56;73;52;74;202;201;86;202;73;60;202;56;80;202;52;52;53;52;57;202;87;90;201;52;73;87;86;58;58;53;56;201;159;59)
seed_22_level_6-4,1454,50189.1189725399,54083512,13358,(262;201;200;117;169;85;54;86;58;201;100;74;52;52;52;52;52;270;73;42;60;239;75;58;61;86;52;157;52;169;203;52;58;201;43;52;52;95;73;88;52;60;88;102;54;201;52;86;166;59;162;90;107;201;53;109;202;216;52;169;73;106;59;58;92;117;57;95;95;223;59;52;168;219;56;58;201;58;53;57;202;90;93;57;201;76;201;202;201;86;53;201;201;202;73;202;59;77;203;85;201;58;201;93;90;56;57;86;201;53;52;202;202;202;201;58;201;202;62;56;53;73;52;75;52;86;202;73;88;53;73;57;202;201;201;202;201;56;52;76;158;107;58;202;161;53;58;51;201;58)
seed_22_level_6-4,1454,50791.544704675674,55199941,13508,(262;233;52;59;62;59;169;92;52;201;62;63;73;158;59;63;52;162;210;58;59;52;160;86;102;230;52;73;62;52;169;52;160;201;59;63;60;61;160;57;52;56;74;59;281;117;52;203;58;52;86;74;73;270;73;234;56;88;59;169;86;58;201;52;157;158;73;73;86;61;115;76;57;89;57;73;53;88;55;74;53;201;52;210;90;77;201;52;209;202;207;201;202;104;59;201;100;73;55;74;94;94;58;159;242;159;53;58;55;52;55;54;59;202;60;58;201;53;74;202;95;52;202;201;94;203;52;73;202;59;58;52;52;201;58;74;202;58;52;52;57;60;57;203;73;102;90;100;56;58)
seed_22_level_6-4,1454,51406.5237159729,56370822,13658,(262;62;59;73;58;60;209;58;59;94;201;55;156;52;55;56;201;52;54;201;52;56;86;53;60;55;61;201;106;60;86;88;52;76;43;189;86;57;85;209;59;90;199;55;102;206;160;233;57;52;214;58;86;59;52;110;75;59;202;58;58;163;52;61;93;53;90;52;59;53;61;52;98;220;201;52;76;56;202;53;58;59;59;201;201;202;53;201;52;161;102;88;100;201;57;105;52;56;57;86;158;201;58;201;58;86;120;55;94;52;73;100;58;201;53;92;203;201;207;53;57;43;206;206;201;53;58;203;202;77;201;206;61;203;201;102;73;201;201;73;201;201;53;53;201;55;59;93;88;56)
seed_22_level_6-4,1454,52020.03521990776,57658456,13808,(59;59;52;52;58;52;59;53;52;249;52;52;52;201;262;53;43;167;61;73;97;56;210;56;281;57;99;57;270;61;74;58;112;52;53;272;271;58;52;56;73;56;211;201;62;53;61;58;52;52;95;53;67;58;201;98;55;58;201;94;58;58;105;62;105;139;87;158;60;73;56;52;58;75;53;86;233;58;203;207;58;210;202;204;59;58;201;161;88;201;51;88;204;58;60;42;202;58;43;88;158;57;58;59;42;57;201;96;111;201;88;203;61;57;201;201;202;58;43;202;82;53;202;202;43;201;158;201;202;91;73;201;54;204;202;201;201;58;199;63;52;114;200;73;201;42;55;201;73;201)
seed_22_level_6-4,1454,52619.360572099686,58726389,13959,(272;55;211;52;53;57;158;73;62;93;59;165;52;81;90;52;57;77;57;88;57;233;201;62;200;271;74;88;74;87;91;88;160;88;53;90;167;52;59;233;58;239;134;52;61;58;52;53;59;201;93;90;230;88;120;106;52;201;98;54;53;203;240;210;86;62;58;104;53;58;52;53;87;249;165;53;62;89;52;90;53;62;244;56;87;201;42;58;202;75;53;75;104;76;58;74;86;90;58;115;201;61;201;58;57;86;88;120;201;201;57;58;78;88;86;57;202;60;53;56;201;159;61;59;202;57;54;201;52;43;53;54;201;73;201;52;160;51;58;201;91;57;89;52;73;52;57;53;159;59;42)
seed_22_level_6-4,1454,53241.12320804596,59962866,14110,(244;214;52;42;130;202;58;101;201;201;89;54;184;90;201;90;88;106;216;201;280;58;161;60;52;88;58;86;202;86;82;58;203;159;58;201;91;201;58;201;201;76;42;90;56;96;202;90;60;203;202;90;78;201;92;202;160;201;58;249;57;58;53;59;159;55;63;53;86;86;58;86;211;88;59;166;58;53;206;160;59;92;86;199;58;86;169;205;52;201;58;58;52;59;95;59;74;52;64;54;161;230;61;233;52;52;177;201;53;74;52;90;52;116;56;201;220;90;209;53;58;207;52;52;89;52;59;52;54;199;93;211;52;56;86;90;96;52;74;58;86;116;272;55;52;55;73;53;110;52;73)
seed_22_level_6-4,1454,53833.897201538086,60989969,14260,(233;56;90;236;52;219;52;58;52;201;201;100;52;87;55;158;108;202;53;58;86;52;52;73;56;62;52;86;201;88;62;52;73;134;97;53;59;57;88;53;128;52;56;199;63;249;58;245;61;53;117;93;90;59;54;166;210;58;63;54;57;57;88;62;52;59;59;240;62;55;58;159;88;217;269;52;58;52;57;59;59;94;52;73;94;93;56;201;59;61;220;57;57;201;201;158;56;69;244;52;89;86;86;58;52;242;42;161;52;52;204;88;92;100;201;53;59;52;58;55;88;53;88;201;59;88;61;58;79;89;201;42;42;101;102;90;202;88;52;206;55;202;55;90;52;89;52;201;90;201)
seed_22_level_6-4,1564,54424.731868982315,61967693,14410,(233;96;88;62;60;53;58;55;74;92;53;56;58;59;58;93;89;58;269;90;52;53;73;57;73;73;162;76;58;270;58;58;43;96;55;90;59;62;244;168;58;57;52;49;52;57;59;58;55;53;86;92;52;57;249;52;112;270;77;58;75;58;58;202;86;52;95;52;75;117;202;174;101;86;73;57;60;58;87;88;88;86;64;59;57;91;58;271;57;85;60;52;204;90;275;52;201;61;52;85;201;63;56;87;106;89;202;164;90;86;202;201;52;90;91;201;89;56;202;90;106;90;86;206;55;91;89;52;57;53;201;54;201;58;91;42;101;52;44;91;57;57;205;206;202;52;201;59;52;52)
seed_22_level_6-4,1861,55032.61812734604,63160708,14560,(233;87;55;55;79;53;58;55;86;158;166;81;201;55;53;201;252;53;53;75;55;55;71;55;52;201;53;54;53;58;55;201;60;86;159;58;53;200;73;134;58;231;250;88;265;201;221;53;162;53;74;88;244;75;76;265;59;75;90;88;213;52;86;86;89;52;74;57;57;57;202;52;75;75;95;74;75;159;86;57;74;202;74;74;57;59;88;74;138;52;73;210;75;361;57;57;163;104;202;93;57;114;82;201;60;57;207;264;202;89;88;202;94;55;61;106;201;57;107;160;53;160;73;201;201;59;52;199;201;101;53;53;55;60;52;94;59;60;52;85;52;212;201;101;90;53;42;57;53;204)
seed_22_level_6-4,1861,55609.44469642639,64054407,14710,(233;53;199;58;55;52;202;88;211;158;58;89;201;223;115;88;55;52;56;199;52;52;200;264;59;58;57;52;226;211;43;139;52;52;53;205;116;52;63;104;52;244;53;52;53;90;58;199;53;46;88;53;75;212;91;201;53;73;75;75;61;55;52;53;74;53;54;56;63;118;58;52;74;53;77;52;94;57;73;59;53;54;53;264;53;202;43;88;53;202;55;88;57;52;54;91;52;57;63;52;57;53;42;201;62;201;52;53;75;53;118;88;203;57;52;58;89;63;61;202;56;58;52;57;219;59;66;57;57;53;88;57;89;62;63;52;57;202;52;159;53;202;202;53;52;56;76;53;44;57)
seed_22_level_6-4,1861,56199.489708423615,65011121,14860,(90;52;201;43;161;53;57;160;61;118;201;56;58;264;202;76;52;56;56;53;53;206;202;73;57;55;73;202;60;202;62;201;52;53;52;53;85;89;57;73;89;201;53;115;57;112;202;58;52;52;52;52;93;53;53;78;94;57;56;59;73;201;55;201;52;201;201;52;119;88;201;57;264;244;58;64;60;52;201;54;58;52;160;58;76;105;101;91;55;88;52;58;79;52;75;57;59;202;201;58;75;211;158;59;85;169;58;55;56;58;55;222;204;59;74;90;55;52;56;59;75;58;52;59;52;53;53;57;58;52;56;117;56;75;159;202;158;52;58;228;62;58;59;201;158;103;58;89;57;61)
seed_22_level_6-4,1861,56800.770021915436,66194157,15010,(244;252;52;117;106;219;199;52;201;212;63;58;52;86;88;77;58;75;215;78;88;88;88;90;54;202;53;57;74;58;86;55;243;58;160;88;259;100;52;58;58;89;233;114;53;58;56;75;131;161;58;78;98;264;160;117;62;73;57;161;201;75;58;171;210;44;59;240;90;57;91;53;165;52;264;52;201;57;160;42;52;201;61;90;61;52;57;73;160;89;57;202;53;112;75;201;62;108;201;74;88;61;43;52;201;202;201;107;44;201;75;53;91;52;52;88;42;58;107;201;159;202;264;201;73;202;54;42;52;162;54;56;52;201;52;53;54;59;103;114;42;52;53;52;61;73;90;52;201;201)
