seed_20_level_6-4,458,535.7397284507751,704630,150,(1001;52;42;52;75;56;59;42;44;57;61;42;52;43;44;69;74;69;42;44;52;53;44;42;42;43;44;58;42;53;53;57;52;55;42;42;52;44;49;52;43;53;42;42;52;52;64;57;42;65;49;42;57;52;57;42;53;42;72;63;53;46;52;52;60;42;49;44;42;42;42;57;44;46;42;69;42;52;49;57;52;58;54;52;54;53;57;44;53;57;42;43;60;52;58;53;46;46;60;59;52;42;55;87;53;42;77;88;54;42;56;57;57;43;54;54;52;53;42;62;57;63;67;71;54;52;43;43;53;57;57;56;42;43;42;53;59;53;42;52;52;58;60;42;49;42;57;52;54;42)
seed_20_level_6-4,519,1067.055984735489,910039,300,(42;42;42;43;42;42;42;42;42;42;42;42;42;42;42;43;42;42;42;42;42;42;42;43;42;42;43;42;42;42;42;42;42;43;43;42;42;43;42;42;43;44;44;44;44;44;44;44;44;44;46;46;46;46;49;49;49;49;49;57;59;62;63;63;69;69;67;54;59;57;52;57;57;53;57;57;57;57;53;57;70;53;58;57;57;53;55;53;60;52;56;54;55;56;53;59;63;56;53;56;53;53;55;60;52;52;52;52;53;52;52;52;53;52;52;54;52;52;52;58;53;52;52;53;54;53;52;52;53;53;52;52;58;52;59;52;54;57;55;53;72;58;66;69;61;86;74;77;90;90)
seed_20_level_6-4,519,1591.993894815445,1115430,450,(42;42;42;42;42;42;42;42;42;42;42;42;42;42;43;43;42;42;43;42;42;42;42;42;42;42;42;42;42;42;42;42;42;43;42;43;43;42;43;43;43;44;44;44;44;44;44;44;44;44;46;46;46;46;49;49;49;49;49;58;59;62;63;63;69;69;67;55;59;57;52;57;57;57;53;57;57;57;70;58;57;57;53;55;60;52;57;54;54;53;60;63;56;53;53;56;53;54;56;60;52;52;52;52;54;52;52;52;53;52;52;53;52;52;52;58;53;52;52;53;54;54;52;52;54;54;52;52;59;52;57;57;57;53;59;52;54;58;55;53;72;58;69;78;66;77;74;77;76;88)
seed_20_level_6-4,519,2123.7022609710693,1321905,600,(42;42;42;42;42;42;42;42;42;42;42;42;42;42;42;42;42;42;42;42;42;42;42;42;42;42;42;42;42;42;43;43;42;43;42;43;42;43;43;42;43;44;44;44;44;44;44;44;44;44;46;46;46;46;49;49;49;49;49;58;59;62;63;63;69;69;67;55;59;57;52;57;57;57;57;57;57;70;59;57;57;57;57;57;53;55;60;52;56;55;55;56;59;63;56;53;56;56;53;53;56;60;52;52;52;52;54;52;52;52;54;52;52;54;52;52;52;58;54;52;52;53;53;54;52;52;54;54;52;52;59;52;53;53;59;52;54;58;55;53;72;58;69;66;74;77;75;87;78;88)
seed_20_level_6-4,519,2654.8168470859528,1526921,750,(42;42;42;42;42;42;42;42;42;42;42;42;42;42;42;42;42;42;42;42;42;42;42;42;42;42;43;43;43;43;42;42;42;42;43;43;43;43;43;42;42;44;44;44;44;44;44;44;44;44;46;46;46;46;49;49;49;49;49;58;59;62;63;63;69;68;67;55;59;57;52;57;57;57;57;57;57;70;58;57;53;57;57;57;53;54;60;52;57;55;55;59;63;56;56;56;53;56;53;54;55;54;52;52;52;52;53;52;52;52;54;52;52;53;52;52;52;58;53;52;52;53;53;53;52;52;54;53;52;52;59;52;53;53;59;52;54;58;55;53;72;58;69;67;72;85;88;61;74;88)
seed_20_level_6-4,519,3182.659700155258,1732159,900,(42;42;42;42;42;42;42;42;42;42;42;42;42;42;42;42;42;42;42;42;42;42;42;42;42;42;42;42;42;43;43;43;43;43;43;43;43;43;43;42;42;44;44;44;44;44;44;44;44;44;46;46;46;46;49;49;49;49;49;58;59;62;63;63;69;69;67;55;59;57;52;57;57;57;57;57;57;70;58;57;53;57;60;57;53;55;60;52;57;54;55;53;59;63;56;56;56;53;56;53;54;55;52;52;52;52;53;52;52;52;54;52;52;53;52;52;52;58;54;52;52;53;54;54;52;52;54;54;52;52;59;52;57;57;59;52;54;58;55;53;72;58;69;72;75;65;88;78;76;75)
seed_20_level_6-4,578,3710.150382757187,1941697,1050,(42;42;42;42;42;42;42;42;42;42;42;42;42;42;42;42;42;42;42;42;42;42;42;42;42;42;42;42;43;42;42;42;42;42;42;43;42;43;43;42;43;44;44;44;44;44;44;44;44;44;46;46;46;46;49;49;49;49;49;58;59;62;63;63;69;69;67;54;58;57;52;57;57;57;57;57;57;71;58;57;53;57;57;57;53;54;60;52;57;55;55;53;60;63;56;60;53;56;53;56;53;53;56;52;52;52;52;54;52;52;52;54;52;52;53;52;52;52;58;53;52;52;53;54;54;52;52;54;54;52;52;58;52;53;59;52;54;58;54;53;72;58;69;67;74;79;88;105;88;87)
seed_20_level_6-4,578,4239.303039550781,2150903,1200,(42;42;42;42;42;42;42;42;42;42;42;42;42;42;42;42;42;42;42;42;42;42;42;42;42;42;42;42;43;43;42;42;43;43;43;43;43;43;42;43;42;44;44;44;44;44;44;44;44;44;46;46;46;46;49;49;49;49;49;60;62;64;65;66;71;72;67;54;59;57;52;57;57;57;57;57;57;70;58;57;53;53;57;53;55;60;52;56;54;55;60;63;53;56;56;54;53;56;53;53;55;52;52;52;52;54;52;52;52;53;52;52;53;52;52;52;58;54;52;52;53;54;53;52;52;54;53;52;52;59;52;53;53;57;59;52;54;57;54;53;72;58;69;66;72;75;76;90;88;109)
seed_20_level_6-4,578,4765.832818746567,2358679,1350,(42;42;42;42;42;42;42;42;42;42;42;42;42;42;42;42;42;42;42;42;42;42;42;42;42;42;43;43;43;42;42;43;42;42;42;43;43;42;43;42;43;44;44;44;44;44;44;44;44;44;46;46;46;46;49;49;49;49;49;60;62;64;65;66;71;71;67;55;58;57;52;57;57;57;57;57;57;71;59;57;60;57;57;53;55;60;52;56;55;55;53;59;63;56;56;56;56;56;53;54;56;52;52;52;52;53;52;52;52;54;52;52;53;52;52;52;58;53;52;52;53;54;53;52;52;53;54;52;52;58;52;53;57;53;59;52;54;57;55;53;72;58;69;74;66;75;90;75;59;106)
seed_20_level_6-4,578,5290.971724748611,2565164,1500,(42;42;42;42;42;42;42;42;42;42;42;42;42;42;43;42;42;42;42;42;42;42;42;42;42;42;43;42;43;43;42;42;43;42;42;42;42;43;42;42;43;44;44;44;44;44;44;44;44;44;46;46;46;46;49;49;49;49;49;60;62;64;65;66;72;71;67;54;58;57;52;57;57;57;57;57;57;70;59;57;57;57;57;53;55;60;52;56;55;55;53;60;63;54;53;56;53;56;56;53;53;55;52;52;52;52;54;52;52;52;53;52;52;53;52;52;52;58;53;52;52;53;53;54;52;52;53;54;52;52;59;52;57;53;59;52;54;57;55;53;72;58;75;69;65;74;75;90;86;77)
seed_20_level_6-4,578,5816.285421848297,2773240,1650,(42;42;42;42;42;42;42;42;42;42;42;42;42;42;42;42;42;42;42;42;42;42;42;42;42;43;42;43;42;42;43;42;43;43;43;43;42;43;43;42;43;44;44;44;44;44;44;44;44;44;46;46;46;46;49;49;49;49;49;60;62;64;65;66;71;72;67;54;58;57;52;57;57;57;57;57;57;71;59;57;57;57;60;53;57;53;54;60;52;57;55;54;53;60;63;56;56;53;53;56;53;53;56;52;52;52;52;54;52;52;52;53;52;52;54;52;52;52;58;53;52;52;53;54;54;52;52;53;53;52;52;59;52;57;59;52;54;58;55;53;72;58;69;67;72;88;79;88;74;86)
seed_20_level_6-4,578,6342.823940515518,2979155,1800,(42;42;42;42;42;42;42;42;42;42;42;42;42;42;42;42;42;42;42;42;42;42;42;42;42;43;42;43;42;43;43;42;43;42;43;43;43;43;42;42;43;44;44;44;44;44;44;44;44;44;46;46;46;46;49;49;49;49;49;60;62;64;65;66;71;71;67;55;59;57;52;57;57;57;57;57;57;71;58;57;53;53;57;57;53;54;60;52;56;55;55;59;63;53;56;54;56;56;56;53;53;56;52;52;52;52;53;52;52;52;54;52;52;53;52;52;52;58;53;52;52;53;53;53;52;52;53;53;52;52;58;52;53;53;59;52;54;57;54;53;72;58;69;73;65;74;90;74;75;88)
seed_20_level_6-4,578,6877.351565122604,3186508,1950,(42;42;42;42;42;42;42;42;42;42;42;42;42;42;42;42;42;42;42;42;42;42;42;42;42;43;42;42;42;42;42;42;43;42;42;42;42;43;43;43;42;44;44;44;44;44;44;44;44;44;46;46;46;46;49;49;49;49;49;60;62;64;65;66;72;71;67;55;58;57;52;57;57;57;57;57;57;71;58;57;57;60;57;53;55;60;52;57;55;54;53;59;63;53;53;53;53;56;53;54;56;52;52;52;52;54;52;52;52;54;52;52;54;52;52;52;58;54;52;52;53;54;54;52;52;53;54;52;52;59;52;57;57;57;59;52;54;58;54;53;72;58;69;66;72;75;75;88;86;85)
seed_20_level_6-4,578,7405.515506744385,3393355,2100,(42;42;42;42;42;42;42;42;42;42;42;42;42;42;42;42;42;42;42;42;42;42;42;42;42;42;42;43;43;42;43;43;43;43;42;42;42;42;42;42;43;44;44;44;44;44;44;44;44;44;46;46;46;46;49;49;49;49;49;60;62;64;65;66;71;71;67;54;59;57;52;57;57;57;57;57;57;70;59;57;57;57;53;57;57;53;55;60;52;57;55;55;60;63;56;53;56;56;54;56;53;54;55;52;52;52;52;53;52;52;52;54;52;52;53;52;52;52;58;54;52;52;53;54;54;52;52;53;53;52;52;59;52;53;59;52;54;57;55;53;72;58;69;66;74;75;88;78;75;87)
seed_20_level_6-4,578,7940.202139616013,3600003,2250,(42;42;42;42;42;42;42;42;42;42;42;42;42;42;42;42;42;42;42;42;42;42;42;42;42;43;42;43;43;43;42;43;42;42;43;42;43;42;43;42;43;44;44;44;44;44;44;44;44;44;46;46;46;46;49;49;49;49;49;60;62;64;65;66;72;71;67;54;58;57;52;57;57;57;57;57;57;71;59;57;53;57;57;54;57;53;55;60;52;57;55;55;53;60;63;56;53;53;56;56;53;54;56;52;52;52;52;53;52;52;52;54;52;52;53;52;52;52;58;54;52;52;53;53;54;52;52;54;53;52;52;58;52;57;59;52;54;58;55;53;72;58;69;67;74;75;88;85;75;76)
seed_20_level_6-4,578,8480.59034705162,3805589,2400,(42;42;42;42;42;42;42;42;42;42;42;42;42;42;42;42;42;42;42;42;42;42;42;42;42;43;43;42;42;43;43;43;43;42;42;42;43;42;43;42;43;44;44;44;44;44;44;44;44;44;46;46;46;46;49;49;49;49;49;60;62;64;65;66;71;72;67;54;59;57;52;57;57;57;57;57;57;70;59;57;57;57;54;53;57;53;55;60;52;57;55;55;59;63;56;53;53;53;56;53;53;55;52;52;52;52;54;52;52;52;53;52;52;53;52;52;52;58;54;52;52;53;54;53;52;52;54;54;52;52;58;52;53;53;59;52;54;58;54;53;72;58;69;67;72;75;90;88;78;61)
seed_20_level_6-4,578,9004.423748731613,4067769,2547,(42;79;42;43;43;69;43;52;57;43;42;42;43;42;52;43;52;80;42;73;42;72;99;89;71;54;57;42;53;52;62;52;57;57;42;42;53;50;53;64;51;76;56;53;53;58;60;56;57;67;56;53;57;57;57;56;53;56;88;53;52;53;53;57;53;61;53;57;57;53;53;53;57;54;73;57;56;44;57;57;57;59;57;78;68;67;57;59;53;57;61;59;67;53;89;68;77;56;57;63;71;90;52;57;53;61;75;103;53;53;57;88;79;74;57;57;57;56;57;75;88;57;53;76;52;77;53;51;53;68;52;53;52;76;74;44;56;73;52;52;53;46;57;59;57;58;71)
seed_20_level_6-4,578,9538.34155702591,4346702,2696,(43;73;42;52;52;52;52;52;69;42;60;71;43;43;52;52;44;52;52;43;56;59;75;55;73;57;57;51;93;43;53;56;55;44;42;61;57;57;60;53;57;76;58;53;73;53;42;52;57;46;54;89;42;42;56;99;76;65;44;46;44;46;84;44;57;89;51;44;84;53;61;62;75;78;59;57;59;68;55;53;59;57;46;44;67;43;92;53;52;59;71;53;55;88;58;74;52;53;58;58;107;58;88;58;54;80;57;88;57;57;57;52;88;87;59;52;53;52;78;52;85;51;49;90;90;57;57;66;76;58;65;54;62;58;74;87;53;42;70;53;67;86;52;56;53;51;52;53;53)
seed_20_level_6-4,931,10100.094184160233,4658861,2848,(42;52;79;52;52;68;73;75;52;60;58;43;52;76;58;44;58;44;55;44;82;44;52;52;52;52;52;52;52;52;64;104;51;56;89;53;76;58;57;53;52;52;59;60;74;52;55;110;73;82;88;57;56;53;52;69;69;53;77;53;56;52;52;104;52;52;52;43;75;52;78;58;76;89;55;90;77;75;58;76;57;89;54;61;58;42;55;59;63;57;76;57;76;68;53;52;56;57;58;52;84;52;52;53;57;89;44;53;57;66;101;57;63;52;57;86;73;53;61;51;52;52;55;52;53;87;54;78;59;57;42;58;59;42;77;57;70;49;54;88;57;57;96;55;58;57;172;85;53;58;64;57)
seed_20_level_6-4,931,10650.27092885971,4946430,2999,(52;42;43;60;52;42;52;76;52;87;60;52;52;52;51;52;68;89;54;81;42;78;44;44;66;46;46;52;52;52;52;52;63;52;52;57;89;53;54;79;53;74;52;52;51;52;89;57;82;59;56;57;59;93;64;57;67;56;58;58;75;53;56;59;52;53;87;89;55;56;52;57;43;73;52;56;64;42;64;53;57;53;42;87;43;57;88;59;77;78;57;53;57;53;76;57;97;53;56;56;46;58;53;49;56;57;84;81;59;43;70;57;42;56;53;58;52;89;58;57;81;42;58;87;52;59;76;93;52;52;42;54;87;89;52;53;52;55;53;133;42;52;57;90;44;57;57;57;77;53;44)
seed_20_level_6-4,931,11201.68596291542,5239885,3152,(52;52;42;91;81;44;46;62;66;46;60;81;52;71;44;43;64;62;91;56;60;57;75;134;56;84;81;42;89;73;67;54;52;42;53;93;42;51;50;55;57;57;44;73;52;52;52;52;52;52;52;52;53;52;52;57;52;57;52;133;53;46;46;57;57;54;42;53;58;53;89;52;43;52;52;76;58;93;63;93;52;55;61;53;57;53;58;91;74;58;57;86;55;56;88;43;53;58;76;63;43;54;102;57;55;52;88;54;74;77;52;53;52;54;56;53;52;53;53;75;89;53;58;53;67;44;44;44;57;78;57;88;52;57;52;44;71;52;53;53;82;77;87;56;57;42;54;54;46;42;50;42;49)
seed_20_level_6-4,931,11757.643238067627,5564979,3304,(60;52;56;52;53;88;58;53;54;53;57;53;42;91;89;75;57;58;76;57;42;57;80;133;61;52;51;46;59;46;64;52;93;89;132;42;60;53;57;71;82;62;53;109;73;57;46;52;52;52;86;52;71;52;52;54;52;52;58;52;52;42;52;52;68;58;65;93;53;64;81;63;57;88;61;87;53;43;88;52;58;56;43;75;52;43;91;52;53;59;87;64;43;52;70;53;75;52;62;92;55;55;88;53;57;57;57;64;59;59;57;44;103;57;57;56;80;62;105;93;43;74;102;89;52;81;56;53;87;73;102;55;54;52;58;86;53;74;55;52;55;85;44;46;42;52;43;52;57;99;53;49)
seed_20_level_6-4,931,12322.96061015129,5889577,3458,(83;88;65;53;75;43;71;52;90;44;52;52;52;52;52;52;42;60;57;52;52;52;42;52;86;52;52;111;52;52;42;52;90;58;57;63;88;56;57;53;63;86;53;57;57;88;57;74;59;52;87;52;88;51;58;59;89;87;58;52;55;52;86;76;116;43;68;82;53;61;46;69;53;53;57;62;58;54;57;59;55;52;57;57;46;89;86;89;52;66;57;49;68;53;62;44;102;50;75;75;53;43;92;43;86;86;53;59;93;55;74;57;57;57;67;56;63;63;57;92;53;57;56;53;70;53;86;88;57;57;88;102;53;57;85;56;90;52;55;52;53;52;52;146;53;56;64;52;53;53;46;52;46;42)
seed_20_level_6-4,931,12876.526442050934,6211571,3610,(60;43;56;52;42;60;52;71;52;44;52;52;52;42;52;52;87;70;44;99;42;56;54;53;81;82;96;57;70;56;56;75;55;59;75;53;57;62;53;68;74;57;58;82;64;88;58;53;87;57;57;73;56;59;93;73;91;57;61;57;57;57;58;57;86;97;59;51;52;52;56;52;86;58;56;91;52;57;54;77;53;87;81;52;53;88;42;55;86;54;59;42;53;78;52;105;86;59;58;61;57;92;75;54;107;87;71;46;53;43;75;60;55;55;56;56;102;102;66;63;67;73;62;67;63;73;52;75;57;60;57;57;52;57;55;57;57;86;62;57;85;61;62;52;52;70;62;73;59;88;52;53)
seed_20_level_6-4,1190,13444.453414201736,6570062,3764,(59;42;56;52;53;52;70;52;52;42;52;52;52;52;90;80;49;42;42;42;122;59;88;79;51;52;56;42;52;54;75;87;57;113;53;60;53;75;42;57;53;92;53;52;52;88;57;54;96;53;57;86;57;91;115;88;83;70;57;88;75;53;78;88;52;90;52;53;63;88;61;54;62;52;90;52;57;82;52;44;86;56;53;57;88;54;46;57;57;53;57;93;63;57;57;68;85;58;57;52;65;73;73;52;52;68;62;86;46;53;56;91;89;53;56;44;53;53;44;87;54;43;57;78;54;90;42;56;57;61;102;201;77;86;86;52;102;52;52;87;52;52;88;89;74;53;89;56;88;57;88;52;53;55)
seed_20_level_6-4,1190,13996.523660898209,6888554,3913,(95;42;66;74;64;47;42;61;52;65;43;52;60;52;52;52;52;52;55;52;52;52;52;78;63;42;77;53;90;42;66;68;78;52;99;42;87;58;74;57;45;71;53;91;86;54;58;57;61;54;59;55;58;91;57;67;65;62;112;53;57;93;92;78;53;43;53;54;61;55;56;60;88;63;54;57;56;74;50;43;43;42;57;53;93;69;79;53;57;56;52;58;53;78;53;62;87;58;59;55;65;56;53;56;52;74;92;75;88;53;59;75;53;91;53;88;56;53;52;57;53;125;75;88;57;87;88;57;57;57;53;53;53;53;56;73;57;52;102;73;62;73;78;86;52;75;52;103;89)
seed_20_level_6-4,1190,14558.014084815979,7204787,4064,(125;58;59;42;65;42;75;57;75;69;53;79;64;57;52;75;55;57;57;93;57;62;89;53;52;52;52;52;42;52;52;52;52;52;87;53;42;43;59;59;54;53;42;86;74;52;54;52;57;59;55;86;73;84;55;79;59;96;61;62;73;53;89;90;88;78;56;52;57;43;42;42;45;52;45;82;53;43;57;76;53;77;57;53;58;52;55;88;57;57;53;58;88;58;57;59;58;58;87;92;57;62;110;57;57;79;57;75;55;64;58;88;57;114;58;57;53;60;90;57;57;53;56;88;79;58;81;59;88;66;58;63;57;75;57;53;89;52;42;86;53;52;75;59;54;57;53;52;52;52;102)
seed_20_level_6-4,1235,15106.849050998688,7605348,4212,(63;86;54;53;53;53;53;54;93;56;43;55;88;54;91;53;52;76;52;52;52;52;52;52;52;52;250;57;59;59;67;103;152;57;96;57;57;56;58;57;55;63;93;61;58;74;52;102;62;105;52;55;79;53;102;102;59;62;88;76;57;53;56;58;56;64;44;63;88;54;57;89;79;75;56;96;42;88;53;62;55;63;104;90;64;53;58;53;63;64;88;57;61;89;88;61;61;53;64;77;57;59;59;50;52;58;49;57;86;57;76;84;53;57;88;84;57;88;88;89;88;57;57;129;53;86;57;57;49;53;102;52;58;93;59;99;88;60;75;73;58;53;52;52;53;53;94;204)
seed_20_level_6-4,1235,15655.694491624832,7949982,4359,(52;52;52;52;52;52;52;89;57;60;54;53;64;55;52;59;103;54;43;42;53;53;55;75;53;59;53;94;55;57;57;61;98;60;93;75;59;63;75;55;93;68;57;57;75;55;58;55;53;58;49;66;55;55;88;110;61;93;74;67;53;53;60;76;58;77;57;88;55;59;52;53;53;85;74;55;88;88;53;57;57;57;57;57;93;56;63;86;80;88;88;88;88;63;53;57;63;60;88;88;57;57;87;61;55;88;57;75;103;75;73;52;103;52;58;89;74;74;52;86;52;105;93;103;57;74;92;56;57;59;74;83;82;52;56;116;67;73;70;49;70;58;66;55;44;70;70)
seed_20_level_6-4,1235,16202.124900817871,8295431,4508,(116;70;84;65;116;46;75;75;76;52;52;52;52;52;52;52;52;90;54;58;58;75;51;58;42;58;46;53;53;44;90;57;76;62;60;64;57;64;57;57;49;55;57;60;52;110;53;79;65;57;53;56;60;67;54;58;88;57;42;62;57;57;54;88;62;57;58;95;56;54;52;88;60;52;60;61;56;88;62;53;69;74;63;44;57;88;57;57;82;51;61;58;57;70;69;53;57;62;88;76;107;87;57;86;88;88;53;66;63;57;59;73;52;93;52;56;91;93;52;87;117;89;52;105;114;60;102;52;102;56;59;52;90;52;52;74;88;53;58;57;87;61;74;100;52;44;57;93;46)
seed_20_level_6-4,1235,16740.01801919937,8613153,4657,(52;52;53;42;52;52;52;52;52;88;69;63;56;90;57;42;56;54;90;90;76;92;56;69;91;57;57;89;58;75;54;42;54;57;75;42;106;53;60;59;88;67;57;53;92;53;88;44;57;88;52;52;74;57;46;58;61;59;42;57;57;57;57;105;63;55;88;93;53;57;57;80;57;93;88;57;88;53;53;88;79;42;58;53;57;79;59;77;110;59;53;86;77;52;58;58;54;66;97;52;62;59;61;80;52;52;56;52;52;88;90;65;57;57;57;52;80;52;57;76;53;57;93;53;44;53;55;57;52;67;52;55;52;67;53;55;73;89;89;75;42;80;52;52;54;52;75;54;52)
seed_20_level_6-4,1330,17272.289814710617,8961290,4803,(52;52;52;52;52;55;52;52;122;52;53;106;95;73;117;56;73;53;56;53;88;55;53;60;53;67;57;52;59;88;75;56;88;91;57;61;60;53;90;59;55;67;56;53;99;53;58;42;63;42;53;53;65;58;54;87;57;57;95;62;68;53;52;75;61;52;52;53;67;52;86;64;69;74;103;53;63;66;62;53;56;88;59;88;53;57;52;55;61;81;92;78;53;52;57;270;52;43;54;74;77;52;86;52;55;73;52;52;55;52;88;59;53;57;60;53;67;58;52;57;57;93;88;57;54;93;72;57;62;57;57;53;62;57;95;57;53;58;90;86;89;56;55;64;59;53)
seed_20_level_6-4,1330,17803.958232164383,9322372,4949,(52;52;52;52;52;52;52;52;64;54;63;94;53;57;56;56;57;56;91;88;42;93;58;53;105;42;108;96;57;68;52;57;53;72;96;57;57;54;88;57;54;79;43;57;112;99;57;56;52;88;45;53;63;53;53;93;52;82;59;89;59;91;57;106;59;42;61;88;87;54;76;55;57;52;88;52;58;52;56;53;57;57;88;87;90;57;72;52;52;75;98;66;78;60;52;60;52;63;42;60;56;90;52;96;61;58;76;76;75;52;42;58;53;55;92;92;57;52;87;93;55;57;56;52;109;53;53;61;56;57;47;116;270;57;56;52;58;87;53;52;92;52;56;42;43;52)
seed_20_level_6-4,1330,18347.388632059097,9707930,5097,(52;52;52;52;52;52;52;52;52;52;80;68;53;42;66;43;88;96;89;52;96;53;93;52;54;58;53;52;76;60;73;53;109;54;42;67;102;57;59;57;66;87;43;61;88;55;53;57;59;53;53;55;53;55;55;53;88;102;57;57;57;53;88;93;57;57;57;88;53;88;53;57;49;59;42;77;52;74;59;270;63;52;56;75;56;92;75;201;52;75;103;55;88;112;83;59;57;43;57;64;59;58;59;97;53;92;56;59;52;92;92;58;52;53;59;52;63;52;78;97;88;57;52;57;57;93;57;75;62;91;57;57;59;107;87;59;58;56;65;52;52;120;87;81;73;52;52;53)
seed_20_level_6-4,1330,18877.50743484497,10051487,5245,(52;52;52;52;52;52;52;52;52;90;52;57;45;69;52;53;54;54;53;58;97;80;68;90;75;52;52;54;60;56;58;63;74;63;71;59;65;57;57;53;58;92;109;43;69;64;63;53;53;57;52;53;42;112;52;62;57;59;52;56;85;52;86;58;88;56;91;90;60;57;56;63;60;83;75;88;93;57;53;59;57;57;45;57;55;57;53;88;53;53;67;107;57;57;57;53;57;57;107;57;57;76;76;59;52;53;74;65;52;74;52;59;62;52;52;65;58;88;64;74;47;57;75;54;58;55;57;75;52;52;270;86;55;56;75;58;98;43;91;52;91;52;56;64;77;57;68;73)
seed_20_level_6-4,1330,19401.791441679,10385214,5392,(112;56;53;67;56;58;90;53;52;54;52;52;52;52;52;52;52;42;52;52;88;52;93;51;59;57;63;66;63;53;57;88;54;57;57;77;56;53;90;55;52;107;62;53;57;57;88;53;43;59;55;64;58;88;112;53;52;61;86;52;56;57;42;55;78;54;57;57;58;57;83;73;76;59;58;54;74;93;55;90;77;55;54;52;71;52;62;52;56;52;55;79;52;106;53;87;52;53;76;59;56;53;60;93;88;97;67;82;53;101;53;79;53;52;61;56;68;76;96;53;76;90;78;81;63;88;60;72;75;57;91;52;90;52;52;52;58;52;53;86;58;57;159;89;52;52;86)
seed_20_level_6-4,1330,19936.755284309387,10745145,5543,(112;75;58;64;42;42;75;52;57;86;75;52;52;52;74;55;53;89;57;55;63;73;57;55;119;105;96;52;52;52;55;54;79;104;90;85;67;59;66;52;170;53;56;57;53;56;57;53;53;66;52;90;53;63;86;61;93;53;61;52;52;52;107;65;89;53;63;61;64;57;63;53;57;53;57;57;53;88;63;64;53;55;57;59;53;57;57;93;93;59;63;79;65;63;55;45;63;53;56;56;52;53;58;93;52;63;82;138;57;88;53;55;56;88;66;58;74;58;88;203;52;89;53;52;58;91;52;52;52;58;53;62;73;57;52;77;63;59;63;53;56;52;63;64;88;53;53;63;52;75;56)
seed_20_level_6-4,1330,20493.09693288803,11127445,5693,(82;75;52;66;58;52;56;59;56;55;68;79;58;57;68;59;54;107;53;77;79;63;53;74;104;65;56;103;57;75;90;94;61;63;79;87;56;90;80;90;56;60;57;53;52;57;54;86;57;53;58;75;88;106;104;56;106;53;56;56;57;57;57;56;57;88;56;51;57;88;81;57;53;53;59;58;59;57;107;57;91;57;57;90;57;54;53;64;54;59;57;74;90;53;88;43;53;57;57;88;57;88;88;58;58;119;59;102;89;74;87;55;114;93;67;76;74;87;52;91;54;52;86;57;79;61;53;75;76;73;73;73;67;73;73;138;57;53;88;79;61;116;57;93;53;88;52;59;59;64)
seed_20_level_6-4,1330,21018.01715350151,11479652,5839,(87;111;88;109;62;57;55;89;86;68;53;90;88;53;88;88;57;57;56;86;52;52;58;88;81;69;73;54;59;61;116;60;57;53;72;107;57;57;59;57;58;76;88;57;62;99;54;53;88;53;57;43;53;57;68;53;56;93;53;56;90;57;63;52;63;88;63;62;53;53;56;56;53;90;62;90;53;107;58;62;56;57;56;86;90;55;57;126;92;54;102;53;66;53;61;65;88;53;64;66;78;76;77;53;52;75;56;60;56;87;57;56;53;52;52;86;62;58;54;58;52;94;54;56;59;58;86;53;52;86;88;55;52;80;59;52;52;74;52;78;118;52;59;93;86;52)
seed_20_level_6-4,1330,21578.418697834015,11852578,5989,(88;88;58;57;43;88;58;53;52;57;90;75;56;52;58;60;57;56;53;73;72;52;52;53;88;53;57;77;74;63;57;58;57;53;53;53;62;86;85;77;63;52;61;100;56;89;62;88;53;53;75;53;57;57;75;57;57;75;52;58;53;64;57;92;119;52;53;42;106;115;52;59;52;68;115;64;58;78;52;74;63;53;70;79;57;82;88;53;76;58;60;57;78;57;88;95;53;57;57;57;88;57;60;51;59;52;57;119;57;55;61;81;67;93;89;61;62;62;58;103;61;57;102;53;57;214;57;113;72;122;59;66;109;56;57;69;42;58;52;59;52;52;54;59;58;55;52;53;117;61)
seed_20_level_6-4,1330,22124.97810482979,12247880,6139,(73;73;56;53;73;53;52;62;86;52;53;52;119;93;73;57;57;52;109;59;58;81;58;59;78;54;88;52;68;55;53;86;56;56;57;57;56;57;53;51;88;88;57;56;88;57;73;52;57;75;63;75;88;88;57;54;52;88;53;57;53;88;53;53;62;90;91;57;63;75;88;56;53;57;57;57;57;63;78;77;53;53;76;53;57;56;53;80;58;51;53;51;90;56;91;58;78;57;96;90;67;105;55;89;53;70;56;55;90;52;62;204;53;71;55;55;86;56;52;58;52;52;59;73;42;92;82;74;59;110;53;88;213;42;57;62;58;107;54;53;69;127;108;92;57;92;57;63;58;121)
seed_20_level_6-4,1330,22686.632266283035,12669806,6289,(107;51;51;73;58;88;56;62;53;88;57;53;58;57;75;52;52;69;57;51;53;52;52;52;52;49;52;51;75;79;57;59;97;83;53;57;53;57;53;57;89;57;104;57;57;88;64;63;55;57;53;57;43;43;88;57;54;88;86;57;59;87;100;88;42;58;58;52;53;104;53;54;73;54;53;94;54;100;75;93;93;57;59;57;57;59;221;68;60;53;105;58;56;57;59;88;84;57;53;57;57;59;57;57;57;57;57;62;57;90;51;109;73;57;55;86;60;53;77;60;91;74;75;76;54;52;57;81;60;77;96;88;62;87;225;131;116;88;88;61;100;88;101;66;64;57;59;212;60;65)
seed_20_level_6-4,1330,23231.19132089615,12991460,6437,(76;56;52;52;92;52;52;59;52;52;75;57;53;86;73;80;87;43;53;42;108;57;57;52;92;86;88;68;74;64;53;57;63;63;63;88;57;57;57;54;57;57;56;75;56;77;57;57;56;76;80;67;75;63;57;56;56;56;63;88;57;51;88;51;57;65;54;56;82;59;93;53;58;60;75;55;53;73;77;53;55;67;99;59;52;73;75;114;62;53;42;77;57;57;57;92;53;63;61;53;53;52;59;101;61;104;56;60;53;85;53;53;58;59;55;87;58;110;53;63;58;52;58;58;59;59;88;53;52;82;54;104;53;53;64;60;53;88;59;109;53;53;54;53;57;57;55;53)
seed_20_level_6-4,1330,23769.79306936264,13357331,6586,(109;58;79;52;52;52;56;58;53;82;58;56;67;43;59;58;62;55;83;91;52;52;90;52;52;71;53;75;52;58;52;53;52;59;55;75;57;56;59;53;57;53;59;57;57;75;55;57;60;75;57;63;88;90;58;56;57;53;57;81;53;56;85;53;57;72;56;57;52;57;64;65;88;52;92;57;100;68;66;88;66;88;88;93;88;62;56;53;68;53;68;117;53;58;58;87;53;64;91;90;89;58;53;59;57;90;58;58;58;88;75;104;86;104;88;110;53;107;57;53;57;58;57;89;57;57;89;57;205;53;78;55;53;42;74;42;42;92;58;51;87;107;54;84;75;86;57;81;59)
seed_20_level_6-4,1330,24306.108959436417,13716279,6735,(90;79;52;81;58;53;52;52;54;91;52;56;52;56;52;52;43;52;75;57;105;111;57;58;53;53;53;57;75;59;57;57;57;57;57;62;92;88;57;56;57;91;61;53;86;53;55;60;51;53;53;58;56;57;53;90;57;112;53;54;59;59;59;87;59;94;78;53;57;57;53;53;69;53;54;52;117;59;87;59;88;54;58;53;58;95;53;62;86;76;58;58;90;58;59;117;89;58;88;88;57;59;96;90;61;57;88;63;63;76;92;53;94;57;88;57;58;88;61;57;58;93;88;79;90;57;52;114;65;104;104;59;57;95;63;53;52;61;94;106;53;54;53;75;52;66;90;57;55)
seed_20_level_6-4,1330,24850.19743824005,14089507,6885,(90;43;52;53;86;53;74;90;54;58;57;53;57;56;42;53;102;98;56;75;59;80;91;88;53;60;88;63;104;74;82;57;61;59;58;53;53;63;53;82;55;54;53;42;59;57;55;55;58;67;62;53;54;52;56;54;67;54;54;88;57;57;57;57;57;57;57;57;57;57;57;52;53;57;43;57;53;55;101;93;59;58;58;86;42;55;53;58;93;74;102;94;58;94;117;58;77;65;93;160;74;53;93;61;63;86;102;78;52;60;52;53;42;53;58;53;52;104;64;52;74;57;52;102;118;59;58;52;63;88;61;62;88;95;53;57;52;55;61;59;68;52;67;59;91;63;57;57;59;242)
seed_20_level_6-4,1330,25391.344493865967,14440508,7034,(88;63;90;53;57;53;70;57;73;89;63;90;57;57;57;53;57;57;82;81;60;53;42;77;61;54;83;42;58;53;54;59;55;56;82;54;67;74;56;52;62;52;58;57;52;53;51;52;52;43;52;52;54;92;51;75;59;57;45;45;102;52;56;53;43;72;59;53;101;88;78;53;56;59;75;75;110;106;52;57;62;88;86;52;74;73;73;53;87;79;52;57;62;52;52;78;73;73;73;59;54;117;90;75;60;76;96;53;59;57;96;59;59;58;116;112;94;59;82;58;57;113;53;59;69;53;57;57;57;59;57;57;91;73;57;63;78;63;77;93;62;75;88;88;89;57;75;58;107)
seed_20_level_6-4,1330,25937.63896393776,14875301,7182,(75;52;52;52;54;100;52;49;49;53;60;52;89;42;52;53;53;112;58;88;58;109;75;59;69;83;49;58;68;80;54;54;52;55;58;88;58;57;57;55;60;57;57;57;59;57;52;53;88;57;48;71;52;88;91;90;57;57;67;82;59;53;52;43;83;52;91;76;210;75;88;43;53;68;93;91;88;59;74;75;202;88;61;88;61;61;61;57;66;98;88;57;100;57;67;61;61;80;116;88;80;57;57;54;57;86;52;52;58;52;75;53;64;53;52;94;55;53;56;73;74;62;52;86;95;54;75;52;53;61;76;98;59;92;54;162;57;54;121;93;55;114;60;276;75;57;80;58)
seed_20_level_6-4,1330,26476.83217048645,15201947,7331,(75;75;42;73;43;74;56;53;43;53;49;57;68;73;43;53;88;88;59;57;53;58;57;57;57;57;57;52;57;74;65;57;57;75;78;53;61;61;52;89;64;88;53;53;53;55;62;73;57;53;73;57;53;42;93;74;80;53;80;52;58;70;94;57;83;43;79;52;62;64;78;52;80;59;57;76;53;42;76;89;58;57;57;88;55;202;89;57;58;57;42;88;57;42;60;57;64;100;93;42;88;58;80;52;58;104;55;87;57;90;93;53;42;56;53;54;91;58;92;75;53;53;58;63;57;51;52;57;59;57;66;57;57;62;57;52;53;62;88;57;53;52;57;68;57;53;57;57;77)
seed_20_level_6-4,1330,27021.00214600563,15547695,7481,(73;52;42;75;52;90;50;53;76;77;54;52;49;43;58;102;53;59;55;62;61;84;57;59;57;80;116;67;58;57;57;90;53;59;58;57;63;75;88;63;56;53;58;57;59;57;53;57;53;63;57;75;88;53;52;52;71;53;73;104;63;52;89;52;55;62;54;52;52;88;76;57;75;59;59;53;53;52;55;53;57;202;88;118;57;79;57;93;57;88;92;90;57;54;56;77;57;58;59;53;79;57;53;52;93;82;57;69;64;64;52;42;42;60;64;52;81;67;57;52;91;64;64;58;91;118;54;79;53;95;91;54;77;61;53;55;59;54;53;57;59;58;75;54;71;53;58;104;42;52)
seed_20_level_6-4,1330,27559.227538585663,15879196,7630,(90;53;86;58;52;53;55;93;43;88;52;52;56;53;70;56;60;76;73;57;65;88;52;75;88;52;88;56;91;76;56;87;56;56;56;58;52;57;42;56;75;57;57;59;80;57;80;53;58;59;69;89;63;68;53;54;68;64;57;53;53;57;64;42;96;55;59;57;73;86;77;59;55;52;103;99;61;88;52;53;57;57;91;74;60;55;57;56;73;75;89;57;86;91;63;63;56;88;57;59;61;75;62;88;51;59;57;52;57;57;53;74;55;63;57;53;53;77;90;52;57;88;77;57;88;66;53;42;59;62;53;88;93;91;53;58;57;107;53;87;61;57;75;93;53;61;56;61;57)
seed_20_level_6-4,1330,28094.506358146667,16227448,7780,(97;59;68;59;52;69;95;91;64;53;57;52;54;54;60;53;93;59;64;59;68;57;64;54;53;52;75;53;57;52;74;52;57;43;53;54;65;52;56;55;43;53;57;52;52;107;88;56;107;57;57;52;57;52;73;90;52;57;60;73;59;55;61;58;52;63;56;59;58;74;107;89;93;79;52;52;52;60;52;66;55;52;52;75;58;91;53;63;59;86;59;67;76;58;75;97;202;51;67;57;56;59;63;58;87;59;106;58;42;63;53;52;57;74;94;56;60;88;52;104;60;104;89;64;96;55;73;56;101;52;86;55;57;86;57;53;75;55;63;53;85;58;73;53;52;78;56;65;75;59)
seed_20_level_6-4,1330,28634.55045080185,16581428,7929,(75;52;56;73;42;57;57;73;57;52;53;55;53;52;57;57;88;52;52;52;90;57;53;56;71;55;63;56;63;54;53;79;58;84;67;53;57;56;76;52;52;56;42;97;43;58;93;45;53;57;52;93;52;53;52;57;66;53;53;93;83;53;61;53;57;70;89;73;52;103;55;58;75;57;93;53;86;57;53;57;59;73;52;89;73;80;52;52;53;62;73;73;90;53;74;52;55;52;76;52;85;52;52;106;67;57;57;78;88;53;93;92;52;175;57;52;75;160;105;55;53;63;83;93;52;52;91;61;97;59;106;53;61;74;84;96;65;57;72;70;55;53;57;57;91;106;57;59;59)
seed_20_level_6-4,1444,29185.3496465683,17063164,8079,(92;63;137;57;52;57;52;71;53;53;59;61;71;73;52;62;51;52;57;58;115;55;54;61;64;53;53;58;58;53;63;54;94;97;53;87;94;53;93;54;91;75;57;53;80;53;96;60;52;53;54;53;53;95;52;82;54;87;53;57;88;43;57;53;52;83;52;80;55;106;88;53;201;105;90;89;77;64;106;82;76;78;62;45;56;66;93;77;52;93;63;53;43;57;52;57;54;53;111;58;53;106;204;74;132;53;58;97;93;229;52;52;57;81;55;58;52;52;61;55;55;250;86;92;89;112;55;59;56;91;55;102;120;53;56;52;55;58;63;52;62;55;96;211;90;55;63;58;86;55)
seed_20_level_6-4,1444,29743.50266265869,17535422,8229,(79;61;59;58;53;77;58;62;75;57;59;52;57;107;91;60;105;52;93;107;90;57;77;76;100;57;57;58;53;206;57;74;57;53;62;57;77;110;59;57;202;53;80;59;105;203;53;52;68;93;53;56;106;75;57;52;57;121;54;76;107;64;58;100;92;75;53;74;58;52;79;59;63;93;176;56;53;55;107;63;55;107;98;53;75;90;55;94;52;52;89;59;53;53;59;53;65;54;88;55;53;90;53;75;112;55;56;55;53;56;97;55;56;89;56;86;86;88;93;53;93;88;63;56;90;134;52;54;88;90;55;55;58;54;57;55;55;210;59;56;92;53;97;94;57;53;53;56;57;53)
seed_20_level_6-4,1444,30304.716032266617,18039920,8379,(86;90;53;53;53;85;56;87;55;93;65;211;90;55;92;107;88;89;97;56;106;67;53;53;73;73;55;52;53;58;62;55;65;52;201;86;53;42;107;76;53;53;88;53;63;55;53;55;115;55;64;53;246;92;88;78;59;86;59;62;53;82;55;74;56;56;115;86;58;90;65;110;53;202;63;57;69;52;63;97;53;58;56;57;55;59;74;62;108;91;107;67;80;56;59;56;58;65;72;80;90;52;74;56;58;54;57;110;52;90;76;58;83;57;104;102;65;109;59;53;79;58;84;57;91;65;53;57;55;107;95;57;88;57;88;58;88;88;57;106;107;91;57;75;98;83;57;204;57;96)
seed_20_level_6-4,1444,30862.870814323425,18581327,8529,(93;59;80;56;57;52;43;105;91;62;55;53;56;56;54;103;95;53;57;57;58;88;90;106;58;53;53;60;42;107;66;58;53;52;53;90;56;90;53;77;71;42;52;79;63;90;56;51;52;108;91;81;57;57;52;60;203;88;74;57;95;57;100;62;60;56;95;78;75;57;74;59;87;59;59;246;52;52;63;212;89;53;67;52;90;52;58;67;244;92;52;52;56;52;88;86;90;201;52;72;270;52;93;57;92;79;52;95;53;53;84;54;168;93;111;101;202;90;52;52;52;53;86;53;90;53;62;52;67;52;53;53;62;52;62;52;86;55;64;115;55;95;88;95;95;53;52;52;52;52)
seed_20_level_6-4,1444,31424.191373348236,19035214,8679,(105;58;74;52;106;53;53;53;57;200;53;56;103;106;54;74;74;53;63;63;62;53;77;95;56;62;52;100;52;52;55;209;77;88;52;56;81;62;90;76;56;91;77;95;103;74;104;112;53;52;74;53;52;53;60;53;76;56;53;52;52;60;90;52;74;53;52;74;43;57;53;62;86;86;55;90;52;52;100;56;95;55;59;88;53;58;95;53;60;107;95;90;58;53;92;51;52;67;59;52;57;53;57;75;52;92;53;58;270;53;56;53;104;86;201;167;52;58;53;53;93;52;77;61;51;52;90;73;57;58;58;74;58;60;53;56;52;90;54;66;53;58;90;90;52;92;52;56;64;43)
seed_20_level_6-4,1444,31970.796965122223,19447946,8829,(95;52;75;95;87;77;100;56;88;59;100;63;107;68;58;53;44;56;53;90;52;93;42;52;202;202;91;58;53;59;55;52;58;59;52;61;53;78;57;56;52;53;82;106;42;52;56;52;109;75;52;52;95;59;57;52;88;54;59;202;201;56;104;56;53;80;56;69;53;58;52;58;53;62;54;56;53;90;56;57;55;52;55;57;53;55;55;43;58;58;53;52;53;79;86;56;57;56;202;93;93;58;59;52;52;52;56;54;80;56;62;88;56;93;58;98;53;62;85;76;62;56;93;58;63;53;52;55;92;64;53;57;64;88;52;59;53;53;55;53;56;77;56;53;55;56;90;53;52;53)
seed_20_level_6-4,1444,32539.042761564255,19936268,8979,(202;177;73;93;57;57;57;52;81;53;53;112;52;52;52;76;88;93;90;57;201;74;107;52;76;58;59;42;63;64;57;63;88;58;64;52;92;88;53;53;58;79;88;79;56;56;58;53;58;93;56;56;55;52;53;93;88;55;209;53;53;58;55;56;90;50;202;42;55;90;95;53;200;75;59;59;57;53;57;62;56;53;56;63;75;56;56;74;59;57;107;69;58;88;76;61;202;55;105;93;93;53;57;109;70;90;58;54;127;53;53;91;59;60;53;54;87;57;61;59;64;107;52;55;76;81;91;53;53;76;74;106;58;57;59;56;106;53;53;53;92;93;53;110;59;74;73;107;53;53)
seed_20_level_6-4,1444,33088.040702581406,20408770,9129,(91;54;107;74;56;104;63;88;55;56;93;63;74;106;57;91;58;55;53;225;52;93;76;75;107;107;52;106;107;91;57;53;56;54;91;54;52;52;81;56;201;52;57;58;57;56;53;57;110;56;56;57;75;56;53;74;53;74;53;42;87;77;74;53;57;52;57;55;56;86;53;52;56;107;74;202;52;53;75;52;52;64;52;56;93;59;90;53;93;55;57;58;74;54;52;53;58;75;52;94;74;52;53;58;52;52;57;93;74;57;59;90;66;94;54;202;52;56;58;200;93;57;88;200;92;53;56;64;107;53;53;88;57;55;95;74;52;53;53;53;59;53;57;90;101;56;57;74;90;100)
seed_20_level_6-4,1444,33647.51068305969,21049587,9279,(76;57;56;107;55;53;210;57;57;118;52;53;75;54;60;75;225;55;54;74;72;53;53;56;80;55;52;202;107;103;81;204;93;52;90;42;200;52;78;57;56;109;202;52;91;79;74;201;106;60;74;91;55;202;103;59;62;76;75;74;57;88;80;57;88;91;55;222;104;57;54;56;50;74;52;52;53;88;53;97;96;53;56;56;61;75;53;64;105;53;57;56;90;56;56;95;58;53;56;53;86;56;58;202;55;53;201;56;57;74;68;63;207;56;114;53;57;217;60;270;93;56;90;90;80;52;62;56;88;53;52;67;53;53;53;56;53;52;74;63;53;55;58;107;43;58;79;59;55;74)
seed_20_level_6-4,1444,34201.661336660385,21577989,9429,(79;56;63;56;102;93;88;52;56;56;52;55;87;52;62;90;95;52;70;52;53;93;56;65;53;56;53;74;74;58;92;58;56;59;59;42;56;93;53;57;56;90;53;56;53;88;58;57;54;53;88;59;67;56;57;53;56;200;59;92;57;54;74;79;67;110;57;53;52;79;62;52;53;76;57;80;91;57;52;56;74;159;55;57;74;58;53;58;57;77;105;57;58;53;58;74;74;55;202;202;202;65;93;90;53;64;52;58;57;57;89;58;92;74;54;57;53;201;57;203;57;77;91;57;54;55;61;57;88;75;74;81;203;78;54;55;57;88;94;56;114;73;53;168;44;55;231;59;201;76)
seed_20_level_6-4,1444,34771.41404724121,22241183,9579,(90;58;93;93;43;108;43;127;52;90;52;42;56;42;199;53;56;56;82;43;76;53;46;169;64;74;101;43;56;53;43;56;57;161;57;55;58;56;90;53;55;57;56;58;65;75;74;94;79;43;53;53;89;91;52;63;53;56;115;122;126;88;201;53;61;203;98;76;58;99;57;75;54;58;75;52;56;60;53;55;226;74;202;79;54;202;53;89;89;79;107;56;105;56;52;75;103;90;201;55;108;52;53;73;53;63;62;159;52;53;101;93;203;55;59;159;202;58;75;105;53;57;95;76;103;54;101;53;162;100;232;203;74;59;92;52;92;107;58;54;58;56;53;55;109;201;79;53;56;53)
seed_20_level_6-4,1444,35346.48313689232,22925249,9729,(61;53;93;95;52;63;248;56;202;52;57;206;53;56;56;107;56;87;52;79;65;65;43;57;93;77;202;88;88;52;116;57;91;90;53;200;61;42;67;52;57;93;167;52;53;126;55;79;56;46;52;126;90;65;55;90;91;58;52;46;56;46;63;53;68;53;53;223;202;107;58;101;57;203;88;52;52;161;103;57;57;53;204;159;106;56;88;107;42;53;53;53;61;106;52;59;61;201;217;162;59;91;52;212;73;53;58;62;54;71;54;162;61;89;55;160;57;109;201;53;57;53;56;65;107;52;95;53;53;88;62;57;107;52;57;76;77;56;58;57;53;116;59;59;57;58;63;92;60;56)
seed_20_level_6-4,1444,35933.40570497513,23787565,9879,(248;201;248;61;43;74;90;52;96;60;88;52;74;57;59;53;43;90;52;56;163;43;43;204;43;63;57;201;88;95;70;200;80;56;201;56;53;53;203;74;53;164;52;52;43;43;89;52;88;70;65;91;104;52;52;92;95;88;53;202;57;126;42;97;56;53;199;59;217;53;80;52;57;58;58;90;90;89;58;59;61;90;52;89;202;201;62;80;55;92;57;77;58;53;56;88;212;54;160;53;103;211;93;87;87;57;56;60;102;159;42;64;52;107;202;53;59;79;90;78;55;54;91;54;201;201;202;201;57;59;62;60;87;57;93;74;202;203;62;201;106;84;58;204;52;56;90;62;53;59)
seed_20_level_6-4,1444,36507.480679273605,24626454,10029,(95;81;53;56;58;56;58;248;58;57;58;202;58;70;90;199;52;65;72;62;65;53;95;52;59;216;58;53;63;58;90;42;202;53;53;206;52;53;52;63;59;53;205;53;66;205;58;58;56;74;53;200;53;59;92;160;53;205;53;53;162;99;53;99;101;58;203;57;56;67;90;201;68;75;53;54;199;58;57;53;102;207;96;53;59;120;54;55;53;58;207;75;91;78;62;89;201;74;230;53;102;53;202;93;57;73;201;163;172;52;53;58;57;65;53;55;53;42;68;101;212;58;61;53;53;203;71;56;59;54;205;61;59;63;57;52;60;97;62;171;77;86;52;114;52;52;58;54;166;201)
seed_20_level_6-4,1444,37089.132262945175,25531651,10179,(248;206;248;75;42;63;58;59;206;101;60;57;93;88;56;101;52;43;206;59;53;56;52;75;88;102;206;42;62;59;42;214;93;65;52;57;74;58;53;58;78;57;88;78;67;56;53;42;95;42;75;63;59;107;71;128;206;53;92;42;90;101;130;74;74;214;53;78;63;206;58;207;79;66;59;63;105;199;57;52;65;202;58;101;270;57;58;57;52;52;106;89;246;202;53;80;91;57;58;107;57;57;57;61;62;107;59;101;52;65;202;59;52;207;52;167;80;202;52;53;200;57;59;75;52;66;59;53;108;58;73;88;100;44;57;93;202;56;160;202;201;81;88;53;202;53;64;71;93;219)
seed_20_level_6-4,1444,37671.75849986076,26321978,10329,(248;204;57;64;56;63;53;42;57;58;84;53;53;63;92;81;57;88;202;58;53;53;58;77;67;52;53;53;42;53;58;200;52;57;78;53;63;52;171;200;56;107;53;52;58;69;63;213;78;42;74;123;52;124;55;92;52;54;206;206;74;201;88;63;52;65;52;52;53;86;98;66;53;202;86;52;93;42;52;270;57;60;101;52;202;79;52;59;90;52;59;59;220;95;100;57;68;57;52;52;53;73;73;201;57;95;52;52;74;52;201;58;52;57;57;107;59;54;102;53;57;57;201;66;57;96;235;52;160;53;74;60;57;203;89;57;172;52;104;160;201;88;52;52;86;112;55;59;98;201)
seed_20_level_6-4,1444,38263.3616604805,27288322,10479,(184;56;53;62;54;90;206;74;63;42;56;86;43;63;100;78;59;58;202;59;53;57;82;95;55;206;201;212;43;203;207;121;61;89;90;87;52;59;73;92;52;53;56;57;52;42;165;58;206;53;59;65;202;42;59;58;59;199;108;56;59;90;74;160;202;73;53;62;63;55;270;106;89;53;53;52;86;69;63;52;97;54;73;53;88;56;201;57;250;57;66;97;102;201;57;52;86;64;52;55;90;201;95;53;57;44;100;53;53;89;201;42;201;53;108;87;207;56;62;58;53;212;52;201;207;203;121;172;201;52;241;61;201;88;57;57;93;57;52;201;165;207;52;60;107;98;92;56;52;73)
seed_20_level_6-4,1444,38836.53362989426,28099028,10629,(206;52;56;53;56;56;66;58;56;53;206;56;205;202;78;52;59;73;62;56;53;61;55;52;103;67;92;57;63;160;58;105;82;84;59;57;202;201;94;201;57;43;58;53;55;65;90;43;94;56;94;62;117;53;59;56;62;59;61;94;74;74;43;43;59;42;199;52;201;90;53;54;90;58;56;90;201;68;102;62;52;88;52;75;66;57;109;73;57;66;202;56;270;161;202;53;71;57;108;53;101;68;95;81;54;107;214;63;53;59;201;52;106;90;53;97;201;53;91;88;86;52;52;164;59;246;96;60;53;53;54;201;59;91;160;201;68;59;63;106;57;59;202;63;101;52;202;101;52;52)
seed_20_level_6-4,1444,39430.94687581062,29052623,10779,(62;56;206;52;53;58;53;56;206;55;55;202;52;89;81;206;104;53;56;53;199;94;52;55;53;56;88;53;200;207;78;202;202;55;53;56;58;56;81;56;56;201;99;53;202;206;201;56;57;53;77;107;52;67;56;65;202;55;75;42;56;56;246;207;54;53;57;107;98;91;58;57;52;237;52;91;52;54;53;58;57;98;53;168;53;59;210;160;46;87;201;53;57;89;207;53;59;57;201;57;202;63;56;66;57;52;213;202;201;57;203;81;106;53;86;59;57;52;59;59;59;58;52;52;86;53;57;57;202;108;57;60;65;52;160;53;56;53;201;58;270;58;215;57;52;201;52;100;53;52)
seed_20_level_6-4,1444,40014.84378743172,29994258,10929,(78;67;206;159;201;53;207;160;201;58;206;207;78;91;201;66;93;52;62;201;79;62;52;53;201;201;52;53;56;57;90;62;78;56;78;206;67;73;88;160;60;58;56;53;207;52;61;58;159;62;53;56;90;78;90;52;56;52;62;93;52;67;67;52;53;53;89;43;237;203;93;63;52;57;223;52;91;57;212;201;57;255;57;112;54;52;91;61;53;57;63;90;73;207;207;174;52;52;63;93;57;91;62;52;168;57;82;64;52;53;248;56;53;63;93;46;207;202;226;55;59;107;57;59;58;59;57;58;53;79;171;57;57;52;88;86;70;76;57;91;202;97;106;107;167;58;56;54;53;161)
seed_20_level_6-4,1444,40615.5648765564,31137499,11079,(90;57;66;58;55;52;224;168;202;246;58;63;53;58;52;169;107;53;57;202;160;72;58;202;58;89;55;57;93;53;58;98;88;204;200;207;54;202;201;222;58;53;43;76;170;201;46;108;52;70;52;70;74;95;204;67;164;207;52;201;203;52;63;81;57;66;56;73;202;204;53;107;59;73;56;56;58;201;58;76;57;65;55;56;81;53;164;207;206;206;59;73;103;58;207;58;58;59;104;80;58;56;56;206;93;88;52;52;201;206;52;88;80;52;237;249;201;207;44;52;57;52;52;58;207;166;237;58;43;52;52;76;63;270;89;160;71;57;160;42;52;52;251;57;108;52;202;42;74;57)
seed_20_level_6-4,1444,41224.881803035736,32334978,11229,(201;220;87;87;89;204;270;94;201;161;58;58;52;94;52;269;211;203;222;90;201;202;216;212;106;52;201;170;201;73;52;201;60;64;53;52;53;58;52;65;202;63;61;53;65;207;100;95;62;53;207;62;201;163;206;159;78;206;201;134;79;52;94;54;73;207;81;73;201;160;52;165;92;56;165;201;52;202;201;206;206;56;88;44;95;88;63;107;52;43;89;58;52;64;58;59;90;57;52;57;171;107;217;59;160;77;172;106;61;218;52;63;44;216;60;79;88;67;75;58;75;55;199;57;63;58;53;94;59;270;57;52;57;57;63;53;109;204;53;57;57;61;52;52;57;59;93;52;79;99)
seed_20_level_6-4,1444,41832.85131239891,33573394,11379,(270;207;202;57;75;86;61;63;56;202;223;98;88;53;62;160;202;57;92;57;88;59;54;77;207;166;201;202;79;221;207;107;88;57;91;206;90;53;57;112;95;57;57;95;53;42;62;75;61;68;201;94;201;53;97;56;206;53;56;207;74;57;53;57;201;57;55;201;91;206;52;42;94;92;57;81;202;58;56;57;95;58;63;52;57;67;207;73;201;207;207;63;52;63;53;202;58;59;57;207;159;165;172;75;52;57;44;270;94;207;52;216;94;107;52;58;88;162;42;201;210;53;52;225;63;53;52;53;253;53;53;207;207;246;92;252;44;52;259;201;96;53;60;73;93;74;53;52;74;166)
seed_20_level_6-4,1444,42445.05859518051,34805135,11529,(170;88;59;54;65;56;207;57;75;112;86;52;57;59;59;219;61;139;202;61;59;53;212;54;60;57;91;57;57;165;207;64;109;194;58;53;55;108;53;62;57;202;53;57;56;221;59;202;53;159;58;73;270;95;78;206;201;207;58;58;52;58;57;52;63;201;206;165;57;63;55;201;90;159;75;64;207;94;55;159;88;52;96;57;58;58;74;73;163;202;52;52;206;52;243;52;201;58;56;52;216;81;52;54;52;93;58;220;203;73;59;52;64;53;225;161;203;53;42;213;202;52;201;52;202;245;54;202;52;244;201;59;53;42;52;42;78;203;201;54;201;77;203;62;201;52;75;97;179;248)
seed_20_level_6-4,1456,43050.68706536293,35855099,11680,(165;54;210;56;59;202;57;213;212;56;202;108;202;56;75;93;93;75;57;73;57;202;58;56;202;53;61;270;201;53;57;161;60;57;58;94;88;218;62;57;57;164;52;58;57;53;243;52;201;52;52;66;52;53;53;59;73;56;52;62;58;61;52;52;52;52;58;59;57;56;207;57;63;201;63;58;87;55;55;52;53;58;94;57;201;52;53;58;56;61;58;52;58;61;88;57;61;202;89;96;54;61;58;201;168;108;90;202;201;52;92;164;42;161;254;61;54;54;74;204;214;66;99;248;201;52;201;160;158;61;53;90;207;57;52;160;88;239;58;160;54;75;42;77;59;80;43;255;58;100;202)
seed_20_level_6-4,1456,43651.541076898575,36942516,11830,(103;73;43;52;202;54;79;75;73;206;52;52;89;160;206;55;206;100;52;207;75;52;92;67;120;73;201;57;52;52;73;165;201;78;201;57;83;58;52;201;206;52;163;57;57;272;53;57;80;53;56;57;53;273;63;66;57;109;202;88;63;53;91;58;92;101;96;90;53;103;53;57;51;57;57;57;59;88;202;42;57;58;56;215;53;90;57;98;57;53;167;55;159;57;255;53;60;203;53;202;52;73;58;52;75;201;57;201;56;201;57;78;208;201;73;73;92;206;164;57;60;42;54;210;202;56;78;53;57;59;95;53;201;54;53;78;273;216;54;52;85;73;201;87;211;73;247;203;53;54)
seed_20_level_6-4,1456,44244.208169937134,37984953,11981,(272;57;88;57;57;273;52;57;86;165;57;216;207;53;66;93;57;273;88;87;96;57;202;202;57;57;53;57;63;109;79;57;57;53;93;57;91;79;57;53;91;57;202;88;56;206;117;206;73;207;62;89;59;106;52;65;63;65;202;163;201;206;53;206;56;63;73;56;201;61;56;88;57;61;58;53;52;94;73;56;52;114;78;52;73;52;52;58;58;206;58;49;207;61;255;202;58;53;56;211;53;59;201;52;52;213;52;56;73;56;246;58;52;60;42;43;58;57;52;43;54;58;52;90;273;52;53;52;53;53;57;62;202;43;206;53;61;212;57;202;52;210;167;52;58;201;54;53;52;206;109)
seed_20_level_6-4,1456,44848.66731929779,39097689,12131,(255;210;204;52;52;52;58;52;160;201;201;58;164;53;53;57;201;171;52;52;95;59;173;52;201;59;218;166;251;59;52;63;43;52;93;52;90;53;66;62;158;207;59;203;58;42;161;245;213;212;52;89;95;272;53;59;59;273;76;273;43;209;202;57;53;210;79;207;91;59;76;54;73;57;202;58;57;57;86;159;93;69;81;75;81;91;105;93;53;58;100;160;55;96;60;57;207;75;86;213;206;88;165;57;58;52;73;53;61;201;62;56;55;62;92;59;73;52;56;206;53;73;54;61;52;206;58;73;201;58;62;58;56;53;164;52;86;56;103;86;57;56;52;52;53;53;206;206;52;62)
seed_20_level_6-4,1456,45452.767179727554,40237075,12281,(206;206;62;52;100;89;201;61;92;99;58;57;56;52;206;52;73;56;206;206;73;201;53;86;52;53;73;103;52;65;55;74;206;55;52;52;62;88;201;53;78;91;78;62;52;73;272;59;88;52;58;91;57;100;74;73;74;57;202;202;57;57;64;58;75;52;75;202;218;43;57;100;53;52;58;57;59;59;88;232;96;159;202;64;204;86;202;53;101;52;86;57;166;73;43;255;244;252;97;59;52;161;158;57;78;93;202;52;52;52;160;213;246;53;210;101;52;210;73;210;90;57;204;94;52;73;202;58;56;273;168;60;55;88;166;89;202;52;60;201;88;52;86;73;202;52;52;74;201;78)
seed_20_level_6-4,1456,46064.05915093422,41566291,12430,(206;53;56;66;53;53;206;92;206;53;62;201;99;206;92;100;53;61;201;57;52;52;206;57;201;201;55;206;55;52;94;53;61;52;111;160;206;94;65;86;78;78;62;206;62;101;57;52;57;207;270;42;77;53;80;230;202;160;217;80;63;91;101;63;97;93;57;93;57;43;52;88;57;213;53;75;53;207;167;52;201;164;111;273;64;93;53;102;53;201;202;164;255;63;107;74;212;55;54;174;56;61;114;201;59;57;213;73;202;220;211;270;52;75;73;89;63;52;201;59;203;55;42;222;207;42;53;90;201;207;211;57;59;52;59;94;75;201;74;87;210;52;56;201;201;55;250;203;101)
seed_20_level_6-4,1456,46686.491857767105,42938253,12580,(206;92;52;56;78;206;55;55;58;92;53;207;92;58;52;59;56;73;61;53;92;79;92;53;58;92;53;53;73;55;206;206;206;55;206;78;67;201;62;206;78;53;55;206;53;201;159;54;202;73;202;52;52;232;53;58;101;61;207;273;201;58;77;73;88;239;53;63;271;220;213;161;201;87;58;57;59;61;73;74;96;57;57;94;43;93;53;210;210;86;106;212;222;190;76;248;73;52;53;58;59;52;57;206;57;87;57;212;86;203;52;201;201;213;201;62;57;201;201;55;269;52;201;206;58;52;52;252;89;201;202;159;90;56;201;53;90;94;250;52;90;61;53;55;202;89;89;53;247;201)
seed_20_level_6-4,1456,47298.66171884537,44160226,12730,(206;89;78;206;53;78;164;164;53;95;201;163;201;78;202;63;206;165;225;53;73;206;73;92;73;53;53;52;52;62;53;78;206;92;53;206;53;78;206;53;206;202;56;55;75;52;53;106;42;54;74;273;101;273;244;89;64;59;54;42;272;56;53;53;93;57;43;205;55;87;111;202;56;89;57;78;201;202;273;90;96;58;53;57;273;211;106;102;162;58;203;59;161;52;42;100;57;43;53;57;73;206;63;99;210;58;201;57;202;78;105;43;94;52;211;57;73;73;53;52;159;62;207;60;212;100;208;201;100;43;56;43;89;94;95;45;58;43;43;52;167;202;52;88;203;52;71;62;57;201)
seed_20_level_6-4,1456,47920.14750576019,45457579,12880,(212;57;59;90;222;225;42;57;56;52;57;65;224;89;66;57;86;52;42;56;99;52;42;52;42;73;95;201;74;201;78;210;99;246;213;53;160;216;219;52;168;201;57;210;158;52;42;201;206;52;75;52;89;273;58;102;59;52;114;202;202;53;203;42;52;271;93;102;201;95;213;91;53;90;58;103;59;52;203;160;53;52;88;210;52;59;53;273;52;53;54;56;92;104;172;52;57;203;160;88;238;202;56;58;94;94;86;206;94;206;89;86;164;53;52;206;159;106;105;53;206;58;206;55;75;202;94;73;81;94;100;206;53;52;206;95;206;53;78;206;78;83;99;201;58;52;201;58;164;92)
seed_20_level_6-4,1456,48504.64580368996,46399836,13029,(91;202;89;167;88;63;52;108;53;202;202;203;52;100;59;63;87;202;52;118;93;54;207;57;52;62;42;74;53;53;57;87;94;53;93;203;59;76;207;159;160;59;53;53;100;91;86;53;246;45;86;92;201;207;201;206;89;52;59;106;90;59;165;101;61;86;57;59;246;201;59;74;159;93;52;201;97;102;93;119;73;160;86;164;86;158;57;58;59;59;167;53;57;158;86;57;160;78;55;74;58;105;53;53;78;63;206;57;66;62;73;80;52;78;201;53;100;53;90;53;55;78;58;206;52;52;78;88;105;52;78;58;73;53;52;206;164;52;53;206;73;103;244;73;89;53;63;52;73)
seed_20_level_6-4,1456,49152.72259545326,47986577,13179,(75;202;201;63;207;78;201;53;55;163;106;113;164;80;206;58;105;202;78;92;94;53;53;201;79;206;61;78;78;201;73;53;58;61;58;207;73;206;74;201;75;56;52;61;52;61;80;202;203;204;203;68;159;102;217;88;53;64;270;57;53;212;52;84;207;62;90;271;57;73;65;213;200;43;88;233;271;204;91;207;75;103;63;162;163;203;73;81;273;76;64;202;220;102;56;232;202;246;160;208;206;201;90;60;87;106;202;92;159;57;160;102;62;102;246;206;273;52;67;52;57;55;56;57;103;159;57;227;218;207;90;214;205;53;201;106;52;53;57;59;201;73;201;246;220;98;106;169;203;52)
seed_20_level_6-4,1458,49761.79270911217,49230349,13329,(73;164;53;94;92;79;206;99;53;96;56;100;53;56;78;78;53;53;88;53;55;206;76;164;57;92;206;206;78;58;201;90;55;201;52;53;90;106;53;206;81;73;81;61;105;207;246;99;201;59;45;230;59;246;202;269;57;102;53;65;43;59;201;79;160;55;90;201;55;92;42;90;244;53;89;59;52;218;57;59;210;96;201;344;87;59;58;85;59;88;52;106;60;89;201;57;55;52;233;271;86;201;54;269;98;100;52;270;59;53;212;100;56;42;201;88;42;198;54;54;62;162;87;61;57;59;89;90;88;53;101;101;212;62;52;213;203;73;89;58;201;57;270;205;54;86;67;68;76;54)
seed_20_level_6-4,1458,50356.27588939667,50092264,13480,(78;52;92;56;78;60;73;53;92;74;56;67;53;73;87;111;62;62;92;105;53;78;90;201;53;92;55;92;56;242;53;56;74;86;57;86;90;56;55;86;105;53;163;53;62;53;90;219;92;54;91;66;61;52;88;66;201;98;201;59;59;59;52;75;61;52;86;74;55;59;52;172;53;75;53;52;91;159;52;75;52;215;75;73;86;52;42;54;201;202;62;54;64;62;52;58;201;52;344;57;63;52;102;91;55;238;88;59;201;80;57;164;59;59;63;59;86;53;59;53;56;62;57;61;62;201;42;64;89;57;57;52;254;51;201;160;207;55;69;42;203;201;227;58;91;57;201;53;106;201;55)
seed_20_level_6-4,1458,50951.503826379776,51107492,13630,(62;90;206;90;56;62;88;88;55;56;202;52;90;59;56;75;53;53;93;100;92;53;206;202;56;206;88;57;53;90;53;206;206;58;163;73;90;202;52;92;78;64;53;58;62;163;52;57;56;92;80;62;100;53;54;201;161;63;86;271;88;94;201;159;86;53;89;86;100;276;232;201;68;53;233;62;201;79;42;201;105;201;61;86;62;88;203;52;90;210;87;54;201;88;52;160;77;52;92;56;89;73;58;63;222;61;73;45;87;57;57;202;201;86;86;94;93;200;42;112;58;52;59;60;57;57;73;161;59;43;60;88;157;86;89;57;57;59;89;163;201;74;210;53;52;63;51;159;93;96)
seed_20_level_6-4,1458,51546.65889406204,52173962,13780,(66;201;92;56;56;56;74;53;74;78;67;201;56;105;105;92;53;53;74;105;52;53;202;66;206;105;56;52;73;53;74;206;78;78;90;78;105;52;78;55;76;78;73;78;58;105;53;92;99;88;61;55;92;52;63;56;52;201;73;52;206;53;53;78;78;53;105;78;232;63;206;202;162;201;272;56;52;57;61;52;202;210;161;201;52;201;73;54;53;62;158;43;54;270;86;203;65;55;79;106;86;88;161;54;208;74;232;67;202;207;86;62;52;59;54;201;73;59;232;75;91;73;218;77;52;202;207;271;81;52;52;93;159;101;201;74;55;57;52;52;52;57;96;83;53;202;52;201;161;77)
seed_20_level_6-4,1458,52143.20170259476,53288292,13930,(206;52;90;73;56;107;53;202;53;79;105;63;74;95;61;74;76;101;105;100;52;54;88;57;201;54;56;201;78;201;201;53;52;78;73;53;55;95;57;53;53;78;90;57;77;102;90;86;206;64;79;88;63;73;101;73;52;74;164;107;52;78;201;56;65;232;59;90;201;52;88;230;217;56;162;53;212;52;74;53;271;201;201;56;243;52;68;53;54;203;73;203;90;52;58;52;202;55;159;54;210;92;86;52;57;218;52;65;53;201;201;52;57;159;52;58;202;52;276;73;212;42;75;86;58;202;201;86;53;95;86;202;161;203;89;52;67;201;52;89;212;52;86;52;42;106;52;61;269;53)
seed_20_level_6-4,1458,52728.93544125557,54287372,14080,(78;56;78;74;90;78;88;206;90;57;56;53;73;78;52;199;206;52;59;53;78;201;202;206;78;62;61;100;78;201;90;78;206;202;206;62;53;90;56;58;57;206;73;201;202;90;57;89;87;78;58;201;58;61;53;53;55;56;58;78;88;73;55;61;57;58;232;73;52;57;53;42;42;62;52;52;54;161;98;52;217;51;52;58;271;52;54;163;53;53;42;201;56;57;77;52;270;203;117;74;88;61;63;52;53;57;97;89;68;64;201;53;57;204;88;52;53;52;203;52;93;52;54;61;58;88;207;218;276;52;53;52;92;62;201;201;86;95;52;59;279;52;58;158;93;56;53;230;61;58)
seed_20_level_6-4,1458,53335.56608915329,55455783,14230,(218;75;86;231;204;52;93;62;52;74;73;57;270;53;52;53;166;62;42;62;159;204;52;218;201;52;166;73;52;56;202;63;202;86;270;93;52;88;201;202;52;106;159;270;87;217;201;52;159;53;52;68;218;202;52;52;89;175;273;57;52;58;42;57;54;59;52;73;55;62;270;64;88;52;160;42;203;52;206;58;134;201;58;78;78;92;63;78;52;207;206;86;100;52;88;201;73;79;206;43;73;73;56;58;206;90;88;159;91;56;107;73;201;201;90;100;90;100;92;78;58;60;100;53;58;57;56;76;78;201;206;202;86;58;100;63;57;78;58;206;52;202;61;90;88;63;52;64;58;52)
seed_20_level_6-4,1458,53923.71632695198,56395421,14380,(78;201;73;78;58;73;92;73;114;42;78;78;74;73;88;58;73;58;92;56;106;105;58;63;105;201;201;73;201;100;73;63;61;67;52;81;73;53;82;78;201;56;201;201;52;206;52;73;74;73;202;202;201;73;52;73;58;57;206;78;58;201;73;75;58;92;78;201;78;206;158;52;58;77;88;54;92;86;64;86;57;68;52;52;53;201;201;54;202;53;204;52;64;54;52;89;270;42;75;272;77;202;52;52;93;73;57;86;159;59;66;58;104;78;203;88;54;52;60;75;54;58;53;76;207;86;52;90;53;57;201;102;62;201;54;75;90;92;159;43;243;73;54;88;164;86;52;57;56;53)
seed_20_level_6-4,1458,54513.451481580734,57512631,14530,(86;52;88;62;52;92;201;202;57;58;88;52;62;217;272;272;55;210;52;90;218;52;52;64;52;57;86;58;202;75;201;91;201;272;57;230;53;53;58;62;52;57;52;89;61;58;43;52;53;276;55;54;276;91;52;57;55;52;62;62;52;86;53;57;52;212;58;52;63;42;52;54;58;89;73;201;201;53;201;201;87;43;201;52;53;58;58;206;58;63;206;73;58;92;61;58;201;78;100;73;206;206;55;201;202;58;201;100;58;42;79;73;73;201;52;56;73;201;53;60;88;78;73;53;58;105;73;73;201;74;78;62;93;91;201;201;78;61;73;201;74;52;74;73;58;201;206;206;201;52)
seed_20_level_6-4,1458,55109.4189388752,58560780,14680,(230;59;91;272;159;53;58;52;201;52;52;58;73;52;59;52;57;106;91;272;207;53;165;64;104;52;207;53;54;58;98;57;54;57;43;60;204;207;204;52;59;90;276;56;74;52;58;52;76;58;53;56;62;63;207;62;57;201;201;165;169;88;53;101;164;220;90;52;58;158;58;106;206;58;53;78;73;94;164;206;112;60;61;70;92;63;109;55;105;52;66;101;81;86;73;201;110;66;73;78;56;42;163;90;86;201;86;52;53;206;52;201;81;63;74;201;201;52;100;80;67;74;53;53;73;78;53;63;201;74;206;201;201;53;56;42;53;61;89;55;63;61;201;62;58;202;201;206;42;43)
seed_20_level_6-4,1458,55703.78709125519,59679932,14830,(206;74;73;78;75;53;92;158;73;53;78;159;73;58;61;63;53;201;63;60;86;52;100;81;106;61;58;202;52;62;93;52;58;161;78;81;74;63;58;88;53;73;201;73;73;58;79;58;79;53;107;56;73;206;201;67;58;58;61;52;74;56;100;75;100;73;100;75;202;61;206;58;61;89;74;89;90;230;54;74;55;53;56;53;174;57;76;52;87;269;57;52;271;89;52;272;55;54;52;168;53;59;56;52;42;93;55;57;52;59;52;52;59;59;270;202;53;62;271;54;271;162;204;202;53;101;53;89;201;203;203;270;89;88;52;53;203;54;272;201;53;53;59;260;270;202;52;202;62;201)
seed_20_level_6-4,1458,56313.01621079445,60928624,14980,(78;53;201;86;201;58;56;53;201;53;63;58;52;52;201;86;58;74;86;53;53;201;201;52;56;100;206;78;78;160;53;101;201;206;60;56;134;63;206;86;73;101;56;73;73;56;78;58;86;167;58;53;202;201;58;86;207;63;53;59;206;201;53;201;206;88;201;52;98;206;201;56;161;53;232;60;52;203;58;58;272;202;52;53;54;52;53;202;59;57;53;160;63;276;59;202;57;91;52;59;274;88;67;57;270;211;276;54;201;62;63;171;57;58;95;91;53;271;88;61;221;57;57;53;88;167;57;55;52;57;160;52;201;57;53;53;54;202;270;74;55;54;201;73;219;51;57;51;102;57)
