seed_20_level_4-1,2416,581.779515504837,869747,150,(110;109;63;109;109;109;250;44;49;99;92;124;124;46;124;124;124;44;124;124;124;124;124;44;44;46;124;44;44;124;124;63;124;97;100;44;124;55;44;240;63;42;42;42;100;100;100;100;100;42;100;42;100;100;246;42;56;63;100;100;42;89;100;59;46;42;97;100;42;100;42;100;81;100;43;44;42;71;42;100;112;100;70;100;42;100;42;44;100;100;42;100;42;94;237;100;61;100;100;70;102;43;42;100;72;100;100;100;59;42;52;244;45;43;100;100;100;45;65;72;105;100;52;42;100;100;43;100;100;100;42;54;63;100;241;71;619;102;102;64;45;102;102;44;44;44;49;117;44;69)
seed_20_level_4-1,2416,1201.1766681671143,1574653,308,(44;44;44;44;44;44;44;44;44;44;44;44;44;44;44;45;45;44;44;44;44;44;44;44;44;44;44;44;44;44;44;44;44;45;45;44;45;45;44;49;47;47;47;49;49;49;49;51;57;57;61;61;64;67;68;69;70;70;71;71;71;78;78;79;80;80;81;81;102;98;102;102;97;102;102;102;102;102;102;102;102;102;102;105;102;102;102;102;102;102;102;102;102;102;103;102;102;102;102;102;102;102;100;102;329;102;102;102;102;102;102;62;102;102;102;102;102;102;102;102;102;102;102;102;102;102;102;102;102;102;102;102;64;67;102;97;260;96;110;102;67;68;110;72;102;99;66;87;102;240;103;240;102;246;61;76;102;236)
seed_20_level_4-1,2416,1819.8301556110382,2309334,464,(44;44;44;44;44;44;44;44;44;44;44;44;44;44;44;44;44;44;44;44;44;44;44;44;44;44;44;44;44;44;45;44;44;44;45;45;45;45;45;47;49;49;47;49;49;49;53;51;57;57;61;61;64;67;68;69;70;70;71;71;71;78;78;79;80;80;81;81;98;102;102;102;102;102;102;102;102;102;102;102;102;102;102;102;114;222;102;102;102;102;102;102;102;102;102;102;102;102;102;102;102;102;102;102;102;102;102;102;102;102;102;102;102;102;102;102;102;102;102;102;102;102;102;102;101;102;113;102;88;67;102;94;70;62;102;105;73;239;96;59;102;112;102;235;236;246;45;240;49;240;226;260;102;102;102;75)
seed_20_level_4-1,2416,2439.9230852127075,3023701,622,(44;44;44;44;44;44;44;44;44;44;44;44;44;44;44;44;44;44;44;44;44;44;44;44;44;44;44;44;44;44;44;44;44;44;45;45;45;45;45;49;49;49;47;49;47;49;51;49;57;57;61;61;64;67;68;69;70;70;71;71;71;78;78;79;80;80;81;81;98;102;54;102;102;102;102;102;102;102;102;102;102;102;102;102;102;102;102;102;102;102;102;102;102;102;102;102;102;102;102;102;102;102;102;102;103;102;102;102;102;102;102;102;102;102;102;102;102;102;102;102;102;102;102;102;73;102;102;102;97;99;68;79;249;96;102;237;237;73;113;232;67;102;246;102;102;240;251;102;60;102;102;102;139;114;111;102;96;102)
seed_20_level_4-1,2416,3051.5377311706543,3643147,779,(44;44;44;44;44;44;44;44;44;44;44;44;44;44;44;44;44;44;44;44;44;44;44;44;44;44;44;44;44;44;45;45;44;45;44;45;45;45;44;49;47;49;47;49;47;47;49;118;54;57;57;61;61;64;67;68;69;70;70;71;71;71;78;78;79;80;80;81;81;98;101;102;102;102;102;102;102;102;102;102;102;102;102;102;102;102;102;102;102;102;102;102;102;102;102;102;102;102;102;102;102;102;102;102;102;102;102;102;102;102;102;102;102;102;102;102;102;102;102;102;102;102;102;102;102;60;62;72;102;102;60;102;105;79;120;97;226;111;236;99;59;114;97;99;51;102;102;84;80;110;102;237;63;102;102;249;47)
seed_20_level_4-1,2416,3658.567372560501,4271309,933,(44;44;44;44;44;44;44;44;44;44;44;44;44;44;44;44;44;44;44;44;44;44;44;44;44;44;44;44;44;44;44;45;45;45;45;45;44;45;45;47;47;47;47;49;47;47;53;54;57;57;61;61;64;67;68;69;70;70;71;71;71;78;78;79;80;80;81;81;85;260;98;102;102;102;102;102;102;102;102;102;102;102;102;102;102;102;102;102;102;102;102;102;102;102;102;102;102;102;102;102;102;102;102;102;102;102;102;102;102;102;102;102;102;102;102;102;102;102;102;102;102;102;102;102;89;102;100;102;102;102;74;102;113;240;102;102;102;110;129;94;75;51;117;67;97;110;249;234;70;102;102;100;96;102)
seed_20_level_4-1,2416,4263.48376584053,4920873,1087,(44;44;44;44;44;44;44;44;44;44;44;44;44;44;44;44;44;44;44;44;44;44;44;44;44;44;44;44;44;44;44;45;44;44;44;45;44;44;44;49;47;49;49;47;49;47;118;53;98;57;57;61;61;64;67;68;69;70;70;71;71;71;78;78;79;80;80;81;81;98;102;102;102;102;102;102;102;102;102;102;102;102;102;102;102;102;102;102;102;102;102;102;102;102;102;102;102;102;102;102;102;102;102;102;102;102;102;102;102;102;102;102;102;102;102;102;102;102;102;102;102;102;102;104;102;102;102;62;102;99;70;97;76;102;246;100;102;114;102;64;67;117;60;102;232;102;111;240;61;250;102;102;260;75)
seed_20_level_4-1,2416,4862.04832816124,5586178,1241,(44;44;44;44;44;44;44;44;44;44;44;44;44;44;44;44;44;44;44;44;44;44;44;44;44;44;44;44;44;44;45;45;45;45;45;45;45;45;45;47;49;47;49;49;49;49;53;57;57;61;61;64;67;68;69;70;70;71;71;71;78;78;79;80;80;81;81;98;102;101;102;102;102;102;102;102;102;102;102;102;102;102;102;102;102;102;102;102;102;102;102;102;102;102;102;102;102;102;102;102;102;102;102;102;102;102;102;102;102;102;102;102;102;102;102;102;102;102;102;102;102;102;102;102;227;102;67;226;102;72;97;105;65;60;102;102;70;231;102;97;115;118;102;68;111;250;59;102;260;75;112;102;246;84)
seed_20_level_4-1,2416,5467.4627323150635,6218110,1397,(44;44;44;44;44;44;44;44;44;44;44;44;44;44;44;44;44;44;44;44;44;44;44;44;44;44;44;44;44;44;44;45;44;45;44;44;45;45;44;49;49;49;49;49;49;49;53;57;57;61;61;64;67;68;69;70;70;71;71;71;78;78;79;80;80;81;81;98;101;54;102;102;102;102;102;102;102;102;102;102;102;102;102;102;102;102;102;102;102;102;102;102;102;102;102;102;102;102;102;102;102;102;102;102;102;102;102;102;102;102;102;102;102;102;102;102;102;102;102;102;102;102;103;102;102;102;89;62;100;104;61;72;102;117;120;102;70;102;112;102;51;100;102;236;251;102;107;93;227;102;105;117;250;81;96;94)
seed_20_level_4-1,2416,6085.417234182358,6852033,1553,(44;44;44;44;44;44;44;44;44;44;44;44;44;44;44;44;44;44;44;44;44;44;44;44;44;44;44;44;44;44;44;44;45;45;44;44;45;45;45;49;49;49;47;47;47;49;51;53;102;57;57;61;61;64;67;68;69;70;70;71;71;71;78;78;79;80;80;81;81;98;101;102;102;102;102;102;102;104;102;102;102;102;102;102;102;102;102;102;102;102;102;102;102;102;102;102;102;102;102;102;102;102;102;102;102;102;102;102;102;102;102;102;102;102;102;102;102;102;102;102;102;102;102;102;60;239;102;102;102;95;97;102;113;102;237;58;246;122;75;109;102;89;96;103;99;98;99;114;88;103;251;97;102;77;111;62)
seed_20_level_4-1,2416,6685.823089122772,7465528,1708,(44;44;44;44;44;44;44;44;44;44;44;44;44;44;44;44;44;44;44;44;44;44;44;44;44;44;44;44;44;44;45;44;45;44;45;45;45;44;45;49;49;47;49;49;47;47;51;53;57;57;61;61;64;67;68;69;70;70;71;71;71;78;78;79;80;80;81;81;102;98;102;54;102;102;102;102;102;102;102;102;102;102;102;102;102;102;102;102;102;102;102;102;102;102;102;102;102;102;102;102;102;102;102;102;102;102;102;102;102;102;102;102;102;102;102;102;102;102;102;102;102;102;102;102;102;102;105;102;102;102;111;59;102;78;105;120;117;237;89;102;108;103;102;113;102;102;97;260;118;70;102;239;102;85;102)
seed_20_level_4-1,2416,7280.315071105957,8084142,1861,(44;44;44;44;44;44;44;44;44;44;44;44;44;44;44;44;44;44;44;44;44;44;44;44;44;44;44;44;44;44;44;44;44;45;45;44;44;45;45;49;47;47;49;49;47;49;118;53;102;57;57;61;61;64;67;68;69;70;70;71;71;71;78;78;79;80;80;81;81;98;102;102;102;102;102;102;102;102;102;102;102;102;102;102;102;102;102;102;102;102;102;102;102;102;102;102;102;102;102;102;102;102;102;102;102;102;102;102;102;102;102;102;102;102;102;102;102;102;102;102;102;102;102;102;102;74;102;62;102;222;115;102;102;72;85;96;111;103;67;102;112;102;97;102;105;97;235;102;240;260;44;97;97)
seed_20_level_4-1,2416,7889.6666378974915,8708975,2016,(44;44;44;44;44;44;44;44;44;44;44;44;44;44;44;44;44;44;44;44;44;44;44;44;44;44;44;44;44;44;45;45;44;45;44;45;45;44;45;47;49;47;49;47;49;49;53;57;57;61;61;64;67;68;69;70;70;71;71;71;78;78;79;80;80;81;81;98;54;227;102;102;102;102;102;102;102;102;102;102;102;102;102;102;102;102;102;102;102;102;102;102;102;102;102;102;102;102;102;102;102;102;102;102;102;102;102;102;102;102;102;102;102;102;102;102;102;102;102;102;102;102;102;102;102;102;102;102;102;66;114;74;102;62;246;70;106;117;102;102;102;108;99;103;68;102;59;260;246;106;47;102;102;110;68)
seed_20_level_4-1,2416,8483.78597354889,9275036,2170,(44;44;44;44;44;44;44;44;44;44;44;44;44;44;44;44;44;44;44;44;44;44;44;44;44;44;44;44;44;44;45;44;44;45;44;45;45;44;44;49;47;47;49;49;47;47;49;54;57;57;61;61;64;67;68;69;70;70;71;71;71;78;78;79;80;80;81;81;240;98;102;102;102;102;102;102;102;102;102;102;102;102;102;102;102;102;102;102;102;102;102;102;102;102;102;102;93;102;102;102;102;102;102;102;102;102;98;102;102;102;102;102;102;102;102;102;102;102;102;102;102;102;102;102;102;100;102;102;102;67;102;118;102;60;100;59;102;66;72;234;104;102;110;114;117;116;103;99;53;80;102;102;83;79)
seed_20_level_4-1,2416,9067.714277267456,9911469,2322,(44;44;44;44;44;44;44;44;44;44;44;44;44;44;44;44;44;44;44;44;44;44;44;44;44;44;44;44;44;44;45;45;45;45;45;44;45;45;44;47;47;49;49;47;47;49;53;97;57;57;61;61;64;67;68;69;70;70;71;71;71;78;78;79;80;80;81;81;260;85;98;102;102;102;102;102;102;102;102;102;102;102;102;102;102;102;102;102;102;102;102;102;102;102;102;102;102;102;102;102;102;102;102;102;102;102;102;102;102;102;102;102;102;102;102;102;102;102;102;102;102;102;102;103;104;102;102;102;102;102;99;227;67;97;102;102;237;100;102;120;51;324;100;113;99;102;98;66;110;53;65;102)
seed_20_level_4-1,2416,9679.413075208664,10527344,2477,(44;44;44;44;44;44;44;44;44;44;44;44;44;44;44;44;44;44;44;44;44;44;44;44;44;44;44;44;44;44;45;44;45;45;45;45;44;45;45;49;47;49;47;47;49;47;51;49;57;57;61;61;64;67;68;69;70;70;71;71;71;78;78;79;80;80;81;81;98;98;234;101;102;102;102;102;102;102;102;102;102;102;102;102;102;102;102;102;102;102;102;102;102;102;102;102;102;102;102;102;102;102;102;102;102;102;102;102;102;102;102;102;102;102;102;102;102;102;102;102;102;103;102;102;89;102;102;62;222;102;102;102;102;65;102;85;94;107;102;68;104;99;112;61;102;113;237;102;227;102;99;102;103;102;102)
seed_20_level_4-1,2416,10324.376231908798,11420575,2636,(45;102;44;102;47;44;47;44;49;102;49;102;51;102;98;44;44;54;102;102;225;97;102;44;113;102;117;102;102;102;102;102;100;102;97;49;102;102;102;102;44;222;102;102;102;63;67;59;44;102;102;102;71;81;138;79;102;79;81;102;102;103;246;64;102;102;102;102;102;102;102;102;102;102;102;102;102;240;102;106;100;121;102;102;59;93;102;102;44;104;102;96;110;55;44;260;102;102;73;102;64;103;226;102;102;103;244;89;80;71;102;102;44;108;102;102;102;102;102;110;102;56;44;44;65;104;102;104;66;102;55;102;104;102;329;102;102;102;102;102;102;102;96;102;106;111;53;54;44;102;102;69;102;102;53;102;44;44;234)
seed_20_level_4-1,2416,10938.13194513321,12356946,2784,(47;102;44;102;106;134;61;102;102;44;44;102;45;99;102;44;102;102;102;70;102;102;102;44;45;111;102;110;44;102;107;102;44;71;93;102;102;102;45;102;94;102;97;329;230;102;67;102;70;44;45;102;105;102;102;102;44;102;44;45;102;102;102;102;102;102;102;102;102;114;102;102;55;102;229;114;110;106;73;233;102;102;102;60;102;102;102;102;102;113;102;102;102;102;102;106;48;102;99;102;102;102;102;52;102;102;102;88;98;97;82;116;222;94;102;102;102;104;63;102;64;102;102;102;105;240;102;44;102;102;222;102;124;102;104;102;102;102;62;226;234;102;223;102;225;225;102;102)
seed_20_level_4-1,2416,11541.31550359726,13192452,2933,(102;45;102;102;102;102;102;102;102;248;102;102;102;102;102;102;102;102;102;102;49;75;102;80;97;81;102;97;102;102;80;102;102;102;102;80;66;105;102;61;68;44;112;53;100;102;102;56;102;102;72;56;60;102;115;102;102;79;102;102;106;102;102;49;65;102;102;49;253;102;67;80;102;102;64;122;102;115;102;102;56;51;70;102;102;102;102;229;238;68;44;102;80;102;102;80;99;102;102;102;102;102;102;102;102;99;102;94;103;102;102;102;113;102;102;102;102;102;102;67;102;102;102;102;329;102;103;99;102;102;95;71;95;114;71;226;99;102;102;102;102;102;118;99;44;102;102;102;102)
seed_20_level_4-1,2416,12166.902488470078,14306098,3083,(219;102;102;102;102;44;104;324;75;102;87;102;67;102;102;102;44;102;102;74;55;72;102;102;102;102;102;240;78;76;44;102;78;102;55;102;102;102;102;55;102;102;102;102;102;106;45;57;102;239;107;102;102;102;267;92;234;108;102;102;102;102;102;102;102;44;120;102;102;45;71;226;102;102;102;44;115;102;84;102;76;102;102;102;102;102;102;452;102;102;64;102;49;226;102;102;102;102;105;45;102;100;82;102;224;226;80;104;47;44;57;96;102;225;102;102;65;64;102;64;102;100;102;92;219;102;102;329;71;102;102;103;102;58;226;102;96;102;138;102;103;44;102;102;96;102;102;102;102;102)
seed_20_level_4-1,2416,12796.50216293335,15421733,3237,(120;102;102;102;102;102;61;102;102;102;63;102;102;102;44;44;228;102;102;112;102;78;238;100;91;102;102;104;64;75;102;102;253;102;59;102;97;44;45;238;230;89;102;102;102;102;44;102;102;97;64;102;53;69;254;102;102;225;102;102;102;102;263;102;102;102;45;65;68;98;82;102;62;79;44;284;102;219;102;61;102;102;44;102;59;65;55;102;64;102;61;44;79;102;225;102;117;102;102;102;108;103;44;102;76;102;233;102;104;102;102;69;99;102;94;79;81;44;329;102;102;102;102;95;226;101;111;96;97;74;231;219;233;102;102;102;102;45;102;44;44;267;102;102;64;80;224;102;101;86;47;102;79;102)
seed_20_level_4-1,2416,13444.102921247482,16643814,3390,(68;106;102;102;86;44;116;102;93;102;102;87;106;102;63;102;83;61;72;120;102;283;104;102;64;102;102;102;70;98;102;102;73;102;102;239;61;57;69;49;104;64;225;234;102;105;102;102;226;102;102;102;102;260;67;68;102;62;82;102;102;121;102;102;102;79;102;102;102;102;102;44;44;102;104;233;99;98;102;102;257;68;102;102;102;223;226;102;102;102;44;45;102;102;226;102;102;226;102;45;249;73;110;439;138;102;93;103;102;61;57;238;107;102;57;56;47;232;79;102;102;55;80;230;49;104;62;102;226;102;123;65;96;102;105;102;102;329;97;102;84;102;102;102;71;231;96;95;103;116;66;110;72)
seed_20_level_4-1,2416,14070.63368678093,17817621,3540,(120;99;103;109;102;102;123;102;225;102;66;102;102;61;106;44;102;102;105;122;102;102;102;62;102;44;102;120;102;63;102;85;102;55;102;102;102;138;65;102;102;102;47;102;74;85;102;225;102;75;102;54;45;74;102;102;65;49;102;81;102;66;68;104;66;49;78;102;102;76;102;44;102;102;102;44;96;102;102;49;44;61;102;102;102;60;82;99;100;223;102;49;102;59;329;103;460;102;114;102;100;102;329;106;102;66;518;71;102;227;242;102;102;104;80;237;104;95;97;104;54;102;225;102;97;251;102;102;102;102;122;102;102;102;228;99;102;102;102;110;102;61;97;102;44;102;102;98;44;65)
seed_20_level_4-1,2416,14713.772590398788,19148864,3690,(232;98;44;102;230;51;44;102;44;101;118;93;245;102;69;102;81;101;104;44;67;68;102;80;79;102;79;101;102;98;102;102;102;120;102;102;226;102;102;120;102;102;105;102;102;108;103;102;102;102;102;108;108;102;61;67;102;44;239;64;61;45;102;95;69;44;53;104;45;225;102;102;63;102;231;102;102;72;102;222;102;59;224;224;102;102;230;329;102;102;102;107;96;104;102;102;102;102;233;69;102;72;101;80;102;54;102;74;124;102;88;226;102;56;125;102;228;228;67;44;238;102;102;231;102;102;102;103;102;44;102;329;44;102;102;219;71;246;102;329;103;102;102;105;112;102;222;73;329;329)
seed_20_level_4-1,2416,15353.846060276031,20498524,3838,(102;80;57;102;95;102;102;63;102;103;102;103;65;105;251;102;104;102;102;74;102;97;102;102;44;81;72;57;102;102;117;100;102;102;102;102;102;102;110;103;231;106;73;45;102;247;102;102;69;114;66;246;102;114;73;105;118;102;102;104;102;102;230;105;102;102;102;83;102;102;102;98;102;114;44;106;266;74;71;44;102;225;102;102;102;53;102;102;226;225;102;102;230;66;102;102;102;226;103;102;102;102;102;102;102;102;226;102;102;227;558;76;102;105;73;103;102;103;324;260;103;106;232;71;103;44;77;104;102;67;54;329;60;102;226;95;102;102;232;108;44;115;66;223;102;96;226;113)
seed_20_level_4-1,2416,15995.754039049149,21960417,3988,(93;102;71;89;102;71;102;44;95;102;102;72;102;102;329;104;117;100;45;101;102;240;65;79;102;102;70;107;108;102;102;95;102;102;102;92;72;100;90;102;102;255;102;102;221;48;73;102;102;246;120;102;111;106;111;114;71;101;102;96;73;102;104;102;102;102;102;66;226;102;105;64;102;227;101;102;102;44;54;54;83;102;45;60;79;415;102;79;64;102;102;231;44;102;53;102;102;44;102;329;44;99;219;417;226;329;338;74;63;116;125;92;318;49;65;225;225;60;252;102;102;102;225;102;79;67;117;106;66;102;102;82;62;102;102;102;69;104;57;64;223;101;93;102;102;102;418;226;106;102)
seed_20_level_4-1,2416,16649.35473537445,23842060,4136,(107;44;102;102;102;102;102;102;102;223;102;49;113;133;101;102;102;231;103;240;102;102;108;417;103;235;71;95;102;102;102;102;102;102;99;102;240;67;73;102;65;68;103;251;102;488;252;107;102;102;102;102;67;102;102;102;102;107;65;102;102;102;77;124;102;102;219;102;102;102;102;102;69;102;102;100;103;61;521;102;44;225;226;102;102;102;102;67;101;54;226;102;64;102;103;123;110;102;69;117;102;74;102;103;102;105;102;102;102;419;102;102;45;103;65;102;102;102;102;102;107;228;97;102;102;63;329;64;326;102;102;104;103;102;465;243;224;329;63;100;102;101;329;431;102;253;329;126)
seed_20_level_4-1,2416,17295.593794345856,25513054,4286,(106;98;102;69;70;220;102;44;101;102;102;64;102;114;102;102;95;102;102;95;329;102;102;102;93;97;100;104;454;102;64;102;102;102;97;102;104;102;60;102;102;102;102;104;102;102;102;102;102;66;74;57;102;102;232;107;102;102;102;75;97;229;44;102;98;240;102;102;102;44;102;67;108;102;64;226;235;64;102;515;66;66;226;87;230;102;102;521;102;102;218;66;102;105;102;102;102;103;241;247;100;80;102;102;234;57;116;102;116;226;238;102;417;102;105;102;117;102;66;104;103;103;105;102;102;102;102;102;116;102;239;100;103;103;239;102;102;105;64;431;102;100;103;103;329;102;63;117;63;61)
seed_20_level_4-1,2621,17949.495893716812,27331876,4436,(104;243;102;102;102;102;102;102;111;102;102;102;102;102;102;99;102;102;89;102;57;44;102;45;102;92;255;108;107;232;102;102;102;243;363;242;102;110;102;249;103;102;102;103;102;45;96;102;237;437;102;417;102;102;102;102;102;84;102;102;105;102;105;67;64;102;102;102;104;115;102;102;110;67;235;105;121;107;102;102;102;100;243;102;95;57;57;110;237;101;329;70;102;458;332;44;109;329;66;103;114;103;578;101;74;64;340;78;88;47;110;113;65;100;84;47;103;232;101;59;68;101;112;101;101;79;104;102;103;101;57;57;101;244;370;226;226;101;226;101;239;101;105;95;65;101;104;64;72;101)
seed_20_level_4-1,2621,18582.42074227333,28721403,4585,(96;60;101;112;101;101;101;64;96;101;101;101;101;101;101;89;101;96;101;103;103;101;104;55;66;77;231;320;64;67;72;228;370;51;102;99;101;102;237;79;101;78;101;46;245;42;101;243;101;101;101;96;101;118;71;101;77;101;101;101;101;101;76;101;68;101;101;102;101;320;63;51;66;130;101;55;98;101;68;437;229;43;126;43;101;320;111;45;101;235;109;101;101;43;64;101;119;101;101;101;101;126;101;101;105;110;64;236;101;101;119;101;363;101;103;101;42;45;101;225;101;101;64;226;103;101;101;101;66;42;370;235;101;101;104;101;101;101;112;105;68;123;65;320;113;109;226;102;101)
seed_20_level_4-1,2906,19224.95577263832,30361593,4735,(107;59;59;81;42;101;61;67;97;70;60;96;101;370;101;101;101;95;101;94;101;100;51;101;237;101;105;101;101;101;101;101;101;69;64;101;118;237;102;101;73;226;62;101;104;101;100;120;71;64;257;67;101;72;101;101;67;225;101;101;64;97;101;60;231;57;370;76;101;101;370;219;101;118;101;239;228;114;226;225;103;101;101;101;116;101;101;226;101;100;103;104;101;77;101;115;108;101;101;101;432;111;101;226;332;101;101;101;102;101;43;101;101;101;101;43;437;226;42;101;43;43;101;101;42;42;565;42;106;43;113;42;106;43;375;106;97;106;106;106;96;58;325;99;80;104;106;106;106;97)
seed_20_level_4-1,2906,19897.121020555496,32208076,4885,(97;106;42;240;239;42;68;106;51;117;113;95;106;106;72;106;106;106;114;100;100;257;325;106;47;42;106;104;106;87;106;106;325;42;46;107;226;375;106;100;106;375;101;65;106;106;106;53;72;102;64;226;248;73;101;108;64;106;106;236;105;106;251;106;235;195;103;226;103;106;375;107;107;103;123;236;325;325;106;106;114;106;79;452;106;68;106;106;106;106;106;106;106;106;85;101;241;226;106;106;50;103;114;106;226;106;242;225;106;103;119;226;106;103;60;106;106;67;106;104;101;375;106;106;112;242;106;106;106;103;98;370;107;106;59;112;106;219;106;106;121;60;106;59;375;106;106;106;106;106)
seed_20_level_4-1,2906,20577.53523993492,34551769,5036,(241;106;106;106;241;76;71;106;106;241;116;70;237;106;106;106;106;226;97;106;106;99;106;128;106;242;81;104;106;55;100;73;71;42;106;106;106;106;106;79;106;106;106;106;85;226;106;375;106;106;325;68;226;103;97;544;106;323;68;103;97;98;370;106;60;106;53;116;42;94;106;106;81;106;51;59;96;219;106;375;106;42;106;57;226;106;228;106;106;106;375;225;230;67;106;49;226;325;226;235;65;106;226;226;445;106;120;103;226;106;226;64;226;46;66;106;226;106;64;55;100;65;107;64;60;239;228;51;325;54;106;452;325;106;226;103;94;106;243;226;64;106;325;360;452;106;226;106;235;110;103)
seed_20_level_4-1,2906,21249.481585264206,36488209,5187,(242;104;106;106;106;100;88;42;104;59;103;106;106;106;101;106;106;106;106;96;106;59;71;106;106;222;106;375;325;59;55;104;106;106;141;237;375;85;106;99;119;249;103;106;224;106;64;325;106;114;103;106;91;106;47;243;105;106;106;226;64;51;106;100;106;254;117;98;325;106;106;106;99;111;100;375;43;106;334;106;106;103;106;106;226;106;107;106;228;102;106;58;106;97;106;375;106;106;106;106;118;455;106;222;332;82;325;97;98;109;106;64;106;64;107;104;114;100;103;100;106;60;97;106;114;228;106;106;226;360;106;102;106;320;106;103;103;103;226;106;106;102;363;103;103;103;102;363;103;103;103)
seed_20_level_4-1,2906,21924.73372387886,38534616,5339,(103;106;115;63;106;87;84;106;106;106;101;71;106;104;104;255;104;81;102;106;111;228;245;63;243;106;217;100;64;114;64;236;375;106;106;228;108;64;60;64;105;64;106;64;239;106;227;106;106;106;228;325;100;100;106;94;65;106;81;115;106;110;106;106;106;375;106;57;67;72;106;268;101;106;106;60;106;67;106;104;334;106;106;42;106;64;66;106;104;106;233;43;42;325;455;106;42;375;106;245;47;84;106;106;118;106;106;97;249;224;83;79;97;106;327;106;106;102;98;312;57;96;231;228;49;375;106;318;106;106;106;106;103;106;103;106;106;360;106;106;320;103;103;325;103;66;106;363;103;325;320;103)
seed_20_level_4-1,2906,22574.999698400497,40391131,5490,(226;106;103;106;106;106;106;85;85;106;106;68;42;106;47;106;42;106;130;140;108;325;106;67;106;106;79;97;106;106;95;100;106;106;375;268;106;106;106;96;223;95;106;106;375;59;106;106;64;66;227;70;225;106;106;106;96;67;65;64;67;67;106;43;106;106;106;106;106;106;106;106;106;106;106;42;106;106;64;106;96;84;101;96;106;106;74;58;106;115;106;318;106;60;107;106;106;106;57;228;221;89;106;42;106;106;106;106;106;120;106;375;106;106;98;66;106;230;223;106;106;114;106;106;106;66;226;237;80;363;106;325;104;103;363;226;116;106;364;64;102;363;544;106;106;363;100;106;106;452;103)
seed_20_level_4-1,2906,23241.37536263466,42326746,5642,(107;61;106;106;42;106;106;94;42;128;67;106;106;243;131;106;318;106;102;43;46;106;96;106;103;96;100;106;238;118;64;106;94;68;99;106;106;106;102;42;106;106;105;106;106;325;106;97;77;98;114;72;117;106;106;106;97;106;98;228;106;103;108;106;106;225;106;63;106;105;106;106;106;319;106;42;106;231;226;228;106;106;106;106;106;229;106;106;106;106;107;71;85;61;62;106;106;106;226;64;246;103;109;106;120;107;106;106;84;59;70;106;219;106;375;106;106;91;106;101;57;59;106;98;106;60;544;320;103;335;77;103;246;227;106;226;103;103;103;452;452;102;375;375;103;363;103;106;103;325;106;234)
seed_20_level_4-1,2906,23911.3959774971,44459573,5790,(64;106;55;60;106;94;106;232;106;62;229;106;80;106;62;63;100;64;315;114;79;68;223;226;106;325;76;100;375;106;134;106;107;71;64;98;70;106;96;100;96;318;106;106;96;235;219;106;375;104;226;106;325;106;375;96;236;42;42;106;62;106;85;106;106;59;106;42;234;106;227;106;224;226;227;106;106;106;105;106;220;106;105;68;63;375;106;106;106;225;106;106;106;124;106;106;106;106;106;318;95;97;226;241;106;42;226;106;106;106;97;85;228;106;64;106;42;544;83;106;103;106;235;483;226;360;101;106;363;235;103;103;103;236;103;83;106;103;106;103;325;103;223;106;106;226;83;103)
seed_20_level_4-1,2906,24567.703310489655,46467172,5938,(235;106;106;106;106;59;106;42;67;105;55;117;109;106;105;106;106;106;106;93;106;106;66;106;42;72;106;107;63;42;106;106;106;43;229;78;106;106;106;100;64;78;106;103;113;106;106;97;106;250;106;325;100;110;106;106;106;375;247;106;61;233;106;223;63;83;107;106;319;106;106;106;106;94;256;106;106;106;106;106;106;106;106;106;220;227;67;66;106;106;106;106;228;142;106;67;106;106;106;66;67;544;235;506;63;103;106;104;106;106;103;363;536;106;106;104;103;233;106;538;103;325;106;106;455;106;325;325;67;106;106;64;112;106;106;109;106;104;106;103;106;65;106;103;106;57;226;68)
seed_20_level_4-1,2906,25258.05611348152,48664917,6090,(247;99;106;106;106;42;106;104;59;235;43;96;63;115;106;106;237;106;106;106;106;106;99;103;106;106;226;106;106;106;92;106;121;64;249;104;59;105;107;57;106;57;106;98;250;106;224;97;75;70;69;106;106;72;75;106;100;106;98;106;228;101;106;59;66;95;106;102;227;106;114;115;106;106;228;226;225;103;325;240;454;106;106;103;106;87;87;115;82;42;86;59;241;91;222;66;227;110;63;106;230;64;231;106;219;106;106;106;106;243;100;230;106;228;106;106;106;232;99;103;375;91;325;452;103;112;110;475;332;455;95;323;102;106;226;106;344;107;103;106;239;106;223;106;102;502;95;106;106;376;106;106)
seed_20_level_4-1,2906,25920.05489230156,50784419,6238,(237;116;106;106;64;106;106;106;68;141;106;234;106;228;106;42;99;106;142;227;42;66;104;59;42;83;67;91;52;401;62;239;106;230;106;81;109;106;104;84;251;142;224;106;106;106;240;243;375;62;106;106;104;106;254;124;106;227;66;109;42;106;106;66;106;106;236;228;106;109;106;106;106;105;106;227;107;106;106;83;325;69;69;66;106;68;67;106;68;103;106;106;231;106;70;106;455;106;93;106;375;262;106;106;501;106;237;375;97;97;106;96;106;253;106;106;106;102;106;106;106;106;106;106;226;75;106;106;106;96;95;325;99;100;106;106;363;435;325;106;101;118;481;102;106;106;318;106)
seed_20_level_4-1,2906,26588.13625907898,52871240,6386,(227;118;42;104;106;106;106;42;75;42;254;106;325;122;60;106;68;57;106;106;68;125;69;61;106;61;106;63;106;98;100;234;69;106;100;106;106;113;64;232;43;238;230;93;227;106;106;106;64;109;106;233;106;65;106;106;106;64;106;106;106;106;375;251;80;97;95;104;108;229;98;141;297;101;102;61;80;98;66;481;106;535;106;100;102;104;64;375;239;102;106;103;479;103;322;103;234;104;106;102;106;106;100;103;106;114;116;106;127;252;101;95;78;106;106;106;117;71;99;114;97;111;106;249;106;501;326;106;106;64;82;102;325;106;61;406;72;82;106;325;403;106;106;106;79;228;106;106)
seed_20_level_4-1,2906,27266.396772146225,55137567,6535,(68;325;106;237;62;62;106;115;106;49;107;228;47;62;66;228;104;106;42;59;72;234;106;106;66;106;106;106;227;106;106;106;106;226;106;106;102;106;106;102;375;106;109;106;75;106;106;106;222;106;106;106;106;113;91;79;228;106;61;106;99;106;106;106;106;240;106;106;106;106;141;106;93;106;106;106;82;61;400;221;100;375;63;83;106;42;104;42;106;106;372;59;224;74;61;42;99;500;106;82;106;104;327;106;236;106;106;455;106;106;106;106;106;101;262;224;106;79;234;61;248;535;226;106;83;106;99;226;106;102;106;106;79;104;236;325;106;435;91;106;106;106;104;226;415;106;325;536;102)
seed_20_level_4-1,2906,27964.524980068207,57878782,6685,(106;248;96;106;239;106;106;106;64;106;106;106;106;106;106;91;106;228;83;106;107;85;106;106;103;106;106;106;106;106;103;106;57;71;61;106;106;120;219;70;73;64;95;106;106;218;241;223;237;100;225;68;69;70;106;68;117;106;106;106;60;106;106;106;230;106;57;80;229;401;223;106;110;70;106;43;106;106;42;106;61;96;61;228;231;68;61;325;231;59;42;501;325;106;106;106;375;106;97;70;95;412;229;74;106;345;106;229;106;106;428;236;235;227;106;320;106;106;535;106;376;106;512;500;106;102;83;101;105;363;74;106;102;105;106;428;106;417;106;100;241;317;67;83;466;455;106;226;107;226)
seed_20_level_4-1,2906,28667.116379737854,60794188,6834,(228;106;103;106;106;108;106;106;106;42;106;106;106;106;230;106;106;106;75;106;106;106;62;106;106;107;107;106;95;106;239;106;106;106;106;106;93;101;106;106;106;106;57;88;232;106;400;62;68;66;68;42;85;77;81;375;106;69;230;68;42;106;66;59;106;106;58;63;119;106;106;92;81;61;57;106;243;375;219;106;224;106;107;222;95;106;106;500;325;106;106;228;106;375;106;554;66;116;95;528;106;72;106;106;443;98;552;62;415;226;378;66;106;103;106;221;535;103;107;236;226;226;455;106;226;106;318;106;106;240;325;109;245;103;106;106;226;74;65;106;501;106;455;463;97;335;106;106;101)
seed_20_level_4-1,2906,29345.021070957184,63037848,6983,(227;60;97;244;106;106;106;106;42;106;106;226;42;106;106;226;225;106;65;106;219;106;57;106;65;221;106;106;67;61;106;106;92;106;106;67;106;375;106;112;106;106;110;62;109;60;104;106;63;61;42;64;42;42;106;106;104;248;106;81;83;51;93;108;106;106;106;92;95;331;106;325;106;69;106;57;106;106;106;106;325;106;375;240;239;226;106;325;103;102;103;114;231;106;106;363;117;95;102;106;325;102;106;325;226;318;104;108;321;452;226;102;70;106;103;102;95;552;106;106;221;465;325;106;106;90;73;71;106;109;375;106;422;220;106;106;227;103;106;106;106;106;69;228;106;320;106;106;102)
seed_20_level_4-1,2906,30052.57065296173,65662953,7133,(107;106;334;69;42;113;42;67;59;251;104;68;67;106;66;108;243;101;143;249;108;106;108;106;113;106;62;241;106;57;81;106;246;106;106;106;106;106;106;95;102;106;77;227;97;97;106;228;106;240;106;106;106;106;230;106;104;106;240;106;106;106;230;226;106;101;71;106;103;106;106;106;98;106;231;106;421;88;106;98;64;375;69;219;347;106;237;552;106;106;67;375;219;94;106;106;106;217;94;325;106;106;102;102;106;226;102;106;375;106;100;456;320;106;320;106;106;363;375;106;106;226;325;83;106;325;325;112;325;114;226;325;106;103;124;106;228;106;106;105;226;103;226;69;102;453;106;375;417;106)
seed_20_level_4-1,2906,30752.92317891121,68480736,7283,(246;106;106;106;246;106;97;147;254;98;106;106;163;84;68;50;51;239;54;102;106;53;105;106;83;43;106;106;106;431;106;116;104;126;244;97;325;105;109;106;254;69;141;106;141;102;64;332;235;223;106;226;106;106;226;106;106;104;65;226;106;226;106;106;106;99;421;106;106;106;325;106;93;95;104;106;97;106;324;106;106;93;98;106;106;249;95;66;93;552;106;314;67;325;79;106;106;230;226;375;106;106;106;440;102;99;106;325;91;238;106;106;226;325;228;106;105;375;416;106;95;106;406;325;64;375;415;64;106;104;67;325;103;106;106;325;226;106;106;465;103;106;106;106;454;106;375;66;106;106)
seed_20_level_4-1,3010,31476.915754318237,71500031,7434,(239;97;106;106;52;106;70;228;241;106;106;43;107;325;245;103;220;85;106;325;112;42;64;375;106;106;227;226;106;325;72;106;94;106;106;69;93;61;96;78;57;106;233;106;106;71;65;98;106;72;97;102;88;108;57;101;431;267;69;74;78;68;106;106;141;106;107;106;243;106;106;113;72;102;104;247;74;254;104;231;66;105;332;105;96;325;106;226;323;101;65;455;106;114;106;505;106;105;106;237;96;230;78;106;325;375;106;106;226;325;64;110;449;325;106;106;552;422;325;106;67;122;106;105;86;106;106;432;114;236;106;320;102;330;320;375;106;106;420;106;106;106;426;103;106;106;106;106;608;95;95)
seed_20_level_4-1,3010,32136.20029783249,73175762,7585,(74;337;93;103;57;94;74;100;95;95;231;108;97;366;95;240;95;93;95;95;68;43;108;108;241;95;108;129;229;104;68;95;43;50;105;67;104;95;238;236;95;101;95;243;74;238;233;237;95;95;95;95;98;95;97;110;240;241;240;52;113;66;45;95;95;95;228;95;59;126;95;106;95;53;95;95;226;95;95;95;95;95;46;408;95;219;104;226;226;95;104;107;95;95;95;73;330;95;312;74;408;95;95;104;105;96;101;102;95;95;64;130;95;95;95;95;95;221;95;95;43;95;314;95;96;224;95;95;95;314;241;95;95;96;236;98;67;95;67;105;95;95;103;229;95;95;95;105;95;326;95)
seed_20_level_4-1,3010,32787.858661174774,74880814,7734,(228;95;95;95;95;95;95;56;43;95;95;108;95;48;95;95;95;95;95;241;314;215;95;336;237;95;95;69;65;75;67;95;95;46;95;95;106;69;327;59;116;72;95;95;95;95;224;95;95;102;98;95;95;95;95;228;62;111;119;95;98;220;95;239;71;409;95;60;324;95;103;61;233;95;314;71;95;69;347;100;95;95;95;95;95;94;70;94;102;366;95;105;95;95;367;227;314;67;105;104;103;95;66;43;95;314;69;95;95;129;102;314;102;104;94;234;57;122;314;95;366;66;78;241;95;95;95;95;234;101;87;242;95;101;95;113;95;95;118;95;95;95;73;237;95;95;95;95;95)
seed_20_level_4-1,3010,33454.99808430672,76833944,7884,(228;49;95;95;95;95;95;95;104;95;228;48;95;95;226;95;123;96;93;241;95;245;96;78;241;95;95;252;95;95;95;95;95;238;81;79;95;246;95;240;95;409;95;59;68;95;101;95;95;100;227;222;95;57;366;95;97;95;72;338;95;228;58;99;107;94;95;57;59;69;95;52;50;50;95;228;95;95;51;342;231;106;50;95;366;238;50;108;95;78;103;52;347;57;95;95;93;347;95;100;95;93;95;238;94;226;239;232;95;103;96;366;55;95;97;96;233;97;95;227;95;95;95;95;104;238;101;366;66;95;95;95;95;95;366;408;95;95;353;95;105;236;95;43;104;95;220;61;92;238)
seed_20_level_4-1,3010,34155.147799253464,79475734,8034,(226;95;76;120;95;95;248;95;95;366;61;226;95;95;95;226;46;226;366;95;88;67;57;60;320;228;43;57;99;101;95;50;69;228;58;95;97;314;106;95;240;240;245;95;97;95;248;94;95;95;238;235;74;95;101;95;97;95;95;104;236;95;314;99;79;60;95;241;95;226;243;231;366;73;232;366;320;314;95;239;72;95;314;43;95;95;104;102;95;95;57;95;408;95;95;314;314;316;95;314;95;95;227;314;408;104;227;95;314;104;95;95;104;314;98;239;110;95;95;95;366;95;347;57;103;98;95;98;98;314;228;232;366;252;95;240;93;95;95;100;228;73;223;95;314;96;347;112;95;243)
seed_20_level_4-1,3010,34851.203803777695,82103680,8184,(366;95;67;95;95;95;95;95;95;226;95;95;129;53;73;74;95;112;95;130;104;48;50;52;101;251;236;100;328;71;95;95;366;95;315;101;95;95;100;366;236;95;245;243;330;95;249;95;338;95;258;95;60;66;95;366;65;80;95;95;61;314;62;95;95;95;366;247;97;72;104;95;96;95;95;314;95;95;95;366;95;95;95;347;241;107;103;241;241;95;95;102;366;219;95;239;95;242;110;241;344;95;95;101;95;241;118;241;95;95;340;103;99;95;241;408;366;95;314;95;354;95;366;57;104;64;95;95;366;95;96;95;95;105;95;95;95;313;366;226;226;95;314;95;96;369;90;95;95;104)
seed_20_level_4-1,3010,35538.54615306854,84523596,8334,(65;95;95;95;50;226;226;95;95;52;95;95;76;48;95;95;61;314;76;231;336;231;226;55;95;366;95;95;79;95;95;97;95;43;73;95;95;95;95;95;240;95;95;95;95;68;95;95;336;366;95;329;314;95;366;95;95;95;314;95;335;347;219;95;95;366;95;118;57;226;95;314;68;95;229;95;366;95;95;366;95;231;64;366;95;346;100;84;64;64;64;95;95;239;246;107;228;341;344;95;341;95;95;241;97;95;330;95;233;232;95;100;93;76;95;95;95;238;98;223;95;95;95;95;95;95;236;95;116;236;333;95;112;95;230;95;368;95;98;103;95;366;122;93;95;101;95;95;95;69)
seed_20_level_4-1,3010,36234.81237030029,87063657,8485,(228;227;43;104;228;84;95;95;69;227;106;95;50;228;73;95;314;98;113;106;237;103;228;95;95;105;226;50;330;95;95;95;237;341;95;95;98;95;366;99;74;95;103;99;95;101;95;95;248;95;95;95;238;96;254;95;95;95;95;234;95;238;95;95;351;224;94;99;337;95;95;67;69;366;408;95;65;408;68;335;95;67;227;321;95;95;366;95;318;95;95;95;314;105;58;66;95;65;67;408;95;67;408;73;314;347;226;95;240;64;95;222;116;95;240;95;101;97;104;115;256;226;95;57;245;239;102;95;95;230;95;98;100;95;95;241;102;95;95;95;237;314;101;244;236;346;235;95;95;345;95)
seed_20_level_4-1,3010,36941.59987735748,90051681,8635,(314;226;95;226;106;68;95;46;69;95;106;95;95;49;45;95;232;43;46;46;64;238;226;408;82;95;95;95;95;229;330;98;233;95;95;95;98;366;95;340;95;95;95;95;366;324;95;95;408;95;95;95;95;116;245;95;408;73;77;95;95;95;64;95;408;95;95;347;314;95;314;346;114;95;95;237;95;95;343;64;249;95;95;116;100;95;314;241;88;345;95;101;104;95;103;241;95;94;95;118;241;86;100;247;95;226;237;95;95;241;408;378;95;95;66;396;224;233;66;366;227;95;366;103;239;95;485;95;95;95;403;67;331;408;98;65;100;226;95;95;236;408;104;331;95;67;314;95;95;72)
seed_20_level_4-1,3010,37622.420916080475,92529193,8785,(323;43;95;95;43;85;95;226;95;353;95;103;95;43;85;43;314;95;378;67;75;95;106;51;61;95;49;95;239;408;95;339;95;236;76;95;95;114;95;95;95;114;348;95;95;95;117;113;95;98;236;109;366;95;96;114;95;95;95;95;95;95;95;225;75;118;65;332;244;95;95;95;240;314;100;115;100;95;65;354;95;65;95;95;226;95;104;74;57;95;95;115;96;226;95;347;331;78;93;225;102;102;366;95;71;74;485;95;95;46;85;95;95;95;95;67;408;95;366;332;491;95;324;95;69;116;95;95;95;408;226;95;366;222;95;116;406;95;95;95;95;408;95;99;231;95;95;95;95;62)
seed_20_level_4-1,3010,38333.21118044853,95736519,8935,(323;95;103;95;95;95;226;72;314;104;95;95;72;67;95;73;95;237;43;228;409;95;95;95;366;228;72;323;100;68;74;408;95;95;351;95;102;236;98;95;337;95;95;95;95;253;240;314;95;95;95;95;95;95;75;97;95;95;245;256;112;95;95;95;95;347;95;95;96;243;241;61;95;318;240;314;113;65;408;241;95;95;227;95;95;95;95;63;347;64;226;101;241;113;95;65;95;343;95;345;241;95;95;95;64;485;95;95;95;75;233;456;408;95;71;408;76;95;95;95;320;394;232;233;314;408;95;105;95;366;366;408;95;372;95;408;236;95;95;314;408;235;95;61;314;95;95;95;57;239)
seed_20_level_4-1,3010,39019.63873672485,98254681,9085,(408;103;43;338;95;95;366;74;95;95;95;245;97;95;95;74;95;101;366;95;75;95;97;95;245;114;95;95;95;98;99;241;342;314;106;308;308;102;100;95;230;105;306;95;43;73;320;63;228;95;72;129;95;256;103;95;95;95;108;95;95;67;321;95;117;103;236;104;95;61;95;97;116;63;253;332;95;95;95;314;77;78;55;101;117;61;237;65;252;95;95;226;117;95;102;347;226;221;95;95;80;95;95;62;237;95;95;95;333;95;95;255;95;95;408;398;101;95;95;95;95;95;366;95;95;95;244;77;224;338;408;366;448;95;95;95;95;95;366;95;95;101;95;95;101;101;246;233;366;107)
seed_20_level_4-1,3010,39702.46665072441,100582657,9235,(332;314;102;113;393;95;340;95;113;95;100;95;244;95;95;95;100;238;57;241;236;89;71;101;314;95;95;98;95;314;95;95;98;95;95;347;100;408;95;98;95;237;98;95;97;115;95;329;95;95;91;101;232;245;98;75;61;95;74;95;100;95;95;95;75;95;95;236;95;95;235;321;106;95;314;95;72;229;63;95;95;65;95;85;366;73;106;238;84;95;123;72;88;95;237;95;95;57;60;241;105;104;321;224;319;64;314;95;95;95;95;327;64;95;95;314;329;45;393;74;95;95;95;85;85;95;95;314;100;66;95;95;236;95;95;63;95;239;95;92;366;110;95;95;101;394;238;224;366;237)
seed_20_level_4-1,3010,40367.313073158264,102705201,9385,(96;330;245;95;95;95;110;75;95;97;237;95;77;95;114;334;95;71;95;95;62;95;95;95;95;95;100;95;95;95;343;97;113;321;105;366;95;45;95;95;227;95;319;95;239;95;72;95;333;95;95;46;95;314;345;226;46;95;95;45;95;107;46;95;72;95;95;76;394;366;98;95;219;95;62;63;406;237;95;394;241;366;95;66;95;314;117;96;66;95;105;95;95;71;106;95;100;95;95;95;104;223;95;95;408;95;95;95;95;332;95;116;95;258;237;95;100;95;95;95;95;225;100;104;314;44;257;118;95;95;241;95;95;314;95;95;95;97;103;240;95;95;346;68;95;101;95;95;64;95)
seed_20_level_4-1,3010,41041.819662094116,104933443,9534,(62;95;248;95;104;95;98;95;95;366;96;98;96;111;236;95;112;95;339;97;95;245;237;95;95;95;98;238;95;95;95;62;99;95;95;82;95;95;219;119;314;95;116;95;119;370;95;95;100;343;97;95;101;219;78;95;108;101;95;100;95;95;95;314;95;95;241;95;116;314;101;95;95;227;95;225;366;74;67;44;103;95;66;50;314;95;75;66;226;90;228;95;95;333;95;329;95;95;95;339;95;95;81;320;95;394;402;74;95;95;226;61;235;95;67;95;74;95;237;408;331;100;95;236;95;95;60;115;366;96;95;366;97;95;238;64;95;95;95;366;95;95;95;358;95;95;95;63;95)
seed_20_level_4-1,3010,41694.26549100876,106713195,9683,(240;366;95;97;95;117;101;328;76;366;344;95;95;101;95;95;101;95;98;95;117;71;117;107;241;95;97;95;95;95;242;71;241;116;75;95;95;101;95;97;95;95;95;98;224;101;95;95;113;95;95;102;95;96;250;95;237;95;106;98;95;95;314;98;95;95;245;225;333;95;95;57;106;95;95;59;63;103;62;83;95;95;228;234;101;176;319;95;95;95;95;95;228;334;95;95;95;314;226;103;104;95;95;103;95;95;394;95;95;229;95;62;226;408;64;95;95;231;95;79;95;96;95;95;100;95;95;95;95;95;95;64;95;95;95;232;100;95;95;95;95;95;95;95;95;109;408;95;226)
seed_20_level_4-1,3010,42347.642443180084,108651392,9834,(314;95;95;95;97;95;95;247;101;95;95;95;225;95;95;95;116;366;95;100;234;91;314;44;235;95;98;95;366;222;95;95;224;116;95;97;74;112;98;98;95;95;98;95;95;61;308;67;366;62;71;95;95;95;103;95;61;329;61;314;45;44;67;405;95;95;43;95;362;95;336;95;106;306;314;72;95;95;95;95;95;95;319;87;72;226;51;349;95;95;95;95;67;95;66;95;95;95;344;95;95;108;95;314;239;95;95;95;95;240;95;95;95;99;314;72;95;108;100;95;95;95;98;43;95;100;97;95;95;95;61;75;95;63;104;52;219;332;226;116;236;114;95;78;95;95;95;95;115;334;95)
seed_20_level_4-1,3010,43032.23976325989,111136472,9984,(344;95;95;95;95;95;95;241;95;241;93;79;95;95;241;97;99;100;95;238;100;241;332;95;95;95;95;95;95;95;239;239;342;101;366;95;98;95;95;95;224;95;103;101;97;97;98;229;95;314;98;95;95;249;95;95;95;95;95;314;95;64;95;238;95;95;97;100;98;224;51;98;236;95;106;405;95;366;95;226;95;226;95;237;366;106;311;62;95;226;329;314;309;95;417;71;227;72;95;319;95;95;95;227;63;74;95;73;95;107;95;66;119;314;226;95;95;314;363;95;332;95;95;95;95;221;94;366;101;95;95;235;95;95;95;332;95;227;95;314;95;65;95;96;332;219;347;100;108;95)
seed_20_level_4-1,3010,43717.51152443886,113522102,10134,(366;97;95;314;102;98;95;224;224;104;115;95;236;95;116;95;366;61;101;95;95;112;314;97;229;224;108;99;232;98;95;226;236;95;95;347;95;103;95;226;95;64;95;95;76;95;78;331;95;95;95;228;241;95;95;226;95;226;95;64;95;226;366;242;314;119;245;95;95;95;243;95;226;95;95;226;226;101;95;95;121;65;226;248;100;100;98;121;95;95;121;95;95;104;116;95;95;241;343;95;231;95;314;103;237;100;417;46;95;95;314;95;66;95;72;95;413;95;106;314;95;408;95;95;103;95;95;95;227;95;351;360;95;314;95;95;95;106;226;95;333;72;226;72;226;95;46;95;95;106)
seed_20_level_4-1,3010,44406.440994262695,115897713,10284,(65;120;95;50;241;63;343;366;314;241;95;63;95;95;95;95;100;234;102;230;95;95;95;101;95;286;314;95;120;101;100;347;226;95;95;241;95;95;95;226;50;95;95;95;95;95;239;332;366;95;226;226;314;95;239;95;95;226;95;95;228;95;99;95;232;102;95;223;101;408;314;101;417;95;95;95;95;226;408;72;95;95;320;106;319;95;232;95;76;95;95;95;95;101;95;66;95;95;95;95;95;95;356;107;69;314;95;332;95;106;72;231;73;366;95;224;116;64;100;95;246;95;110;99;236;95;95;95;95;221;95;103;232;95;240;95;95;95;110;224;95;95;95;314;102;366;95;95;95;95)
seed_20_level_4-1,3010,45065.81328701973,118082921,10434,(366;257;98;100;95;100;241;95;95;95;95;234;95;62;95;95;95;95;95;95;99;101;95;95;99;95;100;95;224;95;95;95;99;64;62;95;417;408;66;320;95;72;227;108;433;95;226;67;335;95;234;95;95;334;72;103;227;60;61;95;72;95;43;227;223;95;95;95;106;106;95;95;61;61;65;241;101;100;241;227;95;314;314;64;314;101;101;314;95;101;100;101;71;72;241;114;78;72;95;60;101;98;101;65;95;65;65;73;408;232;226;235;227;43;95;95;356;96;95;95;99;105;237;240;116;236;314;233;238;44;314;366;95;95;95;95;95;93;94;227;95;95;95;95;222;226;95;226;95;241)
seed_20_level_4-1,3010,45738.131925821304,120201328,10584,(65;101;113;117;101;52;115;95;240;52;366;52;65;78;71;95;318;241;108;99;100;65;314;75;95;101;95;101;343;95;101;251;226;239;101;95;117;100;97;95;257;95;101;417;95;390;104;227;85;60;72;95;60;60;337;95;314;72;85;85;78;314;95;95;314;95;95;67;67;95;67;228;74;95;76;102;95;95;95;95;236;95;61;110;106;95;343;235;60;95;106;72;314;408;101;366;95;96;95;95;95;95;94;95;227;95;95;226;95;95;227;328;224;95;234;95;95;95;52;95;95;104;95;95;95;43;95;329;95;95;347;95;95;226;242;98;95;95;228;95;95;64;226;95;95;344;366;95;95;95)
seed_20_level_4-1,3010,46396.68260240555,122428176,10733,(417;227;227;101;95;95;66;65;62;226;95;76;95;95;77;226;95;77;67;228;227;351;85;314;95;67;95;454;95;71;65;64;95;95;100;95;72;95;95;95;245;95;114;106;102;100;71;72;95;241;366;366;64;77;78;101;119;369;43;67;95;64;101;118;408;95;65;95;104;95;241;116;65;95;116;95;101;79;64;65;100;103;71;361;95;65;226;314;64;101;95;331;331;226;65;408;95;230;95;46;356;314;228;318;227;231;95;314;328;95;95;226;59;95;95;95;94;227;95;95;226;226;84;111;111;95;95;106;47;95;229;95;95;57;95;228;230;366;95;95;95;95;95;95;95;73;95;95;95)
seed_20_level_4-1,3010,47033.20694541931,124414509,10882,(417;71;95;95;229;95;95;50;95;104;95;95;453;71;95;95;95;95;95;95;95;95;72;84;95;95;95;226;95;95;95;229;95;72;95;95;95;60;235;226;226;95;227;95;95;43;332;408;101;100;95;95;72;63;95;64;95;249;95;95;314;95;102;100;95;62;77;71;314;82;63;101;243;95;57;366;226;332;256;102;101;95;74;314;43;43;62;95;63;43;95;95;95;64;95;95;408;366;95;226;95;101;95;233;95;366;248;95;220;95;106;95;95;95;113;64;242;95;95;95;111;95;408;104;95;95;241;95;95;95;95;95;95;226;95;95;57;103;344;228;95;95;314;95;95;95;95;121;102)
seed_20_level_4-1,3010,47710.752584934235,126644446,11033,(309;240;314;393;309;95;309;356;95;95;66;95;58;323;95;43;71;95;95;93;230;72;71;95;70;43;95;226;95;71;95;95;88;226;71;95;95;314;415;69;69;71;95;95;333;68;367;63;103;102;95;102;114;99;100;102;95;103;95;110;95;100;95;103;95;314;95;43;116;118;62;95;103;98;64;66;95;102;95;241;366;95;226;95;366;77;331;95;248;95;239;63;65;241;314;95;408;95;108;95;95;95;95;226;104;219;104;112;226;95;75;106;314;95;104;64;95;96;95;64;229;314;95;59;95;366;95;366;104;95;102;95;95;225;328;96;95;73;95;95;95;95;114;95;366;95;95;95;95;228;95)
seed_20_level_4-1,3010,48369.13818025589,128757809,11184,(105;71;318;101;95;76;64;43;241;95;101;252;95;101;314;95;95;100;95;232;95;95;78;95;95;232;113;69;95;314;314;314;314;95;65;101;52;95;95;95;52;62;226;95;99;106;100;83;408;95;91;344;219;95;95;95;97;95;106;226;95;95;366;95;95;98;232;230;117;95;95;95;226;226;97;314;232;102;366;328;95;232;95;93;89;237;95;95;226;95;222;43;95;249;95;104;98;95;94;113;226;413;95;47;95;95;115;95;95;43;95;314;226;95;63;226;95;95;67;71;113;95;118;314;69;43;319;106;242;314;43;95;43;95;74;95;43;106;95;95;43;85;43;332;228;85;49;108;95;319;227)
seed_20_level_4-1,3010,49042.85050058365,131157940,11334,(413;95;68;335;95;66;71;314;109;106;95;85;63;95;227;66;71;71;67;95;95;95;95;85;320;95;95;79;227;89;71;366;106;244;48;312;66;43;43;74;340;227;84;95;67;95;232;64;241;95;79;241;100;314;98;95;237;47;95;80;75;101;314;366;314;95;366;64;331;65;67;77;239;98;114;43;95;314;72;51;95;343;247;95;78;88;101;95;95;47;283;241;60;99;408;226;314;222;226;104;96;366;357;95;95;95;95;229;94;245;95;115;117;65;95;95;95;330;225;95;323;114;232;113;95;95;102;95;95;104;64;226;328;104;219;95;95;95;89;95;105;226;95;106;408;95;95;95;237;95)
seed_20_level_4-1,3010,49716.865517139435,133583417,11484,(415;95;95;71;71;43;350;321;95;95;367;95;227;95;95;95;43;70;95;95;95;95;95;95;314;229;227;95;79;107;237;314;43;71;95;95;95;67;95;66;104;43;227;95;228;95;318;314;68;99;77;240;95;50;46;318;100;98;101;80;95;240;64;99;246;71;366;238;51;332;65;314;71;333;95;95;49;95;330;95;241;95;103;101;366;239;95;95;341;95;341;95;95;314;95;408;95;95;95;103;95;92;64;95;95;335;107;104;95;95;95;95;224;95;95;226;95;95;314;95;96;226;95;95;95;95;96;104;95;328;100;44;222;95;366;95;95;314;95;104;95;332;95;95;95;328;331;95;95;226)
seed_20_level_4-1,3010,50396.67278814316,135904839,11634,(415;95;366;95;107;95;228;95;95;95;314;227;111;366;107;95;111;314;95;77;115;95;95;95;95;95;95;95;350;95;95;95;84;72;95;95;95;95;346;95;228;71;314;95;95;408;104;226;95;226;95;227;95;82;314;226;43;95;95;95;226;95;219;95;236;43;95;95;219;228;226;224;95;226;95;64;91;96;223;227;332;95;366;104;408;95;95;104;95;226;95;95;95;95;89;226;95;100;121;80;62;114;95;105;240;65;334;293;78;95;86;120;100;235;64;95;314;63;95;95;95;95;240;103;79;95;240;366;347;94;64;347;100;64;95;95;114;52;95;113;95;46;67;64;366;101;95;314;95;95)
seed_20_level_4-1,3010,51076.15777730942,138450259,11784,(347;102;114;95;100;91;52;79;244;95;95;95;314;95;78;95;64;314;84;95;103;95;95;95;221;237;107;99;314;95;241;103;314;95;114;95;95;366;95;61;70;113;366;114;236;67;239;61;240;67;415;95;95;95;346;95;95;95;72;88;73;80;95;67;227;308;95;331;95;366;226;95;95;84;321;87;356;314;95;95;95;68;95;95;95;314;95;109;74;71;226;76;74;73;95;67;408;60;104;328;230;314;232;104;226;98;314;95;95;89;228;95;95;366;95;95;99;95;236;95;95;95;226;95;243;95;43;328;223;314;95;95;95;95;95;95;366;230;95;95;95;366;226;95;219;95;111;255;333;227)
seed_20_level_4-1,3010,51783.30354499817,141475966,11933,(413;107;71;78;106;95;70;227;95;95;49;349;95;314;95;95;66;95;310;95;60;366;95;66;95;319;117;95;227;95;43;95;102;95;95;228;74;70;111;100;226;418;322;49;71;107;228;245;95;63;346;95;95;43;226;113;115;95;95;95;64;234;314;240;64;367;316;95;100;95;95;43;241;210;95;71;318;66;314;91;116;62;95;106;314;95;44;103;241;314;95;95;95;408;366;224;60;328;237;314;226;230;78;314;105;366;64;94;95;95;219;327;409;95;325;314;64;366;373;95;85;96;233;95;256;93;97;96;226;95;226;314;328;226;96;105;408;95;226;55;64;103;229;366;366;228;103;96;226)
seed_20_level_4-1,3010,52496.08189916611,144713785,12082,(418;106;73;95;95;95;240;314;95;229;95;95;95;100;408;58;95;95;95;349;84;72;366;95;355;95;66;66;95;71;105;95;95;71;95;231;43;95;95;364;95;95;95;77;95;314;43;95;238;96;95;95;226;102;239;95;95;242;116;95;95;64;317;82;314;76;95;71;71;67;314;95;79;81;95;95;95;366;326;95;103;95;95;366;333;95;64;95;342;409;95;366;237;104;408;226;93;95;219;95;219;226;331;244;95;224;95;95;92;314;85;314;92;332;410;408;408;222;324;57;95;95;95;314;95;100;103;328;95;207;408;226;95;408;52;95;95;95;44;95;366;95;314;366;331;325;367;394;52)
seed_20_level_4-1,3010,53179.52698493004,147365650,12231,(106;130;95;227;366;226;95;101;95;95;107;43;75;90;100;95;106;95;103;95;95;72;95;95;116;76;95;95;227;95;227;64;314;95;72;95;71;319;321;67;71;74;101;95;215;239;64;70;226;95;95;43;113;67;62;76;95;103;240;108;95;65;100;74;314;73;408;95;95;93;71;55;314;95;94;331;117;225;66;340;240;116;95;78;117;238;408;366;65;95;95;220;95;95;103;226;96;57;65;408;95;323;95;95;95;224;228;95;102;331;228;314;331;366;331;366;247;95;87;100;226;95;232;226;231;408;366;226;409;95;67;335;44;95;105;95;95;95;408;330;95;95;96;95;96;314;95;314;95)
seed_20_level_4-1,3010,53858.47071266174,149901021,12381,(67;314;62;330;95;116;95;314;240;95;78;314;95;95;95;408;95;366;95;62;95;95;62;43;72;95;100;95;63;80;95;366;43;95;314;95;95;98;102;366;99;102;314;95;99;239;95;105;68;95;43;95;95;95;95;331;101;366;96;95;95;95;409;95;95;95;237;95;226;219;95;71;324;95;218;95;408;95;95;95;95;224;408;44;95;408;215;89;226;95;95;95;95;95;95;104;226;331;95;221;95;95;95;328;252;95;95;60;95;95;240;54;96;366;92;95;95;329;96;314;95;226;43;95;95;95;232;226;224;107;95;219;44;95;95;226;95;95;44;93;95;224;408;226;95;226;323;240;95;215)
seed_20_level_4-1,3010,54521.107707977295,152218262,12531,(95;95;63;235;76;95;241;44;44;335;64;95;102;63;98;43;103;95;99;101;95;52;64;95;43;95;102;95;314;95;100;63;95;93;91;106;60;111;95;77;65;496;314;95;100;206;66;95;95;103;77;95;98;103;97;118;316;100;101;63;99;63;95;95;95;409;44;333;95;226;331;95;95;219;95;95;95;227;95;226;314;226;224;95;95;366;95;55;366;95;95;111;99;226;314;64;230;224;325;57;408;52;95;219;104;95;95;96;95;329;95;235;226;95;95;55;95;73;95;314;104;95;95;95;44;95;95;94;410;332;325;96;333;219;95;219;219;102;328;95;230;224;95;95;95;95;95;245;95;366)
seed_20_level_4-1,3010,55217.54708456993,155010206,12681,(236;95;323;314;347;102;46;237;99;66;95;95;102;101;95;57;95;239;100;95;48;239;95;95;314;97;100;95;314;101;61;59;314;239;329;95;225;100;342;95;95;328;117;100;95;95;100;95;239;95;320;95;44;44;107;61;314;118;74;95;95;314;95;44;219;95;96;321;43;95;226;219;95;230;96;96;95;226;95;95;95;244;95;314;323;328;226;95;95;226;95;95;338;102;366;103;226;243;220;228;408;226;226;95;95;330;223;80;227;95;44;43;95;95;95;95;98;232;372;236;237;104;95;314;102;226;95;95;95;228;95;95;95;95;64;226;366;226;239;95;95;43;314;236;95;314;321;408;224;314)
seed_20_level_4-1,3010,55900.700419187546,157626123,12831,(320;96;104;95;95;95;95;100;74;227;98;95;241;95;78;100;95;101;231;95;95;103;240;73;115;318;236;243;366;64;95;103;223;333;65;234;226;52;89;116;100;95;67;72;225;95;95;100;95;47;95;99;110;95;95;100;71;114;314;95;95;314;44;57;372;57;227;44;237;95;95;95;408;331;95;95;331;95;95;226;328;95;104;95;314;329;95;43;57;329;95;95;95;324;238;95;57;366;227;329;95;104;104;228;95;328;95;95;95;226;325;95;314;95;95;95;95;95;314;95;227;226;95;92;314;314;321;95;87;95;57;332;241;57;219;314;78;236;95;95;57;314;96;331;95;226;339;109;219;95)
seed_20_level_4-1,3010,56594.15174412727,160412446,12981,(67;66;99;95;101;100;95;115;95;103;95;366;95;95;95;95;43;314;87;43;366;100;82;95;95;74;71;65;95;103;317;95;314;95;95;95;95;347;95;67;44;95;95;408;71;43;95;95;330;95;95;315;95;95;95;100;95;95;95;64;366;95;72;372;95;95;95;226;95;96;220;44;226;412;366;232;95;95;226;95;95;229;536;226;95;321;328;314;328;95;91;321;95;242;78;403;223;95;93;226;95;95;95;95;95;95;328;314;227;95;226;95;43;57;109;95;233;366;95;324;60;56;226;221;44;366;366;96;95;226;328;328;227;330;95;95;95;222;95;226;95;104;95;334;237;102;95;95;95;95)
seed_20_level_4-1,3010,57296.70183682442,163673379,13131,(408;232;64;71;43;63;97;95;64;314;314;78;44;95;95;95;245;71;245;65;225;95;95;102;247;95;44;362;226;98;52;95;95;106;109;314;95;67;95;72;114;95;95;65;95;64;95;318;366;52;366;114;239;95;44;67;75;246;72;95;536;95;331;224;408;95;336;43;95;221;95;366;366;95;95;314;328;64;226;408;226;329;328;95;314;95;95;95;104;43;95;408;103;95;226;104;95;226;230;100;106;314;226;226;95;95;95;102;314;366;114;328;95;95;328;95;226;95;329;95;95;104;328;328;95;71;95;104;95;226;95;95;95;95;102;44;408;224;328;328;328;314;404;328;226;104;95;95;330;331)
seed_20_level_4-1,3010,58027.26381969452,167361335,13281,(408;95;64;120;95;95;314;95;95;95;95;333;95;95;366;95;100;115;64;95;95;60;104;71;71;78;95;67;52;71;43;95;90;95;354;60;95;72;95;67;102;100;52;101;95;95;95;245;366;43;95;95;95;259;43;85;95;95;95;536;95;408;335;92;318;228;95;237;95;325;103;103;95;314;408;230;408;366;226;104;95;95;407;104;408;226;226;226;328;95;95;408;330;331;236;95;92;328;102;95;44;408;366;95;226;95;328;314;410;243;95;95;104;110;223;366;226;95;95;84;408;347;328;366;95;232;95;229;408;95;104;328;219;95;408;314;108;413;366;328;226;371;95;95;366;43;227;95;111;226)
seed_20_level_4-1,3010,58771.68234086037,171213718,13431,(408;95;95;95;71;95;95;340;71;101;228;113;95;64;95;318;100;319;232;101;95;77;318;408;95;49;102;95;95;95;84;314;95;314;76;95;108;99;408;95;245;75;98;95;95;95;70;95;95;333;95;367;536;66;366;369;219;366;226;367;95;226;95;374;95;236;95;95;226;329;408;329;95;95;95;95;95;95;95;104;366;219;408;95;366;104;102;219;314;95;226;95;329;226;95;95;328;408;95;95;95;236;95;88;330;95;95;333;329;331;329;95;95;102;95;64;322;408;95;460;96;366;408;366;328;314;103;408;98;408;95;226;95;328;95;96;221;97;329;226;95;43;328;332;226;95;219;95;104;95)
seed_20_level_4-1,3010,59498.79931998253,174534890,13581,(64;366;367;95;366;50;328;318;68;95;101;66;98;65;95;48;52;57;95;71;95;48;95;314;114;95;95;95;104;95;366;100;95;95;334;226;96;366;95;95;114;104;64;314;95;222;95;114;95;314;95;95;100;95;95;95;536;366;103;95;95;328;314;328;95;95;95;408;95;95;252;408;335;374;328;95;226;227;95;95;95;314;229;95;314;366;95;226;103;95;226;95;44;359;95;226;333;95;408;225;95;95;95;95;243;104;249;366;408;95;95;108;95;219;96;226;95;408;103;64;95;95;95;226;95;408;95;226;77;95;366;95;236;225;332;329;104;95;408;68;95;95;95;408;224;226;95;102;95;232)
seed_20_level_4-1,3010,60260.274030685425,178845971,13731,(334;101;329;314;95;408;71;61;60;248;319;226;314;408;328;60;94;366;95;54;366;95;62;226;95;117;72;366;95;95;102;65;366;69;104;64;43;95;339;314;95;71;71;56;95;108;105;366;366;460;95;95;331;255;95;95;408;66;536;314;226;328;226;44;65;314;96;95;67;95;226;96;340;95;95;236;318;332;314;332;95;541;314;332;408;95;328;408;226;228;226;95;95;331;95;95;226;103;95;331;328;219;95;55;104;328;95;95;366;95;224;319;95;408;95;332;95;71;95;95;408;328;95;43;95;229;102;230;95;95;95;95;366;95;95;314;335;95;408;343;331;95;366;335;104;416;95;331;408;43)
seed_20_level_4-1,3010,60985.00937271118,182395046,13881,(460;409;95;366;95;102;408;446;64;366;67;95;95;95;95;95;95;95;366;95;44;119;366;78;64;104;95;328;95;95;95;229;366;90;67;64;95;71;100;95;366;95;95;95;114;328;64;95;408;95;328;101;65;95;314;95;333;408;95;95;408;366;227;536;314;314;95;356;222;241;331;57;95;95;103;226;319;314;95;95;60;331;242;239;95;314;224;226;95;71;236;95;95;96;95;100;328;95;95;95;368;332;329;100;95;95;229;95;95;95;226;95;314;408;95;95;95;71;95;314;95;95;115;227;232;95;96;95;228;43;59;95;95;95;95;101;226;324;236;314;226;366;95;95;95;107;408;95;366;314)
seed_20_level_4-1,3010,61738.87485265732,186643747,14031,(460;95;366;446;65;95;366;95;95;409;95;95;104;95;95;98;408;95;226;408;100;409;95;97;102;65;101;408;314;95;95;366;95;117;227;95;95;95;408;408;64;95;331;95;104;95;96;314;408;101;95;67;95;95;366;333;95;408;95;408;104;66;95;408;104;65;409;104;536;95;314;95;331;64;97;408;332;95;96;95;95;95;95;408;328;408;95;408;324;232;95;95;408;95;103;331;95;226;228;66;64;95;95;95;408;408;95;95;95;226;64;224;95;314;331;331;366;95;328;108;68;85;95;408;57;104;95;408;226;64;108;318;108;92;366;318;331;314;95;95;314;95;226;95;318;95;95;321;95;314)
seed_20_level_4-1,3010,62444.07090687752,189751868,14181,(460;64;83;82;314;95;490;95;95;314;67;95;95;95;95;100;226;104;95;95;95;95;314;95;226;95;98;377;314;408;104;95;44;409;408;318;314;95;43;66;66;95;95;103;73;95;89;95;95;101;95;95;95;95;66;416;95;366;64;103;64;95;83;95;95;95;67;95;95;536;219;332;332;236;314;95;95;226;64;95;43;95;223;95;95;103;240;95;226;95;329;95;408;328;104;226;95;331;322;237;226;95;95;226;103;95;328;99;43;95;332;64;408;408;332;95;226;103;108;94;408;224;95;226;224;105;95;43;95;87;333;95;43;95;95;95;95;328;95;95;95;95;95;408;64;107;104;95;366;226)
seed_20_level_4-1,3010,63183.30148482323,193723633,14331,(490;446;64;95;366;104;95;226;66;95;95;95;408;65;95;95;101;95;105;95;43;226;95;44;366;95;64;366;95;95;95;71;65;366;366;65;64;95;460;366;95;66;332;366;95;67;95;66;366;85;104;101;318;95;95;95;408;95;95;95;409;366;95;229;405;95;43;536;95;95;252;95;95;95;95;87;333;87;408;95;235;366;366;104;95;95;95;95;95;95;408;314;331;226;66;95;95;228;314;314;95;408;219;229;408;229;95;366;95;226;95;357;95;95;112;104;95;366;331;328;408;328;96;227;95;104;226;371;349;95;95;332;64;103;95;95;408;95;408;95;95;95;104;314;332;95;314;73;124;408)
seed_20_level_4-1,3010,63935.26207494736,197987570,14481,(490;333;314;95;95;67;66;378;95;409;43;95;333;95;101;318;366;95;95;95;446;366;366;65;66;95;366;64;67;95;95;43;95;460;446;95;95;104;95;446;66;95;341;341;95;95;65;95;95;128;314;95;95;95;100;95;333;318;366;95;95;95;67;342;95;408;95;101;536;408;95;95;95;408;408;408;95;95;319;314;229;96;226;328;95;220;226;64;43;408;332;349;95;226;95;328;236;95;65;366;95;328;60;113;117;408;95;87;95;104;64;408;408;95;65;95;95;95;314;328;95;95;95;92;95;226;408;328;226;109;408;227;95;95;408;328;329;408;227;366;95;102;43;95;226;235;95;95;328;95)
seed_20_level_4-1,3010,64692.952224731445,202420225,14631,(490;95;65;71;95;95;95;351;64;95;64;459;95;366;226;66;95;446;409;95;408;408;95;95;95;95;64;95;105;64;408;66;459;314;314;409;408;95;95;408;314;231;95;96;95;95;95;65;408;67;104;64;95;95;408;248;103;95;95;95;65;318;95;366;95;95;95;460;314;536;95;95;95;226;408;95;408;95;370;366;104;228;64;43;226;95;318;64;95;95;320;408;366;226;408;109;75;366;314;366;314;95;103;407;95;95;66;95;95;103;228;366;234;103;95;95;408;95;408;95;219;117;95;408;95;314;71;93;71;329;43;408;117;242;95;95;66;314;95;95;95;329;542;334;67;408;329;95;95;234)
seed_20_level_4-1,3010,65481.912229299545,207378341,14781,(490;314;95;85;95;65;95;446;408;85;95;95;101;318;95;95;314;408;85;101;95;95;101;408;95;95;408;95;101;95;95;95;65;95;95;85;380;366;366;408;408;408;95;101;95;366;458;95;95;446;234;95;105;95;366;95;43;408;446;85;95;226;64;67;95;95;460;85;66;95;536;246;331;95;72;226;341;314;85;237;366;64;226;95;226;408;542;321;226;318;95;103;366;219;95;408;98;95;245;332;314;408;408;318;408;95;226;314;79;328;95;95;368;95;408;95;226;104;85;226;411;331;408;95;408;408;95;95;95;366;314;95;328;95;374;226;95;318;95;328;103;95;103;44;219;408;222;318;104;366)
seed_20_level_4-1,3010,66257.05941486359,212189066,14931,(490;101;95;95;374;95;95;408;95;245;452;95;95;95;64;103;95;104;408;226;95;64;314;227;64;96;71;222;95;60;409;408;65;95;85;95;460;95;64;95;237;408;65;95;446;95;95;95;95;95;95;95;395;95;226;95;95;64;95;95;95;95;95;64;318;95;460;536;104;332;328;95;95;95;227;228;328;95;371;236;314;96;226;314;314;366;95;408;333;95;67;226;408;408;329;314;328;95;95;366;64;100;226;408;228;228;314;85;331;408;226;95;244;95;227;224;408;226;64;95;454;371;323;314;366;95;408;542;227;408;408;104;366;95;95;408;104;334;95;95;95;530;95;328;95;64;447;95;232;314)
seed_20_level_4-1,3117,67045.40449881554,216924442,15081,(490;240;95;65;66;446;331;314;314;113;314;314;331;68;366;314;104;95;95;101;101;65;95;101;72;95;95;71;446;95;66;90;95;95;65;64;113;61;66;408;66;366;105;67;92;71;104;314;446;331;95;101;71;460;101;67;447;71;408;460;66;536;103;255;226;318;95;103;343;371;95;226;328;43;104;797;64;101;101;320;454;101;101;331;104;320;101;226;101;328;226;324;320;101;355;104;101;223;104;101;101;320;355;226;226;226;320;219;355;104;101;101;94;320;108;226;226;241;101;101;320;230;326;320;101;355;101;101;320;102;103;355;104;101;104;362;397;355;355;359;64;329;219;372;355;226;229;230;371;355)
