seed_16_level_4-1,1313,623.3975138664246,1530502,150,(1001;560;422;306;44;42;79;42;43;560;42;45;43;261;42;103;42;101;101;42;101;73;101;101;101;42;101;51;101;77;101;101;101;253;99;99;42;59;42;86;45;99;99;42;99;99;42;99;42;57;46;99;99;42;42;99;99;119;42;43;99;42;99;99;99;99;62;99;99;99;60;42;99;47;66;99;64;99;99;99;50;42;99;42;99;58;70;99;43;99;226;99;99;42;99;99;98;99;99;45;99;99;58;74;99;99;99;99;99;104;99;99;99;69;42;42;99;96;99;99;42;99;97;99;99;99;45;99;42;99;99;99;99;90;99;99;99;99;99;75;99;99;86;42;62;61;99;72;99;67)
seed_16_level_4-1,1313,1211.9339225292206,2095471,302,(42;42;42;43;42;42;43;43;42;42;42;42;42;42;42;42;42;42;42;43;42;42;42;42;42;42;43;42;42;43;45;47;45;47;50;47;45;46;51;57;58;58;61;61;62;62;66;67;70;72;73;74;75;82;99;86;77;99;99;99;99;99;99;127;99;99;99;99;99;99;99;99;99;99;99;99;99;99;99;99;99;99;99;99;99;99;99;99;99;99;99;99;99;99;99;99;99;99;99;99;99;104;99;99;99;99;99;99;99;99;99;97;108;99;99;99;99;99;99;99;99;99;99;99;99;99;99;104;99;99;99;99;99;99;99;99;99;99;114;85;73;99;99;99;99;104;96;99;226;99;99;99)
seed_16_level_4-1,2118,1808.0075871944427,2802095,453,(42;42;42;42;42;42;42;43;42;42;42;43;42;42;42;42;42;42;42;42;42;42;42;43;43;42;42;43;43;42;45;47;47;50;47;45;47;46;51;58;58;58;61;61;62;62;66;67;70;73;73;74;75;82;86;99;99;99;99;99;99;99;99;99;99;99;99;99;99;99;99;99;99;99;99;99;99;99;99;99;99;99;99;99;99;99;99;99;99;99;99;75;99;99;99;99;99;102;99;101;99;99;99;99;99;99;101;99;99;99;99;99;99;99;99;99;99;99;99;99;99;99;99;99;99;99;99;99;99;99;99;224;96;96;103;71;97;111;69;89;100;96;97;522;104;94;104;107;107;226;107)
seed_16_level_4-1,2118,2422.8725023269653,3513440,607,(43;43;43;43;43;43;43;43;43;43;43;43;44;43;43;43;43;43;43;43;43;44;44;44;43;44;43;43;44;43;48;48;51;46;46;46;48;47;52;62;62;62;67;68;70;70;75;77;80;82;83;84;85;92;96;100;107;107;107;107;107;107;107;107;107;107;107;107;107;107;107;107;107;107;107;107;107;107;107;107;107;107;107;107;107;107;107;107;77;107;107;241;107;107;107;107;226;107;107;107;107;107;107;107;107;104;107;107;107;107;107;107;107;107;107;107;107;107;107;107;107;107;107;107;107;107;107;107;107;97;107;107;99;107;107;121;118;95;64;97;107;67;107;107;107;104;107;226;107;59;43;106;265;43)
seed_16_level_4-1,2118,3036.062661886215,4222033,760,(43;43;43;43;43;43;43;43;43;43;44;43;43;43;43;43;43;43;43;43;43;43;43;44;44;43;43;43;43;43;46;46;48;51;46;48;46;51;52;62;62;62;67;68;70;70;75;77;80;59;82;83;84;85;92;96;107;101;107;107;107;107;107;107;107;107;107;107;107;107;107;107;107;107;107;107;107;107;107;107;107;107;107;107;107;107;107;107;107;107;107;107;107;107;107;107;107;242;107;107;107;107;107;107;107;107;107;107;107;107;107;107;107;107;107;107;107;107;107;107;107;107;107;107;107;107;107;107;107;107;102;107;107;107;107;64;107;107;107;73;107;107;107;74;114;107;73;226;107;107;107;226;240)
seed_16_level_4-1,2118,3644.3411972522736,4904144,913,(43;43;43;43;43;43;43;43;43;43;43;43;43;43;43;43;43;43;44;43;44;44;43;44;43;43;43;44;43;43;46;48;48;48;46;46;47;47;52;61;62;62;67;66;70;70;75;77;80;82;83;84;85;92;96;107;107;107;107;107;107;107;107;107;107;107;107;107;107;107;107;107;107;107;107;107;107;107;107;107;107;107;107;107;107;107;107;107;107;107;107;107;107;107;107;107;107;107;107;107;107;107;107;107;107;107;107;107;107;107;107;107;107;107;107;107;107;107;107;107;107;107;107;107;107;107;70;107;107;107;107;77;107;107;97;97;107;107;241;100;59;114;107;95;73;76;104;226;107;107;99;242;67)
seed_16_level_4-1,2118,4257.698740243912,5694678,1066,(43;43;43;43;43;43;43;43;43;43;43;43;43;43;43;43;44;43;43;44;44;43;44;44;44;44;43;43;44;44;48;48;48;47;51;48;46;48;52;61;62;62;66;67;70;70;75;77;80;82;83;84;85;92;96;107;107;107;107;107;107;107;107;107;107;107;107;107;107;107;107;107;107;107;107;107;107;107;107;107;107;107;107;107;107;107;107;107;107;107;107;107;107;107;107;107;107;107;107;107;107;107;230;107;79;107;107;107;107;107;107;107;107;107;107;107;107;107;107;107;107;107;107;107;107;107;107;107;80;98;107;107;107;226;107;107;107;232;104;107;102;265;107;107;107;103;104;226;116;242;107;241;107)
seed_16_level_4-1,2118,4885.307924985886,6502225,1223,(43;43;43;43;43;43;43;43;43;43;43;43;43;43;43;43;43;43;43;43;43;43;43;44;43;44;44;43;43;43;48;51;46;48;48;48;48;47;52;62;62;62;66;67;70;70;75;77;80;82;83;84;85;92;96;83;101;107;107;107;107;107;107;107;107;107;107;107;107;107;107;107;107;107;107;107;107;107;107;107;107;107;107;107;107;107;107;107;107;107;107;107;107;107;107;107;107;107;107;107;107;107;107;107;107;107;107;107;107;107;107;107;107;107;107;107;107;107;107;107;107;107;113;96;107;104;111;107;107;419;107;107;107;58;96;107;83;107;107;73;94;107;114;241;107;107;107;107;60;256;224;226;107;70;107;107;48)
seed_16_level_4-1,2118,5504.728448629379,7206194,1377,(43;43;43;43;43;43;43;43;43;43;43;43;43;43;43;43;43;43;43;43;44;43;43;43;44;44;44;43;43;44;48;51;46;46;46;48;46;51;52;61;62;62;68;67;70;70;75;77;80;82;83;107;84;85;92;96;107;107;107;107;107;107;107;107;107;107;107;107;107;107;107;107;107;107;107;107;107;107;107;107;107;107;107;107;107;107;107;107;107;107;107;107;107;107;107;107;107;107;107;107;107;107;107;107;107;107;107;107;107;107;107;107;107;107;107;107;107;107;107;107;107;107;107;107;107;73;107;107;97;107;102;97;242;107;107;107;107;107;73;113;94;95;106;114;219;253;107;107;104;107;115;107;107;107)
seed_16_level_4-1,2118,6115.157984256744,7850451,1530,(43;43;43;43;43;43;43;43;43;43;43;43;43;43;43;43;43;44;44;43;44;43;44;44;44;44;43;44;44;43;46;48;46;46;46;46;51;51;52;62;62;62;67;66;70;70;75;77;80;82;83;84;85;92;96;107;101;107;107;107;107;107;107;107;107;107;107;107;107;107;107;107;107;107;107;107;107;107;107;107;107;107;107;107;107;107;107;107;107;107;107;107;107;107;107;107;107;107;107;107;107;107;107;107;107;107;107;107;107;107;107;107;107;107;107;107;107;107;107;107;107;107;107;67;107;58;103;107;69;107;107;112;241;108;77;107;100;107;107;107;64;107;107;107;107;114;107;96;107;107;107;107;107)
seed_16_level_4-1,2118,6715.614134788513,8543963,1681,(43;43;43;43;43;43;43;43;43;43;43;43;43;43;43;43;43;44;43;44;43;43;44;44;44;44;44;43;43;43;46;46;48;48;46;46;47;51;52;61;62;62;66;67;70;70;75;77;80;82;83;84;85;92;96;107;230;107;107;107;107;107;107;107;107;107;107;107;107;107;107;107;107;107;107;107;107;107;107;107;107;107;107;107;107;107;107;107;107;107;107;107;107;107;107;107;107;107;107;107;107;107;107;107;107;107;107;107;107;107;107;107;107;107;107;107;107;107;107;107;107;107;107;118;107;107;98;107;107;226;104;71;107;107;107;107;107;111;60;107;114;70;81;67;107;235;73;77;114;241;107)
seed_16_level_4-1,2118,7342.844765663147,9348302,1835,(43;43;43;43;43;43;43;43;43;43;43;43;43;43;43;43;43;44;43;43;44;43;43;43;43;43;44;43;43;43;48;46;48;48;47;46;48;51;52;62;62;62;68;67;70;70;75;77;80;82;83;84;85;92;96;107;107;107;107;107;107;107;107;107;107;107;107;107;107;107;107;107;107;107;107;107;107;107;107;107;107;107;107;107;107;107;107;107;107;107;107;107;107;107;107;107;107;107;107;107;107;107;107;107;107;107;107;107;107;107;107;107;107;107;107;107;107;107;107;107;107;107;107;107;107;107;107;107;66;107;98;107;107;107;107;75;126;100;107;107;444;97;104;114;114;253;241;107;242;107;107;107;99;106)
seed_16_level_4-1,2118,7957.633211374283,10122123,1989,(43;43;43;43;43;43;43;43;43;43;43;43;43;43;43;43;43;44;43;44;44;43;43;43;43;43;44;43;44;44;48;46;47;48;48;46;46;47;52;62;62;62;67;66;70;70;75;77;80;82;83;84;85;92;96;107;107;107;107;107;107;107;107;107;107;107;107;107;107;107;107;107;107;107;107;107;107;107;107;107;107;107;107;107;107;107;107;107;107;107;107;107;107;107;107;107;107;107;107;107;107;107;107;107;107;107;107;107;107;107;107;107;107;107;107;107;107;107;107;107;107;107;107;107;241;113;107;98;107;59;219;107;73;78;67;107;107;72;112;73;107;107;242;107;107;104;107;223;235;107;118;219;96;244)
seed_16_level_4-1,2118,8580.681244373322,10830963,2146,(43;43;43;43;43;43;43;43;43;43;43;43;43;43;43;43;43;44;44;44;43;44;43;44;43;44;44;44;44;44;48;48;48;51;51;48;46;46;52;62;62;62;68;67;70;70;75;77;80;82;83;84;85;92;96;107;107;107;107;107;107;107;107;107;107;107;107;107;107;107;107;107;107;107;107;107;107;107;107;107;107;107;107;107;107;107;107;107;107;107;107;107;107;107;107;107;107;107;107;107;107;107;107;107;107;107;107;107;107;107;107;107;107;107;107;107;107;107;107;107;107;107;107;107;107;58;70;107;66;97;105;67;103;223;119;111;92;78;107;107;109;102;104;235;107;107;107;99;107;219;107;69;46;219;107;107;65)
seed_16_level_4-1,2118,9188.565506696701,11580438,2300,(43;43;43;43;43;43;43;43;43;43;43;43;43;43;43;43;43;44;43;43;44;44;44;44;44;44;43;44;43;43;46;48;46;48;48;48;47;47;52;61;62;62;67;68;70;70;75;77;80;82;83;84;73;85;92;96;107;107;107;107;107;107;107;107;107;107;107;107;107;107;107;107;107;107;107;107;107;107;107;107;107;107;107;107;107;107;107;107;107;107;107;107;107;107;107;107;107;107;107;107;107;107;107;107;107;107;107;107;107;107;107;107;107;107;107;107;107;107;107;107;107;107;107;107;107;107;107;107;107;223;65;107;107;107;107;104;76;100;107;102;424;106;114;73;120;114;235;43;107;107;107;107;107;43)
seed_16_level_4-1,2118,9794.52733874321,12208304,2453,(43;43;43;43;43;43;43;43;43;43;43;43;43;43;43;43;43;43;44;43;43;44;43;44;44;44;43;44;44;44;46;48;51;51;46;46;46;46;52;61;62;62;67;68;70;70;75;77;59;80;82;83;84;85;92;96;101;107;107;107;107;107;107;107;107;107;107;107;107;107;107;107;107;107;107;107;107;107;107;107;107;107;107;107;107;107;107;107;107;107;107;107;107;107;107;107;107;107;107;107;107;107;107;107;107;107;107;107;107;107;107;107;107;107;107;107;107;107;107;107;107;107;107;107;107;107;107;67;107;107;69;104;103;107;219;96;73;76;65;107;100;107;105;107;107;103;104;131;107;61;101;107;57)
seed_16_level_4-1,2118,10387.63550567627,13068538,2599,(43;44;44;44;44;44;43;44;44;46;48;48;48;51;61;51;107;68;48;84;82;107;85;107;107;253;107;108;71;60;107;107;107;107;76;107;101;43;82;107;107;43;107;107;110;107;107;104;107;242;73;107;109;70;76;108;236;107;107;107;70;46;107;107;107;107;58;107;107;70;265;68;107;79;232;123;60;107;244;107;44;107;107;61;107;60;102;109;107;107;107;107;73;107;107;68;108;98;107;107;107;102;107;43;107;107;107;107;107;71;105;107;77;81;107;107;64;107;417;43;107;105;107;107;107;44;107;107;104;107;107;60;107;107;107;107;96;107;107;107;107;107;107;107;107;107)
seed_16_level_4-1,2672,11060.053943634033,14516107,2754,(43;43;44;44;43;48;46;84;107;107;107;104;107;87;107;107;107;107;107;130;107;104;107;107;94;124;107;107;107;56;46;107;107;59;107;113;65;103;107;219;107;107;107;107;107;111;444;107;110;43;229;102;107;107;101;107;102;107;107;60;43;98;107;240;107;107;107;107;107;254;107;58;100;107;107;105;107;87;107;107;103;98;70;127;107;107;107;130;92;107;107;107;126;107;236;107;95;68;231;97;107;107;84;127;47;724;106;60;244;106;67;106;106;78;106;106;43;43;42;106;51;42;417;106;317;116;106;101;229;78;42;106;106;134;106;106;81;106;143;64;106;78;79;80;226;106;112;67;66;42;77;106;228;237;113)
seed_16_level_4-1,2672,11666.711687326431,15582647,2898,(42;42;42;47;106;62;42;68;106;106;45;106;78;106;106;106;106;125;239;67;121;64;106;106;42;226;95;104;106;106;66;98;106;75;129;106;95;106;106;53;106;59;106;73;106;62;106;106;106;106;102;106;106;101;106;106;106;106;106;42;106;106;106;106;76;100;97;42;106;106;105;106;65;96;106;106;103;226;391;60;106;103;240;106;106;42;106;106;79;106;42;240;124;79;79;78;106;106;226;47;109;118;42;54;106;106;67;233;106;65;67;97;106;106;62;219;69;62;106;106;104;106;106;391;106;106;106;64;67;113;79;66;317;225;256;229;106;106;106;67;106;106;106;106)
seed_16_level_4-1,2672,12278.615905046463,16828600,3043,(42;43;65;59;106;60;96;106;227;106;106;106;106;43;106;237;42;106;42;63;435;110;106;131;49;96;45;106;106;106;106;106;106;106;401;54;106;128;106;226;106;106;42;226;106;106;106;42;52;43;54;102;62;106;106;70;101;42;106;67;106;106;106;106;106;98;106;106;106;106;106;106;55;105;106;106;226;226;106;106;106;240;230;106;106;106;106;106;106;60;106;129;106;59;55;42;106;391;106;102;71;106;106;224;45;106;43;106;106;106;78;106;106;239;106;53;106;95;105;106;71;66;103;227;102;106;43;222;66;106;103;106;226;106;64;67;67;64;226;239;106;106;274;78;228)
seed_16_level_4-1,2672,12887.605769634247,17890725,3188,(43;106;43;106;106;90;62;106;106;106;226;129;77;106;82;106;106;106;113;106;46;106;226;106;51;69;43;43;98;106;106;106;106;106;238;106;106;106;101;106;106;106;238;106;101;106;106;101;106;55;42;106;106;226;106;62;129;106;106;106;236;65;106;106;107;74;73;126;227;45;106;42;106;106;43;43;57;106;78;226;103;106;106;102;106;67;226;136;103;316;106;106;64;106;106;106;106;64;100;122;106;106;106;106;106;231;106;106;58;70;106;59;127;59;106;391;114;106;106;106;106;243;106;106;109;79;106;106;106;106;106;89;226;47;106;65;106;106;77;106;130;106;106;106;106)
seed_16_level_4-1,2672,13507.789007902145,19133253,3335,(42;104;106;106;106;106;42;106;106;127;106;106;96;59;106;83;97;106;106;71;96;106;106;106;106;106;106;99;238;224;106;106;106;106;226;106;106;69;106;106;101;106;105;106;106;43;98;57;63;227;106;106;67;62;114;106;236;106;106;106;234;45;107;104;106;106;67;106;106;111;106;106;67;226;106;64;100;106;106;106;99;130;120;128;106;106;79;106;435;106;74;261;106;106;106;106;43;67;246;106;61;65;106;106;106;106;106;106;106;391;222;106;106;106;106;54;108;224;42;106;101;117;98;101;85;315;106;42;230;106;106;106;106;106;226;244;106;78;106;88;74;235;114;42;106;67;106)
seed_16_level_4-1,2672,14142.735310792923,20667094,3480,(106;106;106;106;106;105;106;106;67;106;65;106;42;226;106;106;69;106;106;106;127;122;106;106;67;106;70;106;60;67;62;43;234;106;42;106;106;106;106;106;106;67;103;106;106;95;106;106;384;67;101;106;77;219;221;149;106;57;42;106;42;106;100;106;232;106;106;106;91;70;237;106;106;106;102;106;116;100;101;226;106;226;79;435;106;99;106;106;106;106;226;106;106;99;123;226;106;43;107;435;106;228;116;106;234;106;113;106;235;106;125;106;106;106;106;106;63;106;103;106;106;61;106;106;106;106;47;106;243;106;57;315;96;106;99;106;106;504;106;106;106;106;225;435;113)
seed_16_level_4-1,2672,14800.678759813309,22119356,3632,(67;107;69;42;106;69;106;106;106;106;121;106;106;68;42;49;106;106;65;79;103;106;106;106;106;106;106;106;106;114;51;103;106;106;235;104;232;63;65;108;106;106;118;69;51;106;227;47;106;106;106;106;106;43;106;143;243;106;106;106;43;107;95;100;109;73;106;106;106;106;106;81;103;106;65;227;106;106;219;106;106;70;106;106;106;106;238;98;106;223;113;106;116;230;106;223;106;226;106;226;106;129;103;106;112;84;49;64;126;106;42;106;106;104;106;222;431;64;106;98;106;106;106;391;106;106;106;106;227;226;66;67;219;239;106;106;504;106;391;106;106;106;63;106;222;106;57;106;63;60;65;105)
seed_16_level_4-1,2672,15465.110230922699,24005629,3780,(57;106;106;106;185;89;67;73;251;239;106;106;103;106;106;106;391;106;106;106;103;106;69;233;67;106;106;106;60;106;106;391;106;43;106;106;106;106;106;106;106;96;106;106;106;106;109;226;106;106;106;104;106;106;51;106;106;64;93;93;106;106;106;106;78;106;226;106;226;391;106;103;103;321;104;106;432;371;226;123;106;106;106;106;106;100;93;79;106;106;106;106;106;73;106;106;225;111;51;70;106;72;107;504;106;106;106;106;243;106;106;106;500;106;106;219;97;106;391;106;106;226;64;63;222;106;62;106;106;106;106;106;106;106;224;65;101;114;106;106;102;51;106;504;42;238;106;106)
seed_16_level_4-1,2672,16139.313054084778,26156773,3927,(106;106;106;106;227;96;106;93;106;96;222;106;106;78;106;106;66;101;106;106;106;60;106;106;106;106;106;225;106;57;50;42;106;106;63;110;65;106;106;43;94;106;106;226;106;111;42;106;42;42;62;102;106;391;106;106;67;106;226;106;106;233;98;106;106;106;106;106;562;79;122;106;106;68;106;106;106;106;106;61;226;227;100;106;106;106;442;73;67;234;234;435;435;106;106;106;103;106;128;106;85;106;106;47;42;250;106;104;106;241;106;104;67;123;180;500;426;225;104;106;106;103;102;435;106;106;228;106;106;238;225;106;106;42;103;106;106;106;504;100;106;256;47;226;106;226;486)
seed_16_level_4-1,2672,16784.063215970993,27619859,4076,(94;78;98;106;106;99;64;106;106;106;42;106;42;79;122;64;47;80;106;61;61;106;106;106;106;106;106;106;61;106;226;106;105;106;42;223;53;227;130;106;106;79;79;240;106;342;79;106;241;222;60;106;106;106;60;106;106;106;227;106;229;106;104;106;106;57;107;106;391;240;106;106;77;104;51;106;77;126;250;106;106;131;106;127;232;106;106;67;106;106;106;347;106;61;43;42;106;45;106;225;66;96;114;106;106;226;71;106;106;106;106;106;106;150;64;106;103;426;106;106;106;235;222;226;106;106;106;106;99;64;106;106;106;234;331;106;106;234;106;106;106;234;226;106;106;106;106;104;106)
seed_16_level_4-1,2672,17438.211814641953,29471816,4223,(391;106;69;106;106;106;106;225;106;51;123;106;106;106;61;106;106;60;106;102;106;67;106;106;106;106;106;106;79;101;121;106;106;103;106;106;504;59;106;106;102;59;42;106;57;106;96;337;112;71;106;66;110;504;96;103;95;391;106;244;79;106;49;77;106;102;106;106;68;178;68;106;66;106;130;67;56;106;106;106;106;106;250;76;57;106;106;106;106;95;239;106;426;67;327;64;106;91;435;65;403;226;106;66;104;104;99;342;100;101;106;106;66;240;106;106;106;106;106;106;225;74;106;106;227;106;66;106;106;106;42;106;106;106;106;106;106;103;112;130;106;224;533;106;78;63;227)
seed_16_level_4-1,2672,18104.312394857407,31278058,4374,(131;67;78;88;106;62;106;106;391;106;103;114;106;106;64;106;435;42;101;100;106;139;106;106;106;105;106;246;106;149;106;63;106;106;81;415;96;226;104;106;65;106;106;106;106;106;106;42;106;76;106;106;391;106;106;106;106;504;219;106;87;106;65;106;239;106;106;102;69;127;76;106;65;433;106;98;106;58;391;101;106;103;82;76;240;106;42;106;101;106;101;242;106;106;106;106;106;106;106;109;106;342;106;106;106;64;70;106;106;106;106;106;60;240;101;106;106;106;106;222;97;106;102;229;106;60;106;106;106;42;106;403;226;106;67;106;106;104;106;99;226;405;103;106;106;225;107;106;106;106;67)
seed_16_level_4-1,2672,18763.613191366196,33099437,4523,(102;62;106;111;106;241;81;105;226;106;391;114;65;106;100;107;106;106;228;243;106;106;106;106;70;86;106;106;106;106;67;226;106;132;97;61;106;42;124;106;106;106;106;246;150;106;106;106;106;106;126;116;106;106;106;343;106;106;42;110;43;106;241;106;106;42;226;106;51;64;106;42;67;106;51;42;45;106;106;67;106;100;64;103;106;98;225;112;229;57;317;106;433;248;106;57;103;106;236;104;99;102;106;228;234;415;62;105;106;238;106;106;106;61;106;115;391;126;106;106;106;106;82;106;106;106;106;59;127;106;106;102;106;226;106;102;106;435;106;106;106;103;106;102;427;106;106;514;228)
seed_16_level_4-1,2672,19439.055165290833,35218741,4673,(106;77;67;77;76;67;42;67;466;82;72;230;106;475;150;95;125;60;106;106;242;106;106;42;106;106;106;106;106;106;226;106;106;106;207;238;107;106;106;276;106;79;106;106;106;118;86;148;106;237;100;106;65;123;106;62;65;224;106;106;98;106;106;223;106;226;106;106;65;106;106;106;245;106;106;106;106;108;435;227;230;78;106;106;101;104;435;103;77;64;222;68;106;62;57;118;106;103;106;106;416;106;106;232;67;106;106;106;243;474;99;103;106;62;224;47;106;514;108;101;106;67;106;95;106;104;226;228;318;103;106;100;64;435;504;131;83;229;106;66;106;106;106;106;106;68;106;43;66;106)
seed_16_level_4-1,2672,20120.55935192108,37392077,4824,(391;106;64;106;391;42;106;229;106;466;106;106;68;132;106;42;67;106;106;433;100;235;106;106;106;106;57;106;106;106;106;121;62;125;122;116;106;106;106;232;106;106;71;106;106;69;42;106;435;227;106;106;101;62;128;106;149;107;132;149;275;106;106;236;106;416;43;106;106;106;106;106;43;58;345;60;106;106;475;104;106;106;224;106;391;80;106;106;222;106;106;106;106;226;106;234;106;109;106;226;106;106;106;460;100;106;68;106;106;64;106;106;105;106;106;106;106;106;246;106;228;104;106;106;66;77;126;77;67;91;106;106;226;514;106;106;106;106;101;106;88;106;106;106;435;106;226;226;106;106;101)
seed_16_level_4-1,2672,20806.539629220963,39806310,4975,(105;42;77;106;43;106;106;106;43;77;391;66;272;64;106;114;106;103;106;131;66;226;460;109;106;106;106;233;219;106;47;106;42;224;106;228;74;229;226;106;227;105;106;105;77;96;79;106;106;43;42;61;106;85;106;106;471;106;106;78;275;447;100;239;106;435;65;79;114;106;62;61;62;226;65;106;106;106;106;106;106;106;103;106;106;435;106;106;67;106;66;67;227;66;69;42;67;504;236;236;106;82;126;68;57;106;442;103;106;514;230;105;106;221;114;87;228;106;222;106;104;106;106;65;106;123;111;106;106;106;67;105;230;106;106;106;106;475;66;106;106;106;97;430;106;504;391;106;106;64;106)
seed_16_level_4-1,2672,21505.67713522911,42051373,5128,(391;106;106;106;53;103;106;42;106;66;435;444;77;106;106;243;106;67;106;68;79;106;226;106;50;106;106;115;106;61;106;106;106;106;106;106;113;106;106;106;106;112;226;106;106;106;106;504;106;78;42;97;66;225;240;106;129;106;106;106;64;68;226;230;106;79;106;80;106;106;146;227;106;391;106;106;456;391;106;108;106;122;106;106;106;230;106;252;124;130;106;124;106;60;106;106;106;106;106;106;70;106;514;106;106;106;106;66;106;67;226;106;150;103;106;133;234;106;106;106;504;232;106;106;106;102;106;69;64;106;106;77;106;112;106;106;475;106;393;102;79;106;65;98;148;104;106;106;106;106;79;435;318)
seed_16_level_4-1,2672,22182.605689287186,44433191,5275,(67;106;106;226;43;106;106;106;106;106;106;106;106;106;485;73;240;124;106;106;64;42;92;106;105;391;226;106;106;100;105;106;106;106;106;106;226;128;106;106;42;45;235;241;97;106;43;106;65;226;106;96;102;106;80;106;106;62;106;103;106;106;65;433;64;106;100;106;71;233;106;106;106;106;64;107;106;106;514;106;59;228;106;120;106;106;78;114;106;504;106;106;106;238;106;106;69;67;226;72;78;106;435;228;106;106;66;413;73;106;475;318;319;106;103;245;72;275;504;506;98;60;106;106;106;106;435;131;435;92;106;106;99;106;106;42;106;106;242;106;106;66;106;227;125;106;101)
seed_16_level_4-1,2672,22892.19518184662,47158283,5424,(226;106;103;226;106;104;103;121;106;67;67;226;106;435;226;106;103;106;226;78;65;102;106;435;103;104;392;125;96;391;391;133;66;106;106;253;103;106;67;106;226;229;106;435;64;84;106;106;106;85;106;106;62;106;106;224;106;100;128;124;99;62;51;97;106;504;70;111;435;65;57;130;231;70;102;68;106;106;70;391;106;391;391;391;106;42;106;106;106;230;97;106;413;103;226;125;105;64;106;63;103;67;230;227;106;106;106;106;514;225;63;104;106;231;65;106;115;106;106;237;226;106;504;106;105;108;506;105;106;66;106;106;106;224;106;435;106;125;106;106;124;106;106;103;52;106;106;391;106)
seed_16_level_4-1,2672,23630.446341991425,50435404,5574,(224;107;101;106;237;106;106;97;106;106;102;106;106;77;106;125;106;106;106;228;97;106;64;106;106;226;226;106;103;106;391;102;106;106;226;101;226;506;42;106;150;42;504;504;106;127;394;106;131;100;106;106;441;504;53;106;106;67;441;435;418;415;67;127;224;226;64;224;132;63;433;106;106;106;100;106;106;106;106;331;103;106;102;106;102;60;104;78;65;106;106;112;106;103;234;60;106;226;103;106;229;101;435;120;106;101;391;81;391;106;235;106;106;391;514;227;106;232;65;391;106;64;64;435;234;65;103;106;104;105;106;223;320;238;391;173;75;42;95;42;73;106;97;106;276;106;42;435;242;391)
seed_16_level_4-1,2672,24348.27062368393,53577421,5722,(227;375;391;67;230;106;106;106;106;105;73;64;61;102;128;105;106;64;127;391;127;99;77;62;106;79;106;106;106;125;250;106;106;106;433;70;391;108;115;106;106;224;106;68;150;236;62;230;256;104;106;106;106;226;106;96;65;106;106;108;106;106;257;126;114;528;114;67;106;273;62;106;114;67;106;85;106;106;106;425;149;106;391;236;106;444;106;435;106;107;106;224;106;353;514;106;102;67;108;106;102;226;477;102;103;60;106;106;106;106;106;106;506;106;42;504;106;418;106;435;106;106;106;106;391;226;245;511;64;106;60;416;103;106;454;106;106;103;106;316;104;106;391;106;104;101;103;106)
seed_16_level_4-1,2672,25032.967936515808,56233218,5869,(253;106;106;128;108;79;106;106;106;65;57;64;93;233;106;106;106;106;104;226;65;116;102;106;106;65;121;126;106;227;106;106;113;409;106;66;106;104;106;106;106;318;103;106;99;106;106;504;514;106;455;104;127;228;114;106;504;106;130;106;226;95;105;240;375;64;106;106;106;106;73;106;86;106;240;504;109;416;99;226;237;106;106;106;106;100;102;106;42;106;106;100;94;433;104;106;102;261;124;65;106;64;83;106;127;106;106;445;106;507;106;144;101;391;106;66;496;106;106;106;106;106;57;106;79;235;106;106;106;150;106;106;224;106;273;106;106;226;452;228;106;106;106;236;106;106;332)
seed_16_level_4-1,2672,25735.281997442245,58930292,6018,(106;99;106;234;102;61;106;105;106;57;99;226;64;226;67;103;103;57;226;67;223;106;106;106;101;74;65;106;147;106;106;76;106;106;106;106;415;65;94;106;103;105;101;106;241;274;228;106;239;129;106;504;106;114;106;106;78;61;100;104;73;103;103;226;226;515;106;391;106;106;226;106;224;435;106;532;106;428;106;106;224;127;115;59;106;91;243;78;225;71;413;106;78;119;333;58;106;106;91;106;106;106;106;106;106;106;106;79;106;106;106;438;106;64;114;435;226;226;106;391;106;391;226;106;106;106;106;106;97;106;514;106;106;391;106;229;65;68;106;106;106;226;106;106;237;103;504;66;106)
seed_16_level_4-1,2672,26463.32124185562,62182728,6169,(106;323;238;253;106;106;106;103;103;106;435;106;103;106;225;65;106;106;106;65;102;467;318;106;57;106;106;99;103;62;106;61;65;102;109;114;73;112;106;120;106;106;106;106;106;504;149;116;106;103;106;504;95;226;104;106;106;64;110;78;106;103;103;63;106;333;67;415;223;240;99;226;403;106;108;106;67;391;106;77;67;391;106;223;106;228;514;103;226;106;106;472;103;106;106;106;223;435;106;106;105;108;108;333;106;106;106;438;227;43;442;108;66;106;228;65;226;106;106;106;106;42;222;222;222;226;222;106;106;106;435;391;106;504;439;78;106;435;106;106;435;504;133;102;62;64;106;106;42;106;125)
seed_16_level_4-1,2672,27172.348337173462,64881442,6318,(234;106;106;53;106;252;106;106;106;106;124;106;504;237;106;105;106;117;100;106;107;106;106;67;106;42;435;106;99;106;42;106;122;106;134;106;106;60;504;77;106;251;222;106;55;106;75;106;106;104;106;230;106;323;230;61;332;109;64;106;275;106;106;61;68;106;61;127;514;504;227;66;106;103;226;106;106;106;113;106;106;106;106;106;435;106;391;103;106;106;106;83;70;106;106;106;106;122;106;106;134;106;106;106;230;106;42;435;106;438;235;114;106;106;104;238;231;106;106;106;106;227;241;106;106;227;435;391;228;403;66;104;268;102;67;106;106;61;106;391;104;63;234;106;106;99;391;128;435)
seed_16_level_4-1,2672,27891.26686477661,67861041,6469,(435;403;106;106;451;62;106;62;106;64;67;126;504;224;73;125;65;106;127;106;106;106;96;106;79;125;277;452;146;252;106;66;106;106;64;106;106;253;106;224;106;226;504;106;106;258;106;125;106;43;106;50;65;117;92;79;67;504;104;106;102;106;106;106;46;106;235;106;316;43;106;106;103;64;106;228;106;238;106;106;253;66;70;229;106;106;106;223;106;133;403;225;106;106;106;99;225;401;106;100;106;106;65;106;106;106;106;504;106;106;514;106;104;106;106;106;219;103;106;227;224;65;106;243;95;433;426;504;106;106;452;106;106;106;106;124;226;328;106;226;226;108;106;452;106;84;226;106;106;106;106)
seed_16_level_4-1,2672,28586.657798051834,70455550,6619,(239;42;63;248;106;106;226;42;114;110;66;103;95;58;106;99;58;78;106;110;235;106;106;59;106;132;60;106;66;106;106;106;106;224;106;239;127;231;63;106;106;226;66;106;65;106;96;231;66;106;106;66;107;391;231;60;228;109;252;134;106;106;106;226;106;106;64;115;106;106;435;72;403;101;65;104;106;226;435;63;125;103;106;106;243;63;317;235;106;122;66;228;391;113;106;419;106;106;104;106;244;132;236;226;435;239;227;104;106;97;340;403;104;106;435;106;126;100;106;65;106;224;106;504;126;226;224;106;435;514;106;227;64;225;246;106;102;106;106;106;106;106;110;106;391;106;101;106;67;106)
seed_16_level_4-1,2672,29300.819611787796,73698376,6769,(235;274;99;106;106;106;233;98;96;97;115;236;236;51;300;228;65;251;391;106;116;237;45;106;106;52;106;95;106;389;150;115;106;106;110;425;226;106;106;106;435;106;103;106;103;106;226;63;226;391;106;127;226;329;226;106;106;66;106;106;106;47;253;66;66;81;106;222;102;106;514;106;435;95;106;106;106;106;78;106;106;105;106;246;532;106;78;106;403;106;106;391;106;127;103;64;65;104;106;228;101;105;106;106;511;106;61;103;403;391;502;223;226;60;106;106;391;106;490;425;106;102;106;106;422;106;106;227;96;240;106;106;77;103;106;106;432;106;236;105;106;106;231;103;71;106;227;504;237;106)
seed_16_level_4-1,2672,30039.375151395798,77351179,6920,(106;106;106;106;254;106;103;225;106;106;223;102;462;106;106;241;440;103;106;106;106;239;126;391;106;100;106;104;106;106;101;391;106;229;104;532;71;435;106;130;87;98;85;106;239;106;106;106;106;106;106;226;435;391;106;106;128;106;99;106;67;106;226;67;258;106;104;106;73;60;98;106;106;77;246;99;103;106;428;105;106;62;133;107;97;222;431;106;222;103;62;103;237;391;106;66;241;106;233;42;228;106;227;356;278;488;226;329;106;95;106;79;227;106;103;106;106;103;106;67;106;430;244;226;106;106;103;403;62;320;62;106;435;565;268;557;106;106;96;226;62;549;504;504;106;113;106;106;224;106;504)
seed_16_level_4-1,2672,30743.046149492264,80198723,7071,(391;250;76;106;106;106;106;60;106;435;221;95;106;106;106;106;132;45;129;47;123;77;421;98;106;78;106;45;106;78;64;64;226;470;504;145;106;237;106;247;245;106;103;78;62;106;106;106;100;106;64;65;69;102;62;100;106;106;106;106;106;100;106;106;77;511;106;106;106;106;106;226;106;55;93;226;104;240;239;222;391;106;106;376;103;106;106;106;106;106;64;103;106;67;229;106;370;227;106;106;106;103;105;80;227;224;77;226;350;242;106;106;64;69;228;60;104;225;78;80;106;106;104;106;105;557;226;224;106;106;223;102;467;84;513;106;416;391;435;81;105;68;106;106;328;106;504;106;130;106;106)
seed_16_level_4-1,2672,31455.65348649025,83365968,7221,(462;106;106;106;106;106;106;271;106;226;106;106;435;106;103;106;106;78;232;106;106;78;98;104;78;106;532;106;420;235;66;439;504;106;106;504;106;106;80;226;106;63;103;435;66;106;236;224;106;106;106;106;64;106;73;245;234;105;106;106;106;350;59;106;106;238;106;227;106;85;73;83;106;106;106;65;79;106;43;251;106;106;504;99;106;149;226;71;106;103;450;106;106;106;104;103;483;106;131;106;103;106;440;391;106;106;391;106;104;103;106;222;106;106;106;106;106;391;103;231;106;435;513;106;106;106;67;106;226;65;80;226;67;106;326;106;106;106;106;106;106;106;67;106;227;106;106;106;540;435)
seed_16_level_4-1,2906,32163.218895673752,86052129,7372,(62;106;99;106;106;106;98;106;238;97;466;42;350;106;106;78;106;106;106;103;106;106;235;106;99;106;590;101;67;234;234;65;101;62;313;101;101;236;101;101;101;101;101;101;69;513;101;69;79;101;227;226;101;320;68;100;489;65;101;228;101;230;101;489;101;101;101;101;101;101;73;101;101;101;101;101;101;101;78;320;64;101;318;101;101;77;483;326;101;103;105;101;101;101;101;326;103;101;101;224;101;332;101;104;101;456;103;320;242;101;67;102;101;499;221;105;101;101;101;320;101;226;101;101;320;101;101;360;102;101;104;101;101;64;101;102;101;225;225;101;104;85;423;101;103;85;240;101;103;103;101)
seed_16_level_4-1,2906,32878.34831428528,89048005,7522,(318;320;101;65;101;102;96;101;489;101;101;77;231;61;243;423;489;85;320;101;101;101;101;101;65;101;85;102;101;412;103;101;226;101;101;42;42;42;104;60;101;62;101;101;70;102;101;77;313;101;101;99;229;320;96;99;101;236;123;101;402;75;101;57;320;320;101;320;101;90;412;101;92;101;103;103;226;320;101;101;101;227;101;513;412;101;227;101;412;226;67;412;65;65;101;101;333;101;412;101;235;101;101;101;101;101;65;101;101;101;101;320;101;477;101;320;91;113;101;101;64;101;84;320;103;233;226;449;499;236;101;101;101;101;100;101;103;101;101;100;239;101;101;105;101;101;101;101;101;412)
seed_16_level_4-1,2906,33609.64324975014,92180649,7673,(105;102;101;226;320;232;101;101;101;240;489;341;230;101;101;101;106;101;101;101;101;101;101;104;73;59;101;412;101;104;66;101;64;412;226;103;101;103;84;103;101;101;103;101;242;235;101;100;331;101;101;103;320;62;226;101;103;92;101;103;320;101;101;101;101;320;103;103;243;489;320;101;318;101;230;101;101;78;79;100;430;101;226;489;65;229;101;477;101;101;101;101;83;101;100;101;101;101;101;101;101;412;101;101;101;111;101;226;65;59;43;102;101;101;245;101;101;101;101;226;101;101;401;101;224;101;101;513;60;232;101;331;490;230;101;227;412;101;101;101;101;101;554;74;412;229;426;233;226;103;224)
seed_16_level_4-1,2906,34301.01360702515,94585785,7823,(499;101;101;68;318;101;101;101;101;103;101;96;101;320;101;101;66;328;489;101;239;229;103;225;227;226;412;101;66;103;103;101;101;104;64;119;101;101;101;131;227;101;103;105;101;320;101;101;101;320;79;240;242;227;245;102;412;243;320;101;101;99;101;104;103;101;101;66;236;103;101;101;101;101;79;103;101;228;101;226;66;225;101;101;103;101;65;101;226;42;96;101;79;101;228;101;101;42;101;101;93;103;245;78;42;101;65;78;227;101;101;232;101;101;239;101;101;101;66;106;225;241;101;554;104;60;320;101;101;101;58;101;101;490;67;227;62;101;101;101;107;228;104;67;320;101;101;430;101;320)
seed_16_level_4-1,2906,34987.55090880394,96913418,7974,(227;96;227;105;104;101;95;227;101;227;228;227;104;97;229;227;227;67;70;78;101;101;51;101;68;66;52;67;101;74;101;69;101;103;101;228;101;100;64;318;101;412;101;230;101;113;103;101;412;101;101;101;103;226;428;232;412;101;101;101;101;101;320;101;101;101;114;101;101;65;412;101;65;101;430;107;554;227;82;101;101;101;412;104;226;101;101;74;101;101;100;226;101;101;101;229;101;412;101;224;101;101;105;412;101;226;70;253;101;107;228;228;65;103;74;101;320;229;66;98;101;101;244;101;101;67;101;240;101;102;226;101;101;101;248;103;101;101;101;101;63;101;101;101;102;101;101;248;101;101;101)
seed_16_level_4-1,2907,35645.24988031387,98938337,8125,(103;466;103;64;65;226;65;103;70;320;226;412;104;101;226;101;227;64;101;101;101;224;412;103;101;64;101;101;101;103;412;226;101;101;240;69;69;60;101;101;101;47;66;101;101;67;101;101;101;66;217;72;101;101;101;104;101;101;101;101;103;102;103;67;101;104;101;118;101;66;81;91;101;101;101;101;101;57;554;91;514;101;70;102;101;104;101;488;500;64;65;104;320;101;101;226;101;101;101;82;84;83;108;397;226;100;101;101;236;101;240;101;101;241;66;101;101;226;104;109;100;101;107;101;101;101;101;228;102;101;101;105;101;62;101;42;72;42;44;69;101;227;101;42;42;101;105;101;114;101;101)
seed_16_level_4-1,2907,36300.830890893936,100844152,8275,(228;101;102;96;228;101;101;227;96;101;115;42;42;101;101;101;101;241;46;103;101;101;101;64;355;99;101;226;225;226;112;65;101;101;101;64;197;77;101;101;101;101;237;61;43;42;99;240;101;103;77;74;101;108;101;66;67;67;78;103;101;73;101;101;101;101;230;101;101;101;64;321;43;101;100;53;101;113;355;103;62;224;227;101;226;104;101;224;101;103;114;397;226;101;101;224;101;362;103;101;500;101;101;101;101;101;65;101;101;101;65;101;101;101;223;241;101;226;101;101;397;323;101;377;67;101;65;320;232;101;321;101;77;101;64;101;101;103;78;65;64;101;253;101;61;117;226;101;101;355)
seed_16_level_4-1,2907,36965.854157447815,102872356,8424,(67;237;66;64;68;101;101;101;329;102;101;103;103;229;225;81;101;101;101;240;120;65;101;101;66;101;101;109;69;98;480;101;229;231;104;101;227;101;93;228;105;227;113;101;230;118;108;101;100;42;227;225;228;227;66;80;101;101;65;74;64;101;101;101;64;101;355;101;101;228;64;249;101;101;355;101;101;226;81;101;101;101;101;101;101;247;101;67;64;75;66;101;79;101;101;101;500;355;102;320;103;95;101;101;96;226;320;320;101;320;101;320;84;226;101;227;101;320;101;101;101;108;362;101;101;101;64;227;241;101;101;101;101;101;101;101;101;103;104;121;98;248;101;101;101;101;240;101;101)
seed_16_level_4-1,2907,37658.196610212326,105284028,8575,(355;320;96;113;264;67;101;65;231;101;101;243;108;101;101;136;239;101;101;101;101;101;105;101;101;101;74;226;148;226;110;233;222;181;226;101;101;362;114;101;101;226;101;356;114;103;320;101;101;101;101;113;103;226;101;101;98;97;113;101;329;226;101;226;103;103;101;101;67;101;397;101;101;66;101;101;101;101;101;103;113;320;67;101;64;101;101;101;101;101;101;101;101;101;226;101;100;101;67;103;230;106;101;101;397;103;101;355;234;42;224;226;42;107;227;239;225;225;101;236;64;112;500;101;101;224;101;320;333;397;67;101;101;101;101;345;320;101;101;101;101;320;101;320;95;108;320;320;101;65;95)
seed_16_level_4-1,2907,38352.759600162506,107707106,8724,(320;101;101;320;101;103;225;78;66;102;226;101;229;101;246;101;227;67;101;101;102;101;103;64;355;79;101;101;64;331;103;226;226;101;101;103;64;101;226;101;101;107;100;101;66;100;242;60;64;99;78;101;101;101;234;362;101;101;101;226;101;101;101;356;101;226;101;101;101;101;320;101;113;101;101;226;113;355;101;68;103;101;121;101;101;101;101;106;101;101;101;101;101;101;101;355;100;397;42;101;42;125;112;228;95;225;227;103;101;233;101;321;96;108;105;320;98;239;101;101;226;500;320;64;62;102;355;320;320;234;101;232;232;320;226;108;320;318;108;111;66;355;108;79;66;226;320;101;108)
seed_16_level_4-1,2907,39067.27896475792,110649873,8872,(355;112;101;67;78;101;101;101;103;107;101;73;101;101;78;101;101;104;226;104;101;101;226;101;109;77;226;101;100;226;119;80;101;102;113;331;101;101;320;82;226;101;320;103;101;236;355;101;101;101;101;397;103;362;103;101;101;103;105;64;101;244;101;320;101;101;222;101;101;101;242;355;320;327;320;104;320;105;62;102;103;101;46;68;103;67;101;101;69;69;355;232;101;101;397;397;320;319;327;319;101;228;87;319;104;115;103;360;94;101;105;101;229;238;99;407;231;500;101;108;117;101;397;355;101;65;108;101;60;101;101;320;320;105;101;101;320;320;320;397;101;224;65;103;101;397;104;242)
seed_16_level_4-1,2907,39760.412222862244,113315827,9020,(76;101;82;70;101;101;101;236;75;100;320;101;243;101;101;226;222;77;101;101;231;103;64;101;237;97;101;101;104;65;105;355;66;101;80;232;238;101;101;101;101;101;66;101;102;101;101;114;102;362;101;223;226;101;101;234;102;103;320;101;102;99;390;68;226;101;101;101;233;101;101;397;101;224;355;101;103;240;397;64;448;64;320;101;63;101;226;101;101;101;363;101;500;101;101;101;101;101;101;355;101;219;101;320;320;101;320;102;101;101;101;101;222;101;105;320;67;68;234;101;408;101;111;240;105;101;101;227;355;101;228;70;116;364;355;101;320;101;226;397;104;104;101;234;226;101;101;105)
seed_16_level_4-1,2907,40456.661603450775,115936041,9169,(69;101;240;69;101;71;249;248;131;104;74;101;326;101;320;101;65;103;101;101;101;101;101;66;101;101;101;65;101;226;231;101;102;102;76;81;102;74;101;101;102;105;73;101;101;109;101;500;104;101;101;101;102;101;320;79;101;101;101;96;101;101;101;101;63;320;101;101;101;101;101;320;390;101;101;101;241;113;101;101;101;227;101;65;320;227;101;101;240;101;101;65;114;65;320;408;101;244;102;228;320;101;320;103;355;226;102;228;94;102;355;224;360;320;65;320;226;64;230;355;408;320;101;101;448;320;101;42;101;103;101;355;101;100;397;67;108;101;397;363;94;108;67;101;101;101;236;103;102)
seed_16_level_4-1,2907,41159.1603410244,118716048,9320,(226;101;101;101;63;101;101;101;108;101;101;103;103;226;101;101;64;101;61;66;101;101;376;226;101;320;69;101;102;107;101;101;60;320;101;104;70;60;101;103;101;101;60;102;391;113;230;101;113;103;66;65;102;79;101;101;104;101;101;101;78;101;101;101;58;101;101;228;101;101;224;101;239;96;101;99;102;67;101;102;101;101;226;101;226;93;72;101;101;101;228;103;480;226;101;320;103;223;413;320;65;396;104;101;101;320;409;101;406;101;102;228;64;228;318;94;101;449;233;104;101;105;230;360;105;228;318;102;101;360;397;226;397;101;360;101;101;360;234;64;104;319;355;116;397;233;101;101;320;228;319)
seed_16_level_4-1,2907,41848.53169846535,121452619,9470,(226;101;101;101;101;103;101;225;101;320;101;101;101;101;101;66;61;101;334;101;80;101;101;102;65;101;101;227;320;355;101;101;101;101;101;104;249;101;104;101;112;79;376;230;58;76;229;320;101;104;103;101;104;66;101;101;101;68;82;101;81;231;101;101;101;480;104;320;101;114;62;101;108;65;101;102;113;101;101;103;101;101;101;415;114;228;355;101;101;66;101;102;101;101;320;64;226;99;101;101;449;405;103;103;318;64;100;86;448;360;102;239;101;101;101;101;101;101;320;99;364;101;101;62;320;100;101;101;396;315;101;360;233;355;226;355;227;101;114;316;106;98;320;321;355;232;97;63;355;66)
seed_16_level_4-1,2907,42580.52001929283,124715812,9621,(66;103;64;43;101;66;78;66;101;66;101;94;355;355;101;226;226;66;101;334;101;122;228;320;60;101;104;101;320;101;101;101;355;101;226;101;101;104;226;101;101;355;318;101;226;94;103;101;103;101;231;102;70;101;245;101;101;101;98;101;69;74;235;103;320;101;101;101;103;101;480;101;397;101;101;104;226;101;101;397;42;101;101;101;397;101;320;101;415;101;101;223;93;101;106;101;101;373;355;101;101;101;449;103;92;233;360;101;322;355;360;64;355;99;321;127;87;101;114;104;107;355;99;101;355;362;233;114;107;101;371;224;105;101;226;355;328;103;104;355;101;361;320;405;236;324;98;397;101;105;228)
seed_16_level_4-1,3122,43307.47349500656,127995378,9771,(71;101;229;235;101;113;355;110;114;101;101;317;227;101;101;101;101;101;101;68;101;102;340;355;66;66;79;98;101;95;243;66;320;101;249;101;66;320;65;226;107;103;101;101;101;101;101;101;320;102;122;101;101;320;101;227;101;101;265;101;101;322;101;101;101;116;101;101;101;67;236;320;101;480;101;104;260;627;101;101;251;101;331;371;65;100;114;320;430;226;101;100;101;101;101;101;230;101;101;101;101;80;226;228;450;101;101;360;319;103;227;100;318;360;316;236;232;78;95;114;102;387;97;564;224;101;105;226;101;101;85;101;430;320;226;94;234;123;101;61;387;363;94;320;101;237;315;115;103;371)
seed_16_level_4-1,3122,44009.79865169525,131023053,9921,(430;101;227;113;230;101;104;320;43;101;101;101;69;101;226;101;101;95;318;97;236;65;104;101;101;112;101;245;101;101;101;71;227;101;228;101;66;101;101;103;65;101;72;101;101;102;228;101;101;430;387;65;101;103;101;65;101;78;320;101;67;66;101;320;65;243;101;226;101;320;410;101;627;65;104;101;226;100;373;226;101;72;101;64;51;101;70;101;101;101;238;320;71;101;95;100;101;110;320;67;101;448;226;247;114;564;101;101;550;110;430;63;315;101;101;101;52;231;320;101;99;226;241;226;101;226;114;229;421;121;103;101;315;101;101;103;103;112;114;101;237;114;388;101;101;352;103;360;103;356)
seed_16_level_4-1,3122,44734.84770035744,134512470,10071,(430;318;67;320;104;430;227;101;64;468;101;101;248;101;101;101;101;320;248;101;104;399;430;103;101;101;101;65;101;332;103;65;241;320;320;101;64;101;65;101;113;64;387;226;101;320;64;101;77;103;101;101;102;101;101;42;226;243;66;101;52;66;103;101;101;64;101;67;101;226;95;101;226;226;226;101;225;42;101;94;67;65;101;101;101;101;564;98;101;62;103;101;101;430;430;224;101;430;42;101;76;360;121;335;101;101;113;101;101;320;430;101;95;100;101;72;103;101;430;430;430;101;357;100;101;67;101;430;103;58;114;114;481;62;104;231;90;430;226;387;360;103;430;101;228;228;101;318;396;125)
seed_16_level_4-1,3122,45442.80289673805,137563047,10221,(387;103;101;101;59;122;226;101;49;320;64;69;226;388;77;101;64;101;62;64;101;65;226;101;66;79;226;101;101;101;49;101;228;101;54;103;101;101;101;102;468;430;430;103;320;101;114;103;112;320;71;101;226;101;63;103;65;101;101;101;101;101;320;320;101;101;320;102;104;239;101;228;430;101;69;101;101;64;101;318;101;101;250;101;101;320;99;564;430;64;360;64;97;103;320;318;103;101;100;318;101;101;226;101;101;240;99;65;430;105;320;360;226;99;101;222;105;387;101;115;103;318;103;226;101;101;103;116;232;103;101;95;101;320;101;376;101;94;101;101;101;103;410;97;387;331;101;106;460;101)
seed_16_level_4-1,3122,46171.59234070778,141077020,10370,(388;65;66;101;243;430;320;103;72;243;101;102;64;103;248;101;101;42;64;65;102;65;226;101;101;226;65;64;101;225;78;105;67;320;235;114;101;468;318;103;320;101;101;101;103;101;103;64;389;101;104;101;104;101;226;64;101;318;99;101;102;390;101;430;100;105;320;430;101;103;114;101;101;101;387;77;101;234;101;101;101;430;101;228;101;101;63;564;235;101;103;101;111;94;83;101;103;227;430;362;360;415;112;359;430;228;228;97;318;102;396;320;228;101;64;63;226;228;42;458;323;101;240;101;430;101;110;226;101;336;320;387;107;114;226;226;387;101;62;105;233;325;101;224;235;64;101;227;97)
seed_16_level_4-1,3122,46931.43465709686,145100384,10520,(468;101;231;101;114;101;104;105;101;101;228;59;231;226;101;101;103;101;72;101;225;101;101;318;101;102;67;320;248;101;101;101;101;63;101;102;237;101;101;320;101;101;101;320;387;101;64;387;101;113;101;101;101;430;430;224;101;320;101;387;101;234;101;320;564;65;101;101;102;101;104;320;229;228;103;105;360;101;102;387;387;320;101;358;227;387;225;101;387;101;324;101;101;101;101;320;105;512;430;101;101;101;101;92;103;320;315;400;430;360;101;227;122;430;101;101;328;101;103;101;94;103;105;481;320;319;320;101;96;320;105;317;101;224;101;101;116;226;450;430;101;379;101;411;426;103;103;232;114;101)
seed_16_level_4-1,3122,47666.55023646355,148705226,10670,(468;101;239;232;101;113;103;120;104;101;224;103;226;320;101;101;63;101;101;229;226;98;101;63;101;322;101;101;101;45;430;101;101;318;101;335;101;240;114;101;101;101;101;101;101;102;101;101;103;387;42;101;101;104;226;236;116;101;101;322;65;101;564;81;101;101;450;101;101;103;101;101;101;320;101;226;430;98;370;70;101;247;430;320;320;360;322;226;387;114;430;101;51;101;227;318;101;320;226;516;101;98;415;103;360;226;430;103;57;234;101;234;115;324;320;315;65;360;101;101;114;517;94;224;116;113;101;466;101;110;227;91;372;226;117;107;224;114;233;101;101;90;98;338;64;99;226;101;114;101)
seed_16_level_4-1,3122,48421.921850442886,152676359,10820,(468;101;378;226;226;320;101;103;101;237;77;101;103;320;387;101;101;226;101;343;226;226;101;226;320;67;101;101;320;101;320;101;101;101;101;102;318;77;101;103;335;101;320;113;77;67;105;101;430;246;67;66;226;101;78;318;101;101;335;241;67;564;101;101;96;101;320;101;513;101;98;67;101;101;226;234;79;430;228;387;320;224;95;364;224;94;101;101;320;103;101;320;101;101;110;101;101;426;101;387;224;224;320;101;360;229;107;226;430;101;101;360;101;101;114;101;101;415;320;101;320;97;102;229;101;320;387;105;234;224;227;387;101;430;430;230;101;101;360;101;360;225;101;103;229;112;225;361;226;103)
seed_16_level_4-1,3122,49210.06753182411,157313905,10970,(468;64;101;320;101;101;237;387;101;101;226;101;235;101;318;103;320;63;318;63;66;113;226;226;228;101;101;71;226;223;226;100;101;320;320;104;64;101;101;226;231;101;384;101;101;67;101;329;101;101;101;104;246;240;226;101;101;64;104;101;101;225;320;320;97;412;101;235;387;101;101;103;315;125;101;95;101;320;115;360;101;99;236;99;101;103;430;360;247;101;325;114;481;103;322;320;432;101;322;360;114;226;101;318;418;94;230;320;481;344;481;430;430;318;101;532;114;360;360;101;237;101;360;360;361;103;103;101;320;226;462;234;101;101;62;106;320;315;361;416;357;104;316;103;101;430;320;101;320;430)
seed_16_level_4-1,3122,50026.81836605072,162605055,11120,(468;252;226;318;430;102;101;320;430;320;101;70;226;101;101;249;103;101;43;228;430;101;226;101;226;320;101;101;320;320;101;63;101;64;101;101;101;101;387;64;58;101;101;318;101;101;101;101;64;101;106;225;387;65;101;318;101;101;101;225;77;531;325;104;101;101;360;362;481;101;362;412;103;101;315;114;237;101;360;360;247;320;103;362;430;67;360;463;103;101;95;318;226;430;103;324;318;315;320;101;97;101;103;360;387;101;360;387;373;101;360;451;430;101;353;98;481;322;360;101;468;118;320;430;101;67;481;452;323;103;101;515;237;103;360;101;450;102;320;315;94;318;103;101;360;360;315;237;101;416)
seed_16_level_4-1,3122,50813.571372032166,167538936,11270,(468;101;101;543;322;77;101;225;65;67;227;103;318;101;333;103;100;227;320;70;250;77;78;101;248;118;77;387;226;227;101;78;318;69;120;63;101;481;101;318;226;320;101;101;101;101;114;430;101;114;101;387;64;430;320;430;64;65;515;101;101;100;99;430;104;101;104;101;319;63;226;320;101;450;430;104;112;318;101;101;526;320;101;101;101;414;103;101;387;320;318;430;226;101;90;414;387;101;320;103;101;430;97;101;430;371;451;387;101;101;430;464;368;103;101;226;430;65;112;430;65;109;101;101;320;101;320;564;226;101;114;101;101;75;101;101;226;102;226;430;101;104;103;237;370;430;103;460;430;231)
seed_16_level_4-1,3122,51580.91268610954,171882728,11420,(101;101;101;227;105;101;43;108;101;101;101;226;77;101;69;101;78;318;104;101;430;101;83;318;101;101;101;101;101;101;83;227;101;318;101;101;225;101;103;387;226;101;101;101;387;362;74;101;239;42;228;101;83;101;102;101;101;67;103;101;105;64;101;101;430;101;113;103;103;387;430;101;101;320;66;407;320;109;320;101;103;530;101;450;400;318;362;513;416;102;114;318;318;224;249;226;430;226;430;101;116;452;318;101;103;103;114;103;101;564;387;101;101;99;387;226;101;430;65;367;101;101;110;237;320;101;104;450;101;564;393;257;370;320;101;101;318;360;564;65;461;103;362;104;101;360;107;97;103;101)
seed_16_level_4-1,3122,52370.22445130348,176518206,11570,(430;78;66;226;101;101;318;101;101;320;430;65;101;77;101;101;84;387;225;101;226;320;101;387;101;101;236;101;320;94;101;101;101;101;101;101;101;101;226;101;101;66;112;101;101;104;101;101;107;229;136;227;101;101;318;101;564;430;65;226;238;226;387;103;101;101;65;101;360;229;62;101;322;101;228;320;226;64;226;360;360;360;101;394;360;227;224;360;360;452;360;360;481;387;113;101;103;101;101;469;481;101;234;101;101;360;404;101;101;320;100;450;101;438;103;101;101;62;101;226;101;387;318;320;136;430;224;103;226;450;101;320;360;360;320;103;79;315;415;101;320;320;100;101;451;226;481;320;101;234)
seed_16_level_4-1,3122,53192.276770830154,181758808,11720,(101;101;97;318;320;101;104;320;103;101;101;101;101;113;229;430;123;101;387;101;112;430;430;320;108;101;113;101;101;103;97;320;387;101;101;101;430;320;101;219;320;430;98;101;101;101;101;320;320;101;318;101;564;360;320;430;234;227;481;362;226;103;430;320;458;101;226;107;227;360;101;320;101;360;101;226;318;318;101;116;513;318;105;101;318;104;101;226;112;65;80;101;320;63;103;101;101;100;430;101;360;430;481;101;450;482;226;324;61;452;101;101;244;450;227;360;486;387;226;387;387;101;101;224;224;360;105;318;430;423;233;101;101;226;103;67;101;103;101;320;120;481;101;240;320;451;101;360;62;101)
seed_16_level_4-1,3410,53989.15494012833,186798685,11870,(430;101;101;103;104;101;101;101;103;101;101;103;64;227;101;101;101;103;64;335;101;320;101;101;101;103;79;387;64;101;103;320;101;320;103;101;320;79;320;387;101;101;101;101;101;229;320;101;101;104;101;248;101;430;236;318;564;320;101;109;107;101;387;103;101;320;67;481;226;318;320;320;101;415;423;360;328;318;101;101;328;94;226;424;65;121;101;101;103;360;101;387;57;430;91;320;549;320;43;379;101;101;360;481;103;481;101;104;1001;320;360;450;101;226;319;99;105;98;320;320;101;360;114;101;65;361;109;360;360;103;105;320;229;102;101;228;232;476;102;101;101;226;328;101;360;425;99;462;318;105)
