seed_25_level_4-2,658,479.5569853782654,204693,150,(43;45;41;47;55;60;48;43;59;62;119;60;42;42;46;53;42;47;46;42;49;42;40;59;41;42;48;54;41;46;41;96;41;41;41;56;47;59;48;72;42;49;72;67;62;74;41;45;74;57;41;42;57;44;41;44;45;44;65;67;41;51;40;42;51;42;44;47;59;42;42;126;42;44;41;44;42;41;41;69;41;51;44;48;67;41;59;42;42;54;56;70;41;41;59;42;51;74;68;41;44;42;43;52;49;45;46;49;45;51;44;126;42;43;40;47;51;42;41;41;57;51;60;49;42;56;42;42;45;41;46;51;42;62;48;42;40;63;57;48;42;41;63;41;70;45;50;47;43;62)
seed_25_level_4-2,658,967.782212972641,409157,300,(42;42;42;42;42;43;42;42;42;42;42;44;43;42;46;42;42;42;42;42;45;45;46;47;47;42;49;49;42;59;45;59;59;59;65;42;67;67;68;70;72;74;47;74;48;67;54;49;49;57;41;41;41;43;41;48;41;41;41;41;41;42;45;41;41;41;42;41;41;41;41;41;51;41;46;51;43;51;41;42;41;41;65;48;48;41;43;51;43;40;45;43;58;56;41;40;41;41;40;42;50;47;44;44;44;44;44;45;44;57;49;51;47;62;51;51;51;45;46;46;46;45;43;42;42;59;55;51;51;51;60;44;57;56;72;69;62;96;57;65;58;60;63;70;68;67;63;126;126;119)
seed_25_level_4-2,658,1442.7255246639252,614436,450,(42;42;42;43;48;42;42;42;42;42;42;46;46;43;42;42;42;42;42;42;42;47;45;45;48;46;47;47;49;49;57;59;59;58;63;67;67;68;70;72;74;74;48;67;55;49;42;57;41;41;42;41;43;41;48;41;41;41;41;41;41;41;46;41;42;41;41;41;41;41;47;41;51;51;43;51;41;42;41;41;51;47;45;48;48;57;45;42;62;56;41;43;43;52;40;45;45;56;41;40;41;41;40;42;50;45;47;44;44;44;44;44;47;57;52;51;51;46;44;46;43;50;60;43;43;42;54;55;51;51;60;57;65;56;72;69;62;96;57;65;59;60;63;70;62;67;63;126;126;119)
seed_25_level_4-2,658,1923.4748616218567,821831,600,(42;42;43;42;42;42;47;42;42;42;42;42;49;42;42;42;42;48;45;42;42;42;46;42;47;47;43;46;49;49;53;59;59;59;63;67;67;68;70;72;73;74;48;67;53;45;49;42;57;41;41;42;47;44;41;42;41;48;41;41;41;41;41;41;41;41;41;42;41;41;47;41;43;41;51;51;41;51;41;42;41;41;51;43;52;45;48;48;49;42;46;41;43;43;51;40;45;43;56;41;40;41;54;40;74;67;50;47;44;44;44;44;44;57;52;51;51;44;42;50;44;43;43;42;59;55;61;62;51;51;60;57;65;56;65;69;62;60;96;57;65;59;63;70;68;67;63;126;126;119)
seed_25_level_4-2,659,2403.3108806610107,1027551,750,(42;42;42;42;42;42;42;42;45;42;65;42;43;45;42;42;42;42;42;43;45;46;46;42;47;47;47;49;49;49;59;59;59;59;63;67;65;42;68;70;46;73;74;74;48;67;53;49;42;57;47;41;42;47;41;43;41;48;41;41;41;41;41;46;41;41;41;42;41;41;41;41;51;51;43;51;41;42;41;41;43;52;45;51;45;48;48;42;41;43;43;40;45;43;56;41;40;41;40;41;41;50;44;47;44;44;44;44;44;57;46;52;51;46;46;46;50;44;43;45;43;43;40;59;55;60;41;62;51;57;60;57;65;62;69;72;62;96;60;57;65;60;63;70;68;61;72;126;121;119)
seed_25_level_4-2,659,2886.4698600769043,1230738,900,(43;43;43;43;46;43;43;43;43;43;46;43;43;48;43;43;44;44;46;43;46;47;47;43;48;48;49;50;50;56;56;56;56;59;60;62;62;63;65;69;69;69;48;67;54;49;42;62;41;42;51;41;43;41;48;41;41;41;41;41;41;41;41;43;42;41;41;41;41;51;51;41;51;41;42;41;41;52;51;41;41;51;51;45;45;48;48;40;41;41;43;43;40;45;43;56;41;40;41;40;42;58;41;42;50;44;47;44;44;44;44;44;57;46;67;52;51;42;46;50;44;43;45;43;59;55;60;62;51;60;57;45;51;72;69;62;58;96;60;57;65;56;63;70;61;67;63;122;119;122)
seed_25_level_4-2,659,3370.2708942890167,1437139,1050,(43;43;43;43;43;43;43;43;43;43;43;43;43;43;43;44;48;43;45;43;46;47;43;48;48;48;49;49;50;56;56;56;56;59;60;62;62;63;65;67;69;69;69;48;53;53;49;42;45;42;41;65;51;41;47;41;48;41;41;41;41;41;41;41;41;42;41;41;41;42;51;51;41;51;41;42;41;41;52;51;41;41;51;45;45;48;48;40;41;43;43;42;40;45;45;56;44;59;41;43;41;41;42;50;47;47;44;42;44;44;46;57;46;52;51;51;46;46;50;44;43;45;43;42;59;55;60;62;51;60;51;86;56;72;69;62;96;59;60;57;65;57;68;63;70;67;63;122;122;119)
seed_25_level_4-2,659,3852.0181708335876,1639526,1200,(43;43;43;43;43;43;43;43;43;43;43;43;43;43;43;43;43;43;44;46;46;47;43;48;48;48;49;50;43;54;52;56;56;56;59;43;62;62;63;65;67;69;69;69;48;53;49;42;41;42;41;57;43;47;41;42;41;48;41;41;41;41;41;41;41;41;42;41;41;41;51;51;43;51;41;42;41;41;49;51;41;41;51;41;44;45;45;48;48;42;41;41;43;43;44;58;40;45;42;56;41;41;48;50;47;44;44;44;55;41;40;46;52;51;51;51;44;50;47;43;45;44;42;59;55;57;60;40;62;51;60;51;65;62;72;69;62;96;59;60;57;65;68;63;70;67;63;122;122;119)
seed_25_level_4-2,659,4323.3334839344025,1843156,1350,(43;43;43;43;43;43;43;43;43;43;47;43;43;43;43;43;46;43;44;43;60;43;46;46;47;48;48;48;49;50;52;56;56;56;59;62;62;63;65;67;69;69;69;67;48;53;49;42;44;42;41;61;51;41;42;41;47;41;42;41;41;41;41;41;41;42;41;41;41;51;62;43;51;41;42;41;41;51;41;41;51;41;41;47;45;51;48;48;42;40;46;43;43;45;42;40;56;41;41;42;41;40;43;40;41;50;55;49;44;44;47;44;44;42;46;52;51;51;44;46;50;43;45;46;56;55;60;62;51;60;51;57;65;72;69;62;96;58;60;57;65;56;68;63;70;61;63;122;122;119)
seed_25_level_4-2,659,4803.155324220657,2044631,1500,(43;43;43;43;43;43;43;43;43;43;43;43;43;43;43;47;49;43;43;47;46;46;43;47;43;48;48;47;43;55;56;56;56;59;43;62;62;63;65;67;68;69;69;67;48;53;52;42;42;41;48;47;41;47;41;42;41;41;41;41;41;41;41;41;42;41;41;41;51;41;51;41;42;41;41;51;41;41;51;41;41;41;45;45;48;48;42;44;43;43;42;45;55;45;40;56;41;41;41;40;40;41;42;50;55;49;44;44;47;44;44;46;52;51;51;46;50;42;44;48;44;43;59;55;60;46;51;60;51;57;65;56;72;69;62;96;59;60;57;65;57;51;68;63;68;67;63;122;122;119)
seed_25_level_4-2,659,5275.990629196167,2249484,1650,(43;43;43;43;43;43;43;43;43;43;43;43;43;43;43;43;44;47;48;49;60;46;46;43;47;49;43;48;48;43;52;56;56;56;59;62;62;63;65;67;69;69;69;67;48;54;45;61;42;42;41;41;57;44;47;48;41;42;45;41;41;42;41;41;41;41;43;41;44;41;51;43;55;41;42;41;41;47;41;41;51;41;41;41;40;62;51;45;60;48;48;42;41;43;43;45;44;40;56;41;41;41;40;40;42;50;57;44;49;47;44;47;44;44;46;52;43;51;51;46;44;46;44;41;42;59;55;60;51;60;56;57;65;62;72;69;62;96;59;60;57;65;70;68;63;67;63;122;122;119)
seed_25_level_4-2,659,5742.036736249924,2453317,1800,(43;43;43;43;43;43;43;43;46;43;43;44;43;43;43;43;43;46;43;43;46;46;43;47;43;48;48;49;49;52;56;56;55;59;60;62;62;63;65;67;69;69;69;67;48;53;49;42;42;41;41;57;51;48;41;43;41;41;45;41;41;41;41;41;41;45;43;41;42;41;41;41;45;51;41;41;47;51;41;42;45;45;48;48;42;41;43;43;42;51;58;43;40;56;41;41;41;40;41;44;42;50;43;46;41;45;57;44;52;44;47;44;44;46;52;51;51;51;44;50;43;44;45;54;55;53;51;62;51;60;57;51;65;72;69;62;96;63;60;57;65;56;70;68;64;67;63;122;122;119)
seed_25_level_4-2,659,6214.090950727463,2657171,1950,(43;43;43;43;43;43;43;43;43;43;44;43;43;44;43;50;49;43;46;47;46;46;44;43;47;45;48;50;49;52;56;56;56;59;60;62;62;63;65;67;69;69;69;67;48;54;49;42;42;41;41;57;47;48;41;43;41;42;45;41;41;41;41;41;41;41;42;41;41;41;41;45;41;41;51;41;42;51;44;41;49;51;45;45;48;48;42;58;41;51;41;43;43;42;59;41;45;41;56;41;41;41;40;45;42;50;44;55;44;44;47;44;44;46;52;51;51;46;50;46;44;60;45;43;42;59;55;62;51;60;51;57;65;56;45;69;62;96;59;60;57;65;63;79;68;67;63;122;122;119)
seed_25_level_4-2,659,6678.266263961792,2860250,2100,(43;43;43;43;43;43;45;43;46;43;43;43;43;43;43;47;44;46;48;46;46;48;45;47;48;43;50;43;45;52;56;56;56;61;60;62;62;62;65;44;69;68;69;67;48;53;49;42;42;41;41;57;47;47;41;42;41;45;45;41;41;50;41;43;43;42;41;41;41;47;51;41;41;51;41;42;51;41;51;41;51;41;72;41;45;45;48;48;58;41;43;43;40;42;42;56;41;41;41;40;45;42;50;52;47;52;44;44;45;47;44;44;46;52;43;51;51;46;46;50;44;45;43;43;59;55;62;40;62;51;60;51;70;57;65;56;69;62;96;59;60;57;65;63;68;67;63;122;122;114)
seed_25_level_4-2,659,7150.290838003159,3065970,2250,(43;43;45;43;43;43;43;43;43;43;43;44;43;43;43;44;44;43;49;46;43;46;45;47;44;48;48;48;49;55;56;56;56;43;61;62;62;63;65;69;69;69;67;48;54;59;42;42;41;41;57;48;57;47;41;43;41;41;41;41;41;41;41;42;41;41;41;51;45;41;62;41;42;51;41;54;41;51;46;42;52;44;45;45;48;48;40;42;41;43;43;45;42;47;41;40;56;41;44;43;40;45;40;67;41;62;50;46;44;44;47;44;44;46;52;51;51;43;45;50;43;44;45;42;59;55;60;62;51;60;51;57;65;62;72;69;62;96;58;60;57;65;70;63;68;67;63;122;122;119)
seed_25_level_4-2,659,7621.844593048096,3268936,2400,(43;43;43;43;43;43;43;43;44;43;43;43;46;43;46;60;43;44;43;43;43;43;44;46;47;48;48;48;50;49;56;56;56;56;59;60;62;42;63;65;67;69;69;69;67;48;53;49;42;42;41;41;60;47;51;48;41;42;41;41;41;41;41;41;41;42;41;41;41;51;41;43;45;51;41;41;51;41;47;41;42;41;45;45;48;48;42;41;41;43;43;41;40;43;40;56;41;40;45;40;41;50;41;43;55;44;44;44;47;44;44;46;52;51;51;42;46;45;43;44;45;42;59;55;60;51;62;51;60;51;57;65;72;69;62;96;58;60;57;65;56;70;63;68;51;67;63;122;124;119)
seed_25_level_4-2,659,8110.476276874542,3481928,2555,(43;43;43;43;44;43;43;43;43;43;43;43;44;43;43;49;50;52;69;41;59;71;81;67;43;42;69;40;43;49;64;70;41;41;45;44;41;41;41;41;65;47;41;41;51;48;51;41;41;45;45;41;41;48;46;59;47;51;41;41;41;41;41;42;41;41;41;41;41;51;68;51;61;51;51;45;61;41;41;58;45;42;43;41;43;42;41;43;49;58;55;62;43;44;46;40;68;46;45;48;51;40;46;48;41;41;122;42;43;42;46;44;42;43;42;41;51;43;40;65;41;54;62;49;55;72;56;60;47;57;55;41;52;63;57;66;47;68;69;80;69;122;63;47;42;59;53;42;119;51;84;95;59;47;53)
seed_25_level_4-2,659,8620.672153711319,3694190,2717,(43;43;47;43;43;44;43;43;43;46;43;46;48;46;49;42;41;40;49;41;42;41;69;41;42;45;41;49;43;84;43;81;62;65;46;55;51;52;57;41;58;46;43;41;56;60;51;41;48;41;41;41;41;41;41;41;41;42;42;41;43;43;41;41;43;41;41;41;41;44;60;48;66;52;48;45;41;41;61;41;43;43;48;41;43;59;57;43;46;43;42;48;51;43;62;46;40;47;48;50;51;59;47;61;51;51;54;67;51;62;51;68;40;43;46;59;52;69;52;59;51;51;48;43;55;49;43;40;122;62;44;44;53;53;58;46;41;51;72;51;67;51;48;69;51;65;48;51;56;41;44;65;119;70;68;49;47;66;51;68;43;41)
seed_25_level_4-2,1152,9097.98684334755,3951814,2871,(43;43;44;43;45;43;43;43;43;43;49;48;48;43;44;69;51;43;84;45;43;41;47;55;43;48;39;46;48;40;48;54;43;43;56;48;41;51;43;61;51;122;62;45;59;58;43;41;72;51;232;51;44;52;46;42;39;46;41;41;48;41;41;42;42;48;47;48;46;41;45;50;121;51;62;40;52;54;65;118;51;52;60;68;44;48;43;42;61;41;41;41;45;54;42;48;42;65;51;61;41;48;44;59;63;56;68;57;54;57;64;59;58;61;44;44;51;68;65;51;44;51;66;43;51;47;40;59;42;59;51;43;58;59;56;42;43;121;53;62;42;69;121;52;54;51;52;119;51;54;68;62;48;67)
seed_25_level_4-2,1152,9569.46443104744,4208401,3020,(42;42;42;45;42;42;42;48;42;48;42;42;48;49;55;47;65;51;51;42;84;51;43;70;62;69;52;52;39;49;57;41;47;42;43;59;45;43;54;42;43;65;42;48;45;42;47;41;46;48;48;46;43;39;47;75;68;44;45;41;59;51;52;44;55;41;46;41;52;59;61;41;51;46;45;40;61;121;41;41;66;45;42;57;48;45;64;53;66;42;67;42;58;45;48;57;62;41;52;44;62;42;69;42;49;42;59;59;59;53;51;57;62;55;66;57;60;43;68;42;55;51;45;121;61;63;51;114;138;42;44;121;54;42;54;63;41;118;55;48;47;62;61;232;66;51;47;62;41)
seed_25_level_4-2,1169,10054.86919593811,4471974,3174,(42;42;42;42;42;42;45;48;46;48;42;42;48;61;47;64;42;51;45;40;42;55;45;40;55;42;51;65;50;52;68;43;56;51;65;62;42;50;44;48;46;41;45;41;46;58;48;48;51;62;52;52;44;70;66;42;47;121;46;58;62;62;53;54;55;49;41;42;41;51;55;52;52;45;68;40;41;48;40;66;48;57;59;46;84;45;57;53;58;75;42;46;59;47;57;47;51;52;52;62;41;41;41;63;59;50;53;55;39;59;43;45;40;39;118;61;47;63;41;59;44;55;45;59;121;40;41;52;40;60;51;121;66;45;46;47;114;51;121;63;51;222;121;51;51;57;53;58;62;41;46;49;63;54)
seed_25_level_4-2,1169,10519.401868104935,4747094,3322,(42;42;43;42;42;45;48;42;45;48;75;42;52;57;51;54;54;41;64;44;54;40;42;42;43;43;55;60;42;40;45;41;72;48;53;42;52;41;46;46;42;46;48;42;51;62;52;70;61;53;41;67;51;68;41;52;44;62;48;47;52;51;46;51;43;84;60;42;57;62;42;42;44;59;44;54;47;65;47;45;42;63;121;49;121;44;59;43;42;53;51;40;63;54;43;42;51;53;57;50;48;41;51;59;121;51;51;41;41;59;59;51;48;41;41;52;64;59;41;62;41;67;62;46;54;121;121;114;118;48;51;62;45;113;121;44;68;63;51;61;232;51;61;121;59;43;51;53)
seed_25_level_4-2,1169,11003.615943908691,5016880,3475,(42;42;42;42;42;45;46;42;48;43;42;84;51;50;75;43;61;64;42;45;121;45;63;44;43;64;48;59;40;42;40;44;45;42;46;65;44;53;42;52;59;43;39;41;43;68;44;52;45;93;59;54;39;61;64;72;64;51;57;48;57;49;41;44;43;55;79;42;42;55;62;50;56;72;66;54;51;52;40;43;51;47;41;43;43;61;43;42;41;48;59;57;52;41;57;67;51;42;43;51;63;43;44;49;49;121;54;41;60;41;59;41;62;46;48;41;62;41;62;121;44;41;44;51;52;61;62;47;64;55;47;46;232;41;44;43;41;62;61;118;121;41;66;65;59;48;114;69;72;114;44;57;53)
seed_25_level_4-2,1169,11478.720410108566,5322234,3625,(42;42;42;42;43;45;45;42;48;68;67;51;42;51;61;45;61;48;55;50;42;70;59;42;69;51;121;57;56;77;65;52;83;52;66;48;121;43;51;43;42;41;39;51;42;57;48;50;49;59;57;40;60;59;52;59;59;40;40;63;47;52;63;62;44;54;42;121;42;59;58;75;132;61;55;83;51;52;45;50;50;60;50;51;60;44;121;55;51;45;121;61;84;67;45;62;62;51;121;42;46;46;64;57;61;51;59;46;62;59;40;59;40;43;121;41;41;46;54;41;59;65;56;42;51;46;118;51;51;58;99;48;48;48;114;60;51;42;65;60;56;57;232;57;51;121;63;49;44;41)
seed_25_level_4-2,1169,11960.261103391647,5641177,3777,(42;42;42;42;42;42;45;54;46;51;48;53;40;55;51;43;48;69;42;67;66;51;59;42;66;61;56;121;52;42;44;54;51;48;53;51;54;93;50;60;42;66;121;53;99;42;61;59;41;42;54;42;121;41;41;57;44;59;41;51;41;51;121;46;49;41;53;62;51;48;63;234;42;84;56;43;46;61;57;60;44;39;40;83;42;59;63;48;62;62;53;48;48;61;48;49;57;42;59;72;40;46;40;59;63;59;41;59;63;67;58;44;51;118;41;59;42;47;59;48;121;67;67;51;51;121;47;47;42;44;43;65;114;52;62;121;44;44;51;132;42;43;68;42;43;222;49;51;54;60;54;43)
seed_25_level_4-2,1169,12453.10696053505,6000043,3929,(43;42;42;42;43;42;42;84;59;61;47;62;48;106;60;59;42;48;44;121;54;67;52;93;70;99;42;51;48;51;48;51;121;42;45;59;55;40;56;51;49;65;45;41;132;48;51;48;67;51;51;52;43;59;62;51;51;59;41;48;45;62;55;42;64;56;54;66;47;70;64;121;42;44;121;67;42;121;121;54;43;53;57;68;42;45;46;54;47;60;52;46;45;44;40;121;53;44;39;46;43;63;43;42;44;66;72;121;53;62;66;119;72;59;51;44;40;48;69;114;56;57;51;60;48;59;51;59;40;46;59;114;66;66;57;44;54;232;61;121;49;121;57;121;43;234;62;53;44;44;44;49)
seed_25_level_4-2,1170,12937.887844085693,6355185,4081,(42;42;42;42;43;68;39;68;46;59;61;51;48;51;42;93;68;64;70;67;45;51;58;59;68;59;43;39;51;47;41;60;59;41;48;48;40;60;57;40;51;41;56;41;44;69;48;57;41;59;41;40;121;64;62;78;99;84;49;48;45;51;121;41;54;53;39;65;41;47;50;45;132;51;51;51;52;46;63;53;45;68;53;106;42;42;43;100;59;44;59;66;47;68;41;45;51;62;57;52;51;68;46;121;51;39;121;51;59;43;54;52;43;121;118;48;64;52;121;64;57;70;111;51;44;114;44;57;42;54;65;117;234;41;58;51;62;51;119;51;50;61;121;50;52;221;41;120;77;53;45;65)
seed_25_level_4-2,1170,13422.49538898468,6704965,4230,(42;42;43;43;42;48;105;42;48;56;84;56;73;43;56;51;48;51;65;64;120;120;59;51;60;47;59;45;40;48;67;51;67;42;51;46;41;58;44;59;48;45;42;43;65;56;57;65;59;46;41;48;64;51;71;40;68;48;68;40;60;44;41;59;58;49;132;58;54;42;42;120;43;51;68;53;46;63;46;51;44;55;59;59;59;51;47;49;114;59;45;45;42;119;51;58;55;51;46;111;51;48;41;63;52;120;54;43;51;51;52;68;66;67;120;61;120;60;53;64;45;42;118;48;50;51;48;46;111;57;113;62;62;64;242;44;54;65;57;61;65;222;114;59;54;61;53;57;126)
seed_25_level_4-2,1170,13903.895382165909,7075298,4378,(42;42;43;59;59;42;59;41;40;48;55;68;105;60;42;56;49;68;48;52;67;97;69;58;48;65;60;62;57;58;46;54;45;59;119;65;66;59;59;52;40;44;50;132;66;63;56;84;43;45;42;57;58;51;44;42;46;63;54;42;51;44;120;51;51;39;41;68;66;60;47;51;64;51;48;48;62;111;69;48;120;48;60;52;51;52;41;119;51;51;66;58;118;120;51;120;45;59;62;51;48;63;120;120;48;62;48;114;59;120;48;40;120;61;67;65;66;42;234;44;60;54;54;49;54;41;120;41;98;59;52;69;114;57;51;47;45;42;48;232;50;53;46;62;120;41;69;57)
seed_25_level_4-2,1170,14382.970088720322,7428504,4527,(42;120;64;51;41;42;56;46;47;59;52;52;40;56;51;53;48;105;52;48;60;58;61;53;47;70;84;47;45;43;59;42;44;39;59;59;46;63;60;60;56;41;63;55;44;41;59;61;52;64;67;66;65;48;120;51;54;42;57;114;42;57;51;62;53;120;51;44;45;59;41;66;41;98;51;51;51;60;54;53;69;59;52;58;54;120;51;63;120;59;62;53;64;114;66;68;48;67;52;120;66;78;43;44;47;234;44;43;43;43;115;54;132;66;84;43;47;64;41;42;41;45;41;114;49;120;69;41;120;222;50;62;54;51;58;44;51;118;51;67;48;44;41;119;46;48;51;51;48)
seed_25_level_4-2,1170,14889.975860834122,7848250,4682,(42;55;47;111;120;50;45;48;59;53;39;59;51;44;44;63;56;49;47;45;51;58;59;51;62;63;63;44;109;56;41;66;54;47;44;40;105;42;52;41;120;59;42;51;52;42;60;41;62;57;52;60;98;59;42;59;120;48;68;41;59;120;51;56;51;44;67;120;54;54;55;48;70;44;51;42;43;43;64;46;57;58;66;120;53;70;51;43;119;65;65;66;52;118;110;60;66;98;120;43;61;57;60;44;67;117;189;58;48;114;60;62;114;66;120;52;51;54;53;51;132;40;120;47;61;51;119;51;59;44;66;51;66;120;120;43;63;45;120;48;114;114;120;120;62;53;111;234;44;43;60;44;43;45;61)
seed_25_level_4-2,1170,15369.601201057434,8295249,4830,(56;46;51;48;59;51;42;48;64;51;41;56;55;42;51;48;70;41;48;62;120;66;43;51;45;120;42;62;61;59;48;40;51;120;40;120;120;120;59;44;120;48;120;51;42;42;120;59;56;43;40;120;65;66;50;61;132;60;51;59;51;108;62;69;51;62;51;43;45;64;46;51;54;120;53;43;44;53;120;98;98;44;53;48;57;119;51;51;51;51;58;60;43;51;51;53;51;234;54;76;99;47;54;49;222;120;54;126;53;59;111;60;45;50;48;56;118;44;120;63;99;42;119;62;65;41;48;40;114;62;54;120;51;57;189;51;49;62;48;51;114;46;66;62;54;49;59;242)
seed_25_level_4-2,1170,15856.080121040344,8771138,4978,(114;61;48;120;41;58;120;41;48;59;41;56;56;44;53;59;48;48;48;39;66;66;53;65;51;62;41;52;59;40;62;51;72;41;54;64;67;45;51;51;60;46;57;43;43;120;59;58;43;120;111;46;56;111;98;120;63;68;61;98;119;66;51;61;61;120;42;61;58;50;48;109;73;44;51;120;120;120;62;98;51;48;132;50;41;51;47;59;120;59;63;52;69;118;120;51;47;66;119;48;48;48;45;189;67;61;65;51;120;47;62;45;67;65;112;57;62;61;115;114;120;234;57;44;82;41;41;120;58;120;49;62;62;242;42;62;47;48;60;111;222;98;120;44;44;40;59;55)
seed_25_level_4-2,1170,16339.885464906693,9213002,5126,(59;48;120;52;62;51;43;41;62;51;51;51;53;61;46;45;60;120;52;41;120;42;68;52;51;132;48;46;53;66;120;64;69;120;47;62;49;64;52;59;42;42;59;120;61;39;47;119;120;40;56;58;40;68;48;66;52;70;42;99;51;68;55;120;57;120;56;66;61;104;120;42;43;55;120;44;55;44;54;48;120;49;65;75;43;120;41;41;46;57;41;119;52;51;76;51;53;118;58;43;53;51;48;111;41;73;63;41;59;234;43;45;53;61;62;59;185;43;61;61;45;120;55;47;48;39;44;222;120;51;62;51;47;53;242;52;59;57;48;111;114;51;55;62;44;115;41;114)
seed_25_level_4-2,1170,16845.9813683033,9676442,5277,(59;56;40;120;120;40;66;60;51;55;46;48;51;44;41;47;43;96;62;53;52;44;46;120;52;42;42;68;62;54;40;63;41;61;54;48;39;47;120;64;40;59;39;120;51;55;46;62;120;48;41;57;118;98;53;120;135;64;111;47;59;57;120;41;42;51;132;120;51;120;51;63;119;66;51;48;51;120;71;57;42;60;120;59;42;39;120;120;41;57;40;41;120;48;120;50;67;45;120;54;120;48;52;103;64;58;41;41;40;41;64;189;55;61;65;51;51;50;234;55;62;54;43;44;119;62;48;98;51;114;120;63;62;46;42;114;46;120;120;43;56;53;43;120;177;49;63;120;118;51;120)
seed_25_level_4-2,1170,17334.46769785881,10081261,5430,(59;51;42;40;120;59;52;42;96;42;63;62;120;57;44;56;61;55;61;66;44;44;61;55;52;53;62;51;54;40;58;42;56;51;41;63;120;53;39;57;66;43;46;52;62;47;44;53;70;51;58;48;70;185;66;44;61;49;65;120;46;57;57;68;53;120;40;48;48;44;64;120;61;41;55;41;41;120;41;52;41;41;44;45;120;51;51;120;66;119;67;51;51;42;48;120;47;61;54;54;120;60;51;39;53;39;119;66;45;48;242;66;128;48;70;50;50;120;66;111;58;61;62;41;51;120;42;49;43;44;114;57;51;57;62;42;54;54;114;48;93;120;46;48;120;242;40;54;41;42;41;54;45)
seed_25_level_4-2,1170,17822.131765127182,10501313,5579,(120;76;63;59;41;110;56;44;60;52;120;58;58;58;66;48;57;44;56;120;66;120;47;54;120;62;40;120;60;42;61;48;53;41;51;62;51;62;40;63;62;55;45;53;58;41;65;61;41;120;48;64;54;48;64;120;46;54;41;120;54;98;54;98;120;58;39;48;55;119;48;48;54;66;120;66;66;58;51;51;120;41;41;41;51;120;53;63;64;131;114;42;57;117;62;54;44;132;50;71;58;42;58;120;62;50;62;47;62;177;44;53;67;69;61;42;111;41;51;54;41;51;64;120;45;62;42;51;49;197;66;46;51;65;66;44;118;44;53;48;51;45;242;65;118;48;98;46;48)
seed_25_level_4-2,1170,18302.4273788929,10958283,5725,(132;47;58;110;42;120;66;51;54;61;46;55;54;120;49;51;67;120;51;59;51;60;41;41;51;42;63;52;45;63;47;120;66;46;43;120;118;48;67;51;77;120;68;56;59;41;120;65;54;57;58;54;41;63;40;117;59;41;41;120;45;61;41;40;53;120;54;52;48;67;111;61;176;48;60;56;120;47;53;63;48;110;51;48;43;120;53;43;120;53;119;53;51;51;54;48;45;53;51;44;40;62;242;42;40;179;57;61;114;51;58;44;98;42;120;52;68;48;64;185;44;51;120;46;65;120;45;62;41;65;51;41;131;52;120;51;62;120;242;51;44;118;58;48;48;45)
seed_25_level_4-2,1204,18791.52713060379,11436217,5871,(110;41;42;120;66;48;44;48;62;60;60;89;42;60;43;45;42;63;63;47;66;120;120;120;51;132;44;39;51;61;46;57;46;46;120;50;49;42;119;51;118;51;42;120;58;51;54;62;48;120;40;54;66;40;52;120;44;118;75;47;46;50;65;49;59;120;57;120;51;40;48;114;54;44;53;98;118;50;45;48;57;44;117;40;41;64;62;120;49;47;51;59;120;62;52;52;42;120;120;51;41;59;57;120;45;120;51;41;62;44;257;46;66;68;66;65;46;271;118;177;45;65;66;48;58;51;64;52;53;51;51;176;59;51;58;59;61;49;177;54;46;126;62;126;126;59)
seed_25_level_4-2,1204,19276.046319007874,11903914,6016,(126;58;41;126;57;42;51;60;60;52;51;41;62;68;53;63;68;61;61;53;48;44;116;39;42;41;132;56;67;67;61;59;42;51;42;126;51;59;65;59;126;68;51;41;118;45;63;62;64;126;44;66;41;51;126;126;126;63;41;60;42;42;126;126;52;126;49;47;44;46;48;126;40;59;41;51;49;63;40;64;56;48;126;63;54;63;67;114;126;60;126;47;46;117;51;41;60;66;63;119;66;66;51;48;84;176;57;41;51;54;41;126;50;47;52;68;53;126;46;51;46;48;232;51;69;51;48;51;50;48;271;49;62;54;48;43;62;271;48;65;48;48;65;62;118)
seed_25_level_4-2,1204,19768.736623048782,12377198,6166,(116;42;51;59;48;45;126;49;51;55;63;46;42;48;126;126;48;41;40;61;55;40;43;49;126;44;59;60;126;126;59;41;59;41;126;69;48;51;51;58;60;45;58;60;42;42;126;66;49;43;51;65;126;59;59;50;42;70;65;52;51;55;80;118;63;49;51;51;132;61;50;42;56;65;126;42;49;75;201;114;126;66;47;51;69;126;57;62;52;51;64;60;60;62;54;117;65;64;51;51;40;44;119;66;49;71;51;44;51;176;41;41;54;61;51;60;118;105;105;41;64;42;271;51;45;44;59;62;59;66;114;50;41;48;57;52;55;126;59;42;48;65;41;271;125;126;51;66;126;43)
seed_25_level_4-2,1204,20247.478617191315,12852301,6313,(112;48;39;60;52;60;50;52;126;42;59;57;51;116;54;56;39;61;45;46;44;59;61;48;62;126;59;77;41;52;126;66;47;64;126;68;56;67;64;55;62;126;126;66;63;51;56;126;56;66;53;51;67;126;57;52;51;67;114;62;49;54;43;44;126;52;42;54;51;126;51;46;47;54;126;51;64;46;41;39;113;43;59;51;40;57;126;52;136;60;69;64;118;44;45;44;68;45;57;132;51;60;52;46;40;48;126;50;40;42;51;68;61;68;52;61;63;56;176;53;55;63;59;41;271;43;59;64;48;48;126;232;68;58;126;65;59;66;54;271;118;47;62;44;61;126;66)
seed_25_level_4-2,1234,20746.131746530533,13321302,6466,(126;51;42;45;132;53;47;47;41;48;61;51;45;53;81;126;51;47;54;126;58;58;67;126;41;57;62;59;45;116;59;52;41;42;126;62;43;65;48;126;47;126;43;41;61;59;41;55;45;62;126;68;42;54;47;60;52;126;125;60;52;118;46;46;66;64;56;126;77;49;50;66;48;61;63;42;54;60;51;52;117;40;43;51;44;59;59;73;42;53;69;46;126;57;46;72;40;56;62;43;62;114;40;55;54;56;63;62;63;48;48;63;48;176;40;48;66;126;46;51;136;60;41;47;41;51;46;271;60;42;52;59;58;50;43;275;55;48;51;66;51;62;62;64;261;48;67;66;49;118;57;121;59)
seed_25_level_4-2,1234,21231.183842658997,13737304,6614,(121;65;42;121;55;58;60;111;40;55;42;61;64;60;61;63;44;52;44;60;51;132;51;67;67;51;61;53;60;41;60;41;100;62;67;53;62;51;62;48;62;43;43;62;121;41;48;48;67;62;121;62;60;59;51;121;51;48;51;72;121;44;54;48;70;136;57;121;41;60;41;118;51;51;53;60;62;121;121;54;44;52;57;51;40;117;68;44;40;61;51;121;51;39;62;42;100;121;41;59;46;62;69;58;114;114;55;53;52;62;176;57;43;62;50;41;45;44;200;47;59;51;62;51;118;41;177;41;62;64;44;49;45;125;70;40;69;52;43;49;261;66;48;66;41;65;46;48)
seed_25_level_4-2,1234,21695.551420211792,14162624,6757,(111;42;42;63;41;40;44;47;125;60;42;42;69;42;121;81;61;51;51;100;121;54;48;45;51;55;51;62;52;48;62;121;52;58;51;121;66;62;111;100;60;62;65;44;53;53;121;56;56;48;48;69;61;68;60;62;42;121;121;48;66;41;41;51;121;51;49;42;42;121;51;53;57;41;41;61;60;46;58;41;60;121;40;48;67;59;51;176;44;40;51;57;55;47;118;44;58;42;61;43;261;46;48;62;62;50;57;46;121;59;59;43;121;62;44;121;39;121;40;39;51;51;261;48;41;66;40;64;48;200;55;61;67;121;51;67;114;121;54;54;54;68;69)
seed_25_level_4-2,1234,22181.78791165352,14611090,6904,(111;42;48;55;121;51;41;42;118;48;114;51;121;63;46;54;45;51;45;121;51;53;43;60;125;42;106;65;69;121;42;100;53;100;62;44;42;65;121;54;61;63;41;42;60;53;121;51;68;49;45;62;47;51;69;54;50;62;52;61;46;46;42;48;45;121;54;58;54;67;61;41;121;121;51;41;60;46;121;48;71;48;51;60;121;48;41;46;58;41;176;64;41;64;48;65;64;51;121;66;62;66;59;59;60;61;114;54;66;53;121;65;44;64;62;58;121;43;48;41;62;43;50;261;112;58;261;51;118;44;45;200;48;69;45;62;51;48;65;111;69;40;41;111;48;40;100)
seed_25_level_4-2,1234,22661.481053113937,15021320,7052,(121;51;59;51;50;47;111;41;64;59;59;61;57;48;46;55;121;52;42;59;44;63;51;51;54;47;121;39;46;41;59;59;45;121;69;43;62;41;62;114;43;52;48;48;42;55;52;48;121;53;44;48;57;50;121;42;69;44;63;57;61;41;121;55;71;48;121;121;121;48;54;60;121;41;121;50;42;57;44;68;65;125;53;69;69;58;42;121;49;60;65;61;41;56;56;136;51;42;121;121;39;62;121;100;62;62;121;41;41;44;45;111;41;40;51;52;40;40;41;51;176;61;41;54;44;41;44;43;51;114;121;65;121;58;49;44;59;261;54;48;46;50;66;51;59;48;41;182)
seed_25_level_4-2,1234,23129.321621418,15441531,7195,(51;69;67;44;46;53;61;40;40;60;44;44;121;50;42;41;53;121;121;42;64;49;51;51;49;125;42;121;62;42;58;42;63;44;44;58;50;50;121;47;67;117;42;48;50;121;42;47;44;66;51;41;121;41;41;57;41;48;39;57;121;66;75;48;54;62;62;48;121;51;39;52;62;59;121;59;111;42;64;60;42;45;42;176;61;64;43;51;51;52;61;114;62;114;57;49;59;121;44;66;121;41;52;42;44;61;62;45;121;111;121;41;41;62;121;48;121;43;76;118;51;115;41;176;118;136;41;59;47;51;51;41;59;261;118;65;66;48;64;62;113;46;118)
seed_25_level_4-2,1234,23636.330266475677,15883776,7349,(111;42;42;51;41;48;51;121;62;51;70;51;66;62;121;64;66;48;66;65;57;66;40;61;48;49;48;55;58;61;57;121;59;119;41;75;121;42;42;121;52;72;64;69;41;121;43;41;54;67;55;42;42;64;40;45;68;125;47;41;60;59;54;59;56;42;117;62;44;51;44;45;45;68;48;121;54;62;54;44;62;121;57;59;51;136;51;121;40;41;43;41;51;39;51;176;53;57;121;62;41;47;63;47;47;114;45;44;66;41;65;121;41;62;40;44;114;118;100;62;127;64;114;43;41;47;41;201;63;114;54;40;46;40;115;46;44;67;46;121;261;48;121;112;66;48;63;51;69;52;46;116;118;48)
seed_25_level_4-2,1234,24121.32628774643,16362291,7494,(67;57;48;103;50;82;55;111;41;67;52;51;57;61;46;57;57;64;46;54;121;59;48;42;42;42;43;121;121;125;46;60;53;59;53;51;41;54;42;136;48;41;121;42;64;39;41;46;121;62;63;53;71;42;42;58;58;60;121;64;121;60;204;44;63;121;71;121;60;49;55;51;52;59;77;113;177;47;52;51;61;65;114;56;44;112;41;64;47;57;57;63;69;45;59;121;121;60;48;40;121;47;60;58;66;121;54;201;136;114;118;126;55;65;46;61;121;115;69;130;45;53;121;40;42;114;48;41;62;52;49;261;48;48;66;118;115;44;63;46;51;68;66;44;121)
seed_25_level_4-2,1234,24637.352307081223,16827598,7648,(121;45;66;66;45;69;46;41;45;121;77;45;49;66;49;64;103;51;44;70;46;54;121;57;52;61;42;47;43;54;46;44;54;51;111;40;43;63;41;42;51;40;40;125;59;51;44;60;42;53;64;52;60;136;121;59;74;120;117;60;44;100;121;60;121;44;54;43;57;54;60;44;58;72;44;114;121;40;55;121;48;49;177;52;41;47;53;174;54;56;61;54;54;47;45;41;41;56;261;65;66;66;45;42;64;48;118;66;59;58;48;64;173;66;48;44;61;100;121;48;44;44;114;62;44;204;59;62;62;60;42;49;57;54;138;121;51;62;201;55;42;48;46;49;46;47;61;43;66;42;185;44;65;46)
seed_25_level_4-2,1234,25140.557636737823,17343273,7800,(111;62;46;40;44;57;51;42;61;48;57;51;61;46;56;59;121;55;62;62;51;48;61;52;121;45;60;47;50;57;51;51;121;44;51;100;60;60;54;43;62;60;117;48;45;49;55;100;45;48;66;48;125;41;69;42;52;42;44;51;44;62;52;261;68;45;47;41;57;61;56;65;61;185;44;64;53;58;46;56;198;100;121;57;62;63;100;173;44;43;43;44;47;49;60;43;44;44;62;261;48;48;121;222;46;100;44;40;69;46;46;113;177;62;121;121;121;178;114;120;51;44;66;44;48;204;50;41;41;65;62;52;53;43;42;51;61;59;54;121;121;55;121;41;63;60;121;51;56;66;41;100)
seed_25_level_4-2,1234,25636.244113206863,17867672,7949,(125;49;56;49;42;51;57;52;42;42;121;60;67;117;67;64;53;58;61;121;46;62;54;173;51;51;47;57;59;51;55;47;51;51;44;51;51;56;177;62;43;43;62;121;44;44;53;62;44;121;50;44;44;62;60;44;55;59;44;43;204;61;65;41;121;64;52;65;41;57;51;59;121;51;136;57;60;45;121;41;51;41;51;39;41;41;42;121;41;112;49;57;41;48;51;44;54;66;65;51;54;121;195;51;45;65;45;63;100;46;44;192;121;48;46;115;68;261;189;118;183;66;51;64;129;113;187;125;51;48;185;48;178;59;62;50;62;48;62;44;62;55;50;121;62;64;52;121;41)
seed_25_level_4-2,1234,26122.366718053818,18275991,8098,(125;42;51;52;121;61;42;44;121;54;58;51;51;53;51;54;60;60;55;44;44;51;121;66;57;76;51;40;121;121;54;41;44;111;44;136;60;48;41;51;100;41;59;100;43;41;60;51;45;52;173;44;44;118;51;53;54;45;44;100;62;44;62;44;51;48;49;45;51;45;70;62;51;47;60;51;54;204;48;65;57;41;67;41;47;64;48;42;41;53;41;59;51;117;64;52;68;63;42;55;53;67;63;52;51;65;72;186;63;189;66;62;63;45;45;51;67;63;64;47;45;59;121;114;113;63;261;48;118;48;48;44;48;48;48;121;44;118;60;76;48;40;48;46;46;60;60;66;51)
seed_25_level_4-2,1234,26606.877938508987,18639107,8249,(63;56;51;61;49;45;49;58;42;49;39;42;39;51;136;51;51;52;49;46;60;41;60;60;121;44;62;121;42;40;48;49;125;43;42;40;61;53;41;48;42;47;39;60;51;61;59;204;47;44;42;41;50;58;42;41;59;41;48;121;140;50;52;59;58;52;181;118;43;48;60;48;43;48;48;53;57;48;56;60;48;44;63;66;46;48;48;58;48;173;56;121;66;44;121;44;51;43;66;66;45;47;114;48;47;56;100;66;111;44;57;44;65;121;44;60;121;44;50;43;42;44;44;64;54;44;66;192;44;121;57;51;61;51;44;46;44;62;65;57;121;48;47;60;51;116;51;65;45;62;66)
seed_25_level_4-2,1234,27091.313101053238,19076911,8397,(63;63;61;43;43;57;51;46;54;51;49;51;54;49;54;121;42;53;44;51;59;40;41;65;52;43;47;40;60;54;261;48;121;66;66;48;46;51;67;48;48;48;45;51;61;43;66;121;48;61;136;40;44;51;51;100;48;41;48;62;59;45;41;49;52;54;61;121;111;58;51;121;48;43;59;121;66;43;41;60;41;41;65;51;54;52;44;204;51;52;62;138;51;58;54;42;42;61;41;64;58;52;54;135;58;139;192;41;175;114;66;64;114;136;112;121;51;121;45;100;42;46;124;41;48;51;118;118;177;41;44;117;43;66;57;51;41;100;51;114;48;40;44;44;44;41;62;64)
seed_25_level_4-2,1234,27571.066761255264,19451008,8545,(63;46;64;48;47;51;48;59;44;48;47;61;46;54;125;42;42;70;57;62;42;48;121;60;69;42;57;67;136;100;47;41;59;61;62;41;40;49;121;59;43;47;59;48;42;111;51;59;48;62;57;100;41;52;48;44;59;56;51;44;40;121;59;261;51;48;44;56;42;53;48;64;50;45;51;70;40;48;48;46;61;44;172;51;56;41;48;51;66;69;58;62;41;44;51;44;51;121;41;66;64;204;59;60;42;100;59;62;51;64;41;54;42;63;41;57;55;48;62;41;42;54;192;126;48;56;48;62;44;48;63;59;43;54;48;116;179;66;50;44;114;48;44;78;62;40;112;51)
seed_25_level_4-2,1234,28066.37980723381,19922112,8695,(63;71;51;48;51;51;47;54;47;45;51;63;41;45;51;125;51;44;48;55;58;59;46;52;51;42;52;121;61;53;261;47;64;125;45;66;40;46;48;46;43;66;121;178;76;44;66;114;204;62;51;58;53;41;72;121;55;59;48;52;43;62;60;57;48;46;55;51;174;47;118;51;41;111;128;62;44;47;61;41;51;44;117;51;44;121;118;61;136;121;121;59;45;41;100;41;41;52;52;59;41;42;121;59;42;63;111;112;59;57;62;51;70;48;66;40;41;121;59;100;40;61;57;39;42;179;121;67;65;69;66;115;64;121;111;121;55;69;64;54;100;44;65;48;123;114;44;121;64;58)
seed_25_level_4-2,1234,28559.629173994064,20341384,8845,(63;57;51;51;57;47;54;47;44;49;47;42;61;49;49;204;61;57;62;42;42;47;121;58;62;47;60;41;53;53;56;55;66;47;58;121;121;100;51;59;48;47;60;51;121;41;59;51;134;47;60;55;44;47;41;111;111;40;63;39;40;64;54;44;41;54;41;44;124;47;73;67;62;121;43;48;177;43;51;111;121;44;121;51;41;60;50;61;44;43;60;54;44;44;44;41;51;41;44;44;261;51;62;44;69;48;66;65;62;41;41;62;66;48;48;48;178;48;118;118;66;62;63;175;114;49;65;66;121;66;48;65;56;66;121;59;62;65;55;121;61;55;52;114;44;47;64;51;45;115)
seed_25_level_4-2,1234,29045.703518390656,20836904,8994,(173;51;56;62;41;44;41;121;51;44;41;44;44;117;125;65;65;53;54;41;66;47;134;41;51;59;59;59;47;62;59;111;47;45;41;51;51;41;39;121;100;100;62;41;204;64;46;45;42;51;54;261;54;51;53;62;50;54;51;42;47;58;57;51;121;48;111;44;54;66;39;59;41;42;121;52;47;40;41;59;59;59;59;41;54;41;59;64;39;178;121;66;64;59;115;63;57;52;115;45;121;116;118;45;176;129;45;62;66;177;64;41;45;66;55;115;121;66;53;261;261;48;66;41;66;48;44;66;51;43;48;61;41;51;70;63;48;48;60;48;66;66;45;118;51;59;48;66;66)
seed_25_level_4-2,1234,29547.15062904358,21424548,9144,(111;62;41;57;41;48;111;51;41;121;44;61;40;121;51;64;58;121;40;47;62;61;139;47;121;51;40;130;41;42;43;100;60;40;49;48;42;41;59;57;52;47;43;103;121;261;121;131;59;71;63;44;62;41;45;59;61;58;41;199;41;58;51;59;52;63;65;121;177;51;66;113;42;59;57;57;53;46;51;45;43;69;48;261;275;114;114;41;48;60;48;261;66;44;66;118;118;48;71;49;51;66;61;50;59;44;41;66;48;118;118;45;48;51;66;49;118;44;184;65;85;62;111;44;65;47;65;65;122;114;63;261;62;43;45;64;66;46;43;114;56;114;46;63;63;124;45;60;116;60)
seed_25_level_4-2,1234,30049.036236286163,21953496,9295,(134;100;48;63;39;41;40;41;121;121;51;51;60;64;121;51;40;40;62;69;121;111;41;41;58;40;44;65;54;100;59;42;40;43;44;44;40;62;44;41;111;40;261;190;65;118;65;48;48;61;51;61;48;51;48;48;65;121;48;43;118;48;61;44;43;40;51;42;62;66;72;41;51;60;51;69;44;42;48;67;42;121;62;183;63;59;62;58;42;67;54;100;121;261;174;121;121;48;114;51;46;121;114;114;111;62;51;59;41;41;121;121;45;66;43;53;47;62;63;114;59;69;121;48;275;57;44;64;42;44;41;117;50;44;41;41;44;54;48;51;62;111;118;48;44;54;111;47;171;50;121)
seed_25_level_4-2,1234,30560.49361515045,22516496,9446,(111;114;59;59;111;41;44;51;111;54;111;57;62;44;60;41;261;41;59;54;183;59;64;48;48;48;48;42;57;62;121;59;65;59;61;48;62;207;62;62;64;60;121;48;134;59;59;39;59;52;42;51;41;41;47;43;41;59;51;39;100;41;45;46;51;40;261;66;48;48;66;66;118;121;66;47;118;65;66;48;51;118;118;182;50;52;49;58;51;66;66;275;41;41;41;41;62;64;45;114;41;66;47;41;41;64;111;64;117;43;121;64;53;66;113;66;43;169;43;182;41;121;46;72;121;138;45;121;58;121;60;51;116;65;69;121;39;59;54;70;121;115;52;51;111;68;66;100;121;51;44)
seed_25_level_4-2,1234,31074.343553066254,23109763,9597,(134;100;100;66;64;59;59;51;51;41;43;48;51;39;62;48;40;51;51;69;207;60;121;48;64;62;62;141;142;62;59;41;59;62;124;44;59;59;62;51;121;121;52;44;41;275;62;66;41;62;54;54;41;121;117;60;41;65;57;41;111;64;49;64;41;41;56;57;121;60;59;44;261;47;41;63;121;51;217;59;55;64;41;184;53;121;116;138;46;46;61;121;49;43;62;139;41;121;173;58;121;261;45;65;118;51;65;182;48;46;69;65;67;48;61;58;65;66;47;66;73;48;48;51;51;51;118;261;54;46;179;40;40;51;63;54;44;44;57;61;40;62;43;121;41;41;42;41;63;43;39)
seed_25_level_4-2,1234,31579.078134059906,23703615,9747,(134;55;40;47;61;49;40;46;41;47;42;48;59;41;52;47;63;48;261;42;121;48;51;44;42;121;121;51;43;57;44;42;121;48;43;59;59;121;43;39;40;44;54;51;41;64;116;118;59;121;41;45;41;49;42;59;261;44;62;67;51;45;46;41;117;51;62;261;121;186;66;46;67;46;121;48;48;69;121;40;44;43;66;183;61;48;66;69;48;65;48;66;207;41;61;121;143;59;62;59;41;186;60;44;45;121;57;137;113;121;65;121;47;62;111;116;44;62;128;261;46;45;48;49;43;43;47;53;41;41;42;114;48;261;52;44;63;56;59;47;58;171;121;48;41;57;118;51;46;41)
seed_25_level_4-2,1234,32078.522382497787,24272094,9897,(134;52;42;54;100;121;59;121;44;121;52;51;43;41;121;58;51;59;54;121;41;40;261;115;100;112;59;39;121;121;43;43;62;46;41;43;51;60;41;43;42;121;40;40;40;43;121;54;44;43;261;51;44;49;121;41;41;59;54;41;63;41;57;42;41;55;42;42;65;40;42;117;43;50;40;60;40;41;41;40;55;261;51;41;66;69;176;66;118;57;121;121;48;261;45;61;43;177;120;66;62;69;49;51;65;111;66;121;47;48;66;178;66;180;62;42;121;41;68;54;39;121;121;62;121;121;45;54;59;121;67;121;121;41;46;59;130;54;47;59;48;47;62;41;46;68;59;64;121;62)
seed_25_level_4-2,1234,32577.471623659134,24787352,10047,(261;50;41;41;54;41;66;41;45;121;41;52;59;41;40;51;49;41;121;40;41;49;66;41;59;54;41;41;41;41;67;261;39;51;121;100;65;42;52;40;43;57;62;62;57;64;62;44;62;39;64;65;41;41;40;50;41;100;42;59;40;121;116;43;41;43;186;62;111;72;41;127;199;121;39;41;54;138;64;39;121;121;64;41;121;50;121;51;44;121;65;63;46;62;41;121;62;41;44;63;121;46;43;42;45;54;52;261;64;41;51;54;48;66;182;46;114;66;121;58;44;66;60;66;66;66;177;51;66;48;179;45;65;46;121;48;43;45;100;68;51;63;61;47;114;117;43;51;59;118)
seed_25_level_4-2,1410,33086.45126700401,25821459,10197,(261;41;67;57;42;48;63;100;117;59;46;59;50;45;40;51;42;41;121;57;40;59;41;41;41;44;117;59;41;48;261;121;65;62;43;62;41;41;40;40;121;49;44;59;42;41;44;121;44;43;121;111;59;44;66;44;40;41;60;43;121;62;42;60;186;57;52;64;48;44;41;121;48;52;64;51;121;44;42;188;122;45;66;121;138;41;131;46;41;41;206;121;41;41;51;49;49;111;42;121;181;1001;45;57;51;179;283;60;48;50;61;66;48;118;42;118;41;48;66;45;56;118;48;66;46;119;51;41;51;66;45;66;75;185;62;54;66;62;61;51;118;44;66;50;48;66;42;45;41;64)
seed_25_level_4-2,1410,33596.34674692154,26450083,10348,(283;41;41;52;40;118;40;118;51;59;40;48;64;54;50;66;41;47;45;118;50;40;40;283;73;117;40;40;58;41;40;111;283;60;45;41;83;114;41;59;59;39;52;60;111;40;42;59;59;60;111;64;42;62;42;283;43;59;41;62;118;111;118;44;55;40;44;172;53;51;51;48;51;49;51;112;64;52;69;97;51;51;118;66;45;69;119;67;51;58;66;66;48;64;48;66;118;45;51;51;47;60;66;118;114;283;41;283;48;40;118;48;41;66;46;118;60;41;45;70;42;53;118;41;57;51;43;62;53;118;42;172;47;50;43;171;175;58;62;118;96;52;50;118;44;43;114;67;50;118;42)
seed_25_level_4-2,1410,34091.26224064827,26955337,10498,(355;58;60;40;118;51;47;43;42;40;63;118;59;118;71;57;41;54;63;181;52;140;40;49;55;62;195;47;52;117;64;43;59;62;62;47;44;60;114;40;45;118;41;59;59;60;52;45;48;39;118;283;118;283;40;63;40;61;59;40;66;40;66;41;41;118;58;44;51;41;51;58;40;53;119;55;61;44;69;118;41;40;60;41;51;66;118;43;48;61;111;64;66;111;66;118;40;40;41;41;283;39;48;42;41;45;54;42;59;44;40;40;59;43;42;46;41;48;42;59;51;111;43;59;122;39;70;43;51;114;59;39;51;59;41;41;51;44;40;54;41;38;44;41;41;40;40;48;51;51)
seed_25_level_4-2,1410,34605.431891679764,27633926,10648,(283;47;44;62;118;111;54;62;47;174;39;59;62;48;125;180;41;43;41;43;40;57;59;51;41;118;59;118;41;114;63;52;44;50;54;52;61;40;113;174;111;44;48;114;59;118;283;186;48;40;53;41;117;62;40;48;60;40;59;169;118;61;50;46;48;313;69;41;56;51;57;40;179;62;50;59;65;40;54;40;48;111;283;41;62;63;70;54;62;47;52;41;40;57;44;283;39;60;42;49;49;133;53;47;118;41;42;118;118;62;48;48;42;49;49;51;42;64;47;118;39;57;39;40;64;57;48;59;118;59;51;96;43;40;59;283;283;51;59;66;57;51;51;54;48;51;118;112;48;57)
seed_25_level_4-2,1410,35113.199290037155,28279924,10798,(283;118;46;118;63;59;159;57;39;45;41;125;138;49;54;173;58;39;53;131;118;51;39;118;126;59;47;172;66;51;59;118;118;53;39;118;141;118;42;52;118;62;111;47;54;170;118;313;53;248;111;41;111;114;41;61;41;59;62;41;46;115;57;59;65;41;66;59;51;59;46;48;67;111;59;41;40;40;69;41;113;50;62;44;51;60;59;41;111;64;51;41;41;64;50;40;57;58;283;118;51;48;41;172;49;41;44;58;41;59;43;118;41;52;118;57;118;111;59;41;43;62;283;51;52;51;44;59;41;69;118;52;41;40;44;41;42;68;111;46;117;59;43;61;39;173;43;42;111;54)
seed_25_level_4-2,1410,35618.329061985016,28769137,10948,(283;48;97;57;59;59;171;115;62;122;59;43;41;59;51;51;54;45;60;67;44;40;48;118;49;49;118;41;42;46;118;111;41;46;62;46;62;66;40;41;118;66;111;41;41;46;52;59;46;114;248;111;66;65;59;111;64;51;41;59;41;48;59;49;61;46;40;48;114;41;58;111;57;45;114;48;65;57;41;59;40;59;40;118;50;57;118;50;41;41;40;48;41;40;48;118;41;40;118;283;57;40;118;45;58;118;53;118;48;44;48;60;63;49;48;48;118;65;45;54;118;61;50;47;51;74;118;118;47;118;54;40;142;123;49;42;47;61;59;48;59;47;61;96;51;54;118;54;63;118)
seed_25_level_4-2,1410,36106.657554388046,29215641,11098,(283;53;45;46;49;44;118;118;48;42;118;107;118;53;119;42;53;118;59;118;66;47;41;50;66;46;41;52;118;49;118;39;62;48;40;48;51;57;49;53;41;97;61;61;43;118;57;39;283;68;59;43;59;46;49;40;43;43;51;59;41;51;40;40;118;38;45;54;40;41;40;51;44;40;71;65;62;59;96;46;48;59;96;48;59;195;61;111;40;44;59;43;40;48;62;52;46;40;51;248;50;41;41;58;118;64;48;66;59;50;56;40;58;51;41;41;66;63;48;42;41;111;64;114;47;118;41;40;59;60;40;59;54;41;118;65;59;65;54;48;119;117;62;48;118;51;64;50;111;41)
seed_25_level_4-2,1410,36611.15419483185,29783043,11249,(283;46;65;59;114;42;38;51;39;114;59;41;44;62;44;59;67;111;48;57;53;40;48;54;114;41;57;60;62;111;41;44;39;62;114;42;59;63;174;68;44;118;41;58;44;47;43;283;46;57;59;68;61;46;118;118;44;71;60;66;52;118;51;40;266;64;60;61;51;64;118;118;49;53;40;53;39;118;51;63;66;118;118;52;50;53;49;51;39;118;67;45;118;42;57;54;72;118;248;41;111;56;60;40;118;64;118;57;64;249;118;55;118;118;52;41;51;54;118;41;48;50;68;62;42;48;54;118;41;59;111;46;177;50;62;59;40;50;41;59;48;180;40;40;111;59;40;48;41;51;51)
seed_25_level_4-2,1410,37106.16589593887,30242306,11399,(172;51;131;57;118;48;110;61;62;43;51;118;61;60;46;118;62;67;111;39;121;62;111;43;39;118;43;118;118;117;118;54;41;114;118;53;51;70;118;65;118;51;42;61;105;61;283;54;41;44;62;43;42;59;42;59;96;66;45;44;59;43;42;41;59;62;118;57;44;50;40;46;39;47;112;63;118;62;62;96;62;40;60;41;43;51;48;41;44;54;62;48;62;40;41;62;248;50;58;53;54;111;43;68;48;65;118;41;41;41;50;111;64;111;169;111;48;59;41;69;56;51;41;40;54;64;46;61;59;44;50;43;111;111;58;46;59;118;41;41;56;50;50;111;50;66;47;45;46;50)
seed_25_level_4-2,1410,37610.496035814285,30822369,11549,(283;41;42;60;62;97;41;178;41;54;118;49;67;43;62;111;41;62;51;60;96;59;41;52;60;111;41;59;114;41;44;59;43;96;52;41;42;118;71;55;51;48;59;118;248;41;50;59;111;64;47;50;62;41;40;45;41;60;41;43;42;48;40;57;41;41;40;41;42;41;71;41;41;44;54;40;51;39;196;59;114;41;51;41;41;57;41;61;40;63;41;42;41;41;111;42;59;283;123;57;114;62;118;117;50;118;118;118;111;118;118;69;137;41;283;60;64;68;66;65;66;66;43;41;114;39;47;46;118;111;126;181;39;60;119;43;61;118;96;118;118;118;118;111;47;62;118;115;51;63)
seed_25_level_4-2,1410,38127.61822557449,31476348,11699,(283;59;39;118;54;43;62;42;114;47;62;44;46;59;112;44;59;96;283;41;41;49;54;59;62;54;118;41;177;111;59;50;112;41;41;46;61;59;44;44;96;44;41;59;57;48;51;42;44;56;57;62;41;43;57;53;41;118;44;43;172;118;59;118;51;118;59;127;67;196;64;41;118;68;54;118;59;43;118;118;47;118;113;49;130;54;118;117;118;111;69;41;123;178;53;118;47;54;63;117;64;57;51;118;96;118;118;118;118;49;133;118;52;118;118;48;56;48;66;67;61;118;49;48;59;118;118;122;61;114;178;57;64;44;118;41;118;64;63;118;111;73;118;118;118;119;62;182;111;118)
seed_25_level_4-2,1410,38637.47201228142,32139554,11849,(283;41;43;60;42;42;41;50;62;41;44;283;62;59;118;43;53;60;54;51;51;46;60;62;118;96;42;44;96;43;41;62;41;52;44;45;62;44;111;62;44;42;97;44;46;40;116;44;41;96;40;118;41;112;40;112;44;118;120;96;118;196;60;134;67;118;130;118;48;97;51;118;62;197;132;61;118;114;45;53;65;51;118;118;118;40;49;66;52;118;41;42;118;40;111;51;118;118;66;118;48;118;118;68;48;114;53;44;46;114;118;118;118;61;118;45;67;260;118;54;118;49;118;114;118;42;114;41;118;54;62;131;118;66;41;40;126;118;118;197;47;118;51;40;54;60;118;60;118;111)
seed_25_level_4-2,1410,39141.5323343277,32737644,11999,(283;50;42;40;55;62;51;60;41;42;59;52;68;60;44;59;118;45;44;118;44;41;113;204;118;44;118;41;42;52;44;39;59;48;114;40;44;41;50;59;45;63;61;118;63;62;47;43;118;41;62;43;41;39;40;43;40;59;41;74;54;66;260;61;43;65;48;61;118;57;118;52;61;283;46;60;118;52;118;67;96;118;118;63;118;46;42;40;62;68;111;118;47;48;118;47;54;47;111;62;118;51;57;43;57;183;49;57;61;51;118;59;59;59;51;54;42;177;57;47;118;118;118;111;42;118;144;97;118;118;59;57;67;96;40;118;47;43;118;118;53;283;55;51;60;61;50;118;61;118)
seed_25_level_4-2,1410,39648.389584064484,33322910,12149,(118;118;44;118;114;41;59;61;66;118;41;45;63;41;41;62;42;52;54;62;118;40;60;46;113;114;41;48;57;40;174;52;49;59;112;42;65;118;111;96;59;51;62;62;118;41;43;45;41;54;60;45;56;118;40;42;64;57;46;62;41;59;59;260;44;111;51;40;118;118;48;169;54;283;84;51;50;116;182;118;126;114;39;43;51;118;41;118;66;118;122;57;54;59;118;47;41;41;118;118;58;117;59;73;118;62;59;54;62;176;57;121;62;57;45;69;49;56;58;40;111;39;60;114;118;41;61;60;67;57;41;203;124;118;59;39;118;54;64;59;118;114;118;44;118;48;118;59;51;118)
seed_25_level_4-2,1410,40145.438455581665,33827369,12299,(118;43;171;57;118;118;40;42;53;55;53;41;60;114;42;59;62;112;41;43;44;42;39;59;48;62;115;114;43;42;44;49;43;59;59;177;112;44;39;41;52;44;49;60;118;45;40;41;41;54;59;66;40;64;111;118;41;43;60;59;46;41;59;62;118;47;40;118;123;41;54;60;67;41;114;39;50;118;59;117;62;118;64;118;118;41;118;60;118;59;52;62;62;59;39;41;47;57;40;118;118;59;51;118;61;41;118;111;67;118;111;45;67;118;61;62;62;47;41;41;54;283;61;51;39;67;59;118;118;118;42;111;136;47;194;118;118;59;57;46;41;41;118;69;61;107;41;118;51;114)
seed_25_level_4-2,1410,40651.96025943756,34343417,12449,(177;44;41;180;52;40;66;48;111;131;58;47;61;41;43;43;42;119;118;111;44;53;47;52;43;42;51;58;57;44;54;41;62;40;41;313;54;112;49;41;48;61;73;44;55;41;54;44;41;41;175;50;52;41;42;52;41;48;173;118;46;48;44;59;60;42;97;118;124;51;53;41;41;40;41;52;43;118;41;61;50;51;59;51;40;183;118;41;62;120;67;59;62;51;39;40;118;118;118;50;181;118;54;64;51;40;57;62;41;111;118;51;55;118;118;186;118;60;66;118;41;51;69;48;40;59;50;118;59;62;41;118;55;118;44;118;57;57;62;118;57;51;47;41;57;41;58;178;59;118)
seed_25_level_4-2,1410,41149.67754602432,34958913,12599,(313;59;41;43;65;62;42;66;47;52;66;42;54;59;51;61;41;58;61;41;41;118;53;96;44;55;96;114;44;42;66;112;114;58;45;97;118;54;118;51;59;41;54;43;41;42;52;42;42;51;43;283;42;118;41;44;115;51;40;340;62;51;118;42;185;115;44;44;178;118;51;118;41;53;43;177;118;41;49;39;41;118;142;62;59;45;39;41;58;49;47;118;41;118;68;180;118;59;45;49;51;67;62;48;182;118;118;62;96;44;51;41;52;115;43;62;41;47;114;41;118;62;57;195;51;47;118;51;118;47;44;41;51;118;41;39;42;56;47;47;118;47;46;49;177;59;54;97;118;118)
seed_25_level_4-2,1705,41693.6418633461,35919938,12749,(340;66;54;62;112;55;44;118;60;51;41;114;62;62;59;44;111;40;118;68;44;111;62;54;45;120;52;118;173;41;51;41;59;114;66;283;61;51;43;170;75;112;112;56;51;42;39;41;41;42;111;41;111;60;41;111;51;44;51;63;54;111;175;63;59;283;52;64;52;59;62;55;118;68;118;59;54;118;47;43;131;59;53;51;111;45;50;53;118;174;118;64;177;118;45;283;194;42;51;41;62;179;118;283;57;62;124;139;43;51;58;56;59;50;61;111;62;57;96;118;57;115;64;47;117;592;41;171;114;99;174;121;41;121;126;64;54;62;121;111;55;111;46;41;121;100;99;121;44;183)
seed_25_level_4-2,1705,42213.08617949486,36796132,12899,(340;54;43;59;40;41;112;111;112;45;121;64;121;121;54;279;52;121;112;45;47;63;52;44;112;53;42;112;114;111;60;42;52;60;54;60;179;42;279;99;51;54;62;45;40;40;42;121;40;182;40;57;53;44;60;114;60;112;42;121;40;174;66;42;40;44;61;219;45;121;44;421;111;54;121;51;111;121;55;52;121;69;59;121;121;174;70;64;62;121;46;42;46;121;121;121;59;121;58;50;50;41;59;121;54;64;61;52;53;114;121;56;99;99;114;44;120;40;59;135;279;62;99;42;55;39;99;59;100;114;99;69;51;43;121;48;62;279;121;167;57;111;67;114;41;121;42;41;64;279)
seed_25_level_4-2,1705,42734.7808008194,37546794,13049,(421;118;64;49;118;69;141;59;279;99;126;49;121;44;173;121;57;42;51;55;121;65;41;48;59;46;44;61;57;46;40;111;121;59;44;111;45;121;59;121;193;121;48;48;59;61;58;48;48;41;60;121;41;146;60;51;111;45;111;111;64;169;121;54;62;59;171;111;118;121;63;54;121;41;49;46;59;122;46;42;44;54;49;40;172;123;43;69;41;44;114;53;59;55;51;44;51;53;59;62;52;41;63;121;50;41;61;112;54;112;60;112;121;210;67;203;121;115;60;54;49;174;59;54;41;44;279;114;112;52;48;114;41;121;121;51;54;41;54;121;41;112;111;77;113;114;111;121;59;114)
seed_25_level_4-2,1705,43260.25716614723,38372504,13199,(203;172;54;51;175;114;111;41;44;62;115;59;178;113;41;44;130;112;174;114;114;113;43;44;121;41;111;44;42;279;41;52;114;112;114;41;42;42;61;279;58;44;51;44;42;181;42;111;114;44;114;179;46;175;60;179;44;41;44;43;47;53;173;121;111;279;44;63;63;113;51;60;45;112;421;121;52;41;121;48;39;41;44;175;114;114;176;114;62;63;99;51;59;111;111;44;51;62;121;111;47;51;121;62;43;59;59;121;111;59;115;118;121;41;41;55;48;48;111;63;41;51;41;59;58;179;99;67;46;45;61;63;58;121;59;121;111;121;51;41;64;66;121;40;69;60;59;44;114;129)
seed_25_level_4-2,1705,43798.71687412262,39225728,13349,(421;111;59;115;230;46;62;121;67;66;56;176;44;100;53;65;63;64;115;44;62;54;67;57;112;62;54;121;63;41;59;62;41;125;48;121;121;279;111;51;121;68;59;112;121;114;111;117;61;124;111;47;41;121;46;57;118;121;121;60;54;114;121;333;121;121;65;40;121;57;121;42;279;112;112;40;112;121;41;114;59;48;62;66;112;51;42;41;45;333;42;114;53;62;40;43;121;60;42;40;41;121;121;114;45;172;121;176;216;44;121;112;121;55;111;58;51;55;49;42;41;66;111;61;114;39;43;121;175;41;42;64;54;66;61;44;44;42;111;40;40;60;121;41;39;44;121;64;60;48)
seed_25_level_4-2,1705,44321.96010184288,40112571,13499,(333;44;44;114;52;61;60;41;51;62;400;41;186;41;55;62;41;121;121;114;43;121;51;42;42;115;42;112;54;121;46;63;115;59;52;48;44;121;61;121;121;114;41;114;121;118;60;39;121;41;114;121;42;283;43;40;75;43;279;62;111;121;46;44;204;135;59;61;121;112;54;99;333;63;114;59;58;62;59;99;121;59;114;41;57;68;56;42;59;59;121;59;62;51;111;54;111;121;53;55;111;128;121;114;62;54;121;112;59;124;114;60;121;41;62;121;121;41;99;111;41;114;114;127;279;114;47;58;114;124;121;66;62;62;50;114;175;53;121;57;40;178;60;48;55;65;121;39;121;121)
seed_25_level_4-2,1705,44836.20387816429,40899373,13649,(400;52;41;43;52;121;66;42;45;60;121;45;60;71;279;117;41;126;179;62;40;62;45;52;121;41;169;41;57;41;115;64;48;52;44;44;51;60;43;65;42;210;121;111;44;44;44;43;48;52;58;51;333;121;51;41;43;66;41;44;45;61;62;174;66;42;121;99;44;114;62;69;44;333;48;121;114;59;121;121;99;99;60;53;41;121;69;114;121;42;112;111;121;41;256;100;62;121;111;60;63;121;121;111;54;46;67;114;41;126;114;60;121;59;121;111;67;52;99;49;52;114;54;42;44;111;42;42;118;54;180;121;99;57;43;112;59;44;56;121;51;121;62;44;121;59;57;41;121;111)
seed_25_level_4-2,1705,45358.26733779907,41725377,13799,(400;41;59;54;55;174;55;41;99;51;44;62;44;52;52;44;57;62;51;62;112;41;45;43;62;118;44;44;62;44;42;44;44;62;45;111;45;66;58;121;62;99;44;121;41;176;65;45;114;54;117;60;43;41;59;42;42;44;114;54;189;173;45;270;65;44;50;68;61;62;115;41;333;124;121;53;99;114;279;112;47;121;121;121;99;54;211;121;119;62;43;121;41;121;111;49;41;111;58;41;99;42;114;54;115;111;174;62;111;52;121;279;62;121;121;41;44;121;51;63;111;62;59;121;121;176;63;113;121;114;111;121;172;41;41;62;53;54;111;47;129;41;121;119;118;51;62;114;63;112)
seed_25_level_4-2,1705,45874.541716337204,42478564,13949,(400;44;49;51;41;114;42;42;44;39;120;66;57;41;183;114;44;41;60;62;41;63;62;62;42;62;53;62;60;62;50;114;45;42;44;62;99;192;43;121;44;42;53;42;62;46;41;47;62;51;172;43;99;60;121;42;45;58;40;54;44;121;121;69;41;51;71;111;65;333;44;62;182;48;121;121;121;45;43;99;114;121;44;116;45;121;48;121;124;59;39;51;99;180;111;48;121;279;70;121;121;197;66;119;171;44;44;45;44;51;121;42;60;121;44;59;211;111;114;111;41;121;111;121;47;41;44;66;54;41;44;99;114;61;121;63;172;121;41;114;99;121;121;121;51;39;171;44;59;42)
seed_25_level_4-2,1705,46407.67374968529,43303130,14099,(400;44;185;62;62;121;43;121;53;77;44;44;44;49;44;58;177;54;41;44;44;53;41;62;42;115;99;121;44;41;60;54;54;62;111;112;212;44;42;51;62;42;59;121;62;44;40;46;44;279;44;51;44;62;42;63;60;53;43;111;67;44;112;49;170;188;53;46;421;171;114;59;171;43;42;171;47;119;47;59;279;59;121;71;57;56;60;62;58;54;55;41;45;114;57;99;57;59;62;121;121;112;223;171;63;62;60;99;114;129;99;54;168;52;61;196;39;41;58;179;42;52;41;47;59;121;64;41;121;60;121;111;44;121;48;121;67;116;117;171;113;111;41;59;47;49;40;51;44;59)
seed_25_level_4-2,2059,46943.517210006714,44323786,14249,(400;333;44;114;121;51;44;46;121;121;51;44;42;44;58;114;51;59;333;54;51;47;62;54;212;62;170;61;60;59;46;61;41;67;44;54;114;121;44;114;111;63;44;123;46;54;50;114;62;54;227;61;51;52;174;45;55;62;41;55;41;44;121;44;55;99;44;421;39;51;45;111;52;111;59;361;111;60;119;59;64;121;111;174;51;59;114;121;233;99;174;59;41;58;233;114;54;121;51;111;112;196;121;111;60;172;99;50;175;121;114;99;111;61;59;99;57;54;52;61;121;49;171;111;171;114;111;53;111;99;40;121;121;54;39;121;41;173;111;40;59;99;99;99;59;62;41;54;114;121)
seed_25_level_4-2,2061,47464.11622452736,45184195,14399,(233;41;174;62;99;121;45;54;121;121;57;63;54;114;121;54;121;111;99;45;44;39;121;51;51;59;121;179;51;233;233;121;59;52;44;42;121;44;41;121;51;41;54;121;54;114;54;121;55;233;43;41;121;121;224;44;63;208;121;63;54;44;46;173;176;40;57;64;41;64;172;43;45;41;233;43;179;60;121;121;64;121;121;360;47;65;44;119;59;59;43;55;39;118;45;62;55;43;59;44;44;118;114;118;113;118;172;51;72;46;42;118;59;217;52;118;61;59;111;64;63;59;51;59;43;59;118;52;47;52;118;118;62;62;47;210;171;62;46;59;111;45;112;118;230;118;45;171;118;62)
seed_25_level_4-2,2061,47992.58767938614,45995019,14549,(246;53;66;118;230;54;63;62;111;111;230;111;63;114;44;56;51;111;59;41;118;112;45;41;42;63;114;44;44;46;118;118;118;49;45;111;54;114;41;40;44;44;41;44;42;230;44;41;52;41;44;54;114;118;41;42;114;43;41;118;47;44;230;118;41;41;41;54;44;360;118;246;61;111;198;114;174;59;53;118;177;44;114;118;111;169;111;41;62;118;57;118;54;118;58;41;62;47;118;118;111;64;111;97;118;230;118;41;58;230;114;42;41;49;118;60;63;51;61;54;111;174;59;118;118;63;41;63;60;58;54;53;39;65;114;114;42;48;111;62;111;96;55;114;97;114;96;118;96;114)
seed_25_level_4-2,2061,48514.4142434597,46748506,14699,(246;42;62;54;40;58;173;41;45;118;60;41;174;54;43;44;41;114;54;114;55;44;112;44;44;42;68;45;114;118;41;51;114;44;40;44;246;43;114;42;44;62;114;52;62;54;41;54;86;42;55;53;60;46;126;114;42;246;203;39;52;54;54;118;111;115;96;62;360;62;41;118;118;53;60;188;118;55;51;42;96;171;59;118;62;111;57;59;47;118;114;178;62;44;41;40;118;97;42;44;59;111;96;59;196;54;51;41;41;230;44;51;96;48;230;47;51;48;44;171;40;97;118;43;54;111;41;57;230;118;59;45;170;62;62;42;118;60;96;59;114;59;47;230;97;51;41;41;62;61)
seed_25_level_4-2,2061,49025.11122059822,47472186,14849,(246;114;118;230;119;114;54;54;52;118;66;111;41;72;54;114;77;123;118;118;111;43;52;115;115;47;121;42;45;112;118;111;59;41;116;47;55;54;62;111;41;54;52;44;44;47;52;118;246;49;114;63;230;44;124;112;53;54;51;115;51;112;55;41;43;50;174;41;77;361;62;41;51;41;177;44;51;42;59;44;41;44;118;97;118;44;173;44;41;47;51;43;41;114;118;113;230;60;184;97;114;66;185;111;41;111;118;59;66;41;41;52;44;62;51;114;118;111;44;41;113;114;111;62;44;62;43;114;111;96;41;41;118;66;41;111;41;111;118;47;49;44;44;42;118;41;60;118;52;41)
seed_25_level_4-2,2061,49525.43547797203,48140801,14999,(360;118;41;47;44;44;43;46;53;96;41;96;118;118;230;174;56;46;41;62;114;52;39;61;177;114;78;111;41;62;51;44;118;118;114;114;42;47;44;51;218;111;114;47;59;44;47;49;45;96;45;246;40;44;43;45;41;118;40;42;62;42;114;177;41;54;118;114;48;51;171;54;44;51;42;51;41;246;47;59;51;62;113;43;62;96;41;56;42;50;41;44;48;45;55;114;57;112;58;60;41;39;63;45;246;180;53;54;45;44;62;44;112;61;74;60;111;42;45;44;118;55;96;172;61;59;54;41;62;44;230;118;45;46;44;54;62;41;55;66;67;41;45;57;118;40;230;60;54;114)
