seed_8_level_5-1,1186,467.1110556125641,384299,150,(19;89;18;45;35;58;23;40;47;49;112;27;47;54;200;24;59;30;16;21;100;96;21;49;57;95;31;100;58;25;100;200;41;76;47;14;14;100;14;33;39;37;33;23;32;29;100;26;49;253;49;36;77;100;57;35;100;24;93;36;30;31;26;200;74;31;21;100;33;23;149;34;50;113;57;38;132;34;79;17;29;50;40;26;27;100;35;36;88;27;28;82;27;27;54;35;43;83;142;28;15;100;25;300;55;19;22;22;62;58;26;32;27;68;33;49;35;66;25;38;37;77;114;21;30;16;57;33;29;28;123;55;20;100;22;35;100;23;33;100;39;72;52;27;100;79;23;66;28;18)
seed_8_level_5-1,1355,1066.1835749149323,854603,345,(100;100;100;91;100;86;100;71;81;66;100;100;44;57;77;59;100;39;95;86;20;100;45;59;49;100;43;23;14;34;24;57;17;36;38;19;18;200;27;23;112;68;32;28;34;77;43;37;20;30;56;20;23;67;80;61;100;31;37;25;27;18;73;68;38;33;23;39;35;32;29;34;74;21;41;34;59;100;59;27;15;23;70;27;35;54;57;26;30;45;37;14;25;24;51;52;41;22;37;39;18;33;25;27;50;50;23;19;57;47;108;276;30;27;33;57;33;57;25;29;27;32;105;57;28;18;39;15;34;36;35;27;47;41;106;16;54;273;57;34;89;63;193;26;28;28;54;66;85;46;40;31;51;51;37;247;47;19;47;19;35;52;29;30;150;166;110;42;22;31;90;60;105;17;108;18;77;25;58;82;50;39;17;47;82;25;51;84;142;31;22;24;175;100;29)
seed_8_level_5-1,1355,1566.2186906337738,1231289,508,(100;100;39;100;100;100;70;91;100;100;100;100;62;100;100;122;63;43;100;57;100;100;79;25;17;35;27;33;26;36;70;88;30;32;35;74;100;96;42;90;18;23;52;40;250;26;67;47;14;22;42;47;21;56;17;35;29;17;41;33;23;29;36;34;28;35;23;17;34;26;45;69;25;15;27;20;24;29;21;26;23;32;26;32;57;29;32;19;46;22;37;54;50;42;57;26;54;33;32;24;47;15;32;34;30;55;18;36;29;90;54;33;57;83;41;80;86;97;57;74;58;200;34;31;27;31;30;27;55;32;77;200;76;31;58;53;47;77;31;53;191;50;55;54;60;18;77;35;47;19;31;78;200;29;50;22;40;13;248;34;78;89;33)
seed_8_level_5-1,1355,2053.2821810245514,1615521,665,(100;39;100;41;99;99;100;100;141;100;100;100;31;42;100;36;83;62;100;47;29;65;51;100;118;76;38;77;63;19;109;31;200;35;100;73;55;20;22;28;25;49;36;72;80;77;200;27;47;57;16;35;31;86;83;150;36;31;40;28;71;50;91;94;35;60;33;24;30;145;22;36;76;46;55;27;33;34;59;34;22;54;13;30;18;33;35;15;37;45;20;28;57;26;21;15;16;69;37;19;39;24;33;109;47;15;77;90;18;27;19;200;54;14;15;15;86;34;23;40;33;184;25;19;59;33;39;57;66;30;37;40;20;47;30;26;24;101;200;89;47;77;77;26;56;28;77;23;28;21;19;50;48;113;41;200;81)
seed_8_level_5-1,1618,2648.357581138611,2112324,859,(80;100;55;50;100;100;100;67;100;81;63;100;100;83;70;91;100;80;100;100;100;100;67;100;33;121;30;34;28;24;100;66;100;86;34;34;28;16;22;40;54;60;30;18;145;24;96;59;37;28;39;18;21;55;48;18;22;37;31;37;47;31;23;100;87;88;42;20;17;45;74;38;38;34;96;65;38;81;19;77;66;108;19;26;54;35;24;41;51;20;16;37;31;345;18;22;48;39;54;16;54;27;30;35;28;19;32;34;18;50;49;36;88;37;18;24;60;31;87;32;31;22;21;35;58;51;125;88;68;47;54;54;17;48;50;46;33;59;153;39;23;56;31;27;54;57;30;32;50;17;59;66;34;50;15;19;200;200;25;79;63;59;30;52;54;24;85;77;200;206;151;35;37;93;148;33;77;77;126;32;77;19;33;47;18;37;29;23;42;162;23;38;54;19)
seed_8_level_5-1,1618,3142.442358970642,2440526,1021,(54;52;81;100;68;100;99;100;39;53;100;66;48;100;68;100;100;61;69;100;147;75;57;26;53;46;19;45;124;55;47;19;45;19;41;24;58;15;40;35;28;35;90;36;30;42;28;24;44;27;26;52;35;54;18;26;44;22;22;36;57;16;14;36;29;22;50;29;100;57;33;58;26;30;19;17;26;21;34;21;105;36;25;27;28;32;21;24;165;50;19;175;19;35;27;54;37;32;42;30;40;79;26;47;15;34;40;16;25;22;50;27;28;37;20;250;148;55;88;51;38;22;27;50;24;54;33;54;16;49;200;40;36;66;87;30;26;26;47;32;31;57;37;35;143;125;44;29;66;77;17;47;30;31;42;200;29;21;31;79;84;32)
seed_8_level_5-1,1618,3625.0181119441986,2785617,1179,(45;53;89;100;86;98;100;100;58;84;52;81;100;100;100;100;100;44;100;73;43;92;71;59;109;78;18;22;48;17;58;15;26;21;70;29;100;18;100;50;19;26;47;21;24;78;28;14;18;22;96;37;56;40;30;22;75;22;77;38;30;36;56;22;45;34;38;80;15;34;51;30;37;75;58;62;42;57;22;25;34;43;24;32;56;53;36;22;17;23;58;22;55;27;200;33;16;31;34;36;20;36;57;40;25;25;24;55;120;19;42;26;27;32;31;19;63;16;40;47;47;106;27;52;79;22;125;32;40;27;34;113;110;25;85;61;29;29;81;25;31;108;19;79;24;105;77;47;150;28;125;35;165;200;22;62;200;97)
seed_8_level_5-1,1618,4107.054762125015,3163381,1336,(67;96;99;100;68;63;100;100;67;54;52;100;100;100;96;100;100;273;100;96;100;61;43;25;37;20;82;28;28;100;43;38;64;20;19;100;100;64;16;18;25;20;15;23;32;76;36;33;32;55;36;62;31;59;23;21;150;35;34;19;18;21;29;52;36;16;60;34;45;139;79;20;23;44;55;21;34;24;20;72;63;24;15;32;33;57;67;39;47;54;19;24;22;17;32;39;35;37;50;27;35;29;31;43;57;61;22;21;25;40;39;32;34;35;37;16;33;21;23;59;62;82;57;35;58;50;30;33;148;105;70;33;24;200;50;176;100;108;31;105;100;82;31;17;29;40;50;80;32;47;36;200;63;59;200;32;131)
seed_8_level_5-1,1618,4592.332973957062,3497026,1495,(100;71;71;100;50;100;100;100;77;43;69;100;40;75;100;96;100;62;100;94;59;66;100;100;26;65;40;20;22;36;100;18;64;83;23;50;56;50;100;22;33;26;16;54;18;51;76;100;26;72;149;23;52;39;19;22;37;33;27;35;20;17;37;47;28;100;15;44;40;31;21;44;42;22;49;34;30;25;82;75;17;126;114;26;57;48;114;37;25;40;54;13;31;39;18;57;30;19;23;49;28;23;34;25;14;32;32;33;33;24;19;24;20;28;54;47;64;57;35;49;27;41;40;24;59;19;39;70;41;54;18;38;41;45;62;17;38;200;80;38;29;26;200;36;131;36;21;26;200;18;47;22;74;142;200;57;24;57;54)
seed_8_level_5-1,1618,5080.8244252204895,3931088,1653,(100;99;96;83;100;83;100;42;49;62;100;54;88;20;50;36;100;100;100;58;66;125;46;66;44;118;38;96;49;28;21;24;29;30;36;18;17;27;51;100;69;36;18;17;28;15;77;25;24;61;118;44;31;38;32;30;39;23;33;23;33;26;350;100;17;77;17;23;61;42;30;55;31;50;35;27;36;26;28;30;37;33;82;25;24;57;33;28;14;62;21;102;24;16;36;58;27;83;16;19;25;92;50;34;39;26;34;23;105;31;38;22;28;24;64;19;17;21;32;300;41;57;22;64;23;17;25;57;38;28;31;34;38;28;28;55;57;57;14;47;37;80;25;200;133;200;200;50;24;59;51;200;114;27;27;32;200;123)
seed_8_level_5-1,1618,5563.289042472839,4282826,1812,(80;54;81;99;96;98;100;98;33;48;100;100;100;45;70;68;100;42;57;86;97;67;122;88;54;60;52;77;30;18;107;50;18;26;49;24;125;28;47;100;27;54;19;25;42;86;40;32;34;32;22;33;51;79;87;26;37;27;126;33;37;33;38;24;25;41;32;32;64;30;24;15;39;50;57;18;16;36;30;38;34;38;59;35;22;47;14;24;200;33;56;15;25;105;34;32;50;27;18;36;35;19;20;24;20;28;62;94;83;39;28;19;36;55;14;24;36;30;27;15;21;65;111;48;200;200;29;27;38;49;31;54;57;57;32;66;200;28;24;58;36;36;31;77;17;200;80;33;116;27;51;200;71;25;40;36;30;34;27)
seed_8_level_5-1,1618,6165.323952913284,4682172,2010,(100;100;100;100;99;100;100;81;100;100;100;44;87;100;93;65;44;38;91;52;100;100;100;148;43;20;31;25;36;119;35;81;200;26;58;20;73;24;17;32;49;101;101;16;34;34;48;107;56;57;18;21;39;19;37;97;41;15;100;84;49;23;54;18;34;19;24;37;26;17;28;252;100;38;38;19;25;15;34;31;38;22;37;29;33;25;37;19;27;22;18;71;36;94;34;34;30;14;21;45;51;35;23;36;28;33;57;57;27;18;61;29;14;30;23;105;105;40;25;38;54;22;15;29;76;55;20;29;18;33;28;35;27;20;26;57;27;57;50;36;49;56;38;18;19;80;28;17;22;27;28;57;103;20;58;37;30;57;93;34;21;29;60;105;32;57;29;28;61;92;67;16;100;100;17;40;34;57;77;132;200;50;105;26;16;37;148;28;29;54;81;54;16;70;58;75;50;39)
seed_8_level_5-1,1618,6729.303100824356,5085520,2196,(73;54;100;100;100;100;45;100;100;100;100;144;63;100;58;54;100;41;100;47;100;50;100;55;103;33;82;21;200;100;75;41;81;19;31;33;25;17;36;34;100;24;51;14;26;29;18;30;38;20;47;33;29;32;49;70;18;22;28;32;38;48;24;23;18;28;37;37;93;98;38;29;64;112;24;36;37;45;31;16;26;50;36;40;19;77;16;63;58;37;32;38;38;19;23;54;58;24;41;60;35;52;27;57;34;34;29;36;18;23;100;100;27;54;43;47;24;57;36;55;21;60;23;21;33;17;24;40;37;178;57;19;26;39;20;63;23;22;50;36;38;40;17;84;40;22;57;106;98;45;43;52;26;22;14;68;79;59;141;200;25;50;50;24;132;26;77;200;47;36;15;29;87;80;40;40;200;86;105;25;33;67;32;27;200;34)
seed_8_level_5-1,1618,7210.909499406815,5413571,2358,(45;100;91;50;100;92;89;100;72;39;84;100;69;100;71;45;72;96;57;57;100;60;100;80;100;129;61;100;222;49;40;31;57;26;21;20;67;118;59;45;55;18;30;30;23;82;96;50;14;21;17;24;43;34;15;21;57;90;28;22;24;18;55;29;31;35;23;200;14;21;16;55;23;57;40;31;20;27;24;31;35;39;28;40;25;34;43;30;33;18;19;55;53;26;31;38;21;200;23;24;21;31;54;39;54;26;31;33;23;33;27;54;27;34;32;38;28;25;30;38;77;60;60;31;36;54;70;31;49;39;33;15;22;66;33;90;112;53;99;173;48;55;45;25;25;51;81;54;39;26;57;136;25;51;21;54;36;47;26;24;200;45)
seed_8_level_5-1,1618,7690.395836353302,5701270,2515,(43;61;100;100;47;90;47;45;100;82;100;99;83;100;85;100;100;70;41;69;38;38;100;45;100;44;26;33;30;109;34;41;67;56;49;16;33;34;19;44;53;28;26;100;53;39;112;59;14;36;23;35;31;17;26;40;29;50;94;31;200;26;23;45;25;24;19;29;49;23;24;133;22;25;15;17;32;30;36;57;30;36;27;47;31;45;26;20;27;15;145;83;75;34;24;35;37;32;53;24;66;43;31;25;28;40;27;31;57;57;157;19;51;37;38;47;34;77;17;20;51;79;100;34;58;53;27;28;55;50;38;55;46;67;31;13;37;61;36;24;64;50;60;30;23;200;65;105;119;22;60;51;31;30;82;50;21)
seed_8_level_5-1,1618,8155.225400209427,5988988,2669,(100;89;100;100;100;51;100;100;100;100;44;100;100;41;100;41;100;82;41;44;45;100;42;47;40;74;66;21;100;37;17;28;32;62;98;60;28;72;15;25;35;46;36;15;23;15;20;46;33;47;46;61;18;34;35;32;62;16;33;36;36;26;58;36;25;27;82;37;106;28;32;37;36;30;84;25;16;27;28;26;31;57;26;50;58;23;17;32;87;39;15;42;139;54;54;22;34;19;38;32;40;18;32;57;38;36;26;37;55;31;25;47;17;32;83;54;50;50;59;174;56;27;120;50;50;19;54;26;41;53;25;47;37;22;36;61;85;57;47;33;200;126;19;79;200;50;25;77;80;26;25;57;44;34)
seed_8_level_5-1,1618,8692.846852064133,6373275,2850,(100;49;100;87;44;100;81;71;114;95;60;28;52;23;22;22;15;31;100;24;20;84;200;25;22;60;18;57;22;26;44;26;24;25;21;31;57;400;33;39;33;28;17;55;27;29;13;22;15;62;50;55;54;18;19;19;30;29;24;36;37;32;91;26;100;34;26;54;33;44;47;19;21;30;29;58;28;48;36;38;24;36;99;16;34;42;24;57;36;15;16;33;30;35;30;20;31;37;100;40;22;35;60;47;29;87;31;23;36;22;36;35;20;28;19;26;106;15;92;46;32;22;43;27;54;29;61;38;22;54;61;54;24;57;33;57;46;56;62;17;50;29;20;150;32;47;200;34;47;50;58;50;34;15;47;38;27;45;44;29;88;85;59;16;51;111;83;54;38;77;20;200;25;161;57;16;16;77;22;28;200)
seed_8_level_5-1,1618,9179.736653089523,6680517,3011,(92;100;54;23;45;99;45;114;44;91;78;106;25;26;38;24;36;31;32;28;45;27;36;111;21;17;36;35;35;77;18;24;17;53;30;88;30;43;22;27;21;23;29;77;29;25;19;39;48;27;28;16;31;26;32;33;23;30;16;44;50;24;30;35;15;27;22;44;28;61;17;36;19;34;33;23;79;83;59;48;24;34;34;37;33;38;21;64;23;46;54;24;50;55;47;22;36;51;150;150;177;53;108;22;86;54;38;57;54;31;59;34;56;54;92;51;77;31;200;27;26;200;83;29;62;53;23;23;57;60;59;83;16;82;123;54;28;58;64;81;27;29;31;145;64;17;53;65;100;123;53;88;20;24;168;23;50;53;80;29;34)
seed_8_level_5-1,1618,9701.567776441574,7161656,3181,(100;52;38;52;31;100;38;28;65;30;17;18;41;16;81;31;77;75;16;30;62;42;21;31;26;82;34;27;23;36;22;33;16;37;19;21;98;124;31;21;32;21;133;60;24;203;55;32;182;30;39;30;14;15;47;33;18;34;33;22;112;82;15;70;32;80;24;28;21;15;86;29;41;74;48;200;23;56;24;54;33;39;116;26;26;21;49;22;22;130;29;49;30;49;20;37;51;33;38;26;25;15;30;16;47;30;30;14;27;24;28;48;16;24;51;28;28;83;24;109;31;127;57;150;100;197;40;50;143;54;22;36;25;24;30;24;33;38;54;47;47;18;200;200;18;46;200;27;200;26;31;23;86;56;26;250;51;166;200;19;77;200;50;200;76;61;100;23;39;120)
seed_8_level_5-1,1618,10157.441359996796,7566558,3330,(45;26;36;120;22;35;33;36;77;37;44;33;34;46;25;50;15;79;105;36;32;36;26;34;31;54;20;29;34;20;54;17;47;77;27;29;32;39;31;35;34;21;15;55;100;21;57;26;31;74;43;28;14;21;29;57;18;47;24;19;36;26;24;25;49;26;28;87;75;100;49;32;142;117;52;47;28;58;50;94;200;43;62;41;67;25;26;119;53;35;100;54;33;108;131;57;72;200;31;50;52;48;48;31;200;87;36;28;80;31;93;39;34;57;200;200;33;17;57;200;77;106;34;25;43;23;35;20;23;58;200;58;43;27;47;57;200;62;62;77;54;19;200;200;77;43;80;86;18)
seed_8_level_5-1,1618,10634.449044942856,7998578,3488,(70;96;79;100;85;88;21;125;26;123;27;47;38;87;40;60;25;35;38;82;53;24;28;25;75;33;72;200;54;100;19;21;45;45;200;31;18;51;19;37;34;32;31;25;23;143;32;22;34;69;16;34;40;64;38;24;19;32;36;49;32;37;80;30;34;32;35;48;65;35;41;14;82;33;54;105;18;21;30;28;33;23;31;31;47;29;73;200;40;26;51;24;202;33;56;47;39;56;48;26;37;15;19;111;94;27;24;43;16;17;27;250;149;193;126;53;14;114;26;55;32;24;69;32;22;200;14;22;39;37;85;45;34;21;58;51;25;200;154;24;24;33;19;25;25;200;35;146;39;200;22;92;35;59;18;25;36;38)
seed_8_level_5-1,1618,11089.860300064087,8549641,3632,(40;91;57;33;84;52;30;22;200;84;39;34;29;14;25;70;57;54;100;58;27;56;31;19;27;17;17;25;18;23;25;31;25;38;52;28;21;27;28;54;33;25;15;36;26;31;54;60;34;24;80;25;16;31;22;31;200;18;20;124;61;20;49;31;57;23;21;24;101;26;33;59;57;24;78;36;50;108;95;193;57;32;200;200;19;47;58;27;35;26;38;25;30;171;37;200;55;20;60;26;27;28;142;117;200;39;200;33;21;47;84;23;21;58;17;150;51;60;26;41;57;19;50;265;154;37;211;72;73;52;32;40;30;250;27;24;27;27;33;200;300;250;200;113)
seed_8_level_5-1,1618,11542.288844823837,8932680,3779,(75;67;100;38;19;80;25;21;100;32;27;17;35;30;59;32;34;31;57;36;22;24;16;52;26;21;24;15;30;67;33;47;26;18;18;14;30;21;35;37;24;15;25;100;32;23;27;83;157;27;58;36;100;35;24;29;112;30;41;18;31;38;17;29;47;22;48;27;38;37;29;31;54;36;22;39;100;34;37;54;100;53;24;91;18;22;57;59;37;26;87;117;47;200;50;37;142;17;29;200;28;22;200;52;42;34;20;34;31;27;47;30;77;26;23;16;87;58;91;200;30;58;41;115;150;31;53;121;34;30;17;19;55;31;200;82;35;200;200;167;31;150;100;100;23;171;98)
seed_8_level_5-1,1618,11979.19204044342,9211346,3925,(42;50;100;42;15;19;82;18;38;57;30;24;100;100;22;97;21;67;62;48;23;39;23;28;19;49;41;23;17;23;152;200;35;31;150;32;83;34;21;26;29;27;82;28;94;40;86;25;41;100;66;21;41;26;57;29;73;38;126;26;35;21;30;16;20;64;49;41;35;47;23;29;16;39;39;15;38;21;58;30;54;34;24;84;56;27;22;70;32;32;27;17;35;47;20;109;61;31;164;50;42;35;30;37;57;31;57;32;50;23;86;89;28;35;22;29;32;182;27;56;24;50;77;46;50;30;153;22;32;21;31;77;57;200;100;33;47;109;109;26;34;24;27;48;81;27)
seed_8_level_5-1,1618,12410.613407611847,9492330,4068,(110;112;38;36;20;35;23;90;49;49;50;31;28;27;22;83;100;24;31;24;25;31;162;15;26;48;33;34;24;37;43;70;31;36;25;78;57;25;14;63;24;38;34;31;20;24;49;49;26;33;25;35;55;100;31;41;30;18;16;16;30;53;54;33;47;50;59;35;32;50;28;61;33;63;49;83;31;144;59;100;31;37;59;49;49;82;98;59;84;35;27;93;27;80;188;35;57;21;36;49;41;29;114;36;40;126;92;26;35;36;68;26;48;101;76;83;16;58;47;142;77;50;31;27;23;52;18;152;32;20;78;192;46;78;53;57;57;163;24;61;56;48;38)
seed_8_level_5-1,1618,12866.611588478088,9839420,4221,(66;83;100;15;18;15;42;36;31;78;61;101;200;41;29;16;30;21;20;83;47;32;28;38;57;65;100;49;138;49;39;100;296;21;31;33;23;35;43;100;38;27;34;22;26;17;25;55;79;129;16;33;36;39;40;38;17;29;57;29;31;33;50;26;54;32;37;57;81;83;34;18;39;23;54;26;17;31;27;31;36;16;116;54;47;54;100;34;36;36;114;58;43;55;39;18;50;34;59;26;26;25;24;16;23;38;61;36;100;46;113;45;40;15;54;36;200;20;39;49;153;29;139;100;33;27;126;101;27;192;32;20;25;80;37;117;88;20;33;113;19;24;21;31;32;62;95;42;83;50;118;32;29)
seed_8_level_5-1,1618,13339.484230518341,10183580,4376,(100;58;28;39;51;21;19;16;29;32;28;23;37;49;16;19;23;31;19;40;52;47;61;57;100;51;53;13;17;48;35;33;38;24;50;15;48;64;36;36;57;29;20;21;50;50;100;21;35;41;25;26;63;65;92;53;32;31;22;190;14;38;79;17;54;57;39;133;58;25;154;19;109;56;77;36;33;39;38;24;39;49;36;56;25;18;62;114;33;55;44;63;53;56;37;44;49;55;30;57;54;41;27;52;27;55;100;23;30;20;78;250;182;52;57;43;47;23;58;19;114;28;23;40;45;26;50;31;200;16;55;20;49;43;150;86;37;28;16;33;54;57;27;31;17;100;24;200;28;200;28;80;47;200;45)
seed_8_level_5-1,1618,13790.68864107132,10628846,4522,(100;42;17;52;100;26;32;32;50;24;46;200;45;31;21;34;48;54;100;79;18;50;200;32;25;17;20;31;51;24;57;62;40;33;32;27;44;35;26;22;19;47;33;50;51;18;26;48;15;67;27;86;47;43;25;54;200;22;54;47;42;20;38;18;80;54;83;40;18;57;32;38;84;33;100;24;33;49;34;49;25;40;79;56;41;42;100;40;34;57;53;33;31;50;33;61;54;52;29;90;93;138;77;57;257;16;20;88;109;200;24;144;200;200;32;47;16;62;100;250;100;66;200;64;46;100;40;106;100;35;45;32;32;54;30;16;250;79;116;29;54;36;46;79;29;50)
seed_8_level_5-1,1618,14234.009830236435,10889213,4670,(100;35;19;18;55;57;26;30;50;32;31;34;19;31;23;33;53;66;16;17;85;59;28;35;25;36;17;25;32;25;87;40;18;24;18;22;16;32;47;35;17;16;47;19;19;157;22;24;39;56;62;33;50;82;56;61;54;26;32;35;84;50;122;46;65;28;200;40;19;78;22;29;22;52;72;26;33;23;18;88;42;66;31;40;90;68;63;28;57;131;58;52;19;59;55;53;26;36;78;35;24;48;24;37;25;36;28;61;108;29;66;17;57;42;30;200;27;109;16;51;17;16;108;51;121;73;31;40;18;62;200;105;30;34;83;34;56;27;24;100;54;25;29;87;79;18;21;36)
seed_8_level_5-1,1618,14661.72119474411,11154784,4814,(78;100;29;26;27;34;32;39;27;33;46;80;35;22;21;54;58;74;24;30;31;33;25;19;38;108;29;58;27;19;39;18;18;100;47;84;39;50;16;14;20;27;84;162;65;57;51;100;33;57;25;34;34;28;200;21;32;49;37;68;64;200;36;143;17;16;17;50;50;84;57;34;94;41;28;42;38;65;24;34;78;28;110;42;51;54;61;28;56;51;21;48;64;31;83;38;36;16;35;26;31;16;25;34;30;50;33;18;25;50;109;24;34;33;85;62;62;200;71;50;22;80;67;37;19;100;33;49;45;55;30;32;109;21;81;34;52;105;76;37;54;23;33;64)
seed_8_level_5-1,1618,15101.141711711884,11545893,4957,(28;16;25;33;24;33;22;20;54;34;18;97;23;24;61;57;14;30;28;22;24;14;25;24;26;90;69;100;87;31;58;83;50;79;51;38;34;91;27;47;53;30;17;24;20;27;23;25;31;121;28;59;25;32;64;31;57;57;26;28;200;17;33;18;33;66;63;65;21;92;30;40;72;67;100;203;38;33;33;34;57;40;132;215;149;32;76;94;17;57;76;32;31;37;50;33;50;200;59;21;109;51;62;47;201;57;25;37;33;53;29;34;23;200;178;200;58;38;37;56;34;51;88;16;21;29;21;30;18;61;60;150;151;34;100;108;200;22;14;47;60;31;132)
seed_8_level_5-1,1618,15570.793616056442,11952892,5110,(100;45;33;24;56;40;35;38;31;58;25;34;39;25;90;19;15;30;19;27;16;25;23;36;26;57;58;19;20;25;15;37;23;28;18;35;65;31;37;26;44;100;22;101;34;25;54;26;51;18;17;18;27;36;22;32;18;29;71;24;33;61;35;200;30;34;36;33;63;23;26;38;126;150;54;94;30;58;116;82;54;47;25;47;77;35;49;26;34;29;200;38;30;20;47;34;38;53;40;117;17;34;17;21;37;84;100;15;58;54;36;38;36;54;55;35;200;113;57;200;47;105;15;200;105;109;80;33;66;80;76;22;200;82;44;71;64;77;57;54;187;96;100;57;33;100;200;58;25;54;192;54;200)
seed_8_level_5-1,1618,16026.25007891655,12429426,5254,(95;14;82;21;34;32;107;23;33;16;53;19;64;16;100;73;85;25;35;33;61;24;25;38;15;200;32;200;16;35;100;18;29;27;39;35;57;34;55;29;16;39;32;93;27;49;25;48;35;48;62;33;200;18;100;23;100;33;34;94;114;55;31;23;109;200;50;42;57;17;27;32;54;24;200;127;54;50;57;50;200;98;30;33;71;42;101;32;17;20;60;109;144;28;79;47;37;57;29;200;38;38;200;116;53;59;57;86;24;200;50;76;18;33;31;17;77;30;24;18;41;185;37;22;49;200;37;30;54;58;200;105;200;59;80;47;13;61;32;50;47;200;37;32)
seed_8_level_5-1,1618,16481.218136548996,12912507,5396,(18;95;23;37;36;34;40;27;33;46;47;20;24;54;15;34;19;20;187;64;250;54;54;57;54;32;24;17;54;22;181;26;52;39;107;57;79;37;56;25;50;87;30;168;21;28;84;49;59;28;81;29;163;58;81;109;28;209;39;31;133;36;228;56;24;50;35;47;47;80;84;41;27;56;79;80;196;19;19;33;47;86;50;50;28;41;56;86;46;24;120;36;100;59;143;23;25;54;116;34;140;26;95;24;22;51;47;76;28;24;13;17;16;49;18;55;24;85;24;155;85;37;200;200;62;55;129;200;200;32;200;50;51;20;30;17;22;70;114;33;118;26)
seed_8_level_5-1,1618,16931.55632662773,13336942,5541,(19;19;26;25;37;28;18;32;31;17;35;109;37;80;23;50;69;26;43;32;24;53;56;50;35;51;100;76;16;89;22;14;90;134;96;100;129;150;100;79;100;200;43;34;77;22;81;54;49;49;29;27;28;70;54;35;200;56;25;27;32;79;41;33;29;25;36;200;90;23;200;35;28;22;50;122;22;53;27;31;100;200;24;57;100;54;87;79;27;16;84;50;60;68;43;52;18;196;105;17;84;15;35;29;47;18;38;116;116;29;29;26;24;40;17;129;150;37;30;57;39;50;129;48;200;29;28;26;33;57;17;107;200;28;56;200;34;57;54;32;32;31;41;22;57)
seed_8_level_5-1,1618,17398.297641038895,13922948,5685,(29;15;17;129;47;100;33;31;31;38;20;43;14;16;15;31;26;20;43;77;50;38;47;56;33;31;64;19;68;57;53;100;78;34;49;147;116;89;200;27;38;54;44;134;26;250;15;30;31;15;185;61;200;30;61;128;19;31;50;50;33;79;76;109;58;60;27;50;51;25;151;200;32;40;40;86;40;30;200;200;44;28;33;47;184;18;66;200;64;54;40;93;79;200;28;62;17;200;32;16;53;32;81;61;81;26;32;50;25;31;29;200;50;17;200;200;34;57;21;200;27;114;200;200;20;53;196;80;54;15;105;47;47;38;16;19;34;200;70;23;81;86;31;36)
seed_8_level_5-1,1618,17848.09815979004,14397455,5829,(37;39;75;21;16;39;23;32;36;24;41;40;31;55;27;20;97;23;25;41;25;57;50;46;100;88;100;112;262;17;20;50;37;81;41;200;113;26;54;15;134;78;52;36;200;200;33;28;50;52;57;50;54;33;15;34;105;27;47;105;77;80;30;77;108;37;30;59;95;65;48;84;200;46;54;50;79;86;87;159;21;14;36;18;35;62;33;25;110;64;36;43;23;35;36;35;58;30;63;19;25;32;350;72;32;28;18;28;39;31;28;114;58;66;78;54;32;41;19;38;227;42;200;22;57;51;54;17;19;105;110;35;25;200;36;145;22;15;116;25;62;27;100;32)
seed_8_level_5-1,1618,18328.16828107834,14979924,5979,(100;100;100;17;200;28;42;30;17;24;17;29;47;29;20;18;85;108;58;31;92;54;88;28;21;71;38;23;46;37;21;322;150;31;56;116;85;40;33;25;129;24;39;144;24;29;33;34;25;68;45;23;58;23;34;36;24;81;17;28;85;61;186;120;90;32;35;40;200;35;33;50;113;84;37;250;73;24;319;31;38;44;23;24;34;134;68;54;47;125;28;70;54;52;27;59;105;47;50;56;31;47;77;19;200;32;133;18;77;79;200;200;41;41;31;200;200;200;31;19;41;44;24;18;81;27;25;23;84;51;52;135;57;33;36;16;23;79;30;37;105;50;51;33;84;109;17;79;200;36)
seed_8_level_5-1,1618,18798.092423677444,15532348,6126,(33;45;27;25;100;17;33;29;58;61;28;24;167;76;92;46;30;80;61;33;36;200;52;77;31;94;37;42;250;23;19;31;87;135;57;113;33;198;200;86;65;211;28;107;27;37;35;42;58;30;17;200;105;58;18;35;35;75;200;89;30;123;32;200;59;25;24;24;23;38;31;30;81;26;33;14;47;47;51;39;200;200;81;38;32;54;25;32;171;17;80;32;49;83;54;200;54;54;57;77;105;36;87;50;47;128;82;21;77;57;56;33;31;38;200;154;100;40;42;32;31;54;159;35;25;100;38;109;33;87;29;47;17;47;50;15;36;106;16;24;200;47;31;30;31;51;200)
seed_8_level_5-1,1618,19253.368411779404,15933382,6275,(51;20;30;15;20;16;33;45;34;26;83;45;200;200;16;200;100;80;17;28;14;65;56;36;66;41;29;28;47;200;22;40;24;21;55;33;146;27;101;34;22;200;121;23;94;126;22;26;15;42;54;25;35;200;21;31;19;44;17;89;18;28;41;18;20;47;159;19;50;51;25;47;19;34;59;77;19;200;59;100;54;34;103;133;35;53;40;36;18;58;47;33;49;36;18;32;58;54;23;23;35;99;108;34;100;83;41;28;23;58;109;35;79;36;30;31;115;35;17;55;40;64;78;35;40;30;47;132;113;104;31;35;41;172;26;33;200;54;22;54;35;129;27;15;50;38;18;28;20)
seed_8_level_5-1,1618,19720.32666373253,16404350,6423,(100;32;79;86;32;50;35;200;50;32;77;100;54;22;68;38;87;162;142;119;200;57;33;62;99;120;45;35;25;23;20;98;28;55;34;42;36;32;200;49;67;46;67;200;56;42;21;18;52;48;33;21;16;47;200;200;113;57;86;49;77;28;86;115;40;41;50;60;75;23;57;56;32;69;54;33;54;93;24;68;21;57;67;37;124;36;31;14;172;93;24;35;51;80;15;60;61;17;62;135;21;78;95;15;112;60;24;44;78;51;88;15;100;49;36;33;81;29;30;19;200;79;109;18;87;54;105;28;18;200;25;29;32;88;17;42;39;49;113;200;38;110;100;36;21;30;40;28)
seed_8_level_5-1,1618,20201.488564014435,16962959,6575,(16;38;22;47;29;22;33;48;30;80;56;100;25;50;108;54;23;57;24;54;24;33;66;54;54;18;31;55;27;79;250;204;161;64;30;33;22;19;59;57;42;22;120;54;67;70;200;17;29;200;29;53;22;50;59;27;14;47;77;25;20;34;200;15;41;66;18;208;200;42;87;90;50;53;29;31;23;28;57;50;35;34;86;57;82;93;73;26;96;25;80;26;56;37;55;172;57;59;47;14;32;28;25;47;106;29;74;145;200;200;400;51;26;26;113;108;30;35;77;18;50;200;111;26;57;16;58;37;23;26;50;113;107;200;17;40;28;71;22;25;57;85;38;41;21;100;100;35;18;84;66;88)
seed_8_level_5-1,1618,20694.335805892944,17516718,6727,(20;65;26;55;60;23;19;92;62;113;29;84;94;25;54;100;42;100;54;79;59;200;100;57;28;100;35;80;82;53;24;200;200;31;58;85;35;20;38;87;28;56;40;47;30;56;89;110;46;17;22;200;91;63;58;66;126;49;47;113;125;26;200;38;109;21;47;23;128;77;16;19;24;148;50;14;23;204;127;57;22;21;23;24;74;14;84;94;22;100;40;87;133;60;22;200;17;32;37;65;64;41;200;55;24;94;50;41;29;200;40;33;79;35;28;18;50;58;50;50;82;50;134;21;33;50;54;161;200;25;147;28;200;82;200;38;48;14;24;133;105;25;41;44;47;25;26;26;18;37;200;24)
seed_8_level_5-1,1618,21180.47158885002,18156531,6878,(47;48;91;77;92;53;39;28;200;47;24;108;78;27;50;20;200;17;29;91;196;40;41;56;139;54;80;42;22;33;112;27;43;61;23;77;113;32;36;53;200;34;55;18;142;18;127;23;55;54;200;34;39;27;214;200;20;32;95;21;126;25;76;125;56;243;87;38;25;136;27;87;38;45;286;32;150;41;70;200;250;42;32;57;69;55;38;25;163;57;29;40;29;32;36;115;30;80;85;205;24;57;45;35;25;80;29;16;147;16;50;27;32;38;77;77;83;121;80;51;37;50;25;52;21;77;200;32;33;47;50;57;27;31;79;50;200;35;16;162;50;23;16;57;200;81;19;16;16;200;20)
seed_8_level_5-1,1618,21670.918664216995,18818380,7028,(23;34;16;53;17;19;100;100;52;65;32;69;18;123;18;118;59;36;29;149;40;54;48;200;32;200;116;39;39;87;86;37;54;25;20;110;26;31;32;52;36;31;130;36;94;69;54;22;17;200;36;50;34;162;159;16;35;81;79;21;21;50;113;200;18;84;50;16;80;200;53;19;50;80;16;25;21;25;24;29;85;25;83;200;35;80;47;200;135;53;124;94;200;103;54;122;24;58;77;319;27;95;46;87;80;350;98;100;65;54;47;47;25;14;49;30;29;47;34;105;19;21;47;119;200;55;200;54;43;15;92;47;39;81;33;37;200;31;66;91;200;35;79;100;54;15;100;24;18;200)
seed_8_level_5-1,1618,22157.754098415375,19365032,7180,(19;38;34;78;210;56;20;30;20;124;24;133;41;26;84;20;15;126;200;32;200;52;52;30;82;80;47;31;38;26;57;17;29;42;24;34;25;57;23;38;46;57;36;112;37;193;21;17;162;14;200;50;105;47;50;25;105;31;19;30;200;18;19;37;81;114;51;33;21;89;25;100;35;79;91;93;27;182;136;61;112;64;31;75;200;73;30;132;122;31;116;142;47;132;82;136;18;77;23;109;27;126;34;118;18;22;21;47;162;191;164;17;22;50;36;108;200;108;80;22;19;37;27;35;32;21;17;32;34;35;117;25;100;31;31;54;30;200;27;99;23;25;81;49;129;25;25;153;25;36;27;41)
seed_8_level_5-1,1618,22639.59075975418,19934663,7330,(112;30;20;25;29;22;16;57;131;50;126;28;79;29;19;52;33;138;30;40;31;28;23;39;27;31;57;31;200;200;23;39;31;49;76;18;71;99;30;51;200;55;45;63;19;50;29;80;56;61;41;63;200;212;200;26;142;18;42;28;144;32;21;107;19;47;32;200;85;33;57;200;200;37;80;18;25;31;80;49;18;18;200;200;16;200;26;32;57;83;50;32;144;50;110;38;26;200;58;77;30;200;80;25;54;54;200;22;33;83;77;39;47;35;82;21;31;41;67;23;77;19;54;200;47;47;129;109;16;23;77;47;77;31;21;23;151;77;36;23;24;24;56;57;16;77;25;86;78;160)
seed_8_level_5-1,1618,23112.799903154373,20471963,7479,(29;25;34;26;35;57;44;26;26;60;30;36;200;126;130;54;33;141;34;18;67;118;28;38;35;31;31;38;15;24;34;23;26;19;22;23;109;47;35;22;123;128;29;21;54;33;57;32;19;85;200;33;200;60;86;51;31;44;28;53;53;24;30;38;54;141;189;134;22;24;32;24;57;33;59;28;82;57;154;39;25;24;25;105;200;88;149;114;200;17;138;18;85;64;45;54;29;29;40;65;211;62;55;33;29;135;66;90;25;28;139;54;23;95;87;135;26;24;88;200;140;200;81;51;17;47;19;20;141;250;39;47;34;50;123;96;31;113;80;51;25;54;19;37;25;222;34;80;51)
seed_8_level_5-1,1618,23621.041292905807,21325192,7629,(38;32;42;61;350;200;47;17;200;193;200;167;200;159;16;29;57;54;25;28;97;64;43;55;37;40;89;130;40;28;77;40;27;45;26;129;144;128;24;84;200;200;113;53;200;43;200;200;200;40;38;128;47;63;27;200;200;200;77;29;35;126;57;31;77;30;129;110;24;34;200;15;27;135;25;200;47;32;19;24;26;58;60;96;38;34;133;210;200;119;59;52;16;33;62;62;51;106;22;87;100;29;50;110;34;57;81;57;213;57;47;28;18;200;200;30;53;23;136;48;30;200;25;28;32;126;167;132;30;25;47;25;54;25;90;145;50;54;31;29;200;54;145;164;24;82;25;18;113;57)
seed_8_level_5-1,1618,24109.16592168808,21931280,7779,(163;57;40;22;25;40;100;33;35;40;82;50;58;200;113;221;41;15;24;36;41;57;25;165;29;22;132;80;47;108;160;81;100;100;50;84;23;54;200;31;17;38;132;31;48;130;30;85;25;200;123;28;17;62;57;22;30;33;61;24;19;32;59;18;145;77;34;87;24;140;27;31;26;54;56;38;210;29;81;26;29;36;23;39;34;28;200;50;150;34;30;200;31;56;33;61;47;69;51;49;350;113;24;26;58;32;77;36;57;80;50;89;61;160;29;29;48;57;250;116;90;26;118;29;200;57;23;27;29;73;129;26;40;86;50;61;59;55;56;57;46;52;138;55;203;23;41;129;42;120)
seed_8_level_5-1,1618,24589.177900075912,22482982,7929,(22;30;81;300;32;200;17;61;125;57;37;30;23;25;49;19;20;38;57;38;55;33;110;20;18;30;200;200;29;28;29;113;26;84;52;59;28;51;30;91;29;32;64;45;26;18;74;153;200;42;23;56;96;129;23;38;250;126;27;35;39;90;40;31;27;90;16;24;88;38;32;71;200;100;24;140;30;79;28;34;54;38;25;86;49;64;43;94;37;115;56;38;26;200;59;243;107;37;123;16;24;57;111;28;165;32;29;66;26;30;32;134;58;56;22;79;31;54;38;24;50;55;19;35;47;55;40;42;38;114;82;200;115;32;20;25;17;55;28;200;22;48;37;124;59;26;133;24;200;54)
seed_8_level_5-1,1618,25089.968576669693,23182913,8078,(221;33;29;62;71;37;110;150;200;30;54;88;25;37;144;32;37;200;67;150;86;50;33;50;250;47;34;57;60;100;17;23;36;200;133;80;19;142;109;18;75;77;82;200;50;26;51;29;38;47;200;95;71;49;38;65;18;25;32;54;76;24;137;53;39;150;31;70;23;200;33;28;33;42;24;200;129;200;28;54;87;16;29;34;132;26;57;31;64;88;70;20;30;34;83;56;200;29;64;135;85;127;16;49;85;157;54;22;51;116;70;24;114;161;59;200;29;157;200;34;166;57;173;17;30;20;51;147;60;189;39;53;29;34;54;200;60;80;35;24;39;200;27;24;190;29;81;87;15)
seed_8_level_5-1,1618,25586.164097309113,23964248,8228,(125;153;22;66;25;200;200;26;200;26;23;59;37;27;21;34;25;58;200;58;32;200;27;40;36;68;86;57;28;16;20;29;43;59;49;198;200;35;200;30;40;59;31;54;200;24;55;54;200;118;26;43;54;36;17;200;200;200;28;31;119;200;48;30;31;42;127;91;22;19;37;116;30;30;25;96;22;38;250;48;127;61;25;24;400;36;31;101;54;154;146;17;157;173;48;98;29;200;133;43;38;25;27;63;28;87;51;163;25;24;35;127;32;84;138;200;19;21;29;47;50;25;200;26;27;65;37;54;169;33;29;109;167;26;175;28;47;80;56;24;22;61;21;57;88;37;74;17;185;135)
seed_8_level_5-1,1618,26096.006789922714,24758478,8378,(136;38;53;250;55;26;24;164;70;44;110;52;58;154;28;29;75;128;189;40;41;59;21;150;56;18;28;200;71;41;32;57;59;24;105;31;28;200;131;37;56;125;37;20;126;67;82;51;31;31;47;54;131;200;34;49;32;200;57;47;57;54;59;26;51;146;26;60;200;200;80;127;25;200;213;67;78;194;49;76;84;30;62;112;29;63;89;24;234;57;30;32;200;38;64;106;16;180;200;27;22;113;32;28;43;31;79;37;135;160;150;138;112;98;165;24;154;21;23;200;149;27;165;168;100;16;38;73;26;32;149;40;50;81;76;250;100;164;27;32;28;92;36;200;101;29;19;111;37;50)
seed_8_level_5-1,1618,26599.87065052986,25479567,8528,(26;54;200;25;40;28;130;72;17;31;17;200;24;45;200;72;31;200;27;29;64;38;200;127;46;100;25;112;40;40;24;200;140;36;62;57;82;29;200;114;23;129;71;24;147;49;80;45;27;131;200;160;24;26;200;164;35;13;89;26;38;58;200;20;195;35;32;80;28;53;28;32;31;28;54;114;174;85;80;53;132;50;158;60;16;32;13;26;53;200;144;39;82;300;30;21;24;80;105;31;41;49;25;115;47;71;22;70;29;189;25;54;160;32;21;36;200;31;200;80;200;33;41;53;50;29;91;200;153;56;117;54;31;72;36;29;110;18;60;108;18;24;41;200;20;30;87;84;25;28)
seed_8_level_5-1,1618,27099.382011651993,26164136,8679,(28;27;119;129;27;23;131;130;119;130;27;37;28;27;64;30;19;28;30;158;25;30;200;130;72;38;32;35;200;33;57;41;57;33;61;36;18;55;27;25;200;33;34;29;41;87;57;145;120;108;30;200;17;160;34;77;172;57;28;40;25;35;34;31;28;54;28;20;28;30;29;23;25;85;300;37;41;147;22;32;57;30;50;31;29;63;34;200;200;57;200;200;28;25;23;25;136;200;23;47;103;67;105;53;157;36;59;83;106;81;31;32;54;54;24;24;132;24;24;218;57;166;58;111;18;30;119;60;88;51;17;193;135;49;200;89;64;41;23;27;21;132;186;200;43;200;85;148;113;61;58)
seed_8_level_5-1,1618,27578.482744932175,26735298,8830,(157;129;96;83;24;55;25;29;200;38;35;23;27;31;30;126;200;25;59;37;37;110;25;25;28;30;17;37;34;63;30;57;156;38;26;45;40;25;36;132;37;30;200;127;88;80;50;14;51;64;22;54;59;213;28;19;54;36;30;33;32;30;26;86;27;37;85;200;85;56;34;41;36;118;36;54;38;16;19;22;28;200;200;297;40;200;24;50;57;17;152;38;58;22;32;34;62;25;117;109;47;36;31;164;29;47;47;200;32;158;54;32;79;96;22;29;25;165;105;31;250;79;36;33;29;37;32;54;15;19;19;24;27;166;86;61;131;34;25;23;35;26;22;200;56;200;28;17;13;54;38)
seed_8_level_5-1,1618,28061.4364695549,27332490,8981,(38;28;29;41;25;200;150;25;26;59;46;30;53;58;30;30;58;122;34;57;25;37;35;59;25;30;38;57;29;31;56;31;38;126;25;30;81;24;34;54;37;39;37;98;35;200;164;18;25;21;25;157;49;25;200;200;154;162;17;153;79;21;28;47;19;16;42;132;166;109;18;20;48;25;200;107;170;26;138;100;39;132;117;35;14;15;35;80;26;108;120;159;21;157;41;25;35;34;166;24;33;41;26;48;200;80;128;121;28;48;28;128;24;84;25;192;32;36;28;22;31;139;35;66;26;32;200;155;27;43;200;54;29;53;203;26;28;88;23;59;86;36;83;53;37;24;200;16;35;200;26)
seed_8_level_5-1,1618,28555.058369398117,27912376,9131,(40;25;59;25;28;26;129;39;79;150;29;37;115;21;47;34;26;24;31;82;75;39;200;57;38;89;31;61;50;70;46;61;28;31;26;36;49;117;100;20;200;17;137;22;138;19;34;29;200;23;36;131;23;29;80;24;34;133;18;57;31;57;87;25;33;31;60;14;30;124;29;33;31;29;62;43;38;222;16;200;200;36;111;65;54;91;28;27;39;29;105;200;17;47;169;200;19;58;52;51;134;26;134;33;58;15;18;115;157;200;15;47;38;35;19;19;24;29;134;110;28;41;23;108;24;36;55;132;48;34;33;17;159;165;200;111;57;24;135;200;132;154;17;20;31;135;200;39;25;31)
seed_8_level_5-1,1618,29045.104027986526,28505415,9281,(200;22;59;100;25;29;145;100;75;134;46;25;24;130;26;47;54;52;87;100;21;72;129;27;250;87;27;66;35;57;73;28;175;118;95;128;27;27;28;34;26;27;217;200;32;22;79;200;142;57;146;91;40;83;30;108;111;19;24;33;58;38;29;32;200;62;27;32;30;25;126;57;37;61;29;118;35;25;32;31;57;32;78;33;36;22;106;23;105;25;36;133;16;200;14;133;200;200;31;47;200;28;35;200;47;47;51;65;161;158;47;98;24;135;57;97;77;84;19;50;131;25;112;20;47;15;16;32;33;32;47;164;159;168;34;20;18;30;57;32;57;41;19;39;33;15;28;13;25;27)
seed_8_level_5-1,1618,29529.123731851578,29091468,9430,(130;40;59;77;43;148;26;75;40;89;37;23;80;17;28;87;29;24;25;286;41;120;25;51;24;36;29;200;54;155;64;58;37;60;30;50;17;17;35;200;51;200;90;34;29;25;27;26;23;31;126;33;26;62;18;109;57;18;41;200;18;200;17;51;30;57;24;153;33;27;200;200;16;19;31;31;108;101;18;81;33;37;50;38;47;15;40;32;126;50;26;159;33;16;24;167;61;200;86;131;33;152;136;54;77;84;17;142;38;57;37;36;17;200;159;113;16;47;165;20;200;39;110;164;57;159;16;94;57;26;21;105;64;15;27;18;77;32;21;77;20;21;107;25;157;31;29;33;80)
seed_8_level_5-1,1618,30029.77699613571,29802044,9580,(26;36;200;69;36;19;18;82;144;34;61;58;109;20;25;57;25;29;54;31;121;25;29;62;200;54;23;39;50;54;36;24;29;250;34;55;40;79;50;26;29;154;24;83;19;64;200;42;116;55;36;54;54;41;54;318;200;111;68;112;82;22;19;200;24;86;100;77;131;44;48;156;80;50;44;50;108;27;33;21;53;159;49;134;28;63;29;26;200;26;34;36;55;200;26;161;64;28;200;33;161;22;32;47;33;105;20;130;27;19;21;58;100;175;83;29;89;145;37;38;28;162;200;33;36;157;31;51;54;17;79;162;26;58;14;200;113;200;72;15;86;200;40;27;129;147;50;134;200;113)
seed_8_level_5-1,1618,30522.261830806732,30470140,9730,(151;41;100;100;74;39;138;73;37;89;33;123;83;40;32;18;23;21;33;200;150;100;89;33;200;80;44;128;18;52;28;20;200;65;100;41;20;200;141;41;58;74;49;31;38;200;142;17;23;22;18;32;56;71;82;14;200;41;100;31;19;30;200;57;21;25;18;45;14;136;25;32;124;129;166;49;62;24;31;32;200;77;37;39;30;82;30;100;29;33;25;40;168;100;33;25;79;200;38;80;28;117;87;200;200;33;47;127;24;31;34;200;32;17;26;200;178;146;34;27;27;19;106;133;53;22;166;46;24;34;200;160;50;134;26;57;37;109;79;34;21;31;23;107;200;24;155;21;51;45)
seed_8_level_5-1,1618,31035.624596357346,31340316,9880,(40;200;50;24;224;39;33;67;16;200;150;58;14;143;200;29;200;41;62;117;100;81;100;110;53;125;200;200;86;34;120;56;100;147;100;250;24;75;87;54;25;57;40;28;84;40;83;200;56;135;32;203;200;159;288;63;33;145;16;61;200;69;74;25;20;16;32;178;200;161;111;200;18;21;34;54;111;71;52;37;57;165;59;72;200;20;48;18;89;57;48;30;38;79;33;82;36;156;44;113;13;26;34;200;34;34;78;32;40;21;50;38;162;20;150;34;200;51;82;18;109;85;139;21;23;79;134;28;26;25;117;24;62;22;58;200;153;170;200;173;50;31;15;200;37;168;60;24;100;33)
seed_8_level_5-1,1618,31528.773175239563,32016909,10030,(200;14;137;59;29;47;31;30;110;58;168;16;38;200;26;34;26;19;40;28;200;58;53;48;200;49;131;26;33;18;157;83;55;30;48;44;77;17;158;25;31;25;30;200;180;30;29;29;18;124;32;31;17;33;162;33;142;39;57;200;107;130;52;154;200;41;38;16;38;57;78;18;33;29;39;20;56;109;100;29;99;21;28;30;23;200;27;55;57;31;18;29;46;200;83;54;47;18;200;52;52;76;46;44;33;16;80;26;226;28;89;127;38;200;26;49;28;63;84;19;119;168;100;24;35;200;32;86;53;65;143;41;38;250;67;24;25;38;41;42;221;79;233;106;200;37;34;100;38;60)
seed_8_level_5-1,1618,32041.85234451294,32904325,10180,(194;25;83;24;25;41;18;200;25;24;25;93;21;38;40;100;39;41;200;95;17;36;28;25;25;118;101;33;71;200;147;149;18;80;35;19;21;25;100;107;26;25;58;23;28;82;32;62;147;307;100;200;24;52;81;41;30;250;61;26;28;35;31;31;76;30;57;200;79;157;200;17;29;200;112;122;100;48;79;113;33;48;150;200;25;171;30;49;84;250;16;100;250;200;42;164;187;132;33;15;157;24;134;200;47;82;24;31;47;36;30;200;133;35;23;16;53;200;250;84;25;28;200;16;27;200;59;35;200;30;26;38;166;159;200;109;29;80;200;22;39;18;30;28;77;60;82;160;24;157)
seed_8_level_5-1,1618,32550.270317792892,33646631,10330,(91;20;33;151;29;63;69;31;167;93;39;305;58;29;100;63;58;65;41;60;200;56;35;52;133;18;58;94;23;25;20;75;28;23;93;26;103;51;110;40;113;50;57;100;99;60;89;58;200;58;38;39;200;32;59;118;155;39;79;109;51;55;50;100;157;105;21;13;200;157;49;21;25;200;100;47;15;57;156;33;200;50;200;19;200;49;21;200;26;157;108;29;24;106;21;154;28;200;53;105;200;47;28;23;33;24;18;56;14;33;30;16;23;200;28;200;157;47;22;139;151;47;87;49;157;200;18;30;47;200;19;139;19;200;33;30;32;22;28;78;135;16;143;40;157;100;15;32;17;22)
seed_8_level_5-1,1618,33059.0568022728,34410678,10480,(75;55;80;68;28;84;47;113;200;57;80;47;16;80;91;51;200;34;16;77;27;84;28;39;23;40;52;57;112;200;54;57;149;48;200;19;18;50;200;33;63;24;26;200;58;59;142;61;49;70;57;33;26;300;25;57;88;45;31;20;81;33;78;250;53;29;14;84;34;156;25;164;32;200;39;200;200;33;192;47;200;141;16;158;56;30;157;77;18;21;166;78;23;48;26;25;28;29;132;30;54;147;200;14;159;166;116;200;47;157;34;47;27;37;134;33;18;200;35;57;157;30;18;31;15;31;47;47;157;157;15;162;57;21;31;32;161;135;100;132;47;27;52;200;79;26;114;26;40;17)
seed_8_level_5-1,1618,33566.454761981964,35150243,10630,(19;88;138;58;50;47;28;52;40;26;31;23;84;82;200;153;17;150;35;40;30;46;22;59;34;28;132;24;54;83;36;25;86;113;14;93;23;94;57;39;37;30;16;26;69;26;87;84;148;51;37;200;42;19;20;50;189;109;54;205;145;62;57;31;132;157;77;157;32;200;28;50;200;28;162;200;15;48;200;47;157;79;34;85;50;26;31;17;200;200;105;26;22;78;30;57;162;132;200;157;14;200;200;77;52;132;34;32;159;200;160;25;48;17;25;17;159;200;145;157;159;157;159;25;200;32;58;23;37;27;29;29;59;105;32;20;154;52;77;47;16;15;47;159;54;14;33;29;48;13)
seed_8_level_5-1,1618,34077.26785969734,35948657,10780,(200;150;166;30;34;34;20;100;54;100;45;200;40;60;40;40;18;133;23;100;50;53;61;147;83;32;61;57;115;39;200;17;50;26;84;56;200;88;14;44;24;35;50;132;55;132;22;24;34;50;31;28;37;71;79;29;39;25;40;25;92;168;32;30;157;200;57;159;200;48;30;28;17;200;17;170;132;200;27;105;157;71;44;24;33;17;200;166;313;132;135;166;17;133;158;157;64;154;57;188;157;15;26;16;35;31;22;170;157;15;81;215;134;16;24;153;158;56;18;34;57;26;29;34;31;16;105;16;26;27;18;132;200;63;88;47;165;26;157;17;159;34;23;47;33;154;157;48;18;200)
seed_8_level_5-1,1618,34584.9512655735,36740385,10930,(195;51;18;24;15;58;200;200;34;85;24;30;200;32;89;26;17;53;17;39;22;23;78;203;50;47;17;28;19;33;200;24;89;83;28;17;39;23;80;26;61;33;30;16;59;29;30;32;37;93;49;39;43;200;37;61;82;200;14;18;45;36;27;53;21;200;30;133;26;15;100;25;34;200;25;55;165;17;200;105;153;200;33;159;14;154;25;18;200;200;28;78;107;23;32;200;38;19;49;25;100;106;29;200;165;34;23;200;60;166;23;160;154;200;40;79;157;60;25;18;32;100;100;200;200;26;200;200;44;35;57;29;17;174;25;162;47;200;200;200;14;34;52;100;28;22;47;165;15;39)
seed_8_level_5-1,1618,35097.19948506355,37544492,11080,(55;57;35;79;63;77;100;54;131;39;35;110;39;54;38;200;24;78;27;64;96;21;30;122;114;131;22;200;82;30;18;200;34;88;38;31;19;200;31;88;25;97;84;47;100;38;28;160;177;100;33;58;100;15;23;25;32;49;19;21;105;200;200;16;21;32;166;200;28;35;136;59;40;25;47;158;25;132;200;48;32;26;200;200;105;200;48;37;79;200;25;57;13;94;133;15;160;34;21;110;21;132;187;161;48;200;161;78;116;18;22;166;15;200;77;37;134;200;17;14;77;175;200;53;156;200;117;167;28;71;34;200;200;18;28;45;27;40;78;18;122;30;61;86;40;57;27;19;162;31)
seed_8_level_5-1,1618,35589.15411901474,38188269,11230,(70;31;200;65;32;84;79;126;31;25;19;57;172;29;77;47;250;30;97;50;32;96;19;53;32;100;122;106;47;32;115;31;48;33;82;50;33;35;22;113;36;24;73;26;38;34;25;20;120;54;53;200;200;200;33;90;14;20;48;29;100;32;37;28;47;14;28;23;200;31;58;128;126;163;78;79;31;36;50;33;200;59;24;161;28;17;200;32;107;200;200;32;130;18;57;31;134;30;15;27;33;105;128;25;32;16;33;29;15;200;64;31;200;39;32;111;116;18;17;23;29;200;41;112;77;25;27;200;77;162;18;18;57;29;48;83;200;200;79;18;18;47;47;23;15;132;78;200;33;45)
seed_8_level_5-1,1618,36113.096240758896,39051434,11381,(200;17;166;34;131;37;23;29;119;19;128;57;23;29;44;113;250;129;29;35;24;30;61;67;200;113;200;33;34;26;113;26;38;31;40;113;200;20;33;24;100;200;50;58;26;54;33;20;200;29;20;192;55;17;18;29;33;30;22;14;57;100;32;80;131;109;54;149;38;25;24;83;35;147;28;79;31;145;30;23;31;33;50;116;110;79;20;300;21;78;79;79;61;200;49;48;24;28;29;24;119;28;24;159;161;36;108;194;16;28;86;23;157;78;26;200;200;30;200;37;24;250;41;200;200;200;53;147;200;57;101;116;200;200;132;28;37;44;110;166;145;164;45;200;89;47;18;57;37;200;134)
seed_8_level_5-1,1618,36621.229749679565,39931061,11531,(131;31;41;64;21;141;312;126;54;31;223;28;132;36;200;37;31;27;19;38;38;31;209;131;33;78;78;17;300;34;21;200;100;57;31;29;57;34;324;200;128;139;200;200;74;68;131;57;200;36;24;35;68;200;60;128;31;38;41;41;48;22;47;66;92;17;24;200;73;29;31;100;27;100;56;21;17;15;157;47;26;20;200;32;158;87;47;32;34;61;80;31;134;17;31;110;16;106;161;73;32;200;35;54;19;55;200;157;38;100;26;34;200;93;24;100;164;37;200;130;200;95;78;37;31;58;34;100;49;16;51;138;43;200;27;19;25;21;200;20;77;225;26;160;16;26;21;200;33;73)
seed_8_level_5-1,1618,37123.90534901619,40751116,11681,(26;79;79;200;33;29;300;107;25;51;23;81;135;48;77;34;128;157;13;200;159;116;68;200;48;31;127;31;24;24;118;36;200;200;32;107;14;105;20;20;34;77;105;200;200;200;23;200;105;40;32;54;24;200;49;31;55;78;32;154;17;23;58;25;25;114;32;22;25;30;21;29;47;101;36;32;38;200;65;200;52;108;33;31;25;200;37;125;32;57;31;54;53;200;119;28;35;51;205;83;27;57;79;293;28;48;23;66;26;96;62;190;183;19;73;33;23;39;250;66;141;27;100;46;35;25;190;31;149;34;57;34;205;31;128;124;172;87;50;30;150;23;21;145;129;20;146;30;29;30)
seed_8_level_5-1,1618,37620.03349685669,41499522,11831,(128;29;69;57;250;83;41;105;113;61;23;23;50;28;30;57;142;62;193;44;40;127;315;31;37;54;29;28;40;34;41;200;115;77;24;113;41;92;61;151;350;37;19;35;208;42;39;119;126;18;128;35;128;25;195;54;38;79;61;32;131;37;25;35;197;200;54;21;31;115;200;157;160;31;48;86;15;22;131;56;16;27;42;54;57;29;52;28;160;16;56;20;80;32;18;217;20;17;200;25;37;35;15;38;200;26;28;24;18;159;18;84;47;37;29;37;21;89;22;47;46;32;57;86;48;17;128;25;157;134;58;53;31;84;200;175;23;48;200;25;132;39;155;26;200;36;18;70;77;105)
seed_8_level_5-1,1618,38108.95166683197,42222096,11981,(234;47;16;162;34;116;200;24;46;49;200;30;24;36;100;39;26;56;48;87;48;57;32;23;157;25;61;81;126;52;26;47;118;28;50;159;105;26;47;26;50;34;50;29;46;200;54;26;49;86;31;105;50;50;30;200;47;53;47;81;49;14;200;100;157;200;29;30;105;115;62;105;115;30;246;18;192;48;22;32;64;35;35;29;199;24;34;29;24;38;17;191;31;24;30;39;24;22;219;27;20;39;40;29;60;80;33;26;39;174;113;35;100;73;24;29;32;40;25;118;17;126;43;141;33;217;57;60;32;137;131;24;28;91;36;25;450;17;24;31;24;138;40;57;35;57;128;200;200;83)
seed_8_level_5-1,1618,38611.75410413742,42942155,12131,(18;194;25;57;199;30;200;27;71;200;36;200;88;23;84;270;64;200;133;159;142;26;37;54;59;57;57;224;25;87;132;30;200;38;83;59;200;83;92;23;21;126;30;37;128;35;25;26;32;30;146;25;200;22;50;30;160;16;26;23;34;22;200;23;34;57;136;36;83;25;39;33;34;28;41;200;105;29;47;150;24;13;105;16;57;15;77;87;18;108;25;47;26;28;18;169;17;49;31;18;26;24;82;200;22;200;15;83;105;47;131;47;161;91;200;48;38;99;35;30;16;16;48;140;200;32;100;19;31;52;57;55;31;47;134;25;33;56;158;200;33;18;15;15;200;45;200;31;34;36)
seed_8_level_5-1,1618,39132.919679403305,43839279,12281,(165;94;128;105;200;77;47;157;89;33;200;25;33;133;134;200;148;52;53;47;200;15;15;34;100;79;200;50;100;105;33;156;157;28;20;49;18;33;105;50;133;25;134;23;157;16;157;33;200;105;54;29;106;47;15;157;77;200;88;15;29;105;155;24;200;89;15;48;47;131;132;200;216;32;19;150;89;57;15;40;29;145;165;33;69;200;27;29;39;52;97;65;17;75;102;111;91;194;50;22;50;34;200;27;39;65;56;137;17;52;59;192;49;58;17;187;67;58;35;122;200;57;57;54;200;28;59;191;16;37;24;52;200;56;118;125;224;91;200;90;191;31;250;31;34;200;65;79;56;39)
seed_8_level_5-1,1618,39649.96591281891,44753445,12431,(130;36;200;27;28;73;297;56;20;111;200;128;42;55;200;67;209;25;33;55;51;27;40;25;128;200;57;55;37;50;200;90;30;131;36;39;200;200;24;196;18;21;97;63;23;127;118;229;200;83;33;27;169;31;108;52;200;133;33;128;50;27;37;31;63;200;17;38;22;28;52;200;24;44;132;86;200;17;33;166;47;64;17;56;28;105;40;51;157;25;19;57;16;33;168;47;25;129;16;128;200;25;206;163;38;15;53;157;105;16;67;200;24;27;34;24;200;29;200;15;18;30;200;200;200;47;29;105;200;200;157;87;77;16;14;27;50;132;107;14;82;109;26;200;77;29;13;157;159;19)
seed_8_level_5-1,1618,40172.69959449768,45651516,12581,(60;131;131;170;200;40;54;31;200;200;32;109;35;17;16;78;21;19;196;101;79;31;33;248;200;54;29;200;81;200;100;170;53;80;84;200;115;194;33;128;33;122;30;34;87;159;56;131;17;28;35;41;109;37;39;201;77;23;80;63;18;38;152;275;21;150;24;81;41;53;56;80;122;84;106;154;50;24;50;108;28;35;50;80;57;18;32;157;51;27;105;105;200;177;86;157;47;200;157;25;30;77;77;105;47;140;22;28;170;27;77;50;105;200;18;161;200;28;200;79;160;47;50;16;160;49;23;26;21;25;26;157;147;39;200;54;30;157;26;169;47;200;129;57;116;78;157;85;22;105)
seed_8_level_5-1,1618,40653.951669454575,46270695,12731,(61;54;18;65;22;32;51;54;54;74;37;23;52;53;54;30;16;79;53;54;28;25;53;82;110;27;38;99;109;115;23;79;23;21;32;136;32;57;111;24;82;30;17;115;111;16;34;42;38;13;31;163;34;42;41;25;24;89;57;29;94;17;17;55;109;78;165;29;150;85;63;54;77;29;50;50;163;50;25;30;77;200;26;200;19;200;23;56;84;34;68;49;17;200;50;21;28;14;50;33;200;40;32;159;23;157;49;61;200;50;35;50;145;159;34;200;18;149;14;145;26;132;200;16;200;56;14;79;174;54;56;26;24;200;157;157;68;24;26;133;200;200;109;105;159;47;33;32;109;21)
seed_8_level_5-1,1618,41166.341336488724,47094395,12881,(200;51;38;26;239;228;60;32;36;30;26;24;25;228;191;82;109;34;100;28;18;162;200;41;200;27;165;32;107;179;200;53;126;24;40;80;200;200;17;33;23;40;200;129;42;23;32;55;32;134;200;93;58;77;25;79;199;154;59;184;32;141;200;65;41;27;49;107;77;147;18;114;34;157;89;159;55;157;153;30;200;27;23;126;157;153;28;15;126;21;27;24;23;36;24;17;79;25;19;17;18;200;49;27;161;165;47;24;26;14;20;50;32;68;47;32;80;42;14;200;58;17;73;29;26;36;29;150;19;157;25;135;21;47;15;30;153;105;105;32;50;161;157;83;24;105;47;200;106;132)
seed_8_level_5-1,1618,41661.34113526344,47725419,13031,(27;84;60;33;31;14;14;106;31;32;47;82;26;158;160;80;30;27;14;32;58;61;27;35;136;34;34;47;50;29;29;200;109;27;27;143;163;28;25;47;24;159;30;101;82;26;16;51;24;200;77;16;31;57;26;106;25;53;149;22;27;17;116;23;109;94;200;158;16;159;24;49;17;50;157;166;22;26;25;82;52;30;22;90;34;24;23;153;33;27;200;37;25;116;33;200;60;126;21;21;24;51;52;48;50;28;150;24;50;24;137;20;165;24;57;62;18;77;83;31;181;140;18;200;25;20;145;133;137;18;36;163;18;126;114;193;234;30;35;82;51;46;164;68;24;69;24;115;200;200)
seed_8_level_5-1,1618,42166.19925403595,48459548,13181,(200;159;157;16;18;110;21;44;174;24;160;200;100;157;27;56;160;49;28;16;16;200;115;166;200;20;36;20;32;157;126;23;40;126;133;158;34;27;14;27;23;58;32;31;42;200;100;158;91;139;200;157;159;22;14;50;174;49;157;200;110;28;28;29;16;15;16;16;133;200;105;161;30;16;62;50;25;133;64;84;18;34;24;17;32;39;141;36;40;200;200;28;18;17;56;34;57;116;50;229;34;144;187;37;200;30;50;166;60;32;55;25;95;16;25;19;80;115;93;144;38;50;30;32;42;16;200;140;35;26;29;18;35;14;24;22;57;49;39;24;28;114;15;61;28;110;25;200;17;28)
seed_8_level_5-1,1618,42669.22030878067,49228674,13331,(24;27;156;20;87;86;83;42;200;20;52;19;200;28;36;174;16;42;157;57;26;82;34;66;200;18;83;134;29;78;55;185;34;200;109;152;21;50;78;70;18;34;135;24;28;31;22;36;30;133;200;41;80;89;196;200;17;193;15;109;69;50;89;28;21;65;158;42;31;33;200;27;113;154;20;27;200;15;157;15;132;152;34;77;57;132;35;32;157;132;25;27;27;22;34;164;200;49;47;29;148;16;49;157;17;57;132;38;132;14;154;18;159;126;57;126;108;27;27;26;63;33;48;200;42;174;108;26;24;35;200;21;47;17;77;100;105;27;157;132;47;24;28;200;200;157;29;100;105;105)
seed_8_level_5-1,1618,43178.62795543671,50060901,13481,(152;92;200;82;200;51;79;23;126;200;205;38;60;61;138;27;54;51;24;126;14;64;25;200;36;200;81;47;142;19;87;63;78;73;19;22;37;26;33;17;40;177;110;39;17;200;24;148;128;31;80;200;24;59;53;26;61;17;58;200;200;50;38;121;53;134;33;116;60;123;57;105;159;75;47;132;126;14;200;46;47;15;50;154;47;18;33;16;47;81;101;14;30;77;26;27;24;32;154;47;200;17;15;200;73;200;28;40;157;157;35;47;200;27;17;23;169;162;100;200;132;157;200;200;18;77;35;100;79;25;30;157;27;27;200;157;30;113;45;75;157;15;17;106;47;200;19;25;200;31)
seed_8_level_5-1,1618,43669.46550774574,50755795,13631,(113;25;34;17;31;17;159;32;35;66;23;87;200;132;37;83;200;54;35;113;82;84;26;200;25;126;15;125;38;48;200;79;204;19;49;55;81;156;51;39;50;129;25;190;202;193;87;24;164;27;180;54;55;31;92;49;84;32;26;18;27;105;42;36;56;147;200;123;83;43;218;87;135;162;47;89;36;19;47;169;37;26;157;30;159;24;20;47;119;33;159;34;14;37;157;18;133;77;47;26;15;34;200;162;49;162;47;47;157;34;27;14;32;27;126;157;15;22;13;51;200;157;14;16;47;105;27;15;19;47;23;32;129;47;26;157;32;200;16;58;16;47;42;25;35;26;16;105;33;116)
seed_8_level_5-1,1618,44168.839264154434,51541240,13781,(162;200;109;200;21;47;157;200;16;14;18;55;66;40;157;14;34;77;50;47;17;86;200;47;47;21;129;154;164;17;224;43;47;28;13;32;31;54;27;47;54;142;136;26;200;164;200;17;105;14;17;200;47;24;130;116;105;21;49;26;21;18;50;112;31;57;105;159;200;26;33;157;169;28;57;24;32;151;15;25;28;149;24;16;50;32;26;31;15;97;159;15;83;36;200;36;31;212;200;160;29;200;200;26;35;29;47;19;144;25;29;115;55;33;18;82;22;200;36;200;61;27;54;26;200;26;58;200;39;48;56;16;125;15;87;37;50;42;26;20;136;35;200;17;57;126;28;194;36;225)
seed_8_level_5-1,1729,44686.48508954048,52432008,13931,(34;25;38;67;200;77;34;32;138;50;24;54;15;78;138;115;34;81;133;39;14;67;58;20;114;54;17;32;200;200;167;14;183;31;155;35;27;60;31;181;87;91;50;354;54;35;77;32;111;151;90;31;127;59;16;54;131;22;133;37;113;58;36;160;49;133;25;88;36;57;48;26;162;26;17;82;47;79;161;200;157;55;200;200;47;49;132;38;20;157;177;200;111;159;108;51;55;157;19;23;52;19;162;22;161;77;194;57;37;159;32;132;200;50;25;34;163;200;116;158;33;27;25;51;200;157;200;47;157;50;51;18;200;154;157;47;143;29;66;132;133;24;47;81;45;50;129;18;47;200)
seed_8_level_5-1,1729,45189.08480143547,53350236,14081,(158;87;200;32;34;200;84;20;83;36;30;26;84;57;50;150;26;17;34;24;33;200;49;30;35;168;73;27;60;41;200;35;24;37;50;61;200;200;108;38;32;200;29;28;32;113;213;250;29;166;17;34;113;39;25;135;113;22;59;35;30;28;200;30;60;27;83;134;54;162;32;46;47;17;23;30;167;47;200;105;157;162;35;200;143;200;24;58;157;24;24;17;126;200;105;57;160;47;161;35;24;200;19;200;23;26;25;20;19;23;136;32;19;147;28;69;298;160;30;157;50;200;131;105;47;159;157;13;200;160;159;47;200;20;27;32;27;200;159;153;20;47;28;25;157;47;161;86;159;41)
seed_8_level_5-1,1729,45696.48743772507,54174685,14231,(164;27;68;29;200;135;161;24;114;29;48;159;57;79;79;19;27;34;54;17;53;143;34;80;134;32;19;37;200;24;28;200;22;22;20;57;36;119;22;50;27;200;79;50;137;40;200;127;55;50;20;24;29;19;83;16;51;50;24;19;31;26;28;50;50;58;84;200;132;157;50;109;142;81;22;51;15;47;39;58;18;135;26;162;16;105;27;17;92;27;153;157;157;200;47;38;27;25;200;159;29;50;87;47;154;200;34;47;162;109;34;17;158;57;132;84;105;167;14;105;47;126;47;200;108;175;21;160;105;200;200;200;22;64;34;172;116;161;200;132;200;170;29;28;116;47;200;135;29;132)
seed_8_level_5-1,1729,46207.35225725174,55079839,14381,(134;200;133;200;240;15;250;108;33;206;55;27;34;72;154;159;42;52;19;28;34;100;48;200;47;200;52;17;27;40;135;198;200;28;135;171;187;113;15;52;16;126;26;17;89;25;25;33;78;19;50;14;200;169;126;169;137;33;34;160;39;26;191;20;19;70;27;121;200;26;112;200;22;52;24;15;158;26;105;106;91;26;15;30;150;26;21;83;61;30;26;18;114;26;105;18;200;37;50;144;24;17;50;169;28;159;200;146;113;105;157;161;126;157;200;26;23;30;27;21;200;50;50;150;83;156;16;25;18;28;156;109;40;50;135;200;16;47;108;33;17;131;36;200;25;157;157;118;27;135)
seed_8_level_5-1,1729,46700.34247422218,55790196,14531,(61;79;71;200;159;50;200;24;16;47;77;158;54;86;18;36;49;142;23;200;200;29;33;28;162;25;157;16;153;17;20;57;83;18;200;50;25;17;159;135;30;47;159;47;31;23;21;39;157;54;18;186;135;100;39;97;25;250;56;30;47;50;36;200;18;27;25;200;28;198;47;25;200;47;54;24;48;15;142;200;59;23;24;85;28;32;33;24;14;36;26;149;116;28;16;35;93;23;34;34;27;14;25;29;169;111;53;14;50;44;66;46;26;100;17;54;35;67;200;126;51;149;37;156;159;200;23;135;57;24;188;60;63;49;48;27;100;149;47;22;200;166;62;31;190;26;58;15;15;92)
seed_8_level_5-1,1729,47206.209279060364,56625681,14681,(135;86;200;51;25;23;32;54;22;29;145;25;26;47;50;54;25;29;24;51;33;25;111;23;200;54;136;180;109;24;200;24;32;28;200;34;29;39;233;136;19;133;200;136;200;24;50;25;25;144;26;79;24;48;200;20;26;21;159;21;49;27;21;39;31;126;29;29;113;37;200;77;48;47;166;25;157;29;98;18;79;18;121;27;26;37;157;42;108;134;200;54;101;179;47;111;32;138;166;47;37;134;54;200;47;47;157;200;160;27;47;20;30;15;34;174;159;27;51;49;156;21;157;200;200;33;191;48;26;23;156;126;300;39;163;29;50;32;27;44;200;200;35;15;22;157;135;29;80;54)
seed_8_level_5-1,1729,47706.63106751442,57421455,14831,(233;84;16;112;40;32;163;195;28;124;47;182;167;178;185;200;55;32;32;183;28;109;200;50;121;33;18;37;28;47;14;28;50;26;15;145;20;200;200;49;86;200;33;149;37;30;200;34;47;33;27;28;200;121;53;132;86;57;26;47;155;14;33;17;21;134;25;22;57;115;29;24;200;15;161;200;50;26;50;29;127;67;47;40;71;143;28;49;57;158;47;79;131;17;27;100;35;23;13;97;14;165;44;200;32;200;15;18;159;77;159;25;21;47;80;47;55;200;126;37;41;49;200;159;64;28;200;28;28;50;114;26;134;17;157;58;53;186;135;50;136;49;100;53;29;132;36;68;79;50)
seed_8_level_5-1,1729,48197.44718313217,58250094,14981,(50;111;31;47;215;28;165;79;135;27;109;30;200;47;200;162;25;28;19;25;200;22;17;150;71;29;200;26;178;28;19;202;159;47;168;159;109;26;235;160;50;38;20;15;29;108;62;157;150;233;169;29;47;48;15;112;28;29;49;200;36;30;200;109;22;21;168;15;28;30;214;200;49;47;132;16;172;57;24;26;16;200;200;54;36;29;52;57;182;29;28;28;29;19;24;23;24;200;195;28;139;25;57;35;221;17;57;30;135;34;200;31;20;31;57;178;34;148;77;40;23;28;53;200;128;26;57;18;15;47;24;25;17;35;24;29;24;37;53;28;200;28;18;47;194;20;132;25;200;16)
seed_8_level_5-1,1729,48673.995455265045,58981477,15131,(217;200;200;79;122;190;47;200;187;28;16;36;161;16;31;31;15;52;200;21;17;18;200;50;17;201;126;167;26;17;26;181;200;30;26;26;24;30;113;80;113;15;24;200;148;189;200;51;26;15;31;133;42;40;31;25;37;168;21;27;15;24;35;34;47;35;35;51;41;132;25;71;27;67;200;50;28;19;157;24;200;50;54;80;159;161;50;24;100;20;19;18;81;85;16;50;22;109;28;17;26;35;54;50;27;28;23;16;28;57;80;34;89;50;135;22;154;69;200;25;23;17;66;14;131;28;50;24;200;53;50;16;200;100;50;116;30;27;25;250;58;25;50;180;65;190;17;162;50;134)
seed_8_level_5-1,1729,49159.76609778404,59874317,15281,(20;19;200;162;200;27;47;300;200;159;89;50;159;50;162;57;135;50;35;173;160;159;27;160;47;162;200;47;28;100;15;200;200;200;159;45;108;33;134;34;27;200;159;16;143;47;24;26;32;59;131;200;50;50;17;50;135;61;200;14;200;32;28;37;37;135;29;27;77;17;65;28;135;99;135;135;29;18;20;17;200;19;19;29;135;15;192;108;17;200;18;81;24;13;17;24;26;118;31;23;23;200;54;200;138;107;22;149;31;31;31;25;24;25;22;32;27;200;31;26;109;35;54;50;115;14;18;50;82;33;193;82;27;200;59;30;200;32;131;84;223;50;29;200;23;28;105;193;31;113)
