seed_15_level_1-4,555,467.36603116989136,253829,150,(53;54;42;56;73;74;52;107;42;88;57;54;43;56;52;86;42;53;100;42;54;58;52;56;63;53;42;53;42;57;53;52;79;53;52;56;42;54;42;102;58;62;44;52;57;56;57;55;46;62;57;42;44;52;52;42;42;53;104;56;115;57;57;43;57;56;52;42;57;52;52;56;74;43;51;55;58;43;60;53;57;57;88;42;57;42;46;42;106;78;53;59;57;42;53;42;42;65;56;43;90;60;53;42;54;54;59;59;55;59;42;42;52;43;52;73;54;52;44;53;54;57;42;53;56;92;52;42;42;42;56;86;90;91;54;74;42;44;56;43;42;42;53;54;57;93;53;53;43;42)
seed_15_level_1-4,555,937.1286528110504,512984,300,(42;42;42;42;42;42;42;42;42;43;42;42;42;42;42;42;42;42;42;42;42;42;42;42;42;43;42;42;42;42;43;43;43;43;42;42;43;44;44;44;44;46;46;59;59;60;65;73;73;74;74;74;53;54;56;59;57;57;58;53;58;56;61;57;57;57;57;58;57;53;53;57;59;57;54;64;53;52;56;56;54;56;56;55;54;54;53;53;56;63;53;52;51;117;61;56;54;52;53;57;56;57;55;53;53;56;56;56;52;52;53;52;54;52;52;57;52;52;52;52;54;53;54;54;52;52;52;54;54;54;57;53;57;88;88;100;78;77;93;55;86;103;91;91;91;92;106;104;109;130)
seed_15_level_1-4,555,1407.197446346283,768159,450,(42;42;42;42;42;42;42;42;42;42;42;42;42;42;42;42;43;42;42;42;42;42;42;42;42;42;42;43;43;43;43;42;42;43;43;42;43;44;44;44;44;46;46;59;59;60;65;73;73;74;74;74;54;53;56;59;58;57;59;53;58;55;61;57;57;57;53;59;57;57;58;53;53;54;53;52;53;55;54;56;56;55;55;53;53;53;88;63;56;52;51;60;53;56;63;53;53;53;52;58;53;57;55;56;56;53;52;52;54;52;53;52;52;56;52;52;52;52;54;53;53;54;52;52;52;54;54;53;53;57;53;57;56;88;88;100;79;78;93;86;104;90;91;90;92;106;130;109;104;53)
seed_15_level_1-4,555,1876.4889633655548,1026783,600,(42;42;42;42;42;42;42;42;42;42;42;42;42;42;42;42;42;42;42;42;42;42;42;42;42;42;43;43;42;43;42;43;42;42;42;43;43;44;44;44;44;46;46;59;59;60;65;73;73;74;74;74;54;53;56;59;57;57;59;53;59;56;62;57;57;53;59;57;57;59;57;57;55;53;52;53;63;55;54;57;56;55;54;53;53;53;62;52;51;61;56;53;56;53;53;53;56;53;52;58;57;55;56;56;53;52;52;54;52;54;52;52;57;52;52;52;52;54;54;53;54;52;52;52;65;53;54;53;53;53;57;53;57;86;89;100;78;79;93;88;86;104;91;91;90;102;107;130;109;115)
seed_15_level_1-4,555,2350.42342209816,1286028,750,(42;42;42;42;42;42;42;42;42;42;42;42;42;42;42;42;42;42;42;42;42;42;42;42;42;42;43;43;43;43;42;42;42;42;42;42;43;44;44;44;44;46;46;59;59;60;65;73;73;74;74;74;53;53;56;59;57;57;58;53;58;55;62;57;57;58;57;57;59;57;53;53;55;56;52;53;64;56;54;56;56;55;54;53;53;54;53;63;52;51;60;56;53;53;117;53;53;56;54;52;58;57;55;53;53;53;53;52;52;54;52;54;52;52;57;52;52;52;52;53;53;54;54;52;52;52;54;53;53;53;57;53;56;88;89;101;78;77;93;55;86;104;91;90;90;92;130;109;107;115)
seed_15_level_1-4,555,2817.895122051239,1540182,900,(42;42;42;42;42;42;42;42;42;42;42;42;42;42;42;42;42;42;42;42;42;42;42;42;42;42;43;43;42;42;42;43;43;42;42;43;42;44;44;44;44;46;46;59;59;60;65;73;73;74;74;74;53;54;56;59;58;57;58;53;58;55;61;57;57;59;57;57;59;57;53;54;52;56;56;56;54;57;56;55;55;53;53;55;56;63;52;51;61;56;56;53;53;53;53;63;53;56;54;52;57;57;53;65;53;52;52;54;52;54;52;52;56;52;52;52;52;53;54;53;53;52;52;52;54;54;57;57;53;57;57;57;57;88;88;100;77;78;93;86;103;90;90;90;92;130;109;106;104;53)
seed_15_level_1-4,555,3288.3969390392303,1791065,1050,(42;42;42;42;42;42;42;42;42;42;42;42;42;42;42;42;42;42;42;42;42;42;42;42;42;42;42;42;43;42;43;42;43;43;43;42;42;44;44;44;44;46;46;59;59;60;65;73;73;74;74;74;54;54;56;58;58;57;59;53;58;55;61;57;57;58;57;57;59;57;53;57;57;53;53;55;52;63;53;53;56;54;57;57;55;55;53;53;55;56;53;65;63;52;51;60;56;56;53;56;53;53;53;53;53;53;52;58;57;53;54;52;52;53;52;54;52;52;56;52;52;52;52;54;53;54;54;52;52;52;54;53;57;56;86;88;101;77;78;93;86;103;90;90;90;102;106;102;107;104)
seed_15_level_1-4,555,3774.2982556819916,2052597,1200,(42;42;42;42;42;42;42;42;42;42;42;42;42;42;42;42;42;42;42;42;42;42;42;42;42;42;42;43;43;42;42;42;43;43;42;43;43;44;44;44;44;46;46;59;59;60;65;73;73;74;74;74;53;53;56;58;57;57;58;53;59;56;62;57;57;59;57;57;59;57;57;53;57;55;52;63;56;56;56;54;56;57;52;54;53;53;55;53;53;65;53;63;52;51;61;53;53;117;53;56;56;56;56;53;53;52;58;57;52;52;53;52;54;52;52;56;52;52;52;52;53;54;53;54;52;52;52;53;53;57;57;53;53;56;88;88;101;77;78;93;86;104;90;91;90;102;106;115;130;109)
seed_15_level_1-4,555,4245.371767044067,2303031,1350,(42;42;42;42;42;42;42;42;42;42;42;42;42;42;42;42;42;42;42;42;42;42;42;42;42;42;42;43;43;43;43;43;43;42;43;43;42;44;44;44;44;46;46;59;59;60;65;73;73;74;74;74;53;54;56;59;57;57;58;53;59;55;62;57;57;58;57;57;58;53;57;53;57;57;55;52;63;56;56;55;54;56;57;52;54;53;53;55;53;54;56;63;52;51;61;53;56;56;53;56;56;56;56;54;52;57;57;53;52;52;54;52;54;52;52;56;52;52;52;52;53;54;54;54;52;52;52;53;53;57;53;53;56;88;89;100;79;78;93;86;104;91;91;90;92;106;102;107;104;53)
seed_15_level_1-4,555,4716.130085229874,2562333,1500,(42;42;42;42;42;42;42;42;42;42;42;42;42;42;42;42;42;42;42;42;42;42;42;42;42;42;42;43;42;42;42;42;42;42;43;43;43;44;44;44;44;46;46;59;59;60;65;73;73;74;74;74;54;54;56;58;57;57;58;53;58;56;62;57;57;59;57;57;58;53;53;53;57;55;52;64;53;56;56;54;57;56;52;55;53;53;88;55;53;62;52;51;61;56;56;117;56;53;56;53;53;56;53;52;58;57;53;65;53;52;52;54;52;53;52;52;56;52;52;52;52;53;53;53;54;52;52;52;54;53;57;57;57;56;88;89;100;78;77;93;86;103;91;90;90;92;107;115;102;107)
seed_15_level_1-4,555,5192.205468893051,2818389,1650,(42;42;42;42;42;42;42;42;42;42;42;42;42;42;42;42;42;42;42;42;42;42;42;42;42;42;42;42;43;42;42;42;43;43;43;42;43;44;44;44;44;46;46;59;59;60;65;73;73;74;74;74;54;54;56;58;57;57;58;53;58;56;62;57;57;59;57;57;58;53;57;57;57;54;52;56;56;56;54;57;57;55;55;53;53;65;56;62;52;51;60;53;53;56;63;53;56;56;53;53;53;53;52;58;57;54;52;52;54;52;53;52;52;56;52;52;52;52;53;53;53;54;52;52;52;54;54;53;53;53;53;57;88;88;101;79;78;93;55;86;104;90;91;90;92;106;104;117;102;109)
seed_15_level_1-4,555,5665.052347660065,3075408,1800,(42;42;42;42;42;42;42;42;42;42;42;42;42;42;42;42;42;42;42;42;42;42;42;42;42;42;43;42;43;42;42;43;42;43;42;43;43;44;44;44;44;46;46;59;59;60;65;73;73;74;74;74;54;53;56;59;57;57;59;53;59;55;62;57;57;58;57;57;59;57;57;53;54;52;63;53;53;56;54;57;57;55;54;53;53;65;53;55;53;88;63;52;51;60;53;53;53;56;56;56;56;53;53;52;57;57;53;52;52;53;52;53;52;52;57;52;52;52;52;53;53;54;54;52;52;52;53;54;57;53;53;53;56;88;88;101;78;79;93;86;103;91;90;91;102;107;109;104;53;130)
seed_15_level_1-4,555,6132.167862176895,3331593,1950,(42;42;42;42;42;42;42;42;42;42;42;42;42;42;42;42;42;42;42;42;42;42;42;42;42;42;42;43;42;42;43;42;42;43;43;43;43;44;44;44;44;46;46;59;59;60;65;73;73;74;74;74;54;54;56;58;57;57;59;53;59;55;62;57;57;58;57;57;59;53;53;53;54;52;64;53;53;56;54;57;57;55;55;53;53;54;53;63;52;51;60;56;53;53;56;53;53;53;53;53;56;54;52;58;57;53;53;52;52;54;52;54;52;52;57;52;52;52;52;54;53;54;54;52;52;52;53;53;57;57;53;57;56;88;89;101;78;77;93;88;86;103;90;90;91;92;130;107;106;115)
seed_15_level_1-4,555,6609.735026597977,3582945,2100,(42;42;42;42;42;42;42;42;42;42;42;42;42;42;42;42;42;42;42;42;42;42;42;42;42;42;42;43;42;42;43;43;42;42;43;43;42;44;44;44;44;46;46;59;59;60;65;73;73;74;74;74;53;54;56;58;58;57;59;53;59;56;62;57;57;58;57;57;59;57;57;57;55;52;53;56;55;54;57;57;52;55;53;53;53;53;63;52;51;61;56;53;53;53;56;53;63;53;56;53;53;52;58;57;53;65;54;52;52;54;52;53;52;52;56;52;52;52;52;53;54;54;54;52;52;52;53;54;57;53;53;53;56;86;89;100;77;78;93;55;86;104;90;91;90;102;107;102;104;109)
seed_15_level_1-4,555,7077.953211069107,3832211,2250,(42;42;42;42;42;42;42;42;42;42;42;42;42;42;42;42;42;42;42;42;42;42;42;42;42;42;43;43;43;42;42;42;43;42;43;43;43;44;44;44;44;46;46;59;59;60;65;73;73;74;74;74;54;54;56;58;57;57;59;53;59;56;61;57;57;58;57;57;58;53;53;53;57;55;52;53;63;56;55;54;56;56;55;55;53;53;55;54;53;55;53;63;52;51;60;53;53;56;53;56;53;53;56;53;54;52;58;57;53;52;52;54;52;54;52;52;57;52;52;52;52;54;53;53;53;52;52;52;53;53;53;53;53;56;86;89;101;77;78;93;86;103;91;91;91;92;109;107;104;102)
seed_15_level_1-4,555,7553.261179685593,4091430,2400,(42;42;42;42;42;42;42;42;42;42;42;42;42;42;42;42;42;42;42;42;42;42;42;42;42;42;43;42;43;43;42;42;42;42;43;43;42;44;44;44;44;46;46;59;59;60;65;73;73;74;74;74;54;53;56;58;57;57;58;53;59;56;61;57;57;59;57;57;58;53;55;52;53;63;56;56;54;56;57;52;54;53;53;88;53;62;52;51;61;56;117;56;56;53;56;55;53;53;53;53;52;57;57;54;54;52;52;53;52;54;52;52;56;52;52;52;52;53;54;53;53;52;52;52;53;53;57;53;57;53;57;53;53;57;88;89;101;77;78;93;86;104;90;90;90;102;107;107;115;102)
seed_15_level_1-4,1330,8074.569484233856,4586167,2556,(42;76;42;53;43;42;57;52;52;52;53;57;53;106;53;109;53;57;63;58;66;52;59;52;53;58;76;112;43;63;53;52;58;57;52;52;56;56;53;53;57;86;56;51;60;75;53;107;53;55;54;56;57;79;57;110;61;44;60;53;53;53;58;52;55;88;57;57;55;59;52;56;86;119;46;44;91;44;56;93;112;57;57;92;89;57;90;91;42;42;85;53;42;107;44;113;107;110;54;53;42;91;96;61;52;52;88;57;42;107;90;117;52;58;52;52;54;54;85;57;53;53;66;53;55;95;109;53;53;296;77;57;104;56;42;90;53;226;58;304;59;102;93;77;88;90;52;238;57;56;57;52;59;57;90;57)
seed_15_level_1-4,1330,8569.307936191559,4958761,2709,(42;53;75;52;76;42;42;42;43;112;59;57;56;53;54;73;68;52;54;73;62;104;90;58;52;52;52;53;54;57;52;57;52;54;57;104;57;57;104;57;52;110;44;54;72;57;57;56;62;79;44;53;84;52;94;72;42;97;107;43;56;60;53;92;44;59;52;58;115;49;86;56;53;52;53;53;51;56;61;88;74;54;53;61;53;53;88;44;107;45;105;53;57;52;50;56;53;107;107;52;54;42;111;55;48;53;42;57;52;53;54;106;52;53;133;53;76;57;79;52;53;238;57;59;52;52;57;53;62;52;53;53;57;77;57;90;201;43;58;58;72;133;57;57;64;55;57;72;53;56;42;57;53)
seed_15_level_1-4,1330,9067.286340236664,5375770,2861,(77;64;108;43;110;106;112;45;134;57;45;53;44;53;90;57;42;42;44;44;88;42;42;42;44;112;48;44;42;44;42;101;57;68;63;110;52;90;52;58;53;49;52;55;53;107;76;56;107;42;50;49;109;48;97;43;44;57;45;76;86;52;52;52;123;52;55;53;52;52;65;98;52;42;78;86;56;53;55;53;42;57;106;52;56;75;52;53;57;53;57;52;52;105;44;76;53;52;88;102;116;91;60;53;75;56;51;52;52;53;53;54;52;106;52;102;55;238;52;53;52;56;53;53;238;86;222;52;52;51;57;102;84;51;52;52;52;52;117;104;52;61;48;44;57;42;57;53;57;57;53;88)
seed_15_level_1-4,1330,9565.008164405823,5822151,3013,(88;53;44;53;86;44;77;53;53;112;57;107;74;53;92;62;44;69;56;104;57;209;54;57;93;87;79;87;44;59;42;53;98;52;59;52;58;52;57;53;52;86;58;52;52;75;52;51;42;42;55;55;52;52;99;52;104;42;56;52;43;88;55;69;68;92;72;56;58;123;57;102;52;52;51;42;52;52;58;86;131;52;110;53;58;51;42;42;44;43;53;54;59;64;53;108;43;57;241;67;42;52;62;103;45;116;54;52;52;111;110;52;59;112;54;105;126;119;52;238;57;52;88;52;58;102;52;86;102;156;52;55;52;52;76;56;103;102;56;52;116;56;52;86;53;53;52;51;52;43;54;52)
seed_15_level_1-4,1594,10058.185490369797,6289633,3165,(110;44;54;56;57;57;64;54;44;59;57;80;99;51;52;52;104;52;52;42;56;53;53;106;92;66;85;52;54;56;56;53;54;58;56;43;112;57;42;42;53;58;42;57;42;69;42;42;88;90;93;57;44;52;52;43;44;52;90;91;97;104;91;54;67;62;52;56;76;88;52;42;53;242;53;59;53;58;43;73;56;57;42;56;56;56;131;55;43;52;93;52;52;55;45;57;52;42;52;42;52;209;53;57;59;76;56;88;57;54;57;53;54;54;53;110;53;111;56;52;52;53;86;105;52;101;240;116;100;103;53;53;279;84;238;52;106;50;52;57;57;54;57;102;54;51;52;49;86;102;52;53)
seed_15_level_1-4,1873,10559.273880720139,6883112,3315,(112;57;53;52;57;56;60;107;132;131;52;52;58;60;52;55;42;43;55;87;51;43;110;57;45;45;59;56;43;56;83;53;53;104;92;53;57;100;103;71;55;132;189;55;42;104;52;95;55;53;57;53;56;91;52;59;52;241;55;59;114;57;55;52;59;73;43;54;53;53;52;90;73;43;90;43;62;106;73;57;54;53;93;57;88;87;135;56;89;117;52;42;52;94;53;52;86;53;209;53;54;112;54;57;93;124;59;105;57;43;42;57;96;238;52;53;52;53;52;51;53;53;52;77;57;58;52;190;57;54;467;55;89;52;52;51;55;57;53;57;104;210;88;56;52;84;86;58;52;76)
seed_15_level_1-4,1873,11080.753173828125,7583250,3466,(110;56;57;83;93;54;45;57;57;53;131;53;52;72;103;58;43;43;42;43;53;43;106;54;106;88;90;88;64;108;249;53;56;88;106;53;88;53;43;55;56;56;53;42;91;43;178;242;67;72;65;53;52;53;57;53;111;92;53;43;132;99;58;243;66;54;71;72;57;42;59;135;107;117;53;109;95;67;57;53;76;136;87;89;90;52;238;102;102;53;56;56;52;49;57;53;49;62;52;52;88;52;209;43;53;57;74;55;115;57;52;57;57;53;102;93;107;93;189;43;43;45;57;102;43;57;159;57;43;53;53;59;493;55;53;120;55;87;210;86;75;52;53;52;142;53;104;55;52;55;52)
seed_15_level_1-4,1873,11595.823104858398,8275297,3614,(131;102;99;52;42;43;52;56;57;56;189;148;95;104;59;45;106;42;53;53;43;109;110;117;57;92;57;104;53;52;51;52;57;178;89;91;74;51;52;56;42;56;56;52;42;242;95;42;52;88;42;42;42;91;93;53;53;243;42;71;63;60;57;67;59;58;149;88;56;238;52;52;102;53;52;52;52;52;59;104;52;51;52;51;56;54;107;85;113;53;93;53;59;89;59;54;73;54;59;136;57;47;42;57;57;55;42;53;242;93;238;143;253;42;61;279;52;92;52;56;107;51;52;51;89;56;52;104;180;53;142;102;223;249;114;96;43;89;43;96;45;88;86;71;51;116;72;88)
seed_15_level_1-4,1873,12103.19244837761,8977364,3763,(131;220;53;56;86;42;52;52;53;76;52;178;52;57;74;52;102;57;47;56;52;56;242;54;53;54;51;42;56;59;53;55;52;243;138;42;89;42;58;106;58;63;42;57;59;110;108;73;52;54;53;57;59;53;54;53;54;54;54;56;110;57;52;43;85;59;43;54;42;77;57;112;238;53;52;52;53;55;52;58;106;53;52;53;57;52;189;59;53;57;104;100;98;57;43;91;42;52;54;249;88;110;53;52;57;105;90;180;90;114;53;52;84;242;52;61;86;52;52;94;53;52;78;52;57;42;53;53;53;45;493;53;52;52;76;56;57;251;51;214;106;57;93;52;58;97;53;88;52)
seed_15_level_1-4,1873,12642.511416912079,9787188,3916,(110;91;61;57;54;45;59;55;55;57;53;108;57;55;53;52;59;53;54;55;57;54;57;241;52;56;42;53;42;45;66;43;52;49;76;242;240;54;59;42;57;51;53;57;52;53;53;71;53;58;178;55;63;55;102;57;52;52;52;56;58;73;238;86;52;52;52;57;88;51;238;86;57;62;103;189;110;57;84;57;58;91;56;187;149;90;53;135;55;243;58;42;67;57;43;57;57;57;58;47;65;57;43;220;52;51;52;86;248;114;86;250;52;52;52;52;279;52;125;61;86;114;52;57;86;89;53;92;102;52;57;52;116;53;55;86;249;149;82;105;105;52;53;238;250;88;224;215;92;107;52;64;43)
seed_15_level_1-4,1873,13180.457221031189,10655386,4067,(243;43;42;42;67;43;72;52;57;68;72;242;52;45;42;253;53;43;89;249;64;54;107;57;206;53;108;118;53;53;116;54;53;110;45;55;57;56;43;57;57;58;58;178;57;103;106;52;53;52;58;53;52;52;242;79;93;58;53;53;51;93;55;61;64;241;55;53;279;105;52;52;92;52;51;103;84;89;55;102;55;114;61;125;94;88;238;52;102;112;51;52;112;52;52;51;52;102;52;51;102;189;234;90;85;85;55;53;43;86;57;81;166;53;56;43;220;51;87;52;238;52;53;42;57;52;111;62;52;87;52;90;224;252;71;54;43;274;57;71;215;57;104;89;130;86;90;228;53;76;89)
seed_15_level_1-4,2182,13728.993486642838,11697010,4220,(243;42;42;88;58;68;57;57;42;110;57;56;55;83;61;61;53;53;178;90;52;61;153;52;53;73;42;53;52;73;220;52;52;52;52;57;52;53;52;51;42;52;86;238;86;238;56;52;57;56;128;52;90;52;106;106;53;102;52;242;43;55;57;76;240;52;51;52;55;52;53;52;107;52;206;58;87;106;55;86;111;53;100;54;53;88;58;239;221;57;57;53;56;52;104;88;78;57;68;412;57;90;45;394;56;54;90;110;59;94;52;53;59;92;57;89;104;51;58;138;242;67;92;53;48;239;45;135;44;245;110;77;77;294;102;90;78;52;249;86;89;78;238;206;52;53;294;45;86;76;105;53;240)
seed_15_level_1-4,2182,14281.343538999557,12589932,4374,(243;57;55;44;54;59;58;102;103;89;110;53;57;104;57;52;86;114;56;88;178;66;56;66;44;56;64;53;56;53;60;220;56;54;52;63;238;52;52;52;52;52;52;51;52;242;108;88;57;53;53;53;111;52;53;88;52;94;52;238;177;82;55;52;238;58;52;52;93;55;102;52;52;53;206;53;52;57;55;131;112;108;125;55;57;57;117;49;387;86;51;45;57;51;53;104;56;86;57;76;44;87;207;89;242;44;45;57;49;44;65;87;56;89;110;86;53;105;394;56;57;70;59;242;60;66;56;52;105;79;52;52;57;226;112;294;86;86;112;57;54;111;52;53;90;53;226;53;55;53;105;104;90;53)
seed_15_level_1-4,2182,14822.932050466537,13566191,4526,(178;53;55;44;56;56;57;54;77;242;52;53;52;57;69;105;45;69;53;53;76;68;110;51;44;57;66;57;54;59;52;61;51;243;58;98;151;58;71;54;105;62;46;68;242;91;255;57;57;44;106;53;110;80;57;251;90;220;102;102;52;52;53;207;52;52;52;52;45;48;206;53;86;132;53;93;53;176;112;52;57;112;55;49;89;394;104;56;51;86;104;90;55;54;83;78;114;52;86;77;294;57;252;52;85;53;53;259;106;78;53;206;78;52;76;52;53;104;238;52;52;52;52;86;52;107;63;52;53;49;88;52;57;52;413;57;72;224;125;76;165;53;52;92;57;213;44;53;44;205;58;44)
seed_15_level_1-4,2182,15369.243851184845,14603777,4678,(110;66;53;58;88;53;57;57;57;178;49;53;88;57;54;54;44;52;56;241;69;72;77;56;56;68;53;53;61;45;238;55;52;56;129;128;52;91;52;52;241;52;52;52;243;57;138;72;59;113;46;88;57;57;113;57;220;52;44;44;52;52;102;56;52;206;52;52;52;68;279;94;52;53;52;53;51;210;51;53;51;57;90;52;52;52;206;86;55;126;52;86;52;75;51;261;106;83;53;106;117;207;294;102;87;52;294;88;207;103;330;53;109;219;105;53;53;55;217;418;76;53;78;48;109;120;54;57;55;94;57;75;97;55;55;90;242;245;53;46;69;46;88;110;83;252;115;86;83;52;44;90)
seed_15_level_1-4,2182,15907.994137048721,15539697,4831,(242;52;55;53;57;69;97;63;52;53;110;48;53;57;57;57;57;89;44;105;178;45;57;57;76;251;92;56;44;54;53;220;52;52;52;52;53;49;53;76;52;52;52;53;243;89;54;88;64;72;89;57;57;48;91;54;72;413;53;85;58;44;57;58;61;245;91;56;56;86;57;52;279;78;89;87;52;52;56;88;95;86;105;56;101;51;52;238;52;53;52;44;52;54;52;132;112;56;52;51;90;116;242;90;53;76;57;51;53;53;53;330;44;57;250;109;58;206;213;89;123;52;53;52;52;111;52;53;53;51;53;94;121;137;330;91;91;53;52;225;88;87;142;90;249;78;56;56;52;91;53;179;102)
seed_15_level_1-4,2182,16456.798723459244,16546787,4984,(110;93;96;88;78;78;56;57;57;243;46;56;68;84;125;59;92;57;59;54;65;220;76;55;52;64;52;45;55;88;86;56;51;241;71;48;57;93;77;57;56;44;261;52;238;57;52;53;52;53;46;52;46;44;57;46;238;57;251;56;90;55;53;104;46;44;46;124;58;52;417;93;103;59;77;56;126;55;57;124;53;245;237;55;48;55;279;93;76;58;52;55;52;51;90;52;285;101;52;51;89;52;213;52;186;120;107;213;249;53;144;86;121;116;56;90;195;223;53;53;44;57;58;55;53;57;56;115;52;245;57;55;45;53;330;52;213;44;88;105;52;86;90;57;104;52;53;59;54;52;102;87;87)
seed_15_level_1-4,2182,16961.794822216034,17264109,5133,(245;106;53;90;56;52;52;52;104;53;52;57;57;243;57;65;112;44;57;89;57;46;60;48;238;52;102;52;86;238;52;57;52;52;57;53;251;107;62;57;59;57;96;107;53;57;53;220;52;88;106;52;52;45;52;52;58;95;110;53;58;53;105;57;46;94;54;57;241;53;95;57;69;45;101;91;52;59;57;44;84;44;77;90;102;57;88;54;78;208;56;56;53;86;77;55;53;279;51;52;86;76;52;52;83;105;86;52;76;55;103;90;411;106;72;94;76;53;44;72;122;44;91;58;89;70;59;104;44;224;53;115;58;53;55;53;102;121;53;51;97;46;53;55;93;54;59;63;57)
seed_15_level_1-4,2182,17499.79053711891,18169093,5284,(110;94;51;52;58;84;96;56;92;52;130;243;75;70;59;57;56;128;242;44;44;241;44;55;53;55;83;44;56;53;59;44;124;61;223;55;44;56;54;123;91;251;250;62;240;44;57;51;115;55;207;53;59;90;53;53;45;53;104;52;54;44;52;53;44;245;57;52;44;57;124;52;54;56;96;88;53;239;57;220;44;107;52;44;53;53;55;86;53;52;88;56;392;239;76;53;54;53;45;46;44;127;109;57;239;48;44;72;251;59;53;53;53;54;53;115;104;57;58;46;104;238;52;52;52;52;102;51;55;52;52;52;102;57;53;279;102;99;86;87;100;259;86;124;86;56;108;86;86;56;52)
seed_15_level_1-4,2182,18036.00223827362,19168964,5435,(242;53;198;56;56;77;111;76;57;88;44;56;207;53;76;53;58;53;55;85;52;269;154;101;52;220;238;57;86;86;55;55;44;55;53;52;89;238;86;52;52;52;51;52;52;52;102;131;57;52;110;57;48;46;45;56;53;107;57;46;51;88;251;53;57;88;57;88;104;125;107;52;104;294;243;58;57;160;114;59;46;106;57;57;107;71;245;52;52;52;53;242;65;107;53;53;56;56;57;107;56;392;44;44;45;94;52;53;53;44;239;93;57;239;238;53;223;44;53;44;54;52;128;58;86;54;61;88;56;261;187;76;53;279;297;57;57;55;52;51;55;56;51;56;66;102;87;84;102;57;51)
seed_15_level_1-4,2182,18596.675926685333,20243791,5587,(110;46;59;62;46;110;52;57;126;46;243;57;124;57;57;46;57;255;44;107;69;69;93;238;104;78;49;57;52;240;52;53;52;52;102;245;56;249;57;57;53;245;52;77;57;53;53;243;53;242;105;96;49;53;45;52;106;113;89;49;57;68;220;84;53;52;52;52;86;52;52;52;53;222;55;387;86;89;53;53;52;57;92;86;52;90;87;87;88;56;51;224;50;104;88;114;123;107;54;213;51;114;86;54;52;208;108;269;53;56;88;77;53;96;56;53;52;52;54;57;104;392;53;67;76;128;44;91;53;239;96;54;54;121;303;109;69;294;268;57;107;113;57;57;57;57;57;51;56;57;57;57)
seed_15_level_1-4,2182,19137.354081869125,21212017,5738,(110;77;46;46;57;51;57;57;242;242;76;53;44;72;44;87;124;45;45;44;120;230;53;76;56;52;53;106;44;250;104;98;114;205;243;57;46;109;108;109;46;57;57;46;46;100;268;88;105;204;57;53;56;88;57;53;57;57;106;57;220;55;90;55;52;78;44;52;233;115;147;84;55;55;279;53;53;57;44;88;55;51;156;59;87;84;45;53;52;238;142;52;52;54;51;54;55;53;86;53;113;53;245;44;116;52;53;100;57;52;44;53;54;52;57;53;53;412;106;258;59;54;55;88;44;55;53;44;62;240;150;53;237;55;224;55;44;53;108;102;44;240;115;115;51;203;54;53;51;86;55)
seed_15_level_1-4,2182,19678.90871667862,22180447,5889,(242;45;44;50;48;44;78;57;53;59;58;245;52;78;56;57;238;59;53;57;51;57;97;57;242;57;46;48;57;76;57;59;59;99;243;63;124;57;69;57;89;48;72;70;57;387;83;52;55;52;239;52;114;52;57;56;77;52;89;238;53;52;52;86;54;52;52;52;206;260;57;51;88;268;105;57;106;46;57;94;88;103;59;57;230;183;233;53;88;51;51;84;49;52;76;86;52;52;56;52;86;224;44;52;54;53;119;78;52;118;114;55;52;58;240;87;88;230;89;53;153;116;108;53;261;58;52;57;57;56;88;53;53;393;57;124;107;44;111;113;53;44;53;54;90;61;105;70;102;103;106)
seed_15_level_1-4,2182,20226.36809706688,23351405,6039,(241;44;105;53;77;52;57;53;49;58;242;59;57;57;76;103;58;59;57;57;188;243;91;107;258;52;91;136;66;69;255;233;54;51;88;88;59;103;76;90;107;52;51;52;52;245;53;89;59;57;239;53;53;239;56;52;55;57;57;394;55;58;210;58;90;56;54;60;89;221;106;179;58;54;44;269;249;53;53;53;55;88;53;90;52;104;127;51;57;87;223;239;53;239;86;51;53;238;206;86;53;52;52;53;53;238;55;52;52;76;63;53;86;52;52;87;52;52;53;90;394;91;51;52;64;114;55;55;53;56;56;86;104;52;86;268;240;109;96;252;59;118;160;247;133;57;59;53;53;88)
seed_15_level_1-4,2182,20769.979879140854,24432996,6189,(242;57;53;54;57;56;116;77;87;238;52;49;53;53;61;86;53;209;51;55;52;55;242;57;54;57;141;46;105;46;57;57;57;55;233;53;57;56;76;55;76;53;56;52;56;53;51;279;52;261;52;51;84;52;90;52;55;52;55;252;92;245;57;89;56;92;52;250;59;53;57;54;58;250;230;54;53;53;253;58;89;45;88;53;52;57;56;53;417;261;58;91;107;159;58;55;76;111;71;60;54;69;44;243;58;87;108;44;59;100;107;58;93;59;89;59;69;224;238;248;49;223;44;45;113;86;115;86;238;107;52;49;52;268;56;210;83;89;56;110;57;79;88;46;242;53;56;53;182;57)
seed_15_level_1-4,2182,21306.845839738846,25403347,6340,(242;48;57;179;48;55;58;48;44;57;81;243;107;78;76;57;72;72;76;57;93;57;110;269;57;57;56;57;115;57;59;44;56;88;186;53;53;241;57;91;69;61;71;44;44;77;59;56;209;106;52;52;52;210;217;86;52;52;59;53;57;52;52;394;57;106;62;240;60;72;58;53;61;76;44;59;77;294;109;92;245;46;52;107;88;55;110;52;58;116;76;84;89;84;106;109;268;58;110;57;55;109;58;57;57;58;88;46;110;54;105;330;51;53;46;394;86;55;117;51;52;44;86;155;56;91;45;87;55;53;55;53;224;55;56;53;104;55;56;114;238;112;88;53;54;102;58;51;86;59;53)
seed_15_level_1-4,2182,21838.046669960022,26207263,6492,(241;117;50;57;55;96;56;92;125;53;242;64;77;57;46;56;57;57;44;59;56;57;243;76;57;44;103;97;92;72;59;106;57;48;76;230;53;55;53;53;53;106;100;86;52;45;56;58;52;56;330;53;168;56;61;53;187;46;54;124;58;54;57;53;53;53;109;279;52;52;87;57;57;104;53;86;52;44;87;113;201;121;57;245;53;88;81;119;59;78;57;57;52;93;57;110;88;90;57;94;224;111;59;54;123;52;53;56;78;52;53;107;106;52;49;71;206;106;209;51;51;84;102;57;52;57;104;86;53;87;52;87;57;88;413;88;58;108;51;74;44;59;59;72;62;44;58;52;56;105;44;71)
seed_15_level_1-4,2182,22371.66833782196,27157231,6641,(242;99;57;48;55;44;46;78;76;48;59;76;56;243;77;89;44;56;44;57;54;44;59;57;58;125;56;393;74;48;240;45;97;97;59;57;98;106;46;88;44;76;111;230;52;44;87;53;52;52;86;88;56;56;53;80;52;52;78;330;55;56;53;53;56;83;54;45;77;46;107;57;54;87;80;46;77;209;56;86;102;87;52;57;52;106;208;52;53;107;102;57;51;52;245;94;240;57;72;53;56;110;54;53;89;59;122;64;69;88;93;57;224;56;61;53;62;44;221;248;176;223;51;89;112;89;65;222;86;115;227;394;77;76;104;225;86;86;101;57;52;55;63;67;58;52;54;55;107)
seed_15_level_1-4,2182,22893.070147037506,27992027,6791,(242;44;71;48;76;46;57;48;44;57;108;57;243;44;48;88;53;102;56;59;110;57;89;59;48;330;112;131;53;53;52;54;57;53;109;112;54;106;44;90;269;112;53;57;53;62;56;52;53;53;53;52;44;56;53;245;57;88;57;88;85;57;53;51;84;53;61;57;52;86;102;46;394;52;54;112;86;87;51;51;76;51;51;191;117;52;64;117;91;117;101;394;55;250;57;57;91;55;89;57;89;45;53;44;53;57;89;59;209;76;209;107;55;53;90;57;52;53;88;102;52;52;86;57;51;52;223;221;55;114;113;53;45;100;45;51;103;54;106;50;44;132;86;103;52;106;53;53;45;88)
seed_15_level_1-4,2182,23431.463203907013,28994963,6940,(242;57;48;56;48;58;105;53;46;48;57;72;230;53;45;92;56;89;52;53;61;52;104;77;220;84;53;53;56;243;59;78;81;57;112;57;57;57;91;46;69;46;44;57;417;59;83;53;46;44;44;57;73;68;52;59;242;61;78;57;59;44;53;44;224;52;108;117;92;53;88;52;56;112;65;53;114;44;119;86;256;114;128;52;238;219;59;209;52;52;54;59;53;53;57;217;52;53;212;53;53;55;113;52;90;52;105;52;330;114;224;57;82;53;210;53;44;212;131;76;46;55;54;222;211;56;77;279;92;101;104;89;134;94;53;89;51;115;257;108;88;52;52;86;55;89;240;79;57)
seed_15_level_1-4,2416,23974.377204179764,30091158,7089,(242;191;44;46;88;152;63;57;48;82;54;48;55;46;243;63;79;58;59;78;57;59;48;44;105;140;73;111;57;44;58;555;109;44;58;58;44;61;107;66;76;56;77;247;58;59;60;59;160;58;209;53;56;53;52;113;56;53;52;54;52;238;107;53;52;56;52;294;52;105;52;223;53;106;52;45;114;87;53;55;52;49;86;240;128;50;54;55;103;257;206;57;49;53;122;53;58;394;86;86;57;86;53;129;94;52;57;96;52;180;88;86;54;111;132;244;52;57;91;87;52;62;77;330;44;76;54;59;108;57;219;110;55;56;44;224;53;53;57;240;51;54;59;52;211;131;128;60;107)
seed_15_level_1-4,2416,24527.379282712936,31133676,7239,(243;58;59;57;57;64;44;108;57;72;57;46;44;57;86;44;242;57;48;88;107;124;57;125;54;57;46;48;103;48;57;76;294;52;52;113;58;56;52;52;63;209;52;180;52;52;52;52;52;86;52;52;52;52;394;60;72;44;44;90;53;113;56;55;76;84;77;92;55;79;110;58;255;85;52;224;61;103;52;54;54;44;238;60;53;249;52;54;54;55;45;103;178;107;54;249;124;53;104;86;330;55;121;53;77;54;53;52;214;108;238;131;76;218;134;249;243;213;212;76;76;52;222;57;220;279;51;91;52;86;45;53;117;83;92;91;90;52;90;86;84;92;52;52;90;53;79;95;106;91)
seed_15_level_1-4,2416,25071.070885419846,32196262,7388,(243;53;56;105;60;75;55;57;46;46;62;90;125;57;242;57;57;57;57;137;53;57;46;48;53;57;57;125;145;105;105;294;52;52;52;57;52;56;52;86;96;52;53;52;49;54;56;53;86;52;52;53;394;134;110;73;72;58;46;64;59;69;59;58;52;53;99;250;58;72;107;86;394;114;59;88;87;53;57;92;52;53;86;87;54;86;52;52;117;45;52;58;76;52;52;224;104;88;107;114;52;55;86;58;52;53;238;50;220;55;86;54;54;107;238;193;44;123;44;330;217;238;77;210;252;80;46;211;52;46;60;224;44;52;54;48;52;222;90;78;44;243;53;216;53;88;280;45;105)
seed_15_level_1-4,2416,25642.15745830536,33464701,7538,(243;105;242;72;105;91;88;286;44;65;72;125;57;125;57;294;52;52;52;59;59;247;52;86;52;56;58;55;52;52;180;52;52;52;242;69;108;53;54;48;70;56;51;48;46;118;46;102;57;106;112;224;387;92;52;102;86;51;51;209;76;86;259;51;44;117;90;109;51;53;58;52;249;415;53;58;88;240;55;90;54;125;52;44;54;44;189;54;56;72;54;239;58;146;223;219;88;59;89;107;146;107;114;53;114;56;89;177;52;118;52;244;219;48;55;117;240;238;86;280;55;180;53;53;127;57;52;142;53;254;112;57;46;112;224;57;179;108;53;53;125;58;88;88;242;76;57;67;111;117)
seed_15_level_1-4,2416,26188.87701177597,34477482,7688,(224;57;57;48;102;80;57;54;90;107;124;54;66;53;48;59;294;52;52;58;56;81;56;52;53;56;53;52;238;88;52;76;52;57;286;73;59;44;131;44;59;58;114;91;57;44;58;44;85;44;44;48;412;56;106;44;52;59;94;52;238;52;114;53;181;86;240;52;53;59;75;178;108;59;280;52;57;57;114;46;57;56;179;53;48;242;53;57;78;51;136;113;111;53;211;179;55;94;109;48;280;279;76;53;52;107;86;51;52;90;75;51;86;106;52;111;66;52;52;51;211;86;117;224;221;221;56;53;55;53;117;176;87;52;52;114;87;49;72;114;182;207;53;86;238;52;53;56;56;55)
seed_15_level_1-4,2416,26702.07340812683,35268432,7837,(286;57;56;88;75;51;44;90;44;48;106;44;58;65;57;44;52;224;48;88;57;48;48;57;125;58;57;64;59;57;72;48;57;53;56;56;294;86;52;51;52;76;52;238;52;90;55;52;52;52;56;53;86;52;53;55;53;97;394;87;88;57;57;90;231;57;121;52;78;53;59;57;125;51;112;57;57;92;54;57;92;55;240;45;109;52;57;46;131;413;52;88;104;53;105;81;166;103;55;44;108;90;57;58;58;55;57;76;57;53;54;55;87;103;53;54;52;54;224;51;55;55;44;53;55;52;51;106;52;53;56;51;53;236;56;220;49;54;186;57;49;53;57;53;57;44;54;107;219)
seed_15_level_1-4,2416,27237.89031434059,36288170,7987,(286;107;59;84;261;65;89;114;51;57;71;63;53;65;44;51;90;57;89;57;124;224;90;58;46;56;57;57;57;112;57;230;46;44;56;51;124;48;93;57;48;53;53;57;294;54;53;90;76;53;58;52;52;56;52;53;53;52;52;54;52;86;56;53;102;90;51;52;57;52;87;52;53;52;52;224;221;55;53;114;60;54;106;51;106;76;58;53;52;223;57;54;53;283;52;114;52;176;114;95;110;139;103;64;51;86;106;114;208;52;53;44;280;209;107;211;223;53;58;131;57;92;240;166;93;53;53;219;88;394;215;90;55;209;52;57;57;211;53;109;224;57;57;57;90;91;115;210;52;103)
seed_15_level_1-4,2416,27765.205540180206,37270358,8136,(294;52;56;53;92;86;52;53;84;102;52;52;52;102;76;57;52;52;49;52;86;210;102;88;52;52;230;56;118;57;54;53;53;53;53;105;55;46;57;59;57;92;57;59;48;46;54;61;286;51;78;76;57;70;46;68;46;44;261;44;44;44;77;240;106;59;113;77;55;52;244;283;239;115;86;53;86;53;55;238;106;50;106;46;221;86;44;276;59;54;55;219;53;175;63;58;53;129;56;54;53;91;222;55;59;86;107;394;240;53;57;57;222;53;57;54;57;55;56;61;55;88;46;107;222;52;57;77;59;120;107;57;133;107;53;77;114;77;131;53;210;107;107;113;58;57;240;57;57)
seed_15_level_1-4,2416,28306.98079752922,38369211,8286,(230;51;46;88;46;82;57;57;46;54;44;46;54;51;106;118;57;64;57;57;44;286;57;261;88;65;78;57;44;57;58;59;46;92;58;44;72;57;46;78;57;44;57;60;64;294;51;55;129;215;52;52;52;53;52;52;52;52;52;52;51;76;52;238;53;240;52;53;76;52;52;86;53;394;57;107;77;107;52;131;182;57;178;44;52;57;54;52;280;57;57;77;57;52;52;116;240;57;53;76;240;54;109;209;107;52;78;107;219;53;53;54;413;86;45;54;106;57;213;114;55;327;220;86;86;114;44;52;53;238;53;106;50;244;52;52;52;238;113;54;52;108;78;116;52;122;52;232;49;235)
seed_15_level_1-4,2416,28852.07758951187,39622100,8436,(294;52;87;58;52;53;76;261;53;55;52;52;52;106;102;90;52;53;52;240;56;53;52;57;86;53;201;52;52;102;52;181;58;90;52;52;78;75;52;53;50;277;330;210;182;57;210;76;57;116;53;78;87;104;52;53;211;61;132;77;221;58;107;211;53;218;80;53;52;184;240;57;54;90;78;48;88;55;57;107;330;228;53;53;107;57;57;107;215;52;57;280;53;57;413;110;53;77;228;44;115;45;330;222;330;56;53;232;45;53;55;86;86;52;53;53;53;52;52;86;53;53;51;112;50;52;55;53;394;54;114;45;51;53;52;55;44;55;46;50;52;221;52;56;102;233;108;52;58;50)
seed_15_level_1-4,2416,29392.17826318741,40713903,8586,(294;52;76;58;52;107;50;87;52;59;52;62;51;102;57;102;114;49;52;55;52;129;238;52;178;181;52;53;53;107;77;55;56;129;129;52;86;59;51;102;52;58;276;50;53;53;238;55;222;57;53;238;52;139;53;49;85;55;52;52;55;292;52;52;55;86;115;57;55;53;53;212;53;50;52;137;239;106;52;52;221;52;53;52;52;330;52;232;214;55;239;53;55;394;210;53;51;122;108;57;93;89;57;54;109;228;57;59;224;53;44;53;46;46;88;180;88;90;81;57;46;57;57;53;57;281;131;88;57;57;46;57;54;57;109;78;53;78;109;228;88;57;53;180;242;184;57;184;53;48)
seed_15_level_1-4,2416,29940.124944210052,41825135,8736,(277;228;56;53;46;250;223;129;57;131;239;46;52;119;46;58;54;44;55;53;48;106;59;179;59;111;78;224;57;57;44;78;109;57;98;53;114;53;88;330;53;105;230;205;107;212;78;107;240;88;107;107;53;57;53;88;77;57;277;57;53;56;54;53;57;255;57;88;179;186;121;57;117;211;48;88;413;102;118;121;53;52;114;55;114;52;53;56;119;46;74;53;52;67;228;114;53;49;55;238;53;56;52;46;119;52;52;106;44;56;110;56;52;130;44;245;55;55;86;63;118;52;222;227;45;52;93;49;106;88;44;128;45;66;256;114;53;219;53;102;52;52;116;54;52;52;52;52;54;114)
seed_15_level_1-4,2416,30504.961766004562,43225202,8886,(276;54;53;294;44;52;53;53;56;52;57;207;238;44;57;106;53;210;52;127;54;53;413;106;52;54;112;52;133;128;330;53;52;58;53;117;115;238;107;238;115;251;55;53;58;54;198;44;239;52;299;394;58;257;54;61;112;238;53;53;106;238;330;52;53;222;116;50;52;115;277;107;77;107;362;78;57;57;88;76;88;109;57;53;106;53;56;57;394;200;88;76;54;44;52;221;88;76;221;53;88;111;53;135;57;77;55;52;88;182;53;57;55;57;53;108;258;53;46;88;53;44;57;86;57;57;77;52;76;112;110;224;58;53;57;55;48;138;59;78;53;88;57;53;223;57;57;59;57;89)
seed_15_level_1-4,2416,31053.812369823456,44324250,9036,(271;54;57;54;44;112;57;53;117;53;57;53;221;107;53;52;57;57;182;142;112;109;48;76;88;81;218;160;48;220;240;53;109;251;53;55;251;55;261;53;107;53;112;182;77;57;48;57;57;53;53;86;88;53;44;53;53;57;57;57;57;80;57;107;57;224;104;46;107;53;111;107;413;109;52;117;53;145;86;120;54;98;58;55;87;78;55;107;235;52;52;106;148;54;239;54;58;52;90;52;60;55;227;52;52;59;56;57;103;52;52;53;52;53;56;102;52;78;86;108;107;244;245;114;52;53;53;235;53;84;52;256;107;56;104;219;106;57;235;53;56;53;233;117;112;213;53;187;52;240)
seed_15_level_1-4,2416,31610.806631088257,45587605,9186,(271;77;248;53;56;114;112;107;240;53;249;237;179;53;116;92;57;109;115;57;89;210;48;57;53;53;55;221;81;88;77;107;53;53;57;109;46;54;117;106;53;107;294;56;53;57;106;209;44;244;57;88;57;57;57;88;88;107;107;107;57;53;253;240;269;53;107;57;209;57;76;462;102;51;52;57;60;45;230;58;49;49;53;237;238;217;208;97;86;52;52;53;330;58;90;261;52;86;49;53;55;109;117;50;77;53;238;54;238;89;53;56;59;53;52;53;105;55;51;105;53;57;86;121;86;233;52;53;87;53;67;261;53;259;117;57;58;86;53;93;48;52;228;53;58;53;93;53;53;128)
seed_15_level_1-4,2416,32184.257541179657,46939727,9336,(413;44;61;93;112;63;52;53;249;209;93;52;44;238;114;256;255;52;52;214;57;294;117;108;241;88;44;55;196;57;57;330;92;52;57;58;60;239;238;128;90;106;52;90;217;166;52;128;55;52;93;54;89;62;241;52;75;152;125;53;115;93;56;106;58;124;114;53;235;88;235;223;56;53;57;394;84;68;53;54;55;57;57;54;54;56;57;80;44;53;88;59;52;53;113;54;44;59;57;56;54;93;136;56;106;57;223;80;52;54;106;52;78;107;53;52;108;109;90;107;78;57;258;92;81;88;209;210;87;208;62;210;251;44;57;220;109;210;114;221;110;57;109;82;52;57;210;106;55;294)
seed_15_level_1-4,2416,32744.801215171814,48398140,9486,(394;53;44;59;53;57;253;76;219;210;51;224;107;58;112;106;77;57;52;62;53;56;77;53;225;56;52;83;52;107;52;250;106;90;52;54;53;54;107;209;54;57;53;107;55;53;53;53;87;54;57;56;53;106;210;394;54;57;53;108;107;90;87;219;63;54;50;56;57;57;44;212;413;57;52;59;232;44;55;119;93;124;52;53;57;410;107;93;108;44;52;52;52;53;93;57;52;238;200;238;88;128;54;107;88;155;57;228;239;53;330;257;238;249;53;52;53;102;52;53;114;62;53;233;52;55;112;54;53;142;302;53;54;128;226;57;57;57;330;53;114;45;413;121;186;53;86;53;55;58)
seed_15_level_1-4,2416,33297.661474227905,49601750,9636,(271;59;57;53;59;52;104;57;93;107;210;107;89;53;55;57;110;44;224;147;224;53;108;54;219;53;106;77;107;53;238;59;52;107;54;77;107;57;54;109;78;88;107;111;90;57;57;57;53;55;107;107;52;54;51;88;54;88;226;239;54;223;123;252;54;215;56;51;222;82;462;46;93;86;86;121;213;53;210;210;53;44;67;227;53;238;223;128;108;63;90;55;57;44;58;130;53;125;59;52;223;86;245;250;58;53;53;211;52;46;57;220;107;44;52;64;44;57;122;45;102;49;44;52;44;45;94;53;109;72;52;106;124;55;238;294;206;104;45;54;233;137;45;53;58;44;53;102;223;52)
seed_15_level_1-4,2416,33842.79518532753,50726002,9786,(380;208;211;52;120;57;103;45;57;208;214;52;57;55;57;53;52;109;237;52;44;53;56;76;55;89;62;59;86;112;135;52;56;50;75;44;59;57;215;53;134;53;53;58;49;239;46;53;45;195;53;92;121;45;52;56;126;88;122;67;104;53;44;44;68;53;58;120;44;58;57;294;61;218;53;228;62;394;181;117;53;54;53;241;53;53;88;223;53;53;90;58;88;224;53;113;59;58;78;223;105;106;116;211;55;57;53;227;113;52;53;224;57;57;57;89;142;154;77;113;57;54;107;54;224;54;107;106;52;93;53;52;54;276;54;53;58;219;394;52;61;86;53;54;57;58;57;53;77;54)
seed_15_level_1-4,2416,34417.276520729065,52188635,9936,(409;177;242;252;220;115;58;44;54;53;59;111;52;53;240;216;103;209;107;55;261;53;59;55;125;213;88;56;108;49;143;80;57;51;55;52;224;86;53;55;87;59;52;59;55;223;54;58;57;87;151;90;52;44;53;53;53;55;57;89;52;53;52;50;90;52;59;53;52;88;53;239;50;271;109;240;56;53;182;294;209;241;53;54;112;96;75;51;134;86;133;53;57;56;59;113;53;57;53;208;107;55;229;54;57;57;233;258;191;245;57;93;56;222;224;53;178;52;394;57;53;54;210;242;57;53;241;182;95;107;112;203;107;53;113;59;53;223;218;44;222;220;107;180;224;57;54;57;55;311)
seed_15_level_1-4,2416,34999.934240579605,53766432,10086,(409;213;95;57;54;114;52;52;57;394;59;89;56;52;238;52;57;227;75;44;84;95;52;57;52;93;52;239;75;57;53;53;63;44;46;52;86;212;294;56;103;87;89;56;157;240;218;53;114;63;110;56;53;60;107;53;52;52;244;57;57;222;56;55;131;107;230;112;296;225;118;220;240;239;53;113;224;239;240;58;52;115;78;61;51;58;58;89;238;132;239;59;261;88;52;104;213;59;56;52;54;80;79;53;54;219;413;55;57;52;107;237;54;217;58;57;394;108;59;53;53;104;52;223;55;107;108;88;83;107;107;56;253;108;53;241;79;108;209;53;247;330;53;58;58;180;54;107;53;60)
seed_15_level_1-4,2416,35576.76193332672,55247160,10236,(290;152;122;64;221;233;245;68;65;52;57;44;54;129;220;177;58;133;44;52;54;44;53;44;58;52;65;44;55;241;52;87;261;128;245;44;242;59;58;52;140;52;53;221;229;62;376;67;44;44;55;212;57;57;113;44;86;54;54;52;44;55;44;234;44;62;89;280;86;58;59;221;88;135;89;462;56;218;62;213;229;57;242;52;241;239;133;53;90;182;240;56;108;53;63;218;94;62;52;57;214;112;58;141;222;241;53;294;108;54;112;53;57;57;118;88;109;78;182;109;53;206;56;54;78;222;58;209;86;52;53;56;54;57;57;57;52;57;221;133;106;54;54;218;108;240;52;104;258;58)
seed_15_level_1-4,2416,36158.82201099396,56772731,10386,(376;55;52;210;330;56;130;233;140;161;54;90;61;55;62;114;134;242;86;53;253;244;62;44;246;118;83;259;114;232;53;239;130;54;67;147;244;294;45;221;115;53;55;53;54;44;103;44;90;233;89;54;254;52;115;117;239;53;116;57;108;135;55;78;55;52;129;107;53;52;52;89;250;78;116;52;55;104;251;243;54;53;57;107;52;53;223;84;57;58;57;57;240;53;52;294;53;252;87;59;129;52;57;85;238;54;239;55;52;240;53;52;107;57;53;54;52;106;240;53;57;52;253;107;52;53;124;250;53;77;59;210;106;226;53;52;57;54;55;57;53;57;330;52;221;251;224;221;148;52)
seed_15_level_1-4,2416,36756.05230760574,58475902,10536,(330;57;213;51;247;53;208;57;89;57;90;54;76;222;214;57;53;159;88;52;54;53;52;239;253;52;57;239;107;87;239;53;54;58;223;108;57;225;53;226;53;57;52;44;55;228;221;53;54;57;240;210;52;131;53;109;79;103;240;228;57;53;57;53;221;239;89;212;53;53;248;53;58;54;55;241;114;462;44;65;56;128;232;229;122;53;128;128;228;259;45;294;61;53;55;128;248;239;135;138;206;154;294;259;235;107;52;61;249;95;113;44;57;59;44;128;149;53;59;228;86;44;44;93;239;86;112;52;44;53;222;88;89;52;44;90;157;44;107;52;330;52;294;221;54;44;112;54;256;102)
seed_15_level_1-4,2416,37348.94061875343,60235649,10686,(330;53;58;44;239;94;86;82;224;107;80;53;57;215;110;113;107;52;52;209;463;240;133;241;240;53;78;53;44;226;53;86;107;261;250;57;237;256;240;245;53;52;57;57;219;54;58;57;55;57;81;52;59;54;240;46;53;54;240;76;185;225;52;220;107;51;53;225;232;121;78;57;51;251;52;376;294;159;53;330;52;330;111;131;129;53;108;54;88;217;44;56;121;57;134;227;232;128;53;143;118;65;220;55;238;49;58;52;121;161;62;52;108;86;53;112;52;146;225;230;115;120;88;50;57;61;45;51;130;114;44;58;52;56;273;56;102;118;221;220;57;44;123;213;239;154;261;220;116;102)
seed_15_level_1-4,2416,37966.16989350319,62300424,10836,(410;57;394;52;52;222;52;53;112;106;219;227;53;54;59;78;94;240;241;245;227;60;53;238;90;53;57;55;115;57;210;245;57;57;103;221;107;190;257;113;211;57;57;52;53;181;222;107;107;59;240;52;106;250;57;68;54;240;109;240;57;89;85;52;78;238;57;59;56;240;251;208;57;134;376;53;232;330;86;76;261;96;54;236;330;52;52;52;45;176;121;394;330;44;263;52;176;52;52;61;294;139;206;57;61;106;58;132;59;254;106;151;52;93;88;222;330;238;104;52;117;222;55;217;267;111;271;113;128;44;116;90;53;52;52;52;61;235;52;52;114;238;294;128;114;217;227;53;238;55)
seed_15_level_1-4,2416,38539.66460394859,63881264,10986,(288;104;52;52;256;55;127;53;57;52;53;57;109;53;209;54;54;133;136;60;53;107;88;57;144;135;57;224;53;109;52;53;115;57;58;44;54;52;59;153;394;61;78;54;57;54;57;52;112;240;46;53;52;53;251;57;89;57;223;107;54;58;53;54;395;239;107;138;107;53;54;57;53;462;62;330;59;44;44;86;60;232;223;129;44;128;107;156;44;108;44;44;54;120;87;53;58;44;53;90;52;53;294;90;57;44;239;294;330;157;90;86;146;44;238;237;54;58;44;294;44;52;228;44;330;54;52;52;54;44;294;52;231;54;290;62;61;52;112;330;283;121;120;56;96;44;106;230;253;60)
seed_15_level_1-4,2416,39087.68555808067,65156104,11136,(395;57;57;55;52;57;54;57;57;219;239;57;107;239;122;57;55;111;53;57;113;57;103;240;54;53;149;108;234;57;236;58;57;117;222;58;226;53;62;107;107;53;45;266;240;53;55;93;57;160;149;57;57;56;129;57;241;57;52;119;57;57;56;53;57;240;59;54;62;59;59;462;44;52;128;52;133;54;75;53;54;234;176;223;52;128;229;57;62;54;52;242;61;44;227;58;52;56;211;46;55;120;65;53;133;53;55;222;257;185;52;239;117;52;88;61;246;330;239;102;52;44;62;45;134;93;54;228;52;52;58;52;52;53;54;44;53;53;55;44;52;53;52;90;118;53;108;151;52;52)
seed_15_level_1-4,2416,39646.23883342743,66437232,11286,(376;52;66;58;53;52;240;112;90;128;244;219;132;53;53;53;52;152;54;56;242;254;330;52;113;217;58;53;294;53;55;258;88;59;53;233;52;294;53;110;57;57;56;239;52;53;57;53;57;52;222;52;52;87;111;115;53;52;105;87;56;89;238;108;53;51;128;208;86;56;251;52;52;55;56;52;129;281;68;104;113;58;107;55;224;57;74;120;53;57;52;52;44;52;57;231;116;228;94;44;84;52;58;57;59;57;91;57;57;63;94;57;209;88;228;45;216;59;53;240;57;219;54;227;90;44;226;53;53;96;58;59;63;178;107;53;129;57;54;238;57;57;53;107;239;56;107;53;53;226)
seed_15_level_1-4,2416,40248.6331820488,68334179,11436,(281;57;394;52;209;57;109;255;210;57;58;52;57;109;53;53;57;181;240;57;236;213;107;167;294;109;59;240;221;210;252;107;117;52;240;53;52;52;294;57;235;252;261;54;114;57;104;57;210;107;53;92;212;115;140;109;53;107;224;107;103;54;57;53;56;57;107;210;225;107;44;44;376;219;239;61;52;90;225;54;55;86;243;44;224;51;294;134;221;239;242;52;239;220;220;244;114;261;234;86;55;241;238;52;52;200;52;223;52;54;53;56;182;225;53;52;54;53;223;106;221;58;113;52;60;251;61;52;222;219;52;290;135;88;52;52;82;238;104;55;52;55;55;227;55;54;116;239;53;128)
seed_15_level_1-4,2416,40864.44775533676,70253815,11586,(394;107;57;215;210;57;294;142;52;159;59;90;109;57;52;259;216;57;52;107;236;132;251;163;154;58;239;57;53;107;57;108;235;54;136;268;57;152;53;53;62;54;52;59;57;105;53;107;211;210;88;58;57;57;57;53;92;221;107;179;53;56;250;109;220;159;88;107;59;53;59;59;90;376;249;223;227;57;60;239;294;227;227;222;87;55;44;105;221;55;239;180;88;140;201;112;106;239;52;239;53;224;223;57;94;88;59;52;52;240;222;106;52;284;58;52;58;52;231;63;52;394;50;154;57;261;86;239;102;117;226;52;242;154;52;53;330;151;88;289;240;294;52;52;239;56;54;140;106;238)
seed_15_level_1-4,2416,41479.207508563995,72356935,11736,(394;62;237;117;136;250;81;181;53;52;211;294;256;107;58;146;52;54;239;57;239;53;57;52;84;107;55;216;214;53;210;216;224;104;59;54;280;44;212;58;54;52;242;208;53;224;236;94;57;116;92;240;52;239;208;54;226;211;252;90;58;240;215;230;56;52;211;59;54;376;140;54;52;54;53;235;115;330;52;54;52;53;219;394;220;112;223;88;57;87;176;59;261;107;52;53;129;229;52;245;55;52;52;52;52;220;108;139;52;121;228;58;330;54;237;52;52;239;62;208;53;140;86;54;238;52;227;221;251;52;54;52;290;294;219;58;134;108;55;394;253;146;55;239;102;236;158;53;52;54)
seed_15_level_1-4,2416,42042.431764125824,73773575,11886,(462;46;52;232;221;56;330;224;61;259;54;57;50;55;294;52;290;52;239;55;53;140;118;57;53;45;54;52;63;61;244;330;113;44;145;57;61;145;59;217;61;52;52;193;55;118;212;56;52;239;55;52;52;238;59;53;102;60;55;52;44;238;90;112;56;52;116;52;235;267;114;330;86;53;88;56;221;394;108;98;115;108;229;57;228;58;52;59;57;57;223;44;107;53;52;111;58;112;53;109;46;59;57;54;179;56;57;57;53;53;57;90;251;53;54;57;58;59;52;107;58;52;236;87;53;254;57;57;54;58;253;63;105;106;215;144;58;107;58;58;57;57;54;56;53;58;239;107;53;85)
seed_15_level_1-4,2416,42637.16814351082,75562641,12036,(394;171;109;44;165;109;56;118;179;57;239;211;53;58;56;57;253;53;60;59;240;59;246;53;58;53;57;60;54;294;130;62;53;53;53;59;53;52;225;64;52;240;55;210;54;57;57;58;215;210;153;109;237;220;52;238;54;54;235;240;53;242;52;119;55;213;131;59;53;462;235;190;52;45;52;259;44;180;53;188;86;82;53;240;52;238;172;88;216;132;135;52;239;109;44;61;240;115;53;242;231;53;242;241;52;52;65;394;106;138;53;114;242;130;53;186;244;330;106;55;56;58;50;52;53;59;93;261;118;52;57;56;45;51;134;225;111;107;134;330;76;294;54;57;245;44;46;87;52;112)
seed_15_level_1-4,2416,43236.39160203934,77322639,12186,(394;56;220;53;55;57;232;57;251;52;107;221;227;239;330;52;241;217;107;57;57;56;253;177;62;224;57;54;107;107;57;109;52;221;57;131;237;114;57;58;214;52;57;261;56;233;217;239;57;223;53;53;107;146;57;220;60;330;53;52;58;52;54;107;58;294;394;111;54;54;59;376;66;113;55;107;53;52;110;224;55;104;44;53;107;106;53;249;86;93;44;52;106;108;54;53;229;57;44;262;52;105;57;53;53;55;108;59;286;52;294;88;224;247;61;189;106;257;216;52;104;59;56;179;52;107;218;58;105;294;44;44;217;138;136;59;238;52;138;139;113;52;103;238;188;138;215;48;114;56)
seed_15_level_1-4,2416,43838.56938242912,79309404,12336,(376;128;56;53;54;107;265;78;88;59;53;54;57;53;45;63;330;52;57;52;240;62;233;52;294;294;56;223;112;294;238;181;106;53;238;294;61;294;66;102;54;220;52;55;62;59;228;128;54;116;59;52;52;44;84;123;224;89;53;53;140;44;53;122;294;53;102;52;52;44;120;44;84;52;394;294;53;59;44;107;261;330;53;59;118;87;53;88;238;218;133;52;416;215;228;140;57;59;114;59;59;88;240;107;115;79;193;394;57;217;129;52;58;133;220;59;167;240;210;135;393;57;52;224;212;208;249;240;115;242;394;225;57;217;57;52;107;86;58;57;55;58;56;88;90;227;89;53;90;90)
seed_15_level_1-4,2416,44443.891942977905,81234530,12486,(376;64;222;52;52;71;67;52;52;294;105;330;64;53;192;55;107;52;55;52;52;114;52;117;44;53;142;201;44;59;106;86;207;102;88;52;248;58;45;52;245;149;219;66;52;294;55;55;239;277;55;45;219;239;65;53;44;44;114;57;48;45;57;261;243;53;58;58;208;52;394;90;52;213;111;143;53;108;215;123;228;90;107;88;221;53;109;58;88;227;394;227;88;228;76;79;223;235;57;56;53;115;58;224;115;53;89;53;394;109;53;208;210;177;54;263;221;90;55;44;188;57;52;57;241;92;208;52;224;239;58;109;214;219;394;95;59;214;186;53;78;107;210;107;57;56;282;238;330;230)
seed_15_level_1-4,2416,45049.292949676514,83166842,12636,(376;66;64;53;46;46;87;44;85;221;48;109;55;112;93;58;209;234;152;140;52;212;141;128;88;52;52;102;188;238;226;52;44;59;55;133;52;56;135;57;52;87;59;45;91;45;234;294;52;64;222;52;45;112;52;48;241;59;53;236;58;52;171;206;138;394;59;223;59;56;57;211;240;59;211;211;240;107;59;109;54;394;54;54;394;210;57;90;241;52;210;57;226;193;58;83;294;239;52;220;223;116;56;57;241;54;52;109;123;88;212;294;57;116;227;208;53;209;52;57;57;307;52;259;57;59;126;330;60;90;239;219;181;228;207;110;57;52;228;52;182;77;228;57;238;267;330;52;107;110)
seed_15_level_1-4,2416,45631.14400982857,84879158,12786,(376;52;220;54;53;54;54;44;53;90;330;294;59;128;54;189;58;240;219;242;53;58;59;55;52;133;115;221;44;54;107;66;58;52;54;53;238;44;53;61;63;239;55;237;53;59;52;239;58;62;56;52;53;53;222;53;89;131;52;54;86;330;261;301;219;115;56;177;56;221;52;53;139;93;294;57;52;52;54;58;58;107;220;52;418;170;225;58;59;53;88;57;57;57;107;107;413;117;394;52;113;294;300;107;53;211;224;223;57;57;59;53;394;52;57;241;228;107;59;53;107;112;86;58;109;58;44;58;52;60;119;88;59;218;53;58;65;223;54;107;87;59;53;53;57;251;79;62;241;210)
seed_15_level_1-4,2416,46264.53551530838,87099225,12936,(462;198;55;131;52;114;52;53;53;53;52;244;49;117;254;88;128;52;210;226;244;52;50;129;52;102;125;109;177;55;214;240;294;58;55;59;62;104;111;52;45;52;239;294;57;59;44;227;238;52;46;57;56;52;114;237;63;245;238;52;56;181;103;52;88;55;261;387;53;59;224;240;59;223;223;90;57;239;58;182;225;239;115;60;58;228;218;288;53;110;172;113;57;177;294;58;116;240;294;129;55;294;107;58;88;251;133;52;239;245;228;54;177;205;59;372;240;240;229;117;92;419;58;228;91;53;227;107;57;224;240;133;52;117;262;57;240;53;57;240;226;218;52;90;241;208;244;153;90;238)
seed_15_level_1-4,2416,46915.950593709946,89851319,13086,(376;228;226;55;104;228;261;226;53;110;52;239;52;108;55;230;106;239;209;57;53;52;227;55;52;118;232;58;65;131;44;57;52;114;53;108;182;59;52;46;238;55;128;88;52;394;52;194;52;234;58;110;270;58;57;212;52;55;52;211;52;53;222;394;139;445;109;375;462;299;107;53;283;228;241;238;223;394;413;120;105;107;56;413;52;52;217;225;227;221;57;52;227;223;238;54;96;53;245;109;107;394;294;52;52;242;394;59;240;67;170;53;136;262;255;78;53;52;241;288;170;263;53;112;52;240;52;116;53;241;59;54;54;57;57;108;213;53;235;407;239;294;54;52;215;294;52;239;131;330)
seed_15_level_1-4,2416,47561.51463222504,92323660,13236,(376;330;57;254;53;67;52;233;56;176;330;53;106;52;239;107;55;53;115;240;57;56;109;330;104;126;111;53;107;58;206;53;213;71;52;54;53;107;54;294;207;52;272;131;52;238;52;57;120;114;238;55;234;330;220;57;51;240;240;57;294;103;330;108;300;244;53;240;116;238;242;53;55;58;116;59;121;239;57;52;229;240;301;235;120;239;400;56;120;294;117;58;57;57;239;237;58;107;53;120;121;170;52;330;238;54;107;227;53;53;153;58;58;242;294;52;53;224;54;170;170;221;240;238;135;227;109;52;238;161;107;330;394;220;238;238;52;225;59;172;283;239;58;56;54;52;114;238;239;376)
seed_15_level_1-4,2416,48225.43636870384,95227386,13386,(376;166;248;238;52;114;53;64;114;63;53;294;52;177;52;394;55;116;330;330;251;239;74;246;52;52;261;53;223;233;59;55;244;330;257;243;56;261;248;56;258;199;114;222;137;54;117;53;235;106;264;108;102;61;238;238;49;257;52;239;56;221;235;55;330;117;395;240;151;57;65;52;250;240;227;240;240;238;65;239;261;239;57;294;53;240;107;251;52;238;53;53;238;53;109;57;215;220;59;210;299;107;57;238;240;53;52;57;53;240;236;223;238;297;240;239;158;238;238;53;57;53;52;221;228;192;242;53;52;236;52;232;244;108;239;76;245;376;294;55;53;115;57;245;53;294;394;330;197;223)
seed_15_level_1-4,2416,48842.2631111145,97357060,13536,(462;112;52;54;116;55;394;49;237;61;53;52;108;54;129;239;176;54;119;119;52;56;106;108;221;114;52;52;58;238;54;52;52;57;240;108;61;86;294;227;53;52;52;238;53;52;52;129;140;246;235;57;212;58;330;58;240;53;58;238;107;106;240;52;84;239;53;176;112;376;46;245;223;113;54;227;239;129;53;56;301;238;114;238;58;104;53;54;52;122;245;55;246;239;52;214;57;59;330;54;69;44;222;52;394;56;294;57;330;271;130;54;54;52;58;52;53;86;211;178;210;54;430;44;59;53;53;245;109;131;237;58;212;254;177;306;52;57;294;82;286;168;208;55;232;52;64;88;88;52)
seed_15_level_1-4,2416,49430.20564818382,100017256,13686,(376;177;144;61;52;218;58;234;240;52;330;62;133;53;240;130;241;113;120;88;234;45;242;241;59;207;52;244;52;107;248;261;52;53;53;61;220;54;244;248;107;84;60;226;110;52;54;88;107;53;261;117;91;215;52;53;53;106;53;53;57;53;52;227;222;294;54;54;120;224;394;239;228;219;52;221;384;54;118;59;53;53;131;212;53;52;53;239;330;198;330;130;54;115;394;239;129;218;238;117;240;52;229;247;330;52;211;88;52;53;240;292;54;226;240;52;234;236;237;52;52;413;261;234;218;330;227;240;227;53;56;227;294;199;58;238;206;242;251;60;240;238;58;54;56;59;239;394;239;186)
seed_15_level_1-4,2416,49995.37650203705,102487117,13836,(376;54;193;178;56;53;53;58;144;294;330;244;53;52;53;330;50;238;330;52;221;240;111;232;108;66;55;56;53;52;54;57;254;294;72;228;222;101;57;57;52;54;135;129;53;53;58;59;57;88;110;53;240;177;129;55;117;52;57;117;108;244;57;52;57;265;299;330;233;188;54;57;52;86;242;330;57;314;260;294;109;59;130;55;55;230;240;61;223;59;62;225;53;196;240;54;238;377;58;223;55;53;108;57;228;238;54;52;53;54;330;294;56;211;57;242;53;261;52;294;242;226;234;294;209;240;413;269;54;56;178;55;240;59;281;53;227;53;52;237;58;130;145;180;52;297;330;330;211;236)
seed_15_level_1-4,2416,50539.0608894825,104545519,13986,(376;128;146;106;55;56;128;53;463;52;69;60;94;115;52;56;55;238;57;86;53;108;53;222;239;239;243;52;58;52;58;56;88;52;53;52;56;86;238;112;53;53;121;294;52;208;68;135;249;52;54;52;52;54;106;53;52;50;53;118;59;53;106;376;128;53;56;383;238;55;76;107;52;55;56;130;136;235;58;53;56;219;55;52;294;134;109;53;330;398;294;59;240;330;252;89;251;286;53;212;238;140;241;59;79;59;52;55;54;52;238;58;130;232;294;294;56;52;238;54;58;240;232;238;56;52;52;198;239;55;330;59;54;225;301;239;112;109;61;53;57;215;223;57;53;56;238;238;330;52)
seed_15_level_1-4,2416,51057.138093709946,107100164,14136,(463;106;93;149;52;52;86;52;52;54;58;54;50;57;53;92;54;44;394;53;239;247;57;52;253;52;55;58;57;108;92;55;116;52;214;52;58;106;215;59;52;238;54;155;52;53;102;52;107;126;244;254;245;225;103;330;52;330;58;239;53;376;106;53;221;52;259;53;363;251;250;58;52;53;220;405;52;288;235;54;44;53;240;56;128;52;118;235;294;58;182;230;52;463;247;53;433;53;219;394;238;117;53;52;54;56;239;244;57;52;302;53;52;330;107;330;210;56;59;55;52;236;268;240;157;330;240;52;53;59;216;52;115;55;262;330;240;253;243;129;53;56;57;283;260;223;57;238;54;262)
seed_15_level_1-4,2416,51524.94499850273,109122829,14286,(463;294;128;86;67;159;52;128;208;55;68;52;52;53;246;57;61;258;244;58;113;247;214;58;52;330;128;118;54;52;67;65;61;45;238;244;185;241;221;129;52;185;88;59;53;53;52;52;44;128;56;86;52;44;330;221;52;186;55;220;239;238;297;57;90;119;107;161;155;193;190;54;330;275;60;239;225;163;238;128;54;79;268;223;53;53;57;59;238;58;55;52;58;239;289;221;330;52;54;53;55;210;53;86;53;56;52;59;87;236;52;217;212;239;52;107;53;241;54;54;208;59;240;44;451;86;104;235;78;77;54;130;54;44;55;301;53;119;59;294;57;330;155;60;330;107;53;60;54;55)
seed_15_level_1-4,2416,52001.497616529465,111773234,14436,(463;52;244;253;52;262;230;107;102;44;258;56;330;245;106;52;240;330;53;57;59;330;56;67;58;56;242;55;66;107;244;93;261;53;52;161;52;52;56;52;52;234;222;90;46;67;252;52;57;106;114;208;114;238;240;114;330;330;52;52;234;176;124;56;57;128;240;330;416;220;63;181;59;240;52;330;294;239;52;57;56;252;330;54;52;302;239;55;54;224;53;52;221;52;142;240;52;238;58;53;249;56;239;78;52;52;245;413;218;132;330;55;52;251;251;246;237;52;52;240;221;242;62;55;44;56;52;52;262;52;242;148;244;54;210;112;239;53;210;131;76;180;413;54;294;236;223;261;330;44)
seed_15_level_1-4,2416,52423.617265462875,113579660,14586,(463;53;111;56;238;94;61;54;52;45;261;90;46;107;52;52;86;102;58;52;52;52;111;52;330;52;220;210;52;208;106;330;57;210;52;107;208;57;137;52;52;166;44;86;52;52;57;239;52;73;52;248;88;53;53;93;236;88;58;57;57;118;54;115;52;93;52;330;46;417;129;52;52;100;222;53;57;270;134;53;44;180;53;238;57;225;54;52;212;59;222;55;45;129;57;55;109;53;54;165;109;219;252;57;294;216;84;57;44;240;330;212;400;112;239;413;55;119;107;223;53;160;54;53;55;140;44;156;57;235;55;122;211;45;53;145;235;156;129;129;52;58;52;239;240;53;238;44;264;130)
seed_15_level_1-4,2416,52872.13852787018,116156823,14736,(463;95;125;330;330;106;58;52;330;52;213;238;111;52;51;245;88;53;102;56;86;67;52;106;88;211;199;57;57;250;52;236;57;238;57;208;94;95;57;112;261;57;240;44;159;53;237;108;52;219;244;57;92;114;46;52;248;52;52;245;55;93;52;124;238;48;88;388;53;58;247;462;54;226;233;52;239;129;240;330;90;392;129;281;53;62;114;153;235;235;222;235;235;52;79;240;52;53;241;88;237;118;242;160;240;44;239;52;59;229;387;58;57;57;53;266;294;299;87;160;253;55;242;131;294;409;235;107;116;53;54;236;53;53;52;224;422;178;116;52;110;54;394;235;54;55;58;294;58;54)
seed_15_level_1-4,2416,53328.49505066872,118937366,14886,(433;53;151;53;46;125;55;238;52;52;53;56;242;46;330;330;330;76;88;253;90;107;57;238;330;239;66;86;51;57;271;52;244;93;88;57;108;294;52;88;385;57;88;53;53;57;213;69;52;58;214;67;250;208;90;57;53;246;107;117;55;52;118;52;223;57;437;223;177;237;58;53;234;237;45;54;53;413;55;240;228;241;58;242;240;239;235;283;44;179;57;44;107;265;259;61;108;91;54;210;235;225;180;267;241;57;240;330;52;240;89;53;57;59;107;236;294;237;294;294;237;240;294;236;301;46;242;235;394;59;52;237;58;241;223;286;97;52;235;157;59;242;142;165;44;54;418;224;240;330)
seed_15_level_1-4,2416,53749.06167840958,121030139,15036,(463;90;222;45;88;56;53;74;330;44;52;86;66;57;57;53;113;64;93;57;94;116;54;53;46;57;93;44;254;103;101;258;65;56;219;215;52;52;66;52;53;216;52;57;62;52;92;93;232;53;52;60;69;93;63;90;86;52;239;57;239;90;56;110;462;53;215;107;52;106;107;330;226;394;99;238;107;57;44;394;249;55;240;53;59;238;211;108;54;57;107;185;106;239;44;212;236;210;78;57;116;235;53;240;52;236;181;59;246;245;240;90;44;107;330;57;120;223;178;109;293;294;394;78;111;86;52;107;413;105;236;59;44;52;53;221;264;242;253;53;182;107;59;237;107;57;235;242;110;53)
