seed_20_level_5-1,706,535.1902513504028,373635,150,(66;24;65;30;29;200;45;90;71;32;35;30;37;89;18;36;47;53;23;31;47;35;50;28;100;49;37;52;46;32;65;159;32;56;55;100;15;95;100;23;24;47;100;100;27;18;25;40;27;15;23;214;33;23;89;250;20;25;124;28;64;36;31;43;100;18;200;50;81;47;91;30;105;35;70;41;100;40;47;63;200;23;59;17;102;74;17;100;38;50;60;25;100;31;28;27;26;50;31;37;79;100;43;28;19;61;28;37;29;100;49;30;19;30;31;21;18;100;30;32;200;27;64;83;14;27;98;15;29;40;100;98;48;127;25;20;41;46;17;24;74;60;38;37;68;69;66;36;88;64)
seed_20_level_5-1,808,1097.7235877513885,839490,306,(104;81;93;100;69;100;49;100;100;62;73;100;46;100;67;100;200;71;100;100;100;48;45;150;68;49;100;21;40;25;17;72;28;100;27;21;17;72;67;28;34;25;63;20;17;193;22;25;67;29;34;31;15;69;99;112;132;67;18;85;20;18;37;29;24;34;89;20;21;55;20;27;41;41;35;26;40;24;105;25;19;50;57;26;46;47;37;33;18;38;200;63;49;14;29;17;32;47;18;40;28;128;77;54;23;44;35;31;31;14;250;31;26;36;29;33;23;20;20;36;54;56;57;129;19;200;54;23;24;65;50;28;17;22;64;34;33;53;106;49;59;221;32;200;32;15;250;71;35;200;32;32;200;56;67;47)
seed_20_level_5-1,1359,1669.243327140808,1299366,464,(100;100;77;46;95;47;100;100;100;100;52;149;50;71;100;88;100;57;100;87;49;47;40;100;39;44;83;169;94;31;56;100;44;27;31;59;109;36;68;29;22;34;23;129;126;72;42;27;15;18;115;178;34;250;33;48;17;50;23;100;26;58;112;24;20;34;21;15;55;32;15;31;43;35;22;25;45;31;54;28;32;108;33;89;38;87;38;17;131;44;19;33;25;16;16;24;91;250;57;22;50;84;100;14;24;32;17;35;19;24;28;32;18;39;24;47;62;47;132;70;38;19;19;37;34;58;66;17;21;24;26;35;47;35;59;80;48;21;135;37;34;328;109;26;57;210;80;56;27;57;23;23;31;63;22;93;154;36)
seed_20_level_5-1,1359,2351.2389714717865,1725061,657,(98;91;97;98;100;100;53;44;52;82;43;95;67;61;71;45;119;100;73;38;22;100;59;100;150;64;100;18;52;50;94;31;37;35;52;26;38;100;17;36;30;50;68;104;99;25;16;32;112;81;37;18;61;28;56;31;21;29;200;113;34;63;66;31;47;64;17;17;17;47;65;17;73;25;31;30;24;67;47;96;24;22;30;40;23;23;30;27;27;35;79;31;67;26;21;36;29;34;27;40;50;49;35;127;54;67;21;34;36;23;35;36;38;14;122;23;23;33;31;32;100;23;82;200;23;53;31;200;103;105;23;48;42;108;67;100;25;58;55;17;40;58;17;48;21;25;31;15;34;14;33;27;17;30;19;90;78;25;49;27;27;42;52;79;200;25;31;39;54;30;77;39;32;32;87;46;89;59;36;63;50;24;99;51;22;31;25;200;28;40;63;200;39)
seed_20_level_5-1,1359,2932.774334669113,2208230,816,(100;100;97;99;100;61;100;83;100;50;100;100;44;100;100;67;72;60;66;35;100;69;64;100;41;93;80;79;85;34;47;100;100;19;33;17;38;61;75;100;58;42;100;33;19;17;200;350;24;31;53;23;31;23;20;24;69;16;52;205;21;25;31;30;25;26;100;52;30;29;37;34;26;47;30;42;61;93;200;30;16;32;47;37;32;17;15;37;18;28;14;17;39;22;25;45;65;16;200;49;23;18;139;27;48;217;23;39;38;17;27;30;30;59;50;35;110;18;50;57;31;22;28;87;152;200;108;25;25;87;79;34;35;35;22;193;52;32;77;86;70;114;31;39;58;56;23;23;26;200;110;17;38;31;17;72;24;22;23)
seed_20_level_5-1,1359,3508.5534348487854,2624529,977,(100;75;67;57;100;100;86;66;100;100;100;100;39;52;51;47;100;100;61;72;41;100;52;100;100;67;100;84;28;100;35;24;36;29;37;53;58;30;24;27;35;30;22;54;79;107;37;35;16;31;34;105;63;96;25;100;61;21;32;57;31;200;25;34;63;40;17;30;19;14;50;26;56;78;55;17;45;23;42;19;24;19;18;29;18;23;29;39;33;24;40;28;38;58;119;74;47;23;14;37;50;26;32;66;73;200;41;200;27;27;29;37;25;29;22;100;26;21;16;35;138;35;85;39;35;24;200;50;55;52;47;31;21;57;200;34;23;39;33;114;31;38;52;200;24;34;33;27;33;24;34;200;65;27;100;53;27;35;37;200;197)
seed_20_level_5-1,1359,4089.961514234543,3028221,1138,(71;53;50;67;48;71;100;91;100;100;49;100;73;100;80;97;100;70;61;250;100;74;100;19;100;77;118;177;78;45;43;26;158;75;36;57;88;35;59;23;57;117;31;36;23;27;34;31;15;130;37;41;64;36;78;17;33;18;31;93;34;32;57;136;32;22;112;53;150;29;61;34;52;17;28;16;85;32;57;23;25;40;22;24;19;63;22;40;31;55;39;25;14;57;250;28;28;35;29;49;50;32;23;13;33;25;19;56;16;200;37;34;29;29;24;87;21;22;31;33;57;19;18;19;62;57;57;74;51;53;38;26;50;34;25;50;32;57;33;129;114;15;126;16;15;25;24;70;21;26;91;106;88;41;25;30;113;53;54;29;198)
seed_20_level_5-1,1359,4642.290991783142,3346016,1295,(81;49;56;52;97;100;100;50;53;90;100;100;98;100;100;100;77;42;100;100;100;50;58;52;100;84;98;90;39;50;39;32;32;25;66;53;127;22;24;103;30;41;52;19;45;33;17;47;45;34;35;15;23;200;42;35;28;47;41;27;79;33;15;36;28;33;22;17;50;91;31;22;25;56;37;30;24;27;23;52;57;20;19;31;27;29;22;44;20;38;24;16;23;24;31;14;33;52;108;50;27;17;33;25;24;27;14;47;93;25;54;29;32;14;30;21;36;20;110;79;41;93;58;39;61;30;36;36;91;38;38;54;50;23;78;65;84;31;57;23;126;25;65;28;200;24;53;20;50;31;85;203;20;92;200;19;36)
seed_20_level_5-1,1359,5184.6100742816925,3656772,1450,(100;88;95;100;100;60;53;49;50;100;100;100;100;45;50;50;100;89;48;100;38;100;200;70;49;42;79;69;39;48;26;32;93;19;60;40;41;16;24;15;40;114;57;63;33;90;24;34;41;64;200;32;14;38;36;28;25;16;19;34;30;30;38;26;32;51;26;31;26;22;16;31;55;37;18;27;27;50;79;64;30;29;28;130;23;18;29;58;27;45;28;32;28;26;35;29;31;69;79;53;73;31;100;40;37;100;40;53;29;28;18;25;50;30;15;17;47;45;19;13;54;18;13;36;88;52;65;73;50;57;21;20;36;32;43;40;32;50;26;84;179;201;60;77;39;25;38;57;23;68;200;18;21;28;89)
seed_20_level_5-1,1359,5743.779646873474,3981510,1607,(99;46;100;52;62;100;100;45;41;45;100;46;73;100;45;100;100;47;100;42;143;100;100;36;85;29;79;30;18;31;100;19;26;100;37;24;114;73;17;17;84;38;17;48;27;37;129;85;113;26;25;20;34;67;100;32;29;33;47;14;97;36;24;22;16;45;49;123;28;55;56;49;34;84;28;47;17;20;32;31;32;16;58;108;32;28;41;36;25;34;36;32;23;32;29;46;122;30;47;29;19;19;33;38;26;32;23;65;200;22;73;29;87;34;57;26;44;88;40;36;52;23;73;33;34;57;15;19;26;73;57;90;73;50;87;132;32;50;50;50;109;24;98;85;19;32;20;44;54;200;66;51;56;53;111;83;38)
seed_20_level_5-1,1359,6286.637823343277,4329168,1760,(53;53;50;100;100;100;100;41;100;100;52;100;100;80;100;44;200;90;100;95;100;38;48;39;100;94;63;36;92;107;78;61;42;17;15;31;100;97;36;47;78;53;18;50;88;94;24;39;25;18;14;24;24;52;35;25;37;30;32;50;56;28;42;34;99;38;152;31;27;33;26;23;20;32;36;24;18;20;28;18;46;25;24;29;199;22;36;26;29;35;38;33;18;57;57;24;17;25;100;34;54;18;35;23;18;30;50;17;40;35;36;18;19;46;63;207;200;66;42;53;47;59;32;78;53;37;61;52;81;33;17;37;47;47;33;33;87;62;96;63;35;112;18;28;200;130;31;36;26;44;21;107;53)
seed_20_level_5-1,1359,6846.800988912582,4642039,1917,(55;45;45;100;60;73;100;100;47;77;53;100;100;97;50;104;71;97;99;100;91;99;58;100;53;68;43;100;33;54;78;24;21;31;50;15;35;44;15;31;80;20;65;18;30;98;66;20;46;22;37;200;45;25;63;18;29;38;20;33;21;35;30;16;85;26;147;54;26;62;93;24;92;191;24;26;58;30;32;126;22;27;25;54;26;47;20;21;36;22;15;24;29;38;26;46;30;21;39;25;25;31;49;87;47;29;116;51;18;39;57;50;31;24;28;35;57;16;200;27;16;16;33;74;26;43;48;38;89;29;24;46;97;57;50;34;57;16;105;65;28;83;92;131;51;35;29;33;31;25;34;57;113;38;56;36;58)
seed_20_level_5-1,1359,7405.1346979141235,5017963,2073,(73;55;96;57;51;71;67;91;88;67;50;45;100;100;100;61;143;51;100;100;100;39;100;55;82;83;98;100;30;50;79;28;21;54;32;17;80;38;36;34;55;69;27;130;89;23;22;26;45;27;43;24;29;18;200;57;23;88;35;17;25;62;43;62;19;16;33;87;32;29;62;38;47;32;96;24;63;133;81;36;51;28;18;36;44;21;42;64;200;43;18;35;200;67;29;25;48;28;24;50;57;52;35;25;28;61;22;62;24;18;22;23;60;18;25;57;38;40;54;17;32;32;33;47;79;31;188;47;57;60;35;27;48;52;80;33;33;34;88;116;50;28;54;33;47;30;40;67;250;36;221;26;47;83;28;58)
seed_20_level_5-1,1359,7954.316145658493,5359115,2228,(74;100;75;100;70;55;70;56;93;100;100;50;100;50;100;45;50;72;66;72;100;66;100;49;119;84;52;100;104;85;29;49;83;62;36;54;48;36;128;21;30;71;23;73;200;34;19;54;61;30;33;38;46;15;33;36;36;27;51;57;150;89;36;19;18;17;83;63;36;27;28;23;39;32;44;55;27;35;30;32;34;53;31;42;26;41;142;22;72;19;26;71;68;35;71;25;34;17;34;22;21;15;58;32;115;58;24;27;22;15;14;32;200;29;20;25;34;75;59;25;24;94;24;23;52;31;50;90;47;47;20;30;50;37;26;30;32;200;155;31;26;34;164;23;71;56;23;80;148;16;88;24;23;88;32)
seed_20_level_5-1,1359,8511.964584827423,5684571,2382,(100;95;100;81;82;100;100;100;50;100;99;52;100;52;100;100;52;100;100;100;70;86;137;63;100;46;24;19;89;104;40;52;100;48;20;33;26;35;116;72;120;118;27;105;30;27;52;100;120;47;28;52;26;58;17;30;59;32;45;54;16;16;30;32;34;28;24;31;14;42;34;59;83;44;34;17;74;69;16;57;15;39;18;29;25;33;23;40;23;35;34;83;15;51;44;24;29;20;36;72;30;31;28;61;26;23;27;18;100;57;29;129;45;19;37;15;17;47;26;18;16;17;170;176;71;58;71;57;27;17;35;52;97;27;31;50;50;62;108;127;25;56;34;100;136;29;28;78;107;28;32;22;47;47)
seed_20_level_5-1,1359,9069.240668058395,6005870,2537,(47;100;100;50;100;53;50;47;100;80;100;100;100;77;100;110;100;100;51;91;89;70;95;143;100;71;44;54;45;106;94;24;42;47;28;34;45;28;24;24;20;17;26;17;71;57;100;61;39;30;32;57;121;26;23;23;31;31;30;83;57;77;18;25;24;28;16;19;36;26;32;27;57;150;56;33;37;79;57;200;22;34;25;24;81;20;20;36;40;34;37;40;17;39;22;42;30;17;20;32;21;24;25;50;84;33;50;57;16;14;32;22;57;28;30;33;49;200;24;34;23;72;58;26;34;33;93;60;32;58;52;80;47;25;57;34;23;26;102;30;47;98;128;18;57;90;167;105;47;31;100;88;17;37;52)
seed_20_level_5-1,1359,9689.882404088974,6376780,2714,(200;100;100;41;100;57;26;88;51;100;100;34;86;33;52;99;35;37;21;37;40;15;61;95;78;36;16;29;17;36;57;40;29;37;82;18;28;30;31;15;48;21;31;69;16;19;55;20;30;31;26;31;30;28;300;51;31;27;30;20;25;34;109;55;100;29;39;37;30;20;14;34;30;52;33;76;16;31;126;70;55;22;36;48;15;17;24;45;52;17;100;20;34;45;52;42;27;200;79;23;66;57;51;16;14;15;32;33;25;34;21;38;62;35;30;23;54;40;17;20;72;28;57;32;18;52;200;74;48;50;20;24;19;19;19;36;49;33;55;52;43;54;98;47;54;37;34;50;18;41;50;57;37;48;47;127;36;84;65;17;47;36;83;35;105;105;53;98;32;17;82;159;82;33;200;109;92)
seed_20_level_5-1,1359,10230.496538877487,6748802,2866,(95;35;37;87;36;47;88;54;63;119;52;27;31;100;44;26;38;81;14;50;32;61;18;71;28;26;31;35;35;16;44;31;48;40;71;39;91;41;23;22;20;49;26;250;25;98;36;200;36;32;60;35;14;35;31;43;68;54;48;199;25;26;21;200;20;21;56;41;105;27;25;42;17;19;134;38;46;39;26;30;81;16;31;20;49;34;32;37;57;21;25;23;34;34;27;131;57;36;27;121;57;57;20;36;125;52;143;18;17;26;27;49;49;23;19;23;62;27;63;31;86;22;32;62;16;57;41;31;100;48;25;200;24;28;49;47;52;38;18;47;108;40;90;52;200;47;39;17;200;108;18;200)
seed_20_level_5-1,1359,10813.889646291733,7164736,3031,(100;121;22;100;89;55;119;83;36;18;100;21;87;51;18;33;23;60;24;35;28;17;37;54;32;22;28;61;130;26;47;19;27;55;26;35;53;200;51;25;25;39;27;80;200;35;95;26;34;29;24;33;83;34;40;19;36;16;62;33;14;25;41;100;38;15;24;200;48;24;51;43;139;38;17;56;84;32;28;34;39;29;18;31;63;31;27;17;54;36;113;68;41;32;18;28;47;16;32;38;24;137;34;26;52;85;32;32;33;17;27;63;33;42;78;57;108;39;17;30;127;19;48;20;143;48;143;81;200;40;26;34;26;23;57;83;51;83;54;25;25;28;37;23;14;36;274;31;57;250;61;34;41;116;57;33;80;37;14;66;112;200;29;52;50)
seed_20_level_5-1,1359,11351.432967662811,7589919,3181,(72;60;100;74;90;100;31;100;100;32;97;17;100;23;26;15;18;18;86;18;110;34;76;150;33;30;38;35;34;58;38;35;56;25;80;14;46;38;31;27;34;34;50;47;31;50;35;19;19;116;87;41;21;28;50;28;100;14;30;18;45;33;150;65;28;24;77;33;23;31;31;22;181;34;47;16;15;27;25;47;22;38;63;200;35;127;77;199;250;30;25;87;82;80;55;57;51;16;33;100;54;57;26;24;52;36;51;33;84;100;44;200;26;32;33;19;50;28;24;56;61;31;64;39;24;36;30;26;56;33;204;128;15;27;26;72;28;300;31;37;33;38;36;133;49;53;109;105;200;18)
seed_20_level_5-1,1359,11889.900102853775,8008865,3332,(70;88;100;101;82;56;134;106;69;35;28;24;47;48;16;20;21;100;38;23;79;35;28;16;34;28;25;24;29;21;55;27;39;15;150;27;36;33;15;45;24;57;82;33;17;21;100;31;36;46;75;23;36;200;19;38;26;67;150;40;29;49;50;33;55;22;57;25;26;30;35;126;16;49;25;25;26;21;56;56;40;80;109;32;47;135;50;53;50;200;43;54;26;250;25;28;22;250;54;133;35;200;22;47;105;64;200;23;18;42;36;38;29;24;200;33;83;22;24;42;200;36;92;67;24;42;37;41;29;38;18;77;39;77;34;47;33;34;33;32;49;25;79;200;58;92;26;49;35;20;78)
seed_20_level_5-1,1390,12430.127993822098,8476341,3482,(100;88;43;100;46;32;31;40;20;97;36;94;29;57;57;34;98;31;22;21;23;20;14;31;27;80;41;26;48;40;200;27;35;123;55;23;18;70;22;63;25;47;27;17;18;28;38;51;25;35;17;29;35;17;71;48;100;35;28;40;27;31;33;23;31;24;59;16;54;34;94;28;51;34;40;28;24;47;17;30;51;248;85;17;30;23;28;31;200;48;51;214;37;25;34;30;289;23;32;54;35;33;32;35;41;35;250;35;250;48;31;80;21;250;64;53;49;47;34;34;79;83;15;18;34;19;38;21;52;26;57;25;58;149;23;29;119;200;40;31;18;18;201;200;22;47;200;41;56;37)
seed_20_level_5-1,1390,12992.670905828476,8923752,3636,(100;62;100;200;115;36;24;47;100;79;55;22;37;21;33;48;34;35;147;32;30;21;22;73;32;200;26;27;23;59;43;18;87;25;28;34;52;100;17;15;21;31;100;57;24;29;28;48;34;20;16;20;30;63;78;85;39;22;28;26;17;32;17;57;23;24;31;40;22;39;88;20;20;47;30;40;38;64;100;40;136;56;27;57;50;38;50;30;55;116;38;30;16;33;25;24;22;18;195;64;103;56;58;105;77;100;38;57;24;31;41;113;113;31;55;68;35;18;57;92;24;34;105;54;16;133;124;30;33;52;28;140;25;32;57;226;25;33;26;124;70;200;31;18;15;27;32;450;49;61;32;79;23;16)
seed_20_level_5-1,1390,13503.27867937088,9325990,3780,(47;26;130;25;31;119;56;39;21;31;23;38;30;14;23;35;25;33;29;22;28;78;45;71;23;32;18;33;200;49;20;29;48;28;54;31;22;88;47;36;21;229;23;21;19;30;145;24;32;14;34;27;36;40;16;31;28;87;54;23;23;25;40;37;200;57;46;87;25;34;37;39;52;100;54;23;200;24;78;96;77;100;100;51;53;66;21;39;29;50;22;19;100;43;41;117;200;21;26;33;200;31;44;34;26;38;30;47;128;200;58;25;45;70;86;27;27;28;17;200;27;54;34;50;200;24;24;73;35;79;20;50;27;31;31;47;200;59;138;51;30;17;36;200)
seed_20_level_5-1,1390,14052.158380508423,9786810,3929,(50;100;29;150;38;100;70;238;38;43;31;21;22;36;15;32;23;30;43;80;100;200;14;23;15;18;166;19;34;51;76;36;45;80;34;36;100;57;31;22;54;30;47;30;25;38;18;26;14;14;150;40;57;55;100;19;27;19;27;40;29;32;109;27;28;44;21;34;58;14;47;30;33;50;33;200;38;59;29;35;200;212;33;106;70;200;79;188;18;54;19;20;48;51;48;29;79;55;32;26;132;24;16;30;20;62;34;77;47;19;27;117;42;200;25;35;40;24;47;17;17;40;50;30;123;18;16;146;89;200;18;65;16;20;200;20;26;200;31;26;78;200;81;64;29;55;26;87;86)
seed_20_level_5-1,1390,14572.134433031082,10142232,4076,(65;16;31;28;25;200;20;24;27;16;58;200;23;21;34;27;37;18;26;100;26;23;17;45;16;25;70;32;25;22;35;34;37;30;24;33;31;21;54;41;36;27;30;66;28;48;36;31;23;64;54;76;93;99;18;57;30;54;24;28;61;107;32;43;88;81;80;23;58;28;34;24;200;19;26;25;37;57;135;38;47;49;34;68;113;100;32;32;200;30;20;19;50;36;41;30;18;18;21;79;18;39;21;28;33;23;20;200;25;25;145;145;200;70;14;30;116;37;79;116;32;31;24;25;57;34;107;200;21;51;105;40;28;92;79;80;50;33;40;50;64;115;17;24;200;19;31)
seed_20_level_5-1,1390,15094.450253486633,10478415,4223,(24;100;42;32;27;21;61;20;23;31;27;31;34;33;92;107;20;37;26;41;32;27;18;18;40;30;45;24;18;21;27;21;34;20;32;47;53;77;47;72;30;79;24;19;19;55;31;47;37;16;14;24;58;57;79;17;24;14;18;35;200;49;26;36;40;35;16;26;110;63;37;57;38;200;50;50;43;20;67;56;24;89;19;52;60;42;19;19;47;113;150;27;29;18;27;77;200;19;47;89;82;79;35;37;108;63;47;18;78;31;22;39;32;105;250;15;37;57;14;47;200;17;28;15;36;27;38;48;119;33;66;114;56;200;52;17;47;110;24;200;105;33;60;17;19;41;80)
seed_20_level_5-1,1390,15599.403559684753,10908795,4363,(80;49;32;64;35;62;24;15;18;52;21;23;33;33;35;54;47;77;27;23;31;35;40;22;250;19;38;80;54;40;37;26;20;31;49;150;39;47;77;21;23;56;16;28;47;20;21;24;31;58;38;40;39;24;31;38;32;20;47;25;68;21;56;17;117;30;25;80;52;50;105;16;23;25;17;33;124;29;100;34;31;45;23;48;33;106;108;57;100;33;105;33;80;200;25;19;24;25;200;17;60;117;36;200;30;115;37;38;32;24;29;30;29;54;40;200;57;35;34;84;63;194;37;35;26;50;200;200;39;110;200;31;200;200;80;15;200;100;55;84)
seed_20_level_5-1,1390,16085.736389875412,11210782,4505,(42;54;35;21;38;16;96;32;29;17;43;43;23;26;78;47;84;50;17;36;32;58;21;200;27;27;25;37;250;19;50;25;100;62;29;27;24;21;31;25;29;24;24;24;19;33;16;32;21;100;35;27;48;38;24;38;19;36;34;57;42;24;57;100;100;99;15;77;22;26;14;34;27;30;16;22;28;31;28;50;24;24;34;31;57;24;34;56;63;133;24;35;63;111;42;51;51;82;36;25;35;21;77;29;37;29;200;35;34;106;48;28;24;114;34;37;15;200;39;73;200;55;40;18;29;26;49;20;21;105;28;33;32;77;34;200;27;29;59;18;24;200)
seed_20_level_5-1,1390,16586.705114364624,11534498,4648,(32;71;45;30;47;88;150;73;16;23;36;19;18;13;24;15;27;27;108;32;19;39;30;24;27;36;27;44;19;16;15;34;16;19;124;54;27;27;35;33;19;40;38;59;47;24;30;47;33;54;105;35;24;31;37;24;110;47;41;31;50;200;200;35;53;23;21;46;29;63;119;41;106;20;16;17;41;100;42;50;79;49;25;98;50;200;100;35;66;16;30;200;50;21;18;24;31;41;20;28;52;100;57;57;113;40;27;45;26;200;27;17;28;21;35;49;47;200;38;105;26;26;28;29;47;47;28;21;200;36;32;88;28;81;42;47;149;33;67;62;38;40;40)
seed_20_level_5-1,1390,17102.919892311096,11895219,4795,(40;136;26;50;19;31;21;32;23;31;30;42;200;17;29;28;17;194;34;19;34;17;50;29;200;19;51;23;18;33;57;40;30;31;35;29;29;29;19;19;51;16;37;19;31;25;28;31;42;57;20;21;25;16;35;47;32;117;110;17;100;83;98;86;50;31;48;38;65;57;36;67;100;33;47;24;29;40;53;17;63;54;28;15;37;17;22;200;16;31;200;31;28;33;19;26;119;49;16;77;47;200;15;57;30;55;93;36;147;25;26;200;33;49;35;30;107;16;39;22;200;88;22;61;30;26;47;120;59;47;80;22;51;33;54;77;113;57;28;51;106;200;18;27;100;25;25)
seed_20_level_5-1,1390,17611.79164838791,12323588,4938,(30;42;33;35;138;18;22;26;30;47;57;41;23;36;63;34;33;25;178;22;23;34;31;47;16;36;15;49;100;63;64;35;43;21;24;20;20;40;27;28;29;31;83;23;37;52;50;24;33;57;17;57;105;24;30;106;25;59;100;54;29;23;37;28;63;52;108;63;30;124;23;148;51;53;51;22;200;30;79;200;200;63;84;34;36;92;57;63;24;48;25;200;200;200;45;18;29;114;32;57;111;30;79;40;54;34;56;48;35;192;47;55;100;87;31;33;77;19;48;84;50;100;47;52;37;112;21;50;39;200;37;167;200;54;49;27;63;65;100;128;96;61;100)
seed_20_level_5-1,1390,18117.90126657486,12657636,5082,(36;17;14;19;19;24;27;17;24;22;16;19;30;22;55;59;34;59;47;36;36;33;34;16;23;31;49;29;47;29;60;100;24;43;47;53;57;26;23;36;44;39;20;23;51;34;20;38;93;30;157;63;54;53;19;61;54;92;47;50;26;33;27;31;200;72;38;41;77;39;23;18;40;29;50;51;30;38;45;56;84;30;81;54;18;23;24;56;28;56;79;146;153;16;86;27;28;83;18;38;20;46;135;100;33;100;100;94;50;77;31;100;59;200;29;22;59;79;87;79;50;112;22;65;38;134;26;77;50;58;33;38;28;48;200;200;31;200;49;17;30;200;32;25)
seed_20_level_5-1,1390,18635.183347463608,13077958,5228,(33;35;18;31;14;15;62;36;25;15;23;25;80;25;37;52;115;22;25;18;24;22;20;48;47;50;91;117;47;29;44;36;25;27;82;24;83;39;57;120;68;31;53;180;25;59;64;99;26;74;160;41;32;25;48;35;52;100;25;17;19;28;23;37;142;105;27;28;58;119;79;19;28;38;26;36;27;44;60;84;49;38;19;25;42;49;200;61;30;38;38;34;29;42;51;17;78;26;35;34;26;53;21;117;47;24;19;29;30;15;19;31;18;200;81;28;24;200;32;181;22;109;78;33;30;237;165;100;250;36;100;30;77;118;97;24;25;142;14;82;80;20;29;200;200;14)
seed_20_level_5-1,1390,19176.987630844116,13495655,5381,(29;31;27;38;19;19;17;47;33;14;20;21;52;15;23;59;33;35;20;24;34;28;29;82;31;29;52;35;24;40;29;138;33;84;50;58;57;87;16;63;85;80;25;47;29;76;31;31;36;47;82;23;35;63;57;200;56;200;55;61;38;47;110;27;57;77;57;204;15;82;29;24;38;42;18;41;200;32;19;170;43;93;26;200;33;81;109;73;29;53;77;57;34;193;26;38;17;24;18;38;137;50;200;16;35;78;200;34;18;46;49;45;81;18;31;22;77;68;25;19;51;59;39;100;42;26;150;17;150;142;83;33;53;31;57;27;38;110;47;26;24;22;48;58;30;150;33;143;123;56;73;45;79)
seed_20_level_5-1,1390,19701.373046398163,13972695,5524,(24;40;33;200;75;25;31;30;92;100;100;95;85;73;39;31;49;30;15;49;47;17;53;14;28;26;15;63;35;196;143;129;21;64;53;100;32;21;26;47;18;41;162;25;80;58;75;50;22;53;25;57;33;181;25;176;50;38;18;38;114;22;29;124;39;57;18;28;84;18;60;112;200;113;52;54;33;54;30;40;21;25;24;29;51;200;54;152;27;78;100;30;32;53;115;117;112;90;24;79;53;115;200;47;31;16;53;200;32;14;49;27;200;50;139;24;191;49;33;82;25;52;98;79;29;200;42;59;67;29;43;19;19;25;25;200;17;49;40;65;53;15;78)
seed_20_level_5-1,1390,20246.786889076233,14498475,5676,(30;24;19;131;95;100;59;100;73;55;31;46;53;56;55;60;34;19;27;22;27;54;24;35;29;28;48;180;59;26;53;41;33;47;41;17;24;17;35;24;146;135;81;25;51;50;38;39;20;18;18;62;58;19;36;18;18;49;45;32;54;22;80;38;29;50;33;27;23;24;109;29;25;35;117;100;35;57;200;200;22;105;200;200;19;105;200;28;200;46;90;23;130;27;58;59;33;24;31;30;38;32;34;56;57;38;40;46;51;132;72;41;60;32;300;33;38;200;34;131;55;44;76;46;21;31;32;21;43;29;51;32;200;64;27;28;24;27;35;168;37;59;200;200;54;57;54;219;200;109;24;28)
seed_20_level_5-1,1410,20759.166547060013,14967020,5821,(200;150;150;17;96;28;32;18;23;22;36;148;115;170;250;132;33;51;200;148;24;15;23;16;28;35;38;25;86;26;26;57;31;41;39;30;24;17;47;124;27;18;50;100;54;81;55;30;39;145;32;47;33;100;37;85;15;29;81;54;73;50;30;50;39;38;39;100;24;63;32;55;82;57;51;32;29;80;27;105;35;18;25;27;21;108;24;26;30;32;47;76;79;26;29;77;29;29;153;30;41;53;98;36;55;27;38;49;36;47;17;59;91;50;23;160;76;17;113;350;32;54;32;50;30;57;83;28;34;54;25;107;105;15;34;15;21;200;34;25;36;15;200;14;200)
seed_20_level_5-1,1410,21286.40567421913,15499759,5968,(34;25;28;20;17;22;25;56;22;35;18;25;35;114;104;32;100;27;54;32;28;21;28;54;24;139;115;51;200;35;84;23;47;34;200;106;34;33;37;35;50;76;19;46;30;54;32;100;100;192;32;31;107;23;27;32;26;150;48;44;30;150;160;105;65;175;87;64;47;81;101;22;53;86;200;29;350;30;27;83;41;81;50;107;23;71;22;16;36;133;36;55;18;20;82;34;58;57;78;27;15;79;100;47;47;55;14;58;77;200;14;47;53;34;200;84;200;23;124;200;46;98;24;32;105;113;23;225;29;156;33;30;112;55;38;23;39;50;55;36;34;37;23;50;28;30;81)
seed_20_level_5-1,1410,21823.546463012695,15985617,6119,(81;39;19;32;56;100;100;20;45;21;39;57;36;33;121;23;34;30;23;34;38;54;34;32;26;31;57;63;200;29;36;200;118;34;56;105;48;200;33;42;19;47;44;49;81;38;69;14;34;58;25;29;49;32;121;109;18;39;214;100;54;150;37;150;38;83;22;60;54;39;32;36;35;34;100;106;61;25;51;45;86;27;18;157;132;57;93;25;84;67;54;30;118;108;19;47;36;17;114;49;100;97;59;28;100;17;100;26;25;200;47;200;25;200;100;19;200;76;47;72;79;42;99;36;31;77;18;24;60;31;63;87;39;57;250;30;27;40;50;52;33;200;56;60;34;25;24;24;65;42;53)
seed_20_level_5-1,1410,22370.47063279152,16475122,6271,(30;36;59;83;86;72;132;71;54;100;57;48;37;32;51;30;84;15;35;42;18;52;40;39;81;56;54;95;200;57;41;80;113;33;177;54;49;24;104;61;56;43;28;112;34;19;39;37;80;95;200;34;50;52;65;38;200;33;23;34;118;31;37;47;28;24;177;34;26;57;54;23;27;39;94;52;19;50;58;164;44;78;49;100;36;150;100;137;39;54;100;47;20;22;50;41;61;130;200;29;21;57;80;57;46;41;30;40;200;94;55;80;47;25;19;29;59;34;48;18;150;111;32;200;14;18;46;49;159;200;44;63;200;50;28;16;57;200;28;100;100;27;19;31;19;28;72;30;80;18;28;23)
seed_20_level_5-1,1410,22919.88832092285,17011641,6421,(93;27;26;107;18;14;167;82;143;79;93;34;32;50;46;27;47;105;25;200;23;19;59;77;36;52;45;28;82;100;118;30;24;59;63;17;37;200;87;84;51;25;19;19;47;51;32;33;31;39;24;28;17;54;77;125;51;35;29;150;57;58;67;26;33;38;30;57;24;33;22;119;33;50;82;51;33;37;111;300;247;86;118;200;47;251;47;137;24;96;133;38;54;200;100;38;83;21;51;23;14;62;200;25;200;79;22;34;93;17;32;83;17;77;46;108;34;53;26;40;40;54;19;34;26;33;31;30;49;61;77;33;140;26;138;54;40;113;80;39;51;31;200;112;110;23;32;19;29;36)
seed_20_level_5-1,1410,23460.73457479477,17474985,6572,(100;24;45;79;34;29;50;30;50;50;153;117;38;36;58;135;45;28;70;36;100;121;132;79;20;57;87;34;45;71;200;58;23;71;50;19;36;100;24;33;18;57;51;83;57;31;89;29;18;28;32;118;33;53;38;57;18;47;47;28;200;17;77;77;77;41;39;21;79;54;23;33;24;37;95;31;24;200;37;200;40;16;88;200;15;168;23;24;30;25;200;31;25;48;47;31;22;29;31;92;200;78;81;43;48;150;102;150;62;61;84;69;92;21;200;40;200;33;82;29;40;78;38;18;33;32;83;38;22;31;17;38;54;60;39;18;19;19;22;84;24;49;85;56;80;54;23;70;60;27;200)
seed_20_level_5-1,1410,23991.672243356705,18120980,6720,(79;190;326;250;51;79;17;19;79;17;18;50;145;32;36;80;27;33;30;53;84;200;34;66;33;54;23;34;105;30;46;86;43;100;203;26;51;35;69;18;41;47;25;57;47;44;34;54;83;30;31;21;18;24;77;129;200;50;38;50;47;19;38;108;200;62;200;52;30;24;94;39;113;199;31;41;32;21;25;33;32;55;84;32;34;34;28;200;37;200;57;26;19;29;58;76;34;17;46;29;200;50;27;200;31;200;200;83;31;100;200;16;92;200;39;40;37;200;31;47;25;24;61;16;50;32;77;21;33;200;47;37;16;82;117;86;61;100;114;29;247;15;99;19;70;16;38;20)
seed_20_level_5-1,1410,24533.255457401276,18643731,6873,(47;54;113;47;42;108;33;44;50;99;88;182;36;92;49;73;76;117;58;26;46;65;27;15;55;53;29;40;40;113;154;56;32;189;37;113;28;18;24;37;27;61;57;31;54;29;28;41;34;57;19;126;58;29;31;59;71;109;50;20;26;50;50;34;65;30;39;116;35;200;15;200;62;47;54;39;105;25;77;200;39;38;200;18;54;36;85;89;200;30;37;86;200;26;14;200;34;87;50;84;50;32;57;24;79;41;34;50;200;30;44;59;25;29;42;36;20;29;51;14;29;100;42;44;37;22;49;80;107;47;80;37;47;148;29;16;38;54;200;24;81;29;30;200;200;32;200;182;26;85;24;17;18)
seed_20_level_5-1,1410,25102.324162483215,19475582,7025,(37;200;250;105;26;116;14;17;64;71;85;400;24;49;200;60;78;82;200;300;36;60;34;250;100;26;51;15;38;29;21;50;34;31;57;130;41;54;18;35;147;31;31;34;130;86;26;75;28;26;42;144;124;84;95;250;150;67;200;86;57;62;49;200;46;14;82;28;82;190;50;30;14;25;26;79;47;50;14;26;89;113;31;41;41;31;34;29;42;34;22;37;60;68;33;24;46;200;19;32;37;49;33;21;24;23;200;39;22;130;36;24;200;19;25;26;29;83;200;21;26;31;25;200;200;118;31;27;20;39;200;200;15;17;22;37;196;200;39;202;24;36;21;47;94;23;23;27;41;200;26;307)
seed_20_level_5-1,1410,25646.261575698853,20009957,7176,(20;33;29;38;33;31;27;18;16;21;18;123;16;18;200;43;30;33;16;18;47;200;49;30;112;51;28;86;21;31;26;21;36;200;79;27;46;35;52;52;42;48;122;87;47;21;111;70;28;35;76;26;45;47;97;30;27;20;29;35;200;49;24;83;18;200;80;160;28;47;35;77;142;54;196;28;105;31;200;136;155;35;34;29;32;20;200;121;43;27;200;19;27;26;200;83;35;26;192;83;36;35;34;18;25;38;24;21;32;57;54;37;23;32;90;35;113;53;100;36;64;54;72;41;24;150;126;72;117;80;112;49;300;111;112;54;100;30;41;150;21;30;33;77;98;43;29;47;25;18;33)
seed_20_level_5-1,1410,26184.440548419952,20554233,7327,(51;200;41;30;19;32;14;27;32;22;51;26;350;65;64;33;150;105;200;145;69;33;21;80;32;100;41;155;58;81;200;54;54;140;28;64;25;50;47;28;50;79;200;32;53;50;25;20;41;22;53;38;25;33;21;29;27;200;80;89;21;33;52;28;29;26;41;29;129;200;200;79;59;25;23;24;27;37;19;23;39;200;36;60;28;24;21;18;35;52;14;87;100;18;50;33;113;81;19;21;31;107;47;86;35;35;77;93;109;34;200;200;22;30;200;20;18;24;28;22;120;32;17;29;50;152;50;22;32;32;24;28;24;38;150;77;19;87;200;139;127;24;24;31;40;30;24;31;29;31;47)
seed_20_level_5-1,1410,26719.307325839996,21110704,7476,(200;32;49;68;19;32;28;15;22;36;58;54;48;47;51;64;45;178;138;100;23;93;64;93;92;112;215;100;108;63;50;77;93;27;77;23;200;54;14;109;17;15;108;27;54;87;200;19;41;63;57;36;40;25;37;52;50;57;24;26;57;29;37;27;57;38;139;84;29;200;96;47;103;15;134;30;36;74;39;205;49;16;29;77;77;30;54;38;78;109;140;54;18;17;85;89;21;30;17;69;28;69;200;51;200;77;47;17;31;27;80;79;200;38;23;200;77;20;200;47;31;17;21;22;28;48;20;17;80;200;18;38;57;16;29;200;27;132;35;33;200;18;31;19;26;26;213;36;80)
seed_20_level_5-1,1410,27252.403242111206,21595498,7626,(83;73;51;34;24;28;31;92;57;53;54;34;67;57;24;100;22;24;36;28;25;25;144;138;57;34;30;28;23;200;40;60;87;53;84;100;44;41;148;164;79;38;51;37;23;54;30;77;195;62;17;106;43;16;21;52;51;48;50;110;68;40;80;36;20;97;114;149;185;63;68;63;84;98;126;43;100;150;34;195;37;50;21;200;29;37;193;57;28;25;57;25;44;96;32;40;155;37;49;26;50;57;30;200;116;50;112;200;14;31;105;200;79;28;50;30;24;47;60;47;200;47;15;50;33;14;24;22;26;51;77;22;54;35;14;49;175;23;47;77;22;27;54;47;29;24;37;37;33;29)
seed_20_level_5-1,1410,27786.913417816162,22126793,7776,(17;200;54;37;33;34;93;87;47;25;34;41;50;69;207;29;37;52;27;152;200;32;26;58;51;24;29;31;22;19;38;16;77;25;20;15;47;84;47;57;36;24;112;33;250;57;30;150;27;100;40;20;35;25;150;27;100;54;107;36;46;29;15;295;54;20;61;100;101;69;21;30;68;33;100;30;83;25;31;81;29;54;34;27;51;33;24;18;87;30;41;137;101;77;77;73;27;149;40;100;102;195;44;24;36;59;15;16;71;30;29;55;40;42;50;200;28;31;18;54;23;200;26;55;47;15;80;30;200;34;48;40;27;34;113;79;17;25;109;22;16;47;200;200;106;17;35;21;200;200)
seed_20_level_5-1,1410,28332.041431188583,22737101,7927,(20;150;54;34;39;149;82;200;84;30;100;47;137;177;23;23;200;50;63;63;104;99;35;56;50;29;81;41;54;83;80;88;82;89;67;53;17;71;34;86;59;34;17;17;200;128;16;200;77;23;16;22;50;28;54;200;26;37;263;18;38;39;39;18;49;78;28;195;16;32;95;185;106;34;47;50;250;77;25;108;183;34;27;55;24;95;203;280;47;33;38;85;26;50;31;31;38;105;25;24;47;41;38;188;84;47;200;23;15;42;47;29;17;41;30;26;21;23;85;115;33;27;26;38;15;21;132;29;200;28;29;31;38;31;28;36;200;26;14;29;30;200;21;40;47;26;115;26;51;18;31)
seed_20_level_5-1,1410,28881.991982221603,23425005,8077,(53;54;53;59;31;57;57;53;21;40;37;34;90;33;81;54;84;50;87;61;32;20;43;34;53;105;27;35;80;15;109;28;35;133;32;136;34;107;53;19;21;105;200;35;111;30;52;31;23;37;47;50;109;49;200;28;79;200;86;105;77;30;79;179;87;30;15;23;84;200;50;56;26;105;19;27;17;17;122;200;79;200;82;22;27;14;54;31;29;149;155;191;18;39;51;150;62;103;111;34;18;87;54;49;36;54;115;62;23;52;250;26;167;32;36;97;250;77;100;200;34;32;204;26;100;121;55;32;16;26;200;53;200;65;156;200;56;67;200;79;200;209;24;81;68;108;100;17;29;53)
seed_20_level_5-1,1410,29444.001341342926,24240629,8226,(28;200;41;83;39;57;43;40;150;63;80;54;62;54;33;56;87;26;80;27;40;104;24;59;34;91;74;175;18;58;100;250;79;227;101;46;36;35;100;86;24;66;137;160;36;18;108;26;57;31;100;87;38;32;33;24;200;109;36;45;31;50;59;79;200;200;54;22;56;200;17;30;200;53;97;52;26;24;54;40;26;130;53;200;101;27;31;42;200;61;200;41;29;131;70;200;182;250;116;335;28;34;76;29;33;182;61;30;77;47;47;34;42;33;32;53;128;90;134;224;24;49;34;19;27;200;216;38;108;30;79;47;19;55;200;88;14;116;47;37;47;200;23;200;27;34;28;200;199)
seed_20_level_5-1,1410,29992.418823957443,24937656,8376,(32;26;30;200;49;25;68;19;18;97;36;19;88;18;60;30;39;100;31;47;100;100;104;48;95;44;76;62;62;26;27;83;61;31;56;149;17;43;53;34;83;31;64;56;39;68;17;93;50;88;200;17;53;53;27;80;37;87;59;31;41;100;181;121;200;25;200;157;200;200;15;165;47;47;200;46;54;34;64;197;105;60;154;77;105;250;106;77;28;30;36;88;47;140;93;153;161;110;14;34;200;26;200;200;33;177;35;13;123;58;200;200;22;21;80;34;22;21;17;79;71;200;14;105;79;28;25;15;151;33;54;27;79;117;47;32;24;54;200;200;32;17;79;56;108;105;20;34;30;14)
seed_20_level_5-1,1410,30546.099709272385,25557003,8527,(80;33;40;200;55;57;110;24;57;54;30;50;48;35;82;19;26;36;37;31;37;83;24;28;35;54;74;24;33;28;86;50;60;34;26;63;58;56;30;59;53;58;33;18;41;80;18;82;37;32;56;73;50;40;79;25;17;30;105;27;37;77;115;20;250;36;22;48;108;35;109;50;13;41;200;51;48;27;28;200;17;200;47;37;77;110;109;50;135;32;17;55;21;29;15;200;14;33;50;68;41;200;134;178;47;30;154;34;14;200;20;122;47;54;29;44;55;146;200;99;47;194;29;28;38;250;56;200;29;69;54;200;59;41;34;51;28;200;124;37;194;160;28;51;29;250;25;28;200;59;18)
seed_20_level_5-1,1410,31118.333199501038,26475811,8677,(83;87;31;100;46;24;23;36;18;28;83;33;38;26;59;94;23;18;35;31;28;56;117;35;26;29;79;52;98;37;52;33;49;91;32;19;47;100;74;200;57;63;81;28;90;16;51;91;15;165;68;65;26;40;19;67;20;57;61;75;29;187;66;200;31;17;51;52;357;32;200;20;200;53;101;201;28;83;31;63;115;200;22;15;48;52;29;28;200;50;283;88;106;85;54;50;54;52;67;226;218;27;47;26;80;59;27;36;200;217;32;25;300;200;41;253;28;35;40;27;202;50;34;30;351;66;27;84;29;47;59;200;47;130;250;166;350;200;38;28;17;22;81;47;40;200;48;147;31;151)
seed_20_level_5-1,1410,31648.865250110626,27071843,8826,(200;250;88;84;100;100;73;108;28;42;56;56;59;57;42;49;100;36;119;200;26;46;67;200;60;74;23;65;35;115;54;202;39;117;40;21;58;54;31;31;92;44;23;30;24;40;83;83;83;26;41;91;57;57;54;186;34;28;25;100;46;31;26;19;58;126;35;19;258;200;86;33;75;59;55;157;32;100;21;100;77;25;200;50;27;35;24;200;68;46;19;47;47;100;25;184;42;29;52;28;105;30;41;39;21;31;24;47;29;77;120;27;26;72;77;106;34;80;38;83;42;27;18;250;58;36;105;37;24;206;23;79;55;47;22;79;126;145;164;43;36;137;34;53;47;58;204;47;37)
seed_20_level_5-1,1410,32198.296030521393,27805057,8975,(200;49;41;22;77;200;66;51;123;49;27;27;22;40;200;27;108;79;46;39;15;56;55;51;200;105;60;70;200;16;200;31;84;27;62;25;76;159;85;59;43;154;37;34;32;57;137;33;25;31;35;27;49;54;33;200;54;81;23;40;27;47;132;37;34;57;37;25;34;54;83;29;33;32;179;103;263;68;200;54;89;113;17;47;112;43;259;100;93;83;83;50;54;19;33;115;112;99;34;17;33;53;50;34;49;60;149;118;25;108;36;250;130;47;33;105;47;47;126;28;22;30;23;350;105;100;44;77;34;200;64;47;200;30;200;77;68;47;125;59;45;116;111;33;86;42;20;35;257)
seed_20_level_5-1,1410,32740.76465153694,28437203,9125,(50;26;150;200;110;35;37;105;54;40;65;50;37;74;17;122;21;134;48;82;179;42;33;83;37;100;31;91;22;54;161;33;27;43;73;54;27;27;23;24;54;206;156;19;30;133;63;27;25;19;70;14;200;53;18;23;129;54;30;31;128;47;58;52;47;27;21;89;179;57;83;29;62;122;72;116;50;115;43;24;35;112;149;181;200;56;53;80;103;118;50;127;54;30;100;34;200;22;28;18;38;202;38;53;118;26;34;32;200;28;33;40;31;124;17;134;34;200;33;200;77;43;30;33;47;54;26;21;31;33;250;129;33;26;93;24;77;18;83;35;30;112;59;175;121;194;25;190;39;114)
seed_20_level_5-1,1410,33306.579181194305,29255363,9275,(123;23;200;33;40;47;29;23;33;13;23;328;39;61;33;235;49;109;192;100;21;199;38;22;187;30;58;62;64;39;176;26;20;200;67;30;85;79;51;33;57;66;36;17;26;66;40;139;26;82;133;77;200;15;110;59;24;77;27;100;25;54;138;37;37;190;105;161;35;149;83;16;200;86;149;35;47;197;45;202;57;25;55;299;89;19;54;100;47;31;33;21;24;188;26;47;47;25;197;16;28;77;150;47;190;23;33;197;179;33;55;42;180;18;38;112;30;39;56;155;24;53;117;53;37;38;98;48;300;37;28;112;53;40;53;53;20;112;53;33;244;27;200;60;54;21;17;112;33;184)
seed_20_level_5-1,1410,33869.66148900986,30070642,9425,(32;86;32;24;24;100;116;28;38;33;148;24;83;200;57;250;32;27;17;38;19;113;105;116;31;32;17;84;24;145;150;122;78;54;56;39;29;28;129;87;200;26;67;31;28;63;138;32;200;18;19;36;40;88;200;47;151;28;59;14;62;17;53;200;191;200;201;34;26;87;100;26;242;61;24;35;158;280;122;32;130;52;33;15;149;25;32;17;44;35;79;24;34;36;45;47;195;47;22;63;219;105;200;27;200;23;35;33;123;54;24;17;28;41;33;136;300;34;22;31;208;77;43;47;49;26;34;16;136;31;163;128;34;200;77;30;206;47;155;59;34;116;126;87;200;200;57;47;120;39)
seed_20_level_5-1,1410,34434.044193029404,30790380,9576,(86;70;28;145;25;41;19;121;30;130;61;86;64;66;26;92;30;29;24;250;55;79;250;100;54;33;350;200;90;40;88;51;70;39;27;23;89;40;24;46;115;28;32;200;28;53;59;24;200;23;24;80;20;200;50;57;34;59;97;57;44;52;57;57;18;83;26;98;48;25;37;26;49;25;47;200;39;50;86;71;150;30;200;71;57;200;55;54;76;70;93;57;29;41;200;27;35;21;77;32;31;47;27;49;47;200;34;152;77;29;47;21;121;120;29;21;47;200;18;34;53;77;29;198;200;40;200;198;38;18;115;47;21;18;200;57;180;48;56;35;200;83;32;38;47;30;23;145;35;185;58)
seed_20_level_5-1,1410,35013.62162399292,31772184,9726,(17;25;200;23;119;150;175;36;84;41;57;23;57;113;100;83;97;26;45;25;149;35;40;29;33;174;146;168;133;200;111;144;57;49;54;84;48;86;36;100;54;63;52;57;22;90;96;17;31;49;67;350;228;38;43;26;47;30;30;51;25;58;123;200;47;200;82;211;60;77;56;23;34;214;34;48;22;136;16;158;59;200;47;22;29;27;31;66;200;201;192;47;200;194;60;131;76;200;124;185;35;119;211;30;87;23;206;240;33;29;213;39;76;47;36;27;29;200;193;47;23;125;51;200;28;47;33;17;165;229;200;21;32;47;28;187;200;15;200;77;33;40;65;35;54;110;74;125;34;250)
seed_20_level_5-1,1410,35568.79776716232,32546340,9876,(141;16;72;129;28;200;54;22;98;132;18;30;31;29;25;21;29;36;28;20;93;56;246;22;18;59;26;400;31;59;136;100;146;89;79;57;63;31;57;33;24;56;56;190;119;18;71;95;58;95;23;28;54;114;28;56;80;18;95;122;38;76;56;34;30;54;29;47;122;54;84;47;49;34;32;200;80;30;47;220;47;224;15;118;80;55;57;118;200;31;34;33;57;47;226;76;47;59;50;208;200;32;31;162;34;29;32;78;47;27;49;22;48;34;49;29;29;57;35;136;47;200;29;17;56;219;36;118;200;200;44;62;116;34;200;200;62;183;76;123;105;47;200;71;22;60;47;243;29;34)
seed_20_level_5-1,1410,36120.23106884956,33229412,10026,(36;16;36;56;25;18;49;200;100;109;130;145;57;52;35;15;57;55;19;32;86;59;36;55;24;57;30;50;28;27;57;16;63;62;129;17;101;29;60;26;27;37;27;29;29;250;32;24;122;26;26;47;27;29;115;31;23;94;25;116;41;200;27;195;34;200;54;77;87;200;59;198;84;35;47;16;28;200;38;35;136;125;114;21;200;200;28;108;89;32;33;55;32;34;24;219;30;85;32;112;105;200;200;126;33;54;47;44;52;108;200;39;64;205;36;226;202;61;61;32;57;200;57;77;35;47;206;179;77;59;75;31;29;47;32;133;23;54;35;47;77;17;38;34;27;200;27;47;112;16)
seed_20_level_5-1,2338,36702.250166893005,34230530,10176,(116;70;151;65;30;28;58;142;38;35;48;37;200;31;22;142;550;30;38;79;35;14;23;60;83;115;200;26;60;38;27;49;34;131;32;118;118;200;111;200;85;84;200;26;30;146;101;23;60;89;24;41;31;20;63;51;35;200;17;200;69;141;200;14;200;28;26;49;200;21;32;35;84;200;35;200;97;106;31;178;20;34;21;47;64;200;22;220;33;145;54;33;37;32;29;19;55;59;84;37;127;53;30;200;89;200;35;118;57;47;47;200;106;127;14;58;134;231;34;211;200;87;41;33;113;26;77;22;47;47;200;29;105;85;200;23;86;54;200;126;200;211;136;33;29;200;54;33;47;126)
seed_20_level_5-1,2338,37282.26145362854,35231094,10326,(21;53;57;25;53;27;94;53;116;26;84;400;21;130;69;121;54;28;25;13;30;200;200;13;41;54;28;45;200;51;133;65;113;27;55;30;38;24;111;23;143;60;29;137;90;24;98;200;30;17;86;22;88;32;30;56;25;83;116;200;50;100;16;150;200;84;220;200;126;129;200;79;47;47;23;119;190;38;203;116;31;329;58;105;113;80;79;200;77;33;133;19;105;200;18;200;105;200;23;76;111;47;60;41;200;39;31;21;34;31;40;46;77;28;192;30;200;27;62;29;47;200;40;32;200;63;49;79;30;187;200;33;33;200;119;34;120;197;200;60;200;200;191;77;154;48;23;200;33;18)
seed_20_level_5-1,2338,37854.73532652855,36129246,10476,(66;20;74;18;24;150;26;74;54;54;17;200;24;200;40;73;200;67;36;106;168;25;100;79;26;24;67;14;26;30;51;92;59;25;15;40;82;36;61;154;145;152;19;200;28;129;21;228;79;24;29;32;126;27;24;47;39;56;17;27;58;59;233;28;200;200;200;72;200;47;57;33;34;235;200;100;30;26;47;69;48;57;47;15;57;105;200;41;20;29;37;79;147;48;119;59;257;200;219;22;57;78;115;47;192;126;200;53;33;39;200;29;22;23;47;200;48;120;57;203;200;34;25;47;200;18;175;56;205;34;200;200;22;47;129;47;205;30;80;79;78;33;169;49;200;34;200;35;15;30)
seed_20_level_5-1,2338,38405.65453839302,36872184,10626,(54;31;57;54;28;58;59;27;37;54;38;52;56;36;54;28;48;54;26;57;37;71;200;27;126;54;156;33;57;141;200;56;200;86;31;115;25;126;24;26;116;118;33;36;57;24;33;29;54;31;31;127;86;109;24;28;200;29;126;135;238;22;34;36;19;33;200;38;33;28;36;205;29;55;19;77;196;47;200;86;27;47;27;220;18;34;178;48;200;57;177;134;25;32;200;47;29;200;49;205;47;34;47;23;29;26;47;17;19;79;52;23;49;200;24;20;49;105;182;200;359;18;49;23;31;79;20;34;204;26;88;158;28;126;47;36;33;57;77;25;47;57;126;200;41;47;25;208;28;48)
seed_20_level_5-1,2338,38982.53028011322,37812582,10776,(23;187;30;23;27;127;168;17;24;17;121;54;87;128;47;56;41;128;31;195;33;25;37;200;25;113;53;54;61;21;40;28;37;200;23;56;128;28;200;18;25;34;128;87;100;35;25;19;200;54;24;250;22;28;29;350;27;145;36;54;36;152;27;31;22;33;42;47;47;284;58;66;85;48;31;16;131;54;136;200;20;108;181;40;149;77;149;85;60;18;29;48;34;200;27;200;60;200;30;39;33;200;17;100;287;25;200;59;77;21;105;34;77;115;34;49;29;30;216;49;17;229;47;200;79;200;24;351;32;47;200;126;60;34;200;28;37;60;47;28;78;48;27;48;34;200;203;56;206;57)
seed_20_level_5-1,2338,39550.02371716499,38575140,10926,(170;25;200;138;44;54;36;57;27;200;25;49;17;54;64;33;28;68;21;200;29;28;200;29;51;113;134;62;72;57;57;14;64;128;126;18;27;30;18;168;100;79;30;200;24;116;140;19;56;31;33;129;32;35;54;200;32;114;31;231;200;22;29;150;159;49;27;31;47;212;39;25;47;25;99;29;133;55;41;77;49;200;29;185;28;54;15;129;34;56;35;47;17;140;200;204;118;38;57;25;24;79;84;31;57;200;100;113;47;200;21;220;36;47;25;31;148;25;107;31;47;54;106;54;200;62;86;100;158;33;25;191;58;200;22;57;24;47;200;47;25;83;105;28;39;37;200;77;141;99)
seed_20_level_5-1,2338,40111.670820236206,39399938,11076,(200;17;113;200;26;85;20;141;33;52;162;25;63;83;55;232;21;91;100;49;30;22;37;29;38;36;37;37;35;126;19;36;25;25;34;173;52;26;26;33;200;25;200;34;87;23;36;19;26;28;130;29;54;25;41;23;26;30;24;200;24;37;54;19;22;34;30;116;200;212;200;190;200;53;100;40;16;111;118;18;35;35;49;29;49;105;34;77;54;30;77;200;200;28;31;200;57;34;126;77;105;35;196;200;30;137;44;22;200;29;37;57;54;227;200;21;200;100;248;36;203;210;40;56;15;100;46;54;192;34;198;15;19;59;200;133;25;24;28;27;28;145;200;29;29;47;126;200;118;34)
seed_20_level_5-1,2338,40639.773639917374,39951234,11226,(26;37;24;33;129;21;108;185;31;200;31;28;32;126;29;136;16;31;84;56;30;200;200;82;38;61;29;27;82;145;37;40;200;57;57;33;30;34;59;79;31;80;29;84;36;144;29;54;130;53;29;38;51;25;29;59;39;55;36;34;200;59;27;59;54;200;47;134;200;19;58;61;130;276;26;20;32;77;24;33;47;200;17;47;48;27;21;200;100;14;26;35;200;28;21;17;31;84;200;18;27;25;47;27;28;40;59;57;25;15;29;16;200;23;25;32;33;77;31;14;15;177;27;21;17;47;25;102;15;200;22;31;115;59;48;50;85;23;57;34;19;57;54;200;32;34;47;41;23;40)
seed_20_level_5-1,2338,41184.00537490845,40673326,11376,(195;47;24;350;200;77;200;54;24;28;31;34;56;47;112;33;105;34;54;106;40;54;113;32;54;250;27;47;25;200;54;24;33;21;109;26;15;95;33;200;31;17;47;25;248;47;38;32;34;200;200;16;232;27;105;16;47;16;47;112;35;200;31;24;24;36;21;15;34;155;60;21;200;47;77;77;31;200;32;46;126;100;26;83;32;40;163;129;58;32;26;30;26;39;155;118;25;25;51;55;82;151;39;25;32;16;33;25;83;141;87;55;58;86;38;24;28;100;37;36;34;28;31;31;200;60;31;59;57;25;125;18;87;135;27;38;250;28;180;126;29;28;43;17;113;54;29;58;154;250)
seed_20_level_5-1,2338,41734.92438149452,41378367,11526,(57;21;200;62;38;17;29;32;54;31;37;26;113;16;29;41;79;89;116;35;34;30;29;100;167;18;26;96;55;29;28;232;53;59;155;200;57;117;59;57;81;116;24;83;29;36;40;25;27;50;31;35;129;22;30;57;29;19;54;33;41;24;35;35;142;29;115;250;41;42;32;35;85;200;200;77;29;49;18;19;146;111;200;33;29;25;16;47;55;16;36;61;200;16;16;200;28;50;29;32;22;32;200;62;19;47;106;200;200;47;200;34;16;28;40;200;17;18;19;125;199;105;200;205;105;16;194;200;200;28;14;200;30;47;83;37;200;17;106;47;31;15;81;48;21;226;24;51;32;19)
seed_20_level_5-1,2338,42282.74793601036,42101015,11676,(149;200;16;200;24;66;39;27;54;143;85;57;57;57;200;34;32;51;20;22;19;127;57;23;30;51;29;28;54;25;109;35;112;23;157;36;34;29;50;27;16;153;191;18;49;57;31;200;54;39;27;114;124;26;200;28;30;53;26;23;59;24;40;100;126;30;57;205;208;16;15;100;200;217;31;19;44;50;105;194;18;22;200;24;54;193;25;34;200;20;198;55;200;33;47;33;23;211;17;33;35;38;26;29;20;84;41;15;200;30;32;47;119;50;20;47;30;200;47;22;16;151;24;300;41;24;33;21;27;59;200;200;29;26;54;47;32;50;115;50;29;38;29;200;33;47;47;200;21;143)
seed_20_level_5-1,2338,42820.16074705124,42655103,11826,(161;32;29;40;24;59;22;19;17;28;83;55;29;37;35;44;20;55;28;37;50;32;28;29;32;200;54;26;60;54;60;200;26;31;142;200;192;57;200;57;50;19;116;26;56;26;40;165;47;36;27;73;31;148;28;26;56;221;86;48;169;56;30;57;87;73;38;25;55;36;35;41;50;23;89;48;36;29;24;22;32;41;200;54;33;95;33;211;121;21;200;50;33;17;29;200;57;200;54;21;59;57;145;38;40;57;53;50;53;79;35;200;50;20;50;119;47;37;47;36;35;21;47;46;200;27;19;17;27;16;200;36;216;47;37;54;58;33;22;28;22;59;52;200;57;30;126;129;24;24)
seed_20_level_5-1,2338,43369.6868326664,43327231,11976,(126;113;54;52;82;83;36;191;55;50;28;135;54;24;17;91;141;29;200;160;32;165;37;200;36;29;39;31;129;34;24;200;60;29;25;33;27;200;200;163;50;56;65;115;57;31;123;27;141;38;25;124;27;42;121;59;34;25;28;29;63;23;200;25;54;25;143;127;200;30;30;25;200;29;38;50;21;34;84;17;59;47;23;21;108;40;200;33;77;37;200;15;200;47;30;27;25;113;31;200;61;61;47;195;115;28;207;19;61;19;40;30;124;47;30;19;30;87;40;33;33;47;45;200;56;214;18;200;22;39;69;195;24;43;126;25;47;200;84;94;23;22;16;25;47;27;25;50;31;34)
seed_20_level_5-1,2338,43921.40499043465,44121513,12126,(18;200;47;34;201;15;18;33;52;59;47;50;26;27;200;31;47;30;15;169;64;47;61;200;200;15;33;227;47;23;54;22;83;16;177;23;200;61;200;52;200;180;47;200;35;20;196;200;32;15;34;47;19;29;22;27;28;36;85;54;44;29;26;29;54;30;54;40;30;204;116;146;31;55;144;29;123;31;25;33;142;39;47;25;25;143;26;31;29;37;32;200;126;200;28;31;18;106;30;28;29;220;90;18;34;148;33;200;25;47;27;127;70;34;54;105;17;37;200;29;77;16;27;203;202;25;30;200;200;200;200;16;105;47;23;27;14;218;30;157;17;47;34;200;18;105;200;18;24;89)
seed_20_level_5-1,2338,44475.78083896637,44897653,12276,(35;97;31;200;41;100;30;31;18;34;37;34;33;34;180;77;200;57;59;59;80;59;196;188;88;24;54;30;47;54;108;26;24;25;19;191;210;16;27;116;192;33;18;77;59;29;28;21;186;40;115;108;105;200;22;47;43;136;61;45;33;24;36;47;39;89;57;61;35;25;24;34;90;29;50;47;23;19;35;211;28;350;31;27;24;29;21;114;208;18;19;47;204;26;38;22;200;100;200;169;200;100;96;41;18;51;201;32;200;26;106;34;50;200;213;85;200;18;60;114;47;29;41;113;47;23;82;86;200;84;78;31;194;89;200;113;17;207;32;37;33;109;31;20;29;26;28;88;29;38)
seed_20_level_5-1,2338,45038.08916735649,45736704,12426,(200;209;105;61;30;15;113;200;77;47;117;180;23;15;50;84;14;89;18;136;38;28;34;200;47;200;18;35;50;15;47;48;38;188;198;86;21;40;111;17;87;37;35;108;30;50;28;200;72;38;16;77;200;15;84;31;47;41;100;41;17;200;108;55;32;15;84;188;38;24;200;47;56;54;200;45;59;250;167;47;76;84;25;100;108;77;31;108;200;200;77;84;200;25;23;39;39;35;200;33;130;150;71;192;200;69;26;18;79;33;26;38;32;200;100;64;33;54;45;42;24;34;25;51;60;28;34;200;47;87;83;35;30;267;113;188;47;52;201;39;189;47;58;74;200;31;49;54;250;32)
seed_20_level_5-1,2338,45631.27462887764,47022505,12576,(261;43;47;21;33;267;187;200;250;16;32;24;50;113;18;18;250;77;663;25;200;22;47;52;15;69;84;55;50;201;21;47;116;131;179;200;41;86;144;47;220;54;206;58;25;63;219;33;200;47;70;54;300;31;47;200;77;173;83;90;28;26;30;64;107;343;77;88;32;210;130;76;54;31;45;26;180;133;200;47;77;75;200;30;83;30;77;17;206;47;38;105;218;57;17;200;47;15;50;145;32;17;47;49;40;124;200;185;106;185;47;109;96;35;194;17;38;200;48;133;15;198;50;18;47;49;28;105;27;38;19;47;178;200;47;47;126;15;34;80;105;50;200;26;18;139;15;108;200;200)
seed_20_level_5-1,2338,46185.054471969604,47995787,12726,(660;18;200;31;364;193;33;173;34;27;93;200;28;36;65;14;43;200;47;30;55;32;78;35;25;29;47;39;79;106;40;24;25;48;77;207;32;47;257;27;36;200;48;40;47;53;250;48;155;15;28;32;17;288;47;41;47;14;32;57;173;21;28;57;116;54;200;30;77;250;27;38;48;58;200;58;27;47;79;135;26;77;79;191;17;200;33;22;195;196;25;47;122;22;200;15;53;54;147;25;50;105;28;18;105;47;16;19;47;47;38;22;32;33;143;18;57;50;47;41;40;108;47;47;47;16;54;50;105;47;200;19;62;47;133;47;54;133;180;47;36;32;14;41;200;34;133;23;36;25)
seed_20_level_5-1,2338,46778.5546913147,49148897,12876,(58;29;56;29;204;57;18;19;135;144;250;246;16;191;36;117;166;59;77;40;17;200;81;200;200;33;300;250;17;153;44;64;31;117;200;187;22;173;52;33;39;105;250;111;149;200;173;24;42;39;155;126;30;200;18;29;30;37;149;115;200;56;28;16;84;250;105;138;117;200;36;47;52;200;200;29;113;178;57;54;49;40;54;25;200;40;16;43;31;77;30;200;32;27;200;200;32;55;77;200;27;146;200;136;32;130;47;54;19;47;78;33;106;47;200;77;47;77;54;105;66;192;28;77;293;47;200;200;47;23;50;181;47;54;47;47;200;77;25;47;19;148;79;200;200;21;200;48;118;200)
seed_20_level_5-1,2338,47349.621911764145,50033780,13026,(246;200;77;195;41;113;200;33;74;47;42;173;33;109;38;38;156;58;166;202;37;73;77;109;106;33;16;86;41;200;101;155;81;47;48;47;145;22;35;25;105;137;47;293;28;47;40;26;71;195;37;20;18;55;200;105;55;27;173;86;79;48;41;35;173;47;14;36;30;84;47;34;36;173;86;193;27;186;195;41;222;47;47;33;54;15;200;29;131;78;84;47;188;16;126;29;59;200;30;76;47;155;200;29;32;25;105;126;191;56;145;49;107;126;200;22;44;134;39;144;47;26;177;77;29;77;27;200;136;19;84;47;27;24;32;14;223;33;231;79;105;54;22;33;105;30;25;200;57;37)
seed_20_level_5-1,2338,47928.93251204491,51076503,13176,(300;121;145;204;230;33;17;31;77;36;17;57;52;52;77;30;36;28;200;33;32;18;105;36;47;149;37;193;69;34;105;77;77;200;26;200;60;69;46;105;173;32;28;32;83;41;100;200;113;196;83;31;32;403;100;196;54;47;47;111;45;16;35;27;83;67;47;83;30;183;29;45;105;57;108;89;105;84;33;105;20;40;29;200;32;45;54;149;77;200;84;197;118;67;16;129;50;209;32;26;26;35;105;126;200;36;13;119;195;47;200;47;47;100;32;22;26;31;58;214;200;205;207;37;79;406;136;77;59;105;90;201;57;200;200;49;200;19;150;105;47;50;14;84;144;27;17;35;34;193)
seed_20_level_5-1,2338,48491.06157660484,51878157,13326,(211;68;262;47;173;54;89;19;47;131;54;54;15;35;57;24;77;50;31;45;47;201;199;134;50;26;31;195;157;49;86;35;196;77;196;49;32;47;126;105;47;150;31;77;113;31;87;27;49;14;218;179;105;77;26;15;77;201;34;85;76;57;27;13;35;33;27;16;47;77;200;200;33;189;220;27;29;54;45;47;175;14;14;33;42;47;200;200;32;36;33;54;153;200;34;190;57;34;26;143;17;17;47;173;32;150;200;26;47;17;186;105;57;108;54;126;119;30;61;39;32;16;50;67;31;32;77;29;35;47;200;17;194;200;34;32;54;34;18;23;32;106;28;205;31;47;122;119;29;185)
seed_20_level_5-1,2338,49048.789576768875,52798903,13476,(31;200;133;15;34;191;38;16;35;200;350;29;47;47;20;83;25;34;205;200;200;205;200;17;47;61;26;194;38;31;40;31;57;57;34;38;48;100;149;32;31;206;77;29;200;87;46;54;37;64;59;55;203;37;77;77;24;18;32;83;205;58;14;32;100;105;31;105;47;17;32;82;33;25;30;19;33;218;105;27;33;26;60;31;33;190;118;44;200;35;45;200;13;32;96;28;196;29;203;212;85;27;50;203;56;47;200;33;26;200;20;27;47;50;197;149;203;31;37;188;130;47;77;67;19;37;70;77;202;47;41;200;15;30;27;47;194;54;200;32;54;35;200;145;188;33;77;47;205;144)
seed_20_level_5-1,2338,49622.450410842896,53878354,13626,(13;14;205;20;200;26;34;17;36;190;32;47;17;14;48;200;30;200;31;47;33;16;134;47;14;200;350;124;294;200;26;47;28;54;193;32;200;29;19;30;47;33;195;208;77;52;149;211;47;198;47;255;15;23;201;30;105;36;200;47;126;200;47;87;200;17;35;200;28;33;18;31;329;197;29;200;54;15;29;22;195;20;33;231;39;17;26;123;187;192;34;17;47;29;193;188;15;54;33;204;50;47;16;30;23;25;200;22;16;50;24;22;173;17;28;108;34;54;14;126;47;199;113;34;18;200;87;199;47;34;26;16;273;31;24;77;54;47;35;47;28;188;35;236;200;47;32;57;15;204)
seed_20_level_5-1,2338,50196.9945704937,54832627,13776,(91;79;31;77;29;19;47;47;22;27;47;39;212;49;27;82;198;221;205;15;19;39;227;162;204;17;33;77;36;194;200;29;19;209;54;200;45;47;73;35;200;32;127;26;77;195;23;212;47;21;200;20;200;26;47;16;187;188;50;203;77;35;200;15;85;272;15;126;191;100;34;27;28;178;19;17;109;26;28;129;28;47;28;69;52;29;34;18;18;105;31;190;18;30;47;54;47;178;116;30;47;32;148;18;46;32;200;89;200;196;17;28;24;205;17;30;31;32;61;196;48;16;142;200;38;154;200;212;77;50;47;47;33;105;200;33;15;18;189;192;109;47;105;159;200;118;117;47;21;41)
seed_20_level_5-1,2338,50783.97720813751,55945552,13926,(37;200;16;204;191;77;200;136;15;105;208;81;50;56;200;50;173;27;19;200;118;28;34;23;47;30;56;22;84;22;48;211;152;31;54;16;47;47;32;37;129;33;188;16;39;15;152;54;187;34;34;38;15;77;32;65;200;86;211;200;42;34;130;49;21;59;212;29;17;47;37;221;200;193;32;27;200;350;40;79;47;200;92;200;23;34;39;26;27;25;200;21;194;28;193;133;18;200;105;200;39;26;54;210;54;200;40;34;133;200;55;200;49;17;126;193;58;30;49;142;200;54;220;16;28;16;54;200;39;105;16;34;29;128;54;159;28;86;148;202;17;121;41;137;200;173;250;221;106;185)
seed_20_level_5-1,2338,51354.06700730324,56878451,14076,(36;32;47;35;105;47;17;50;32;205;47;62;30;47;20;61;200;49;22;47;200;205;49;33;47;17;35;50;36;32;16;200;200;48;61;32;200;15;84;15;83;117;105;26;41;200;32;63;23;15;200;17;73;205;25;47;47;33;200;118;20;80;47;17;26;16;203;30;133;47;39;47;221;57;29;238;25;16;80;193;32;30;197;47;57;37;25;40;28;200;200;201;199;218;47;54;17;33;35;200;61;15;199;16;24;194;193;210;32;206;83;175;47;30;195;27;117;16;49;216;18;77;57;199;113;34;89;31;36;77;191;200;38;59;199;69;23;54;126;187;188;31;173;47;200;25;47;51;32;200)
seed_20_level_5-1,2338,51939.404891729355,57976568,14226,(214;47;76;207;25;200;17;47;116;33;24;16;115;28;32;30;59;200;200;53;66;47;25;200;109;28;78;23;210;47;16;109;58;217;25;30;77;32;110;16;200;200;200;236;27;50;207;57;32;15;30;205;61;200;57;24;66;47;50;105;118;187;207;200;14;16;50;209;26;27;32;28;200;49;17;30;32;198;47;206;200;207;54;25;23;193;28;51;200;27;77;113;66;17;33;34;47;200;136;32;19;47;33;200;18;210;29;200;31;30;30;31;49;206;186;202;274;28;200;32;202;32;26;47;136;196;30;197;54;30;34;28;16;25;31;57;86;300;40;203;31;18;27;105;126;192;31;136;203;256)
seed_20_level_5-1,2338,52521.098017930984,59122970,14376,(198;200;75;33;27;47;62;105;48;205;19;26;16;195;148;350;220;39;32;54;200;222;26;201;23;400;48;39;43;196;113;29;19;26;199;27;26;88;88;28;195;57;200;225;200;77;191;49;200;57;33;205;28;200;63;58;202;200;47;32;35;116;28;198;47;204;198;47;131;232;193;199;47;196;47;200;26;47;62;50;193;25;200;16;27;200;206;14;30;114;31;100;33;22;106;34;36;24;34;21;32;44;21;108;56;36;16;266;32;80;32;205;200;33;47;18;109;217;32;200;200;47;105;39;200;23;59;30;105;77;17;50;56;19;52;58;47;47;200;29;109;53;40;39;106;47;51;23;15;47)
seed_20_level_5-1,2338,53093.9886841774,60093109,14526,(17;21;16;27;43;16;83;200;130;105;135;200;47;35;180;28;47;17;33;15;32;47;238;17;109;33;40;36;200;18;22;46;53;38;26;137;57;230;34;35;28;116;36;118;37;47;16;23;33;58;275;52;19;105;200;84;27;200;66;54;149;109;109;217;32;47;38;32;48;23;194;79;33;106;200;32;56;31;33;33;17;41;208;54;200;206;57;105;24;59;200;200;200;47;118;54;36;31;57;31;51;32;34;194;100;216;19;14;196;85;47;59;196;21;195;16;24;214;221;205;50;26;200;17;27;193;31;25;47;190;76;34;200;196;280;35;195;27;35;22;27;21;82;48;31;89;300;23;193;115)
seed_20_level_5-1,2338,53659.115582466125,60986408,14676,(201;16;31;26;50;47;56;83;24;75;33;28;35;144;24;51;36;38;19;42;47;34;27;47;47;89;292;49;141;38;80;27;17;200;94;36;16;29;23;200;200;24;27;79;116;19;79;77;34;17;30;100;30;88;105;32;54;23;26;57;17;200;45;34;64;24;26;33;33;126;27;16;30;250;200;47;209;49;44;200;49;46;220;32;191;61;31;47;26;33;61;36;149;51;22;191;29;185;27;186;16;77;213;15;47;44;23;47;300;36;29;56;21;198;200;250;30;135;26;40;47;32;100;50;199;196;199;118;67;20;192;28;16;173;23;194;188;174;47;203;77;201;15;35;117;56;190;193;211;20)
seed_20_level_5-1,2338,54255.27257561684,62254597,14826,(200;24;29;47;210;28;106;48;49;47;188;17;180;50;55;181;31;199;35;178;84;223;211;195;113;25;30;204;59;250;273;201;211;53;28;173;222;17;203;180;29;16;200;250;54;47;29;227;61;47;98;33;196;26;30;48;300;55;25;76;205;29;48;55;196;47;26;213;111;29;200;100;23;31;210;201;197;25;54;43;213;49;50;161;32;200;19;195;14;55;204;200;19;56;200;17;29;19;34;62;18;17;200;200;196;129;16;39;202;192;34;31;61;222;48;47;183;35;29;56;59;19;30;25;36;200;47;49;84;54;211;195;193;200;28;200;89;32;204;18;200;67;29;175;84;19;29;34;26;194)
seed_20_level_5-1,2338,54840.96366286278,63496425,14976,(181;47;18;157;29;177;200;173;51;54;193;39;26;108;71;138;209;76;195;81;194;40;64;199;200;98;38;47;71;200;32;208;50;199;200;54;47;106;15;28;113;30;200;54;25;47;49;184;421;203;35;32;217;206;36;200;200;34;173;28;189;34;85;40;30;47;34;18;194;16;189;200;64;193;39;16;81;200;32;200;200;33;49;49;286;189;26;200;56;32;72;55;17;57;184;209;215;55;47;17;48;18;15;20;48;96;30;262;109;56;33;48;29;400;100;24;32;36;115;188;49;173;28;25;168;32;17;200;198;36;188;48;34;35;25;200;139;47;203;78;209;28;31;32;57;16;59;23;16;36)
seed_20_level_5-1,2338,55434.40815997124,64802452,15126,(215;47;197;200;52;200;36;202;29;203;200;206;184;149;45;200;51;49;60;56;47;218;196;31;113;200;200;198;195;146;39;84;49;54;193;200;105;216;78;32;25;213;26;200;28;32;49;57;224;181;34;47;14;47;186;147;206;26;205;40;21;205;200;59;190;196;188;67;31;200;26;21;232;176;35;155;29;250;204;54;150;200;200;38;54;29;40;30;22;32;47;77;135;39;200;16;83;37;55;40;200;193;54;35;19;149;32;18;27;38;155;212;47;100;37;209;89;79;25;206;200;200;182;199;196;193;100;175;33;37;186;38;126;30;37;59;72;65;88;87;54;212;126;56;41;200;47;47;63;72)
