seed_4_level_1-4,1202,506.09657096862793,1771922,150,(1001;1001;62;58;57;52;57;43;66;42;42;52;57;52;52;53;42;42;42;53;43;52;44;55;53;56;52;52;43;49;62;57;53;69;42;44;62;67;52;52;42;1001;53;55;95;57;43;62;43;57;53;56;52;54;52;95;44;59;54;53;52;50;58;65;66;88;52;95;56;52;52;58;53;57;57;52;59;59;52;52;57;52;69;54;43;59;53;59;42;102;44;250;119;57;57;61;44;42;53;42;103;42;42;95;57;43;53;44;57;57;55;92;53;42;44;53;54;109;52;52;53;56;54;53;57;42;54;44;44;62;44;53;42;52;42;59;57;42;56;43;42;57;42;83;44;62;103;55;42;63)
seed_4_level_1-4,1202,982.2215240001678,2057800,301,(42;42;42;42;42;42;43;42;42;43;42;42;42;42;43;42;42;42;42;42;42;42;43;43;43;43;43;42;43;44;44;44;44;44;44;44;44;44;44;44;49;59;63;64;67;71;76;79;79;85;57;53;62;57;57;62;62;56;57;57;57;59;59;57;57;59;57;59;59;53;57;57;57;57;59;57;57;62;55;54;61;53;68;55;56;55;54;53;57;49;57;56;53;53;53;52;52;52;56;59;52;53;56;54;51;58;52;52;52;52;52;52;52;53;52;53;52;52;52;52;53;52;52;52;54;53;52;52;53;52;53;57;57;57;57;57;105;112;120;82;95;95;92;95;103;103;96;92;109;239;84)
seed_4_level_1-4,1202,1459.0878629684448,2347888,452,(42;42;42;42;42;42;42;42;42;42;42;42;42;42;42;42;43;42;42;42;43;42;43;43;42;43;42;42;43;44;44;44;44;44;44;44;44;44;44;44;49;59;63;64;67;68;76;79;79;85;57;53;62;58;56;63;62;61;56;57;57;57;58;59;57;57;58;57;85;58;57;57;57;61;58;57;57;62;57;57;57;57;53;55;62;53;53;56;53;119;54;57;49;57;53;53;53;53;52;52;52;56;59;52;54;56;54;51;58;52;52;52;52;52;52;52;54;52;54;52;52;52;52;54;52;52;52;54;54;52;52;54;52;53;57;57;105;112;83;95;95;92;94;103;103;119;95;88;109;239;52)
seed_4_level_1-4,1202,1936.0524241924286,2645519,603,(42;42;42;42;42;42;42;42;42;42;42;42;42;42;42;42;42;42;43;42;43;42;43;42;43;43;43;43;42;44;44;44;44;44;44;44;44;44;44;44;49;59;63;64;67;68;76;79;79;85;85;57;53;62;57;56;62;63;62;56;57;57;53;58;59;57;57;59;57;58;57;57;57;61;58;57;57;57;57;53;53;57;68;55;61;53;53;55;56;53;54;59;54;57;49;57;56;56;53;53;52;52;52;56;52;56;54;51;58;52;52;52;52;52;52;52;53;52;53;52;52;52;52;54;52;52;52;54;53;52;52;54;52;53;57;105;112;119;120;83;95;95;92;94;103;103;96;92;109;250;106)
seed_4_level_1-4,1202,2411.11576294899,2934417,754,(42;42;42;42;42;42;42;42;42;42;42;42;42;42;42;42;42;42;43;42;43;42;43;42;43;42;42;43;43;44;44;44;44;44;44;44;44;44;44;44;49;61;63;64;67;68;76;78;79;59;85;55;53;62;57;56;63;62;56;57;62;57;58;58;57;57;59;57;59;57;57;57;57;58;57;57;57;57;53;68;55;61;53;55;55;56;55;54;54;57;49;57;53;53;59;56;53;52;52;52;53;52;56;54;55;58;52;52;52;52;52;52;52;54;52;54;52;52;52;52;54;52;52;52;54;54;52;52;54;52;57;57;53;53;57;105;112;119;82;95;95;92;94;103;103;120;96;92;109;239;52)
seed_4_level_1-4,1202,2880.2425017356873,3224243,905,(42;42;42;42;42;42;42;42;42;42;42;42;42;42;42;42;42;42;42;43;42;43;43;42;42;42;42;42;42;44;44;44;44;44;44;44;44;44;44;44;49;59;63;64;67;68;76;78;79;85;57;53;62;57;56;63;63;62;56;57;59;57;58;59;57;57;59;57;59;57;57;57;61;59;57;57;53;57;62;53;57;55;61;53;55;53;56;55;53;54;59;57;49;57;53;53;53;56;56;52;52;52;52;56;53;55;58;52;52;52;52;52;52;52;53;52;54;52;52;52;52;53;52;52;52;54;54;52;52;54;52;53;57;53;57;105;112;119;83;95;95;92;94;103;103;119;96;92;109;239;75)
seed_4_level_1-4,1202,3356.4197974205017,3515774,1056,(42;42;42;42;42;42;42;42;42;42;42;42;42;42;42;42;42;42;42;43;43;42;42;43;42;42;42;43;42;44;44;44;44;44;44;44;44;44;44;44;49;59;63;64;67;71;76;78;79;85;57;53;62;58;57;62;61;56;57;62;85;57;58;58;57;57;59;57;58;57;57;57;57;58;57;57;53;53;53;62;54;62;53;53;55;56;55;54;54;59;57;49;57;53;56;53;53;56;52;52;52;52;56;53;55;58;52;52;52;52;52;52;52;54;52;54;52;52;52;52;53;52;52;52;54;54;52;52;54;52;53;57;57;57;57;96;112;119;119;83;95;95;92;95;103;103;96;92;109;250;42)
seed_4_level_1-4,1202,3833.788544654846,3803032,1207,(42;42;42;42;42;42;42;42;42;42;42;42;42;42;42;42;42;42;42;42;42;43;42;43;42;42;43;43;43;44;44;44;44;44;44;44;44;44;44;44;49;59;63;64;67;68;76;78;79;59;85;55;53;62;57;57;62;63;62;56;57;57;59;58;57;57;58;57;59;57;57;57;61;58;57;57;53;53;57;68;55;61;53;53;53;56;53;53;54;57;49;57;56;53;56;59;53;56;52;52;52;52;56;53;51;58;52;52;52;52;52;52;52;54;52;53;52;52;52;52;53;52;52;52;54;53;52;52;54;52;53;53;57;53;57;105;112;119;119;83;95;95;92;95;103;103;95;88;109;239;42)
seed_4_level_1-4,1202,4311.84273815155,4087766,1358,(42;42;42;42;42;42;42;42;42;42;42;42;42;42;42;42;42;42;42;42;43;43;43;42;43;42;43;42;43;44;44;44;44;44;44;44;44;44;44;44;49;59;63;64;67;68;76;78;79;85;57;53;62;57;57;62;61;56;57;59;62;57;58;59;57;57;59;57;59;57;57;57;57;58;57;57;57;62;57;55;62;53;53;53;56;53;54;53;59;57;49;57;53;56;56;53;56;52;52;52;52;56;53;55;58;52;52;52;52;52;52;52;53;52;53;52;52;52;52;54;52;52;52;54;53;52;52;53;52;53;57;57;53;57;57;105;112;54;119;83;95;95;92;94;103;103;96;88;109;250;43)
seed_4_level_1-4,1202,4781.389183998108,4385463,1509,(42;42;42;42;42;42;42;42;42;42;42;42;42;42;42;42;42;42;43;42;42;43;43;43;43;43;42;43;43;44;44;44;44;44;44;44;44;44;44;44;49;61;63;64;67;68;76;79;79;85;55;53;62;57;57;62;63;61;56;57;59;57;58;59;57;57;59;57;59;57;57;57;57;58;57;57;57;57;53;57;53;62;55;61;53;55;55;56;53;53;119;57;49;57;56;56;54;59;56;56;53;52;52;52;52;56;54;55;58;52;52;52;52;52;52;52;53;52;53;52;52;52;52;53;52;52;52;54;54;52;52;54;52;53;53;57;105;112;119;82;95;95;92;95;103;103;96;88;109;239;147)
seed_4_level_1-4,1202,5254.362733840942,4668042,1660,(42;42;42;42;42;42;42;42;42;42;42;42;42;42;42;42;42;42;43;43;42;42;43;42;42;42;43;43;43;44;44;44;44;44;44;44;44;44;44;44;49;61;63;64;67;68;76;78;79;85;57;53;62;57;57;63;62;56;57;63;59;57;59;59;57;57;58;57;59;57;57;57;61;58;57;57;53;57;57;62;54;61;53;53;53;56;55;53;53;59;57;49;57;56;53;56;53;56;52;52;52;52;56;53;55;58;52;52;52;52;52;52;52;53;52;53;52;52;52;52;53;52;52;52;54;54;52;52;54;52;53;53;57;53;57;105;112;54;119;82;95;95;92;95;103;103;96;88;109;239;52)
seed_4_level_1-4,1202,5735.041789054871,4954020,1811,(42;42;42;42;42;42;42;42;42;42;42;42;42;42;42;42;42;42;43;43;42;42;43;43;43;42;42;42;42;44;44;44;44;44;44;44;44;44;44;44;49;59;63;64;67;71;76;78;79;85;55;53;62;57;57;63;62;56;57;63;59;57;59;58;57;57;58;57;58;57;57;57;61;59;57;57;53;53;57;68;55;62;53;55;53;56;55;54;59;54;57;49;57;53;53;54;56;53;53;52;52;52;52;56;54;55;58;52;52;52;52;52;52;52;54;52;53;52;52;52;52;53;52;52;52;54;54;52;52;54;52;53;57;53;53;57;105;112;120;83;95;95;92;95;103;103;96;92;109;250;52)
seed_4_level_1-4,1254,6215.74395275116,5264448,1962,(42;42;42;42;42;42;42;42;42;42;42;42;42;42;42;42;42;42;42;43;42;43;43;43;42;43;42;43;43;44;44;44;44;44;44;44;44;44;44;44;49;59;63;64;67;68;76;78;79;85;55;53;62;58;57;63;62;56;57;63;85;57;59;58;57;57;58;57;59;57;57;57;61;58;57;57;57;62;53;55;61;53;53;55;56;53;54;54;54;57;49;57;56;56;56;56;59;53;52;52;52;52;56;54;55;58;52;52;52;52;52;52;52;53;52;53;52;52;52;52;54;52;52;52;54;54;52;52;53;52;53;57;53;57;57;57;96;112;83;95;95;92;95;103;103;119;96;88;109;239;236)
seed_4_level_1-4,1254,6695.524377584457,5544505,2113,(42;42;42;42;42;42;42;42;42;42;42;42;42;42;42;42;42;42;42;43;43;42;42;42;42;43;43;43;43;43;43;43;43;43;43;43;43;43;43;43;47;57;58;58;60;62;65;67;67;73;73;57;53;62;58;57;63;62;56;57;63;57;58;58;57;57;59;57;58;57;57;57;61;59;57;57;53;57;53;57;62;54;62;53;53;55;56;55;54;118;54;57;49;57;53;53;53;53;56;59;52;52;52;52;56;53;51;58;52;52;52;52;52;52;52;53;52;54;52;52;52;52;53;52;52;52;54;53;52;52;54;52;53;57;57;57;84;108;118;83;95;95;92;94;103;103;96;88;109;236;53)
seed_4_level_1-4,1254,7180.9012994766235,5852461,2264,(42;42;42;42;42;42;42;42;42;42;42;42;42;42;42;42;42;42;43;42;42;42;43;42;43;43;43;43;42;43;43;43;43;43;43;43;43;43;43;43;47;55;58;58;60;62;65;67;67;59;73;57;53;62;58;56;62;62;56;57;62;57;59;58;57;57;58;57;58;57;57;57;61;58;57;57;57;57;53;57;62;54;62;53;53;53;56;53;53;53;57;49;57;56;53;53;56;53;59;52;52;52;52;56;54;55;58;52;52;52;52;52;52;52;53;52;53;52;52;52;52;53;52;52;52;54;54;52;52;54;52;53;53;57;57;93;108;118;118;83;95;95;92;94;103;103;96;88;109;236;244)
seed_4_level_1-4,1254,7657.1149179935455,6134716,2415,(42;42;42;42;42;42;42;42;42;42;42;42;42;42;42;42;42;42;43;43;43;43;43;42;42;43;42;43;42;43;43;43;43;43;43;43;43;43;43;43;47;55;58;58;60;62;65;67;67;73;57;53;62;58;57;62;63;61;56;57;59;57;58;58;57;57;58;57;58;57;57;57;57;59;57;57;53;57;57;57;68;54;61;53;53;55;56;53;53;57;49;57;56;56;53;53;53;56;59;52;52;52;52;56;53;55;58;52;52;52;52;52;52;52;53;52;53;52;52;52;52;53;52;52;52;54;54;52;52;53;52;53;53;53;57;93;108;118;120;82;95;95;92;95;103;103;95;88;109;236;86)
seed_4_level_1-4,1254,8143.467260122299,6505882,2565,(43;67;43;52;42;62;42;52;57;43;61;54;61;59;53;67;43;56;58;52;53;52;57;106;54;42;101;55;55;55;52;71;52;53;53;56;82;56;90;53;56;56;57;51;52;56;88;42;53;53;50;52;52;56;53;53;52;53;42;105;52;210;53;51;57;103;57;109;68;93;56;42;42;42;42;58;53;43;119;87;118;67;56;61;67;42;48;52;54;52;56;111;120;85;111;42;57;53;119;52;58;53;56;53;84;42;109;42;43;52;57;57;53;49;58;60;57;100;57;52;57;86;55;109;236;78;56;133;55;76;52;52;93;53;52;52;52;52;104;87;52;52;58;57;52;123;56;58;58;107)
seed_4_level_1-4,1254,8640.413628816605,6932187,2715,(62;93;42;67;67;43;52;59;57;57;57;52;52;52;52;56;52;57;52;92;57;52;53;59;52;57;61;111;63;55;118;52;52;55;88;52;106;56;111;238;106;53;98;116;107;60;69;53;57;42;88;58;52;62;52;42;56;128;54;52;54;90;54;59;56;52;52;106;109;51;43;58;52;57;57;43;52;43;59;59;43;43;65;106;53;57;57;57;43;57;93;57;83;93;120;52;118;53;53;59;53;56;86;92;103;53;53;53;59;53;53;61;53;58;57;236;53;55;53;52;57;53;71;52;55;56;251;56;56;53;98;56;84;58;52;58;52;210;97;58;52;52;53;57;56;52;54;43;43;51)
seed_4_level_1-4,1254,9141.438606262207,7432594,2866,(67;71;43;42;93;42;42;57;71;52;92;88;52;56;53;57;52;52;52;52;55;52;92;43;42;59;52;62;76;56;60;54;110;59;59;45;60;53;106;43;57;57;57;57;53;114;53;62;79;51;55;53;90;88;58;115;56;54;93;128;52;105;56;53;52;43;56;47;105;43;106;57;56;104;88;42;61;115;96;53;53;211;53;52;43;58;53;99;90;53;53;53;53;52;118;53;53;61;128;211;88;62;54;57;86;115;236;52;52;52;52;86;52;52;52;53;248;52;52;52;53;53;242;58;118;56;53;91;113;54;43;93;82;54;53;42;43;238;53;61;114;102;53;56;87;56;90;42;53;57;53)
seed_4_level_1-4,1458,9663.164464950562,8417024,3018,(71;60;52;93;57;53;54;56;73;92;72;93;43;57;57;43;52;52;86;52;52;52;43;62;110;52;53;77;52;53;56;54;53;78;114;57;57;57;104;57;57;57;52;109;57;57;128;55;58;110;58;67;42;52;60;76;54;113;53;52;53;42;53;124;56;53;42;98;43;56;92;57;54;57;72;119;128;53;89;86;210;43;57;42;52;42;64;55;53;53;57;54;74;104;57;59;57;57;57;57;58;53;57;57;57;56;115;56;90;52;90;103;53;108;111;71;53;57;57;236;43;52;52;52;58;1001;208;52;221;53;190;52;220;90;107;87;84;54;55;49;54;75;54;53;55;157;58;43;87;43;42;90)
seed_4_level_1-4,1458,10165.354345083237,8930201,3168,(93;88;57;68;114;53;43;43;52;52;43;71;54;157;149;107;86;132;53;52;57;107;58;52;111;86;53;61;42;52;43;52;61;43;56;129;53;254;57;52;58;52;53;88;42;210;42;52;42;54;57;52;54;53;43;52;104;55;57;57;51;53;42;93;85;57;91;93;53;42;57;51;42;54;55;128;45;53;57;53;58;81;45;88;45;110;72;54;82;71;88;43;42;52;110;45;104;53;57;57;102;94;56;57;56;53;57;119;57;43;127;57;43;45;59;93;47;71;111;117;55;53;54;57;58;53;57;287;43;57;308;95;120;76;110;52;53;56;52;52;117;55;53;112;92;52;52;53;53;52)
seed_4_level_1-4,1458,10671.841551542282,9530274,3317,(52;58;54;54;60;53;86;43;43;42;52;52;42;56;93;58;54;53;57;90;42;119;92;115;96;57;57;43;113;59;59;128;58;42;56;57;69;43;53;43;114;48;43;53;63;42;43;53;56;211;52;52;52;42;53;52;52;52;52;110;58;72;239;63;86;77;63;43;43;104;88;109;89;107;57;87;52;53;62;57;52;104;42;59;116;79;94;67;57;63;54;45;57;287;57;57;53;55;57;141;57;56;103;57;143;55;254;57;107;57;93;92;57;53;53;53;53;99;308;43;117;111;56;52;52;52;56;94;52;308;56;257;55;111;53;132;54;53;43;89;56;57;57;91;59;54;53;55;53)
seed_4_level_1-4,1458,11191.686441659927,10184511,3468,(86;85;52;52;52;58;52;114;57;56;55;59;57;52;128;53;43;45;56;64;56;90;52;58;52;75;52;52;55;93;55;71;62;53;60;80;42;104;53;43;56;94;104;43;59;57;57;108;132;57;56;56;111;54;55;55;57;55;245;59;211;107;52;53;52;90;58;43;116;67;62;113;57;43;42;57;57;73;56;57;43;72;239;107;53;43;107;52;57;53;42;68;42;104;88;53;56;58;57;53;58;45;55;97;57;88;254;59;87;53;109;88;105;82;56;52;53;91;76;287;57;57;93;57;90;53;56;57;51;55;53;53;97;308;54;42;89;244;53;246;84;52;238;52;112;56;242;87;52;52;90)
seed_4_level_1-4,1458,11703.140794754028,10704735,3621,(113;72;59;73;56;43;90;57;72;52;54;55;52;52;54;52;52;128;43;54;57;73;45;117;89;55;93;42;45;57;53;58;58;43;64;114;43;54;57;49;53;79;52;104;88;53;119;57;56;57;57;57;57;53;86;89;49;90;50;97;52;57;239;52;54;57;219;43;92;43;54;42;104;92;52;56;53;62;59;70;45;71;108;57;73;57;87;57;91;61;73;57;62;57;60;211;126;95;53;57;57;57;52;58;42;52;52;245;53;61;45;120;53;57;93;52;53;57;89;55;54;57;52;53;53;53;124;53;56;54;75;97;52;56;308;55;52;57;257;52;52;52;95;52;56;87;55;56;89;116;75;52;42)
seed_4_level_1-4,1842,12230.2759039402,11743862,3773,(93;58;54;53;42;45;109;69;114;52;43;57;60;45;43;52;53;54;60;52;53;52;52;52;113;43;94;53;72;57;72;54;73;114;128;88;72;104;61;42;106;115;87;53;104;57;45;53;93;73;88;57;43;124;53;58;52;52;88;52;53;55;76;88;56;108;57;57;55;93;56;101;52;57;62;96;53;104;55;53;109;57;57;240;53;56;59;53;88;245;42;53;88;55;70;84;53;43;53;59;125;97;42;52;77;58;121;86;50;43;85;211;56;53;88;43;52;57;57;107;259;112;87;66;308;56;55;55;52;76;87;57;52;55;56;43;130;55;53;52;107;59;51;91;98;114;88;53;53;53;1001;68)
seed_4_level_1-4,1842,12749.010112047195,12479528,3925,(114;51;52;52;113;101;53;73;74;53;52;56;52;43;113;44;74;44;74;91;57;110;103;109;55;46;42;51;67;53;46;44;104;57;57;57;57;109;44;57;65;88;56;58;52;42;43;54;251;251;123;42;52;124;57;53;53;53;53;88;57;57;56;53;287;93;50;109;53;57;57;57;57;88;56;309;95;59;70;57;83;199;94;43;207;53;78;67;57;245;57;56;55;122;53;61;112;54;96;42;128;60;61;57;63;93;89;102;53;76;56;239;56;90;46;92;57;46;97;88;60;94;88;53;211;93;110;53;52;54;52;58;101;59;52;103;52;56;292;46;44;58;251;115;57;54;42;70;46;44;97;265)
seed_4_level_1-4,1973,13275.942404270172,13351973,4076,(109;112;53;54;97;53;54;53;52;55;52;52;57;76;110;70;57;60;63;44;57;92;124;56;57;88;76;57;240;57;93;107;104;565;51;57;109;61;62;57;57;128;44;43;89;60;43;90;107;57;54;113;42;51;112;57;52;52;57;105;245;57;78;57;88;109;62;54;248;42;57;59;211;88;52;52;121;43;56;54;50;58;60;60;53;254;133;56;58;112;59;58;54;52;42;92;53;240;57;77;44;106;129;61;59;112;57;181;53;108;57;113;53;57;57;57;44;88;57;53;57;292;56;53;214;46;57;66;113;59;46;57;210;62;61;57;310;52;132;52;52;53;52;52;55;244;114;52;83;88;52)
seed_4_level_1-4,2063,13799.058847427368,14202712,4224,(53;52;43;73;53;52;110;44;57;86;57;110;91;128;56;53;72;52;91;107;60;56;286;91;53;93;53;70;57;57;42;74;113;53;118;52;53;115;43;89;211;42;42;55;103;44;53;42;60;52;56;109;55;90;58;42;62;55;110;254;56;90;53;56;53;42;53;78;124;200;245;110;62;59;91;156;113;129;53;57;104;46;61;292;103;59;57;57;107;102;210;53;53;44;44;143;71;240;57;56;117;59;106;77;90;88;100;61;56;310;53;53;52;53;58;53;90;56;53;57;93;243;53;239;58;53;91;106;46;58;107;58;110;57;55;53;459;57;53;88;57;57;239;87;53;57;56;51)
seed_4_level_1-4,2063,14303.443918943405,14987491,4370,(53;56;53;73;52;52;75;210;52;53;52;52;84;52;90;58;51;128;57;58;103;74;108;59;177;55;66;110;53;52;118;77;53;56;53;63;108;44;71;57;62;57;44;57;57;57;52;110;113;57;53;102;57;57;59;109;113;90;215;87;52;116;56;67;44;60;240;57;53;55;88;52;53;51;90;57;53;57;245;61;55;55;113;88;53;56;44;52;91;62;104;74;240;53;53;56;57;56;53;53;52;62;88;88;57;255;59;53;69;58;117;58;88;53;53;55;57;367;228;63;44;44;54;44;44;54;53;54;399;87;49;57;440;57;55;240;57;53;52;57;53;88;53;61;57;52)
seed_4_level_1-4,2063,14827.288887262344,15924258,4517,(286;52;52;52;53;53;52;57;52;53;53;52;52;57;52;110;57;42;78;58;53;286;86;65;53;110;57;121;91;57;57;88;54;53;115;177;74;44;107;42;46;88;159;120;44;63;240;57;53;88;56;118;115;210;104;108;53;77;239;53;116;44;75;57;57;52;131;53;53;211;53;119;60;53;53;53;50;52;53;42;254;105;118;58;95;117;52;42;53;56;54;245;73;98;53;57;184;135;53;116;59;53;57;62;214;53;54;55;53;46;88;94;92;96;57;58;472;53;57;56;56;228;57;182;78;244;56;57;52;57;57;395;57;61;115;53;253;59;56;53;53;71;126;57;81;44;58)
seed_4_level_1-4,2063,15360.859723567963,16930417,4667,(53;52;69;57;52;52;42;177;53;51;56;42;181;81;53;133;57;211;95;52;54;104;55;100;53;63;58;110;102;49;99;57;74;52;58;57;57;108;108;52;52;55;52;57;52;88;52;54;215;88;88;57;61;54;176;116;93;53;90;286;58;50;87;53;53;189;53;52;42;54;239;54;51;88;46;46;124;53;53;57;46;54;255;44;213;59;43;53;178;58;53;93;110;265;395;239;52;59;195;54;104;58;107;115;55;258;42;108;245;56;57;57;104;114;57;86;256;57;53;53;210;88;117;53;46;114;85;59;53;57;56;57;251;182;472;78;58;77;57;79;53;107;53;53;53;57;90;106;53;57)
seed_4_level_1-4,2063,15911.830169916153,18064524,4818,(53;52;52;52;73;52;108;57;42;53;81;51;53;105;57;108;57;121;57;74;88;57;55;121;57;239;43;58;256;107;53;61;54;53;57;133;197;42;89;57;78;118;59;53;59;54;210;53;52;53;249;52;55;53;52;88;42;286;102;54;52;217;248;58;54;58;42;86;55;472;55;240;57;251;57;53;106;53;249;57;57;54;57;245;58;57;115;57;120;93;108;52;99;57;55;112;214;53;96;88;52;42;86;49;57;104;52;104;210;88;57;57;96;100;53;115;115;115;57;53;119;213;88;198;112;58;58;55;86;78;90;88;90;59;259;400;249;61;115;52;253;240;55;59;58;107;117;54;239;54;53)
seed_4_level_1-4,2063,16472.309286117554,19181048,4968,(53;52;52;52;54;52;52;108;52;56;90;56;93;90;53;108;118;57;73;110;57;57;57;57;199;57;219;53;43;56;50;89;87;165;214;88;109;96;221;53;61;88;57;108;52;210;56;43;57;53;93;52;57;52;53;245;52;53;77;57;57;60;57;53;62;96;61;240;57;106;240;61;53;57;52;93;42;59;210;121;109;57;56;92;57;57;77;107;61;58;286;79;181;52;89;42;42;50;43;55;56;256;57;212;95;57;96;89;59;144;89;210;110;90;121;90;49;114;459;53;58;86;57;57;52;262;54;104;112;53;106;57;112;272;106;86;250;110;252;275;240;108;114;117;253;124;240;62;42;209)
seed_4_level_1-4,2165,17019.80520439148,20407408,5116,(53;43;52;69;52;52;108;236;57;88;112;112;57;108;211;56;52;44;53;56;105;55;42;245;124;115;126;56;100;90;53;95;76;87;286;57;50;44;51;55;103;64;60;286;87;62;58;60;42;42;87;54;110;50;52;210;121;93;62;118;223;56;218;118;115;53;239;98;59;240;93;52;104;60;57;52;53;52;219;57;57;209;52;107;114;52;53;53;53;513;55;91;240;240;59;53;57;62;79;90;114;88;52;215;88;128;88;58;52;57;57;59;126;59;111;212;114;112;247;54;243;52;95;212;54;98;107;95;52;382;53;54;60;256;58;58;239;54;221;57;239;120;57;239;57;57;55;109)
seed_4_level_1-4,2165,17564.265672922134,21545546,5264,(53;53;73;52;52;211;58;52;59;53;53;58;53;286;42;57;65;54;57;74;44;286;42;90;59;53;86;42;53;54;102;214;59;53;57;55;56;57;53;94;59;55;239;53;253;112;112;55;126;62;57;46;208;217;83;79;51;88;77;94;97;165;53;43;88;245;61;63;44;59;57;78;64;55;57;56;88;236;109;85;62;59;63;58;62;60;102;54;504;56;53;56;88;93;57;57;57;57;57;57;249;88;53;382;240;286;53;53;89;239;246;115;53;104;53;272;56;117;226;53;212;179;206;57;286;54;116;89;96;42;60;58;116;59;95;210;53;64;57;57;57;55;56;57;107;57;57;77)
seed_4_level_1-4,2165,18108.6904027462,22738183,5413,(53;53;52;53;53;59;245;94;59;95;112;155;132;57;55;56;286;88;46;52;52;57;53;88;53;214;55;88;57;84;53;88;91;88;61;210;77;91;57;53;53;55;127;57;118;107;286;54;111;54;97;78;54;53;42;211;53;58;43;52;56;57;75;56;236;112;115;112;57;123;64;86;57;111;504;107;90;57;57;116;57;220;52;90;86;53;53;104;219;78;56;43;54;44;100;93;88;52;90;144;42;286;106;42;58;59;244;87;58;89;59;59;130;54;94;53;58;208;53;56;239;57;55;84;116;57;240;57;181;93;382;58;53;53;121;53;116;53;504;53;104;94;240;119;53;57;62;106;240)
seed_4_level_1-4,2165,18669.468719244003,23966381,5566,(53;52;52;52;52;52;42;210;55;53;73;52;42;53;52;108;56;103;83;53;89;94;53;54;107;217;56;58;225;90;56;88;53;56;107;90;226;286;57;286;42;110;42;110;57;97;63;286;56;58;42;58;106;88;54;56;49;110;58;93;54;214;53;118;57;245;93;88;88;54;57;57;210;57;119;90;52;46;119;53;77;56;242;57;245;106;98;54;245;53;90;112;55;89;57;236;102;57;53;57;109;57;53;107;89;52;87;504;52;56;53;86;53;57;90;107;77;57;57;56;90;57;208;57;53;57;250;86;57;57;115;53;103;255;54;110;504;53;53;211;246;53;104;52;224;109;113;255;53;53;210;53;53)
seed_4_level_1-4,2416,19205.035660028458,25044214,5713,(53;52;52;43;43;56;211;52;52;92;254;43;59;43;43;286;99;90;94;99;56;76;53;98;42;53;58;236;52;102;89;75;55;93;92;94;93;54;653;218;107;57;88;53;57;57;58;57;117;53;52;210;117;53;56;53;88;112;57;109;57;119;57;57;286;239;54;59;53;86;106;58;78;53;53;53;245;61;58;109;93;66;113;57;133;88;57;57;214;57;106;55;88;53;93;88;104;64;88;58;208;54;178;54;52;53;136;179;53;53;53;113;104;105;54;226;56;56;43;57;222;53;53;56;56;52;56;43;44;271;57;90;53;245;113;113;114;210;53;57;117;56;124;54;55;55;246)
seed_4_level_1-4,2416,19756.34975385666,26252184,5862,(53;52;53;57;52;226;53;90;57;106;53;53;52;57;56;84;52;210;53;66;57;52;88;53;109;53;43;57;286;265;90;59;53;228;42;59;58;93;92;89;108;210;57;88;46;118;56;51;57;46;77;58;255;245;53;83;62;62;53;52;62;53;285;53;107;59;236;63;80;42;64;89;62;59;120;63;126;59;215;103;53;104;109;53;56;206;44;44;245;109;57;286;216;111;57;88;42;61;55;129;53;102;100;54;208;107;88;52;57;57;92;53;53;113;129;53;56;54;512;66;52;53;78;88;92;57;62;109;57;240;56;53;512;96;53;240;115;96;245;214;53;53;240;113;109;57;113;53;104)
seed_4_level_1-4,2416,20329.69562268257,27730509,6011,(53;56;57;52;90;52;211;52;53;52;84;43;52;43;57;56;236;111;240;118;68;102;57;217;62;57;60;226;53;55;42;106;53;42;117;43;254;88;208;116;102;52;136;118;189;108;60;106;112;76;53;210;229;112;107;117;53;53;94;251;88;57;93;69;285;109;57;59;42;52;57;119;57;53;43;233;286;66;107;53;53;128;216;42;62;103;97;211;53;53;653;55;57;88;57;256;52;112;104;187;112;88;108;215;109;60;53;46;56;91;53;104;109;88;286;57;57;286;53;58;90;88;241;42;113;49;105;88;90;58;59;271;53;107;255;57;512;111;59;107;224;53;58;239;57;115;56;218;110)
seed_4_level_1-4,2416,20865.349114894867,28802903,6158,(90;52;58;52;73;59;52;226;53;57;57;57;53;53;52;56;43;106;254;285;57;52;52;43;52;43;52;60;52;42;286;59;67;89;100;42;49;56;58;123;49;58;58;286;107;128;62;62;64;53;88;249;44;57;59;226;286;52;42;90;52;54;53;111;88;52;62;60;54;46;52;208;131;57;53;53;93;53;124;53;94;54;57;53;52;217;57;52;57;211;57;88;114;125;59;57;92;57;229;53;56;107;60;62;251;56;93;113;60;116;57;58;512;52;53;79;52;57;90;57;107;88;109;93;58;136;84;512;117;53;141;58;60;57;109;109;115;111;212;103;55;107;212;120;58;53;115)
seed_4_level_1-4,2416,21406.968821048737,30011220,6306,(90;106;52;52;52;54;65;53;382;52;52;52;179;52;52;57;52;52;286;53;96;248;54;53;43;56;253;54;102;55;57;286;110;59;255;59;63;111;59;60;57;53;56;208;128;57;107;53;53;53;53;107;89;107;208;56;226;88;56;57;57;91;55;52;59;57;46;89;57;229;55;52;57;111;57;52;53;57;109;121;116;128;76;56;217;53;57;57;88;57;57;212;58;57;85;57;61;249;512;53;57;52;52;62;57;52;52;181;53;57;56;53;249;57;286;44;59;107;88;59;51;216;57;59;53;42;53;53;107;512;107;107;53;53;55;60;88;88;232;94;57;57;120;109;109;106;268;210)
seed_4_level_1-4,2416,21972.656228542328,31252793,6458,(90;53;112;52;54;53;53;52;55;226;43;46;111;86;61;57;57;104;57;51;56;238;57;82;93;53;115;253;57;56;77;106;57;53;44;229;56;57;88;77;55;117;108;107;265;85;60;104;53;512;57;57;57;57;124;208;52;56;87;52;57;55;88;57;286;58;239;59;56;94;59;240;42;104;90;49;49;285;53;57;55;46;74;55;52;259;57;52;52;217;93;57;61;89;57;218;58;247;56;88;104;95;57;57;286;91;53;240;93;52;102;53;240;42;42;46;90;112;208;58;84;88;107;54;53;54;59;53;57;54;58;259;268;240;52;52;53;88;240;53;94;56;90;101;221;227;54;56;240;239;52;250)
seed_4_level_1-4,2416,22517.466885328293,32316260,6609,(112;52;57;63;87;61;53;53;226;56;89;50;52;42;56;53;43;53;57;285;52;52;59;104;93;102;219;55;52;239;52;52;208;113;57;57;106;106;57;96;53;54;53;57;53;286;43;63;52;112;44;53;67;91;66;55;92;59;512;52;223;57;86;57;57;57;62;59;88;88;234;57;286;239;58;124;54;42;59;109;91;88;258;92;90;59;286;91;111;79;66;54;52;62;65;55;61;58;43;94;59;247;99;57;63;57;286;78;109;62;57;57;118;57;54;229;52;54;54;57;102;77;109;90;57;110;53;57;141;103;221;103;54;240;52;57;54;60;52;90;57;42;181;239;52;52;53;56;245;88;52)
seed_4_level_1-4,2416,23070.15210556984,33559425,6759,(112;51;59;58;52;60;52;93;95;226;52;51;43;88;53;96;56;80;79;286;90;55;53;58;54;52;64;62;54;42;42;111;238;298;57;88;125;63;65;57;57;63;52;63;208;259;107;53;115;116;53;53;122;57;57;240;229;53;92;85;54;88;53;46;44;109;56;57;242;106;286;78;55;126;57;119;56;60;115;108;96;76;52;209;114;512;112;240;224;88;53;59;57;57;88;210;90;53;135;88;56;52;92;286;90;88;53;111;59;59;88;114;53;81;56;53;49;42;53;285;52;265;57;112;111;44;52;86;221;43;42;188;52;123;512;112;57;57;57;106;53;52;288;58;57;88;53;56;106;57)
seed_4_level_1-4,2416,23627.79999446869,34755719,6909,(286;57;42;42;56;82;52;55;42;54;101;112;59;54;95;87;53;54;52;58;59;286;104;90;96;58;90;58;81;212;230;101;58;49;226;88;164;91;43;57;57;43;92;55;57;229;70;56;76;53;88;145;57;44;117;52;93;57;96;57;53;52;66;103;189;53;89;91;57;57;112;512;90;117;52;57;240;88;254;52;52;57;88;93;104;52;286;107;115;92;93;104;55;91;105;106;55;97;106;91;58;57;382;210;158;57;74;43;236;217;218;248;86;57;52;53;52;43;208;57;53;54;245;105;57;125;121;57;116;94;56;58;42;221;239;78;56;109;88;222;53;59;57;221;53;55;88;77;90;229)
seed_4_level_1-4,2416,24184.873430728912,35854180,7059,(286;43;42;87;53;62;61;119;53;80;112;58;59;89;61;58;57;195;58;189;57;107;62;122;62;109;52;52;125;286;112;226;60;57;53;52;52;88;88;43;52;54;88;229;57;42;57;58;57;112;107;77;152;77;129;208;57;125;239;244;198;91;90;57;96;54;245;46;96;286;222;56;94;54;108;93;104;53;53;55;57;57;53;57;286;42;158;54;90;42;89;92;93;42;49;265;59;49;440;90;90;57;245;77;90;90;62;57;57;90;58;52;53;59;226;53;97;90;106;57;96;88;53;56;210;57;86;57;57;106;87;109;285;52;115;265;193;52;57;52;112;52;52;52;210;52;58;56;57;53)
seed_4_level_1-4,2416,24755.679035186768,37269608,7209,(226;102;52;42;57;54;53;53;42;78;57;286;221;238;88;53;90;42;92;52;53;228;195;59;52;87;53;53;53;57;94;54;286;56;90;243;215;318;89;53;84;59;90;58;79;286;88;108;240;107;53;57;88;93;53;59;53;55;96;229;240;238;100;105;116;52;46;93;52;227;382;227;57;52;52;229;70;241;57;93;134;57;57;53;58;56;57;53;512;90;53;53;90;53;61;86;88;117;58;53;53;52;59;285;107;120;56;53;249;78;103;122;112;58;52;114;52;52;52;286;55;66;67;138;208;192;104;107;107;251;84;61;207;208;58;84;120;42;104;52;57;54;107;239;62;57;53;248;60;241)
seed_4_level_1-4,2416,25311.67137002945,38557819,7358,(226;53;52;57;57;44;42;89;88;52;195;58;54;54;58;59;59;60;54;554;53;57;88;86;57;52;57;57;57;56;57;57;229;107;89;53;57;57;58;191;57;52;249;57;286;113;104;54;104;107;181;107;109;57;120;107;57;208;114;53;54;57;112;202;53;53;107;57;57;179;57;90;285;58;42;138;217;239;59;61;53;115;120;110;52;217;52;286;80;56;57;52;52;50;56;44;79;54;105;42;97;382;53;42;59;82;59;73;97;179;213;53;65;53;58;114;286;107;52;57;57;52;53;52;52;42;52;52;252;52;207;57;382;182;243;57;53;97;180;226;52;53;57;52;184;239;254;99;112)
seed_4_level_1-4,2416,25875.009387731552,40038186,7506,(286;57;52;59;58;53;42;243;43;88;224;86;195;105;53;52;52;54;110;53;95;58;226;94;51;44;53;52;256;54;228;43;106;459;56;44;52;52;59;53;57;58;92;57;57;52;53;286;57;107;52;55;57;107;54;52;286;226;51;88;53;53;382;241;469;43;90;58;58;98;53;241;95;49;81;49;82;55;208;54;54;57;93;166;57;177;57;90;108;57;94;253;59;46;286;57;103;61;53;231;55;107;52;115;56;90;107;53;52;52;285;51;57;56;75;53;52;87;111;53;55;52;88;103;382;44;53;382;42;59;105;54;114;57;382;111;254;42;240;53;111;56;265;261;109;106;57;57)
seed_4_level_1-4,2416,26421.190387010574,41152730,7656,(440;57;57;52;57;52;82;56;88;53;241;212;56;195;89;53;57;59;62;59;57;57;104;53;286;54;107;104;54;53;135;107;111;56;57;92;87;89;102;287;52;53;112;43;58;52;52;53;42;43;55;52;52;52;52;208;112;57;94;87;216;53;53;210;57;208;57;57;53;88;286;46;53;53;63;56;52;52;52;88;42;80;53;100;286;57;107;44;107;107;57;57;53;46;113;132;57;113;223;59;226;56;77;53;94;69;46;56;60;56;91;57;53;430;109;42;52;42;59;183;53;42;76;42;97;42;53;178;43;57;382;53;102;53;181;57;239;182;57;53;248;57;54;53;55;52;286;53;112;155)
seed_4_level_1-4,2416,26983.101870775223,42435749,7807,(382;52;57;257;117;112;53;52;107;53;61;117;106;286;54;50;57;52;52;56;93;52;55;58;53;226;82;240;90;46;56;57;57;43;56;68;90;194;54;52;56;97;93;59;88;77;54;57;54;431;42;42;57;42;90;53;57;56;99;107;91;56;58;44;286;53;108;224;107;57;223;57;223;57;57;104;104;76;57;57;53;286;77;53;114;43;104;109;53;126;52;54;57;89;114;53;215;216;57;56;92;208;50;94;96;104;67;61;243;239;104;95;53;42;461;239;53;57;57;73;88;88;53;90;57;58;88;52;107;57;382;53;253;59;263;122;57;259;108;52;57;113;53;122;147;113;52;143;187;56;44)
seed_4_level_1-4,2416,27529.794834136963,43643975,7956,(286;81;55;57;43;53;49;57;62;101;104;79;52;195;83;57;57;57;58;57;42;59;93;88;59;88;447;53;42;59;49;44;53;42;56;54;95;59;56;43;286;111;390;112;87;56;105;53;57;112;101;88;55;103;52;58;53;459;57;52;57;53;117;56;239;53;91;112;57;90;53;88;104;57;208;57;240;240;46;44;60;89;57;77;95;57;105;57;42;113;58;61;287;52;52;52;52;52;52;52;114;52;276;52;257;52;42;122;286;107;53;44;107;58;107;57;53;53;57;44;107;84;53;207;209;107;107;382;57;111;126;188;54;111;59;53;107;246;239;105;52;244;57;60;111;55;57;54;111)
seed_4_level_1-4,2416,28085.56128358841,44903313,8105,(447;56;90;81;42;53;245;53;42;52;58;106;240;195;55;59;57;52;110;57;53;57;62;58;57;286;109;108;57;52;52;221;100;49;220;86;57;63;87;58;135;195;208;195;52;57;52;78;53;57;55;107;57;53;44;62;512;88;57;53;53;54;55;53;56;57;60;55;53;53;107;102;93;181;286;107;61;116;131;52;210;57;57;57;192;103;250;107;57;58;53;225;382;130;52;52;52;52;191;42;43;52;52;107;52;52;119;52;85;370;56;106;55;56;118;85;57;56;52;55;52;53;55;57;93;52;134;84;382;113;56;57;112;111;55;263;44;52;108;183;53;265;107;52;54;42;55;54;110)
seed_4_level_1-4,2416,28623.339128255844,46046619,8253,(195;57;58;181;53;110;81;60;110;57;88;88;59;59;287;117;119;52;53;130;42;128;55;112;265;44;42;52;57;55;238;394;90;112;56;128;52;224;89;90;90;94;57;52;107;184;52;312;53;87;512;52;57;57;62;57;88;57;53;146;57;109;57;106;52;57;52;57;54;53;54;88;57;55;57;81;78;107;102;50;62;214;77;62;88;240;57;286;137;55;53;55;56;53;52;89;88;88;98;95;88;86;85;80;86;53;295;42;42;296;42;88;79;252;59;42;59;55;42;91;59;55;42;131;42;286;251;226;57;53;59;57;53;57;107;93;53;53;124;104;256;52;53;57;53;53;57;104)
seed_4_level_1-4,2416,29164.922737836838,47176365,8402,(195;56;54;58;59;57;83;56;172;82;59;61;60;104;58;53;169;443;42;56;42;242;56;43;158;89;57;265;130;42;42;90;128;62;57;53;54;53;56;58;84;79;58;88;90;208;78;53;104;77;78;76;61;89;104;95;265;286;113;42;60;130;54;42;55;53;50;54;54;82;42;110;83;46;52;42;64;60;286;62;88;55;53;62;258;112;56;109;55;53;104;53;107;53;57;108;53;57;286;57;62;54;287;43;155;73;42;108;120;255;52;52;246;52;257;52;260;57;248;52;52;42;53;271;76;92;53;89;179;53;53;56;255;53;264;56;57;57;286;53;107;52;53;92;55;53;55;216;57)
seed_4_level_1-4,2416,29709.481877088547,48196839,8553,(286;60;91;256;130;60;42;67;57;59;54;53;63;53;55;234;42;92;194;77;113;52;52;58;58;53;56;62;52;61;58;53;59;54;52;58;286;109;52;57;53;57;56;68;53;110;53;57;57;226;52;88;51;53;209;221;53;281;57;208;88;53;105;57;88;107;78;53;53;240;57;105;131;88;58;57;55;94;252;88;90;382;42;57;127;95;62;91;53;57;43;57;244;382;58;59;56;57;79;125;189;88;112;89;88;56;57;189;88;53;56;107;107;55;84;57;226;56;46;62;56;62;57;52;53;116;78;287;55;52;52;52;53;52;55;55;52;52;123;52;52;128;53;119;248;53;62;90;190;126;106)
seed_4_level_1-4,2416,30249.08250284195,49247676,8703,(194;93;57;54;53;108;54;58;286;59;59;42;102;102;108;57;226;109;113;213;264;107;94;116;93;110;53;93;87;87;62;57;57;108;53;46;97;42;286;63;53;241;54;80;46;79;57;59;59;56;63;104;65;87;44;89;57;287;52;55;52;52;53;102;52;52;58;100;75;52;52;52;57;52;52;52;53;52;52;52;382;53;87;53;57;57;68;53;223;108;109;57;57;61;109;53;90;53;57;53;106;310;107;107;90;240;79;249;57;53;78;78;90;59;57;52;88;264;53;106;239;76;142;78;58;240;162;442;42;42;244;43;57;42;62;42;53;89;222;55;43;56;53;52;53;89;59;92;52;42)
seed_4_level_1-4,2416,30801.52177476883,50378156,8853,(287;256;87;57;52;57;42;52;53;59;52;52;107;54;58;52;53;59;52;457;88;43;90;84;42;228;87;42;42;42;42;90;92;239;42;43;91;263;42;42;286;110;56;42;42;54;52;53;89;109;107;90;62;42;90;103;96;102;243;56;56;42;94;57;90;105;128;88;59;104;119;57;93;57;56;53;382;115;57;88;53;54;88;54;56;179;240;53;88;107;88;53;133;60;54;51;57;57;78;58;224;226;57;382;53;57;253;116;53;59;52;55;46;211;57;59;62;57;53;57;256;111;57;53;240;53;53;84;57;88;77;89;183;54;107;78;53;52;61;250;52;239;95;240;88;54;88;88;116;54)
seed_4_level_1-4,2416,31366.38277196884,51596531,9004,(287;116;52;217;61;43;119;227;52;52;221;52;42;52;52;52;238;112;286;80;105;50;53;57;42;97;58;70;222;107;52;65;109;53;106;53;89;243;62;58;214;110;59;142;42;102;57;57;57;53;57;52;52;116;103;52;296;108;56;46;53;90;53;42;52;52;93;242;54;177;53;218;239;42;88;262;134;56;282;57;57;250;100;104;57;57;211;57;57;210;57;104;57;89;104;43;57;113;59;59;52;89;281;57;131;104;53;220;57;222;53;57;81;89;54;104;57;99;84;57;102;55;52;53;235;53;240;78;108;110;88;255;239;90;88;259;240;58;87;249;55;58;53;108;57;57;78;55;240;57;87)
seed_4_level_1-4,2416,31936.437898159027,52938027,9155,(243;84;60;105;57;55;240;59;54;57;108;57;147;57;54;115;118;52;286;62;55;65;63;55;53;113;61;57;44;104;54;53;54;54;55;88;382;52;88;52;95;57;55;57;57;59;96;52;55;86;53;116;53;57;112;59;87;108;382;53;55;57;90;51;152;52;52;107;53;222;57;53;57;209;55;53;62;53;209;57;89;444;240;108;56;87;53;52;235;122;50;42;244;119;92;52;156;63;56;53;93;89;54;254;287;286;87;58;123;52;256;52;126;58;119;307;227;114;146;53;53;52;52;61;52;250;59;57;240;61;77;53;240;78;250;240;57;61;104;249;109;240;61;88;240;78;54;77;59;57;239)
seed_4_level_1-4,2416,32504.412780046463,54162364,9307,(286;44;59;43;256;51;53;109;53;95;54;59;88;52;53;57;282;98;116;86;57;57;57;90;57;44;57;57;57;56;57;55;57;53;239;115;286;90;53;57;53;82;254;109;52;109;52;42;54;56;90;57;57;56;57;281;57;53;55;53;56;53;56;87;57;88;107;53;55;53;58;52;55;57;209;53;95;382;211;57;114;105;242;59;90;94;239;89;136;124;53;49;92;110;199;42;116;57;251;53;210;382;52;113;55;116;57;53;115;52;60;52;53;110;52;60;58;204;107;86;113;52;115;52;53;249;57;64;240;57;240;54;78;57;111;57;260;239;44;78;53;115;57;240;53;240;57;53;109;239;239;249)
seed_4_level_1-4,2416,33058.48778176308,55314729,9457,(281;53;53;113;53;88;209;54;111;53;102;96;57;56;56;52;87;106;92;93;52;57;56;286;57;108;93;63;53;59;57;85;53;111;102;53;104;52;54;42;55;52;243;56;90;57;56;53;53;59;57;96;57;218;56;119;60;57;109;102;107;62;57;42;382;57;52;56;57;92;55;57;44;44;59;91;88;62;55;57;88;57;57;88;57;58;57;249;61;241;52;240;78;57;240;54;77;77;240;240;44;54;88;78;44;114;88;57;87;54;78;265;239;116;249;58;240;250;261;296;106;184;42;57;99;82;52;120;55;146;52;42;57;52;211;89;42;240;86;201;101;56;64;249;242;130;61;53;257;106)
seed_4_level_1-4,2416,33646.858766555786,56849583,9606,(382;54;89;57;57;57;57;57;57;57;42;57;112;59;57;57;108;87;57;53;57;261;58;90;57;62;55;53;243;106;42;54;106;77;85;54;58;56;122;53;53;59;59;78;52;52;59;238;52;113;43;54;107;57;84;57;238;102;484;220;53;214;286;180;137;242;211;56;133;136;52;104;53;104;57;114;52;88;42;106;242;93;56;211;239;54;52;93;57;82;42;239;92;93;42;57;90;208;225;218;42;250;240;88;57;88;250;88;239;88;239;93;250;90;57;53;88;44;53;90;239;240;90;239;78;57;77;239;53;90;239;249;249;53;57;239;87;77;240;259;53;57;240;57;49;240;239;108;242)
seed_4_level_1-4,2416,34229.88665819168,58350986,9756,(382;44;59;124;54;55;115;61;89;88;93;54;94;88;59;91;286;57;57;53;57;57;54;94;53;120;116;286;52;225;238;107;82;53;104;208;100;103;57;238;204;52;60;192;102;57;52;57;88;52;109;57;77;58;240;52;382;184;233;105;42;108;52;54;54;86;220;115;78;127;53;116;42;54;94;248;42;52;59;95;57;87;86;108;106;57;228;54;111;42;242;132;224;55;88;239;230;53;242;240;189;249;249;104;249;84;57;109;208;53;57;249;239;131;52;90;78;250;88;88;109;240;53;57;240;77;249;109;54;77;126;53;58;56;53;104;59;250;78;249;240;58;249;53;88;59;56;88;88;239)
seed_4_level_1-4,2416,34797.047595500946,59599544,9906,(282;116;223;59;53;62;92;53;57;53;213;62;60;57;51;57;239;256;57;54;55;59;57;57;58;91;271;105;243;53;115;107;250;108;57;52;110;53;175;86;58;82;181;104;53;87;111;52;57;52;52;53;225;82;117;209;217;200;56;52;88;296;53;76;53;62;46;54;109;88;42;56;44;181;58;42;56;49;134;42;91;90;104;217;57;53;242;56;107;53;43;90;56;147;57;54;249;222;191;56;57;52;49;57;208;240;84;234;59;249;57;57;208;57;52;54;239;57;78;86;86;53;78;57;57;53;131;61;88;249;240;81;79;241;104;249;131;208;57;61;240;252;106;54;84;240;54;78;53;57)
seed_4_level_1-4,2416,35357.90024852753,60820136,10056,(296;64;58;42;58;223;239;87;56;54;221;239;239;212;42;55;53;57;90;53;53;58;242;59;286;55;54;53;208;219;242;119;242;42;130;181;88;382;299;107;57;57;57;57;51;57;57;57;107;106;51;57;56;57;53;57;57;88;57;57;57;90;88;53;93;53;57;53;114;286;53;86;110;57;58;52;110;44;122;53;65;106;56;52;54;104;57;100;57;92;92;94;79;110;116;60;60;56;107;286;53;286;52;111;83;234;57;104;58;57;58;142;57;214;59;93;97;54;239;108;58;84;78;88;240;78;57;61;57;116;86;53;53;58;239;88;57;265;53;95;208;249;54;90;56;234;57;106;53;88)
seed_4_level_1-4,2416,35920.38466119766,62123015,10205,(382;104;57;61;58;107;53;107;90;57;116;109;59;53;57;57;59;57;57;59;52;93;62;59;97;89;54;53;95;59;106;243;58;238;88;85;42;42;238;81;119;193;78;112;109;90;102;58;105;53;215;82;177;90;58;54;257;52;102;81;58;106;102;222;82;234;54;57;253;53;81;53;85;84;61;255;240;261;78;53;78;220;252;88;88;78;53;78;52;239;88;253;146;53;53;78;57;93;54;53;137;259;54;61;56;240;53;296;251;239;57;59;178;56;56;201;53;43;57;93;238;53;56;207;42;56;90;57;108;88;42;211;52;248;60;90;117;93;177;52;240;251;244;106;53;53;52;210;54)
seed_4_level_1-4,2416,36471.70527410507,63204622,10355,(282;105;90;57;57;59;54;57;59;104;53;52;53;53;86;62;54;61;93;88;58;57;57;53;53;52;59;88;53;286;61;52;59;52;154;102;101;239;201;53;114;229;52;213;186;55;52;103;102;110;102;53;102;52;54;102;112;68;58;57;56;109;219;94;57;129;234;57;57;57;105;53;57;57;252;99;90;85;79;253;135;52;57;53;77;49;77;85;58;107;116;244;240;78;53;140;52;136;57;109;57;57;89;54;57;115;57;382;56;239;265;64;42;53;213;52;86;52;56;53;182;50;95;53;236;52;223;62;90;197;57;239;52;104;57;57;53;106;223;112;52;62;56;107;52;239;95;208;52;52)
seed_4_level_1-4,2416,37015.29585003853,64232473,10505,(382;116;52;57;106;89;52;90;110;54;52;52;52;57;52;53;57;52;57;89;57;52;52;57;57;57;57;52;234;146;116;105;81;208;110;57;55;53;107;53;57;56;217;53;56;104;59;143;244;57;57;54;79;242;77;107;57;54;111;53;240;83;92;55;58;81;61;243;239;57;52;119;57;115;104;53;59;240;57;54;57;62;105;53;235;104;104;60;240;249;62;111;112;53;55;56;55;55;53;54;53;116;112;78;83;54;382;42;57;286;56;42;90;298;57;88;253;114;42;91;62;52;210;53;106;43;46;57;57;95;109;56;46;177;221;54;58;66;56;88;98;43;95;57;56;56;90;76;133;116)
seed_4_level_1-4,2416,37575.90531587601,65391442,10656,(243;112;52;56;114;111;109;81;106;216;52;116;52;113;53;57;60;183;53;104;52;57;54;63;88;208;52;65;63;53;58;109;52;245;77;59;57;57;59;85;42;60;90;53;84;104;238;52;65;296;130;88;90;67;57;95;111;211;58;57;109;57;57;56;53;49;135;56;90;62;239;224;201;240;88;54;42;57;57;56;88;110;57;46;42;221;57;119;56;382;115;240;151;91;160;42;253;53;253;181;234;57;84;236;60;54;245;54;103;54;88;93;234;56;57;121;54;148;116;113;56;54;118;57;79;241;250;195;56;58;142;84;239;56;84;89;53;61;239;54;57;57;109;90;56;88;42;57;57;61;57)
seed_4_level_1-4,2416,38124.86263728142,66439479,10806,(243;82;118;240;57;109;77;57;94;106;56;104;86;93;86;85;42;58;109;57;78;53;86;106;57;221;249;88;57;54;107;57;57;59;52;104;53;218;88;106;208;58;220;113;111;53;234;54;53;57;57;56;57;96;89;110;95;57;57;54;125;86;50;53;57;110;57;62;117;57;93;59;244;57;57;58;59;53;57;89;57;254;57;240;126;90;59;57;57;78;58;107;128;55;61;161;370;265;286;53;94;46;88;42;175;88;93;57;42;93;46;286;109;93;68;222;52;57;382;43;42;90;54;54;88;43;46;44;52;104;238;57;43;58;57;52;56;42;95;90;42;57;158;52;53;52;53;109;211;207)
seed_4_level_1-4,2416,38707.57556247711,67879069,10956,(234;106;250;129;57;78;55;53;57;46;57;53;265;251;104;250;61;240;106;57;248;256;245;49;57;219;86;61;57;240;57;58;116;78;57;110;59;84;94;56;57;213;244;66;61;57;57;465;54;88;52;228;52;58;53;57;62;206;136;55;86;93;93;104;93;107;211;118;119;62;56;57;57;88;245;52;165;105;56;138;46;57;286;42;223;239;93;286;54;53;251;42;57;53;59;100;51;252;213;243;128;244;234;57;240;53;57;57;58;114;53;53;52;53;91;52;119;52;115;64;114;57;52;52;219;53;54;57;93;107;240;59;242;109;108;132;58;53;93;52;91;52;57;52;219;56;107;256;64;250)
seed_4_level_1-4,2416,39287.60921597481,69336492,11106,(243;239;54;111;58;54;93;149;106;104;52;214;78;53;54;89;52;55;57;212;51;107;53;53;93;56;60;119;221;60;96;170;57;219;258;111;103;57;58;87;59;88;92;219;51;57;139;250;182;426;57;63;58;195;119;53;265;52;208;57;503;211;54;94;264;104;106;56;88;180;57;286;57;57;104;53;54;53;42;56;57;193;58;109;52;53;129;107;208;93;92;212;51;42;64;52;84;53;92;93;234;88;57;106;54;59;227;58;57;49;59;56;59;66;107;56;75;93;112;265;223;108;263;57;257;54;265;61;112;56;250;57;52;213;112;88;241;240;58;107;57;50;253;57;88;52;100;87;61;212)
seed_4_level_1-4,2416,39861.22263908386,70721321,11255,(286;52;92;52;87;75;249;56;169;104;96;58;214;112;118;57;58;240;124;53;57;59;63;52;63;242;93;42;103;183;53;58;73;239;52;52;220;88;219;58;76;53;245;108;115;56;50;102;234;220;107;259;68;90;58;218;250;55;179;240;236;133;54;146;127;53;57;58;61;113;130;57;199;88;56;107;77;88;52;132;113;199;245;94;57;239;182;52;57;61;85;252;255;88;57;242;43;382;49;76;251;57;57;57;57;55;166;44;104;208;52;52;53;52;64;53;242;115;54;106;44;56;93;88;90;53;43;78;57;146;264;52;56;56;90;53;90;58;104;182;53;56;91;248;310;253;132;51;104)
seed_4_level_1-4,2416,40415.52299904823,71858026,11404,(382;211;62;53;42;256;194;52;58;90;93;90;103;42;53;56;84;55;254;57;52;55;52;109;104;240;62;58;57;116;93;57;59;57;55;82;52;53;88;109;44;95;239;88;242;115;90;240;151;243;103;52;109;89;83;84;95;55;53;43;246;177;112;53;57;123;52;52;57;57;57;63;221;53;58;54;123;238;239;83;223;61;54;52;56;57;92;83;52;92;57;55;107;52;110;52;234;53;53;84;106;63;81;57;239;53;230;57;61;53;104;57;84;210;60;57;57;50;112;58;264;206;104;66;239;53;161;95;146;192;108;84;57;88;100;203;109;131;145;108;61;53;59;57;61;239;57;57;238)
seed_4_level_1-4,2416,40986.35083723068,73176603,11554,(286;89;90;57;52;239;53;57;53;54;53;112;52;52;265;57;57;91;52;219;56;227;223;53;88;63;103;81;58;57;93;84;52;58;110;111;57;108;52;62;224;107;223;111;59;105;382;180;61;56;109;57;95;253;57;96;243;42;57;57;52;99;57;53;42;57;77;199;53;83;187;58;249;57;253;57;84;56;241;93;57;382;155;50;57;53;88;53;265;99;58;57;57;93;55;88;234;156;238;157;104;57;58;69;57;63;56;211;107;254;59;57;57;265;44;54;117;59;97;185;109;54;93;70;125;88;116;54;107;253;183;247;90;242;53;44;57;107;52;52;249;213;107;88;109;57;57;201;53;133)
seed_4_level_1-4,2416,41591.52551603317,74901357,11705,(286;91;239;215;239;88;57;57;94;61;56;77;259;120;110;77;53;84;124;102;54;112;93;56;106;211;53;248;60;119;245;111;286;51;253;53;59;104;102;84;109;60;57;107;62;81;238;382;382;42;59;57;57;57;57;88;240;310;57;49;90;44;240;93;110;93;53;56;382;42;94;264;56;53;52;42;235;54;46;91;54;300;53;58;53;115;53;58;53;57;53;93;314;195;222;56;234;53;67;88;57;57;91;53;225;240;52;81;208;211;53;57;134;250;57;84;61;53;216;57;219;222;66;244;58;173;61;88;215;238;120;57;238;74;90;208;108;57;218;252;239;157;239;209;222;109;73;91;183;57;101)
seed_4_level_1-4,2416,42181.76868200302,76485336,11854,(390;93;88;206;109;512;93;177;93;180;57;57;308;240;278;46;57;52;52;109;50;207;208;88;60;57;94;58;221;57;57;56;93;87;149;210;53;200;109;57;118;104;93;57;93;46;240;286;52;286;51;184;57;49;58;87;54;57;59;60;54;55;54;53;57;109;104;53;53;57;54;54;112;232;59;89;86;54;58;52;55;81;141;264;110;109;54;57;286;101;253;53;239;57;234;208;189;96;84;81;56;183;58;240;68;50;84;239;84;182;82;57;58;242;90;93;222;244;97;107;264;57;90;56;188;244;53;206;265;54;91;56;84;53;215;215;116;93;59;245;88;57;61;60;53;64;244;88;202)
seed_4_level_1-4,2416,42768.32840037346,77992833,12004,(243;227;57;60;191;54;112;57;93;57;94;53;57;190;56;59;54;120;152;53;103;53;93;104;57;105;84;221;59;95;57;111;59;59;114;58;81;93;57;227;58;52;57;512;57;104;93;247;222;213;114;180;57;116;88;189;257;52;57;55;240;57;53;254;109;88;91;217;59;49;57;55;53;144;107;114;55;56;53;286;56;109;57;53;57;55;61;215;239;52;57;302;69;57;234;57;57;88;57;61;83;122;58;84;112;107;135;134;203;88;177;255;95;107;59;107;53;57;208;88;57;250;214;250;188;86;208;238;53;42;135;56;57;116;226;109;208;207;84;142;56;258;252;250;52;245;136;123;240;87)
seed_4_level_1-4,2416,43345.19029521942,79485269,12153,(243;90;84;103;57;53;195;104;83;54;58;53;53;56;57;221;53;54;54;82;265;91;107;82;57;265;139;251;240;53;53;88;224;200;286;53;91;59;53;56;105;512;286;53;88;264;60;88;57;255;382;107;57;56;46;195;157;286;88;56;57;226;57;57;240;57;53;88;51;61;57;53;57;213;211;88;269;93;231;210;88;158;57;54;57;53;83;59;205;57;95;258;106;124;57;59;134;52;57;95;53;222;83;244;44;178;57;206;106;57;55;66;238;77;57;112;191;57;93;61;57;66;382;208;57;60;57;112;104;249;84;52;57;60;89;57;57;57;58;57;114;93;53;84;78;52;129;46;110)
seed_4_level_1-4,2416,43940.023492097855,81006152,12303,(286;118;63;57;227;81;118;53;93;88;94;53;238;93;96;210;88;225;136;57;89;102;53;59;60;88;95;214;59;130;59;249;103;77;91;110;57;232;88;52;58;53;53;53;57;59;158;97;83;63;52;225;60;125;239;56;91;57;52;88;90;223;92;52;52;103;106;112;83;514;250;93;88;254;113;88;58;87;93;92;58;57;57;42;53;57;260;57;252;240;56;264;62;130;62;57;88;52;88;93;183;207;263;57;57;243;57;224;57;57;57;210;139;242;77;264;88;286;57;66;185;109;67;86;87;286;106;88;56;53;104;57;240;53;56;58;253;286;227;224;59;310;53;64;59;217;114;57;53;56)
seed_4_level_1-4,2416,44505.34839105606,82263243,12453,(286;52;58;59;109;168;83;112;63;54;88;178;246;56;54;57;58;42;57;214;53;94;60;87;59;249;52;52;113;87;111;62;57;58;53;59;53;114;59;57;57;105;53;93;115;103;52;53;57;57;56;162;255;93;53;88;54;59;94;53;52;53;230;59;90;58;59;114;514;93;53;224;49;56;59;43;57;90;286;57;57;57;57;242;53;57;103;52;57;57;57;70;286;213;93;57;58;90;56;241;57;53;53;57;109;53;70;255;115;53;54;57;310;87;265;188;88;211;57;127;77;57;57;57;57;57;212;115;193;103;93;124;229;90;239;240;88;251;57;240;57;53;57;232;113;57;49;77;253;49)
seed_4_level_1-4,2416,45069.09289383888,83468015,12603,(243;57;52;57;57;52;82;244;57;85;59;53;52;101;82;59;57;52;53;57;95;57;241;89;59;52;57;56;215;57;214;57;53;73;53;57;88;183;109;57;85;59;62;59;42;91;56;58;108;53;93;110;57;51;57;56;64;53;60;53;109;56;54;90;56;93;512;57;240;57;253;43;54;81;57;57;57;223;93;52;210;240;53;94;115;212;204;57;105;116;46;106;106;58;117;88;57;111;88;57;53;54;69;57;52;67;57;56;240;52;57;224;57;248;117;52;310;57;53;199;115;68;84;78;52;219;56;261;89;57;58;125;286;57;251;232;149;114;382;53;57;56;57;152;104;57;211;140;53;60)
seed_4_level_1-4,2416,45633.888186216354,84627761,12753,(243;109;57;59;57;52;61;59;117;56;53;108;115;42;95;88;53;106;110;53;110;133;53;91;112;108;57;92;57;58;57;57;75;59;104;77;109;57;60;62;54;84;109;90;97;53;57;58;97;53;52;57;59;54;96;253;85;42;59;54;54;57;91;512;53;57;58;256;56;97;310;57;53;226;57;224;57;233;57;54;141;61;134;258;90;129;57;90;57;53;88;202;57;52;57;57;88;203;93;57;228;58;255;53;111;53;90;57;52;57;242;57;56;46;86;55;211;220;90;101;382;56;210;52;57;88;57;121;227;102;53;251;253;54;53;232;56;43;42;79;53;78;57;252;52;84;107;90;57;57)
seed_4_level_1-4,2416,46189.35308074951,85748092,12903,(286;104;57;57;57;59;106;57;88;114;78;53;57;56;260;53;104;51;53;53;57;57;53;87;49;57;67;93;116;54;88;107;104;52;63;57;66;60;77;53;57;51;115;57;59;57;54;57;109;254;87;53;61;54;79;98;53;46;54;108;55;52;512;121;57;52;56;59;82;56;106;57;240;57;248;255;53;56;43;57;53;258;210;286;57;59;58;102;100;54;57;52;57;57;241;44;114;98;57;56;105;56;53;134;53;90;58;57;88;44;258;89;56;57;52;57;102;222;56;53;95;133;53;242;234;241;223;56;90;96;254;57;104;104;53;57;191;242;240;50;57;52;56;52;264;57;53;59;59;241)
seed_4_level_1-4,2416,46756.48349952698,87040661,13053,(243;79;91;53;57;216;88;83;63;240;57;53;93;53;78;310;44;57;57;57;53;93;61;107;54;90;53;58;57;57;55;56;286;57;42;57;90;52;57;52;57;110;240;57;104;107;249;120;57;53;58;53;88;90;53;53;53;54;112;85;44;487;56;57;52;228;52;53;57;87;239;262;88;57;58;219;222;93;57;57;90;88;57;54;88;57;53;91;53;60;58;111;46;224;44;57;253;53;108;382;256;84;129;55;58;88;57;251;52;64;42;69;239;54;57;210;108;238;193;57;57;253;216;222;310;53;129;56;54;115;241;57;54;56;53;56;57;57;57;61;210;144;190;56;220;57;53;56;61;56)
seed_4_level_1-4,2416,47333.478099823,88332037,13203,(310;53;124;111;53;58;57;53;89;86;53;56;239;246;57;53;53;57;51;52;62;57;108;57;90;113;104;93;56;239;88;86;90;54;54;54;57;99;54;134;44;57;57;103;197;53;84;54;53;62;57;82;60;113;55;52;91;113;54;57;250;53;59;514;261;53;52;57;56;265;97;286;118;88;116;265;52;44;54;89;58;57;52;180;53;53;106;132;310;217;198;54;54;99;286;248;44;57;56;52;81;59;88;52;249;90;52;226;88;220;52;207;58;52;57;57;56;59;53;248;251;62;222;224;53;239;131;52;106;57;68;57;58;152;255;56;52;55;210;70;53;113;57;212;53;59;106;110;52;106)
seed_4_level_1-4,2416,47918.54993271828,89820725,13353,(310;119;110;113;255;55;81;248;88;53;55;57;52;53;286;177;116;109;116;239;53;90;57;53;62;53;221;112;54;57;183;86;53;58;54;54;63;42;258;240;53;54;53;60;52;53;64;53;255;210;54;56;54;240;53;60;53;54;219;203;78;94;512;265;58;52;160;107;109;90;253;121;198;137;67;52;57;52;238;53;56;61;56;52;52;52;59;54;53;94;224;223;223;53;56;56;54;210;86;59;63;251;90;52;56;88;244;120;117;240;53;265;265;62;52;101;240;212;269;59;265;52;107;53;106;210;106;57;43;56;109;53;52;58;230;215;107;54;57;60;53;238;62;242;106;58;60;52;53;152)
seed_4_level_1-4,2416,48514.486078739166,91356181,13503,(310;219;89;54;87;42;59;54;93;93;259;58;54;92;81;93;53;109;54;54;53;106;242;53;95;53;53;42;56;256;264;53;64;54;88;260;54;58;53;242;52;54;82;54;107;54;54;42;42;89;54;82;104;57;54;52;61;53;53;61;52;52;77;232;59;57;89;512;52;53;43;211;52;242;139;194;52;217;107;242;56;57;76;52;252;52;211;91;239;57;239;53;70;59;53;220;87;246;88;223;238;248;43;53;111;69;107;93;210;58;286;244;52;53;52;52;248;255;222;110;93;156;53;158;224;52;107;90;52;54;100;210;286;46;57;83;53;253;66;310;242;107;57;42;76;52;240;53;223;216)
seed_4_level_1-4,2416,49094.82735157013,92798851,13653,(310;57;53;66;42;80;42;57;52;62;56;54;54;55;53;57;54;53;53;105;42;53;55;53;58;52;54;53;53;54;75;53;54;54;53;57;57;56;54;57;110;53;53;56;53;218;95;53;105;54;57;58;110;53;84;75;56;61;53;57;53;57;512;52;53;221;224;226;209;226;58;52;240;43;86;242;118;52;67;56;69;209;227;65;224;239;189;213;53;212;52;52;57;88;227;58;56;139;245;230;212;90;229;252;211;224;57;56;56;93;238;100;42;240;49;213;52;188;238;54;58;88;88;140;220;46;90;212;252;110;240;57;43;310;131;52;46;286;226;104;54;236;213;215;53;88;57;109;53;195)
seed_4_level_1-4,2416,49688.74185347557,94431533,13803,(310;59;54;53;108;59;59;106;54;54;54;84;106;54;53;54;42;64;67;52;60;53;102;54;85;52;61;92;42;109;53;53;53;76;53;53;70;94;53;57;95;54;54;53;111;54;52;58;233;53;85;58;59;514;55;210;52;221;131;286;258;239;88;52;56;57;240;110;382;57;159;240;56;214;52;88;218;57;56;63;52;133;180;211;226;58;52;57;251;57;73;224;77;57;69;52;228;52;310;57;215;109;57;286;242;208;212;210;241;91;226;53;252;203;57;228;202;67;87;57;229;57;105;52;73;208;240;107;70;57;53;223;216;215;310;131;56;52;242;42;51;109;56;210;57;240;109;224;56;211)
seed_4_level_1-4,2416,50284.15335249901,96041649,13953,(310;52;216;52;115;59;115;93;52;220;97;188;95;108;93;56;88;94;42;116;112;54;53;149;52;58;68;54;58;52;57;53;58;94;108;133;54;54;60;52;111;95;54;56;54;91;56;104;115;54;512;42;57;179;218;57;57;52;217;57;55;212;256;240;240;62;254;57;53;253;53;128;134;110;77;114;57;210;251;55;57;88;240;57;382;240;382;242;56;57;55;88;203;53;57;212;57;211;57;90;66;177;122;58;106;57;86;225;57;53;211;103;57;260;265;134;57;42;57;52;57;52;88;56;57;239;199;70;57;93;286;251;53;278;90;93;129;57;310;151;57;212;212;115;223;211;57;52;52;136)
seed_4_level_1-4,2416,50888.73916196823,97788609,14103,(310;42;57;53;56;54;127;57;57;66;54;57;64;118;42;57;107;113;57;86;53;52;81;52;52;109;88;59;58;42;104;105;54;242;42;57;238;57;69;52;53;59;53;200;52;115;52;54;57;88;135;55;86;42;512;52;211;57;222;57;52;132;104;181;67;70;388;108;53;46;133;89;240;171;211;224;240;251;57;58;224;162;271;58;53;224;52;57;42;52;228;53;240;90;212;111;53;243;251;133;222;239;76;243;209;212;57;103;240;90;382;78;253;53;56;67;226;262;52;53;120;62;57;86;111;57;53;226;224;54;130;145;57;179;249;277;284;44;57;193;382;223;195;57;58;53;222;61;209;63)
seed_4_level_1-4,2416,51494.86563873291,99436959,14253,(310;115;88;111;86;54;53;52;88;104;53;42;107;55;138;53;104;54;54;255;209;103;215;104;53;111;60;58;57;54;86;218;52;59;84;61;57;56;109;57;52;42;53;107;104;182;56;52;112;66;53;77;212;202;144;242;57;238;179;52;53;59;57;239;61;57;267;183;179;58;210;88;58;214;233;106;211;209;57;244;252;240;109;240;58;223;166;52;240;224;57;57;52;67;43;382;102;286;240;254;89;57;226;57;242;198;240;52;57;249;77;57;109;55;52;59;57;92;57;188;111;212;209;56;120;57;57;229;122;240;224;57;57;286;57;240;53;52;58;222;57;90;261;112;160;88;213;213;240;55)
seed_4_level_1-4,2416,52112.08862757683,101407451,14403,(310;59;56;218;220;98;59;42;53;93;104;55;264;52;55;88;104;90;42;141;109;97;91;106;85;106;92;53;53;84;99;53;56;57;42;257;42;95;109;54;57;53;83;112;140;57;79;364;140;106;134;57;112;61;365;223;177;228;245;238;182;286;240;88;239;90;57;53;57;240;52;240;223;239;245;225;224;57;52;498;265;224;52;57;53;178;75;211;107;212;176;57;88;57;239;132;146;132;126;235;42;222;69;55;120;240;53;57;209;57;51;57;189;253;52;257;239;115;64;90;57;224;223;52;134;58;223;241;107;228;52;57;240;213;57;57;57;254;224;240;240;53;211;109;271;57;239;240;54;188)
seed_4_level_1-4,2416,52708.81436562538,103220551,14553,(228;240;56;54;54;42;59;58;61;64;90;52;215;56;52;93;57;58;52;53;81;104;57;53;61;109;56;57;252;211;54;42;53;136;103;106;54;63;105;59;57;66;256;150;57;364;54;61;61;88;127;105;253;91;111;483;53;57;107;53;210;221;209;223;57;258;181;181;184;88;53;88;56;134;53;57;57;211;246;57;53;213;57;57;223;57;212;224;286;249;212;57;53;53;88;88;57;57;382;223;279;215;53;57;89;224;55;224;109;117;103;107;239;55;224;240;58;239;149;115;107;224;209;53;212;57;57;211;57;53;239;53;223;210;310;54;286;212;56;52;88;240;90;286;88;271;212;120;107;57)
seed_4_level_1-4,2416,53298.95185422897,104864924,14703,(364;254;248;59;42;57;57;95;58;53;84;52;63;124;57;57;102;108;59;57;106;42;224;54;54;109;119;57;103;104;52;66;57;53;54;58;113;59;52;113;155;57;57;57;59;57;78;109;59;57;216;56;59;56;121;87;498;109;223;54;75;242;252;53;286;195;223;53;226;53;212;56;83;310;388;56;54;89;204;53;52;57;242;240;240;216;228;286;185;52;310;108;104;53;223;244;57;224;53;255;109;49;118;57;57;250;110;57;53;59;57;57;57;53;53;212;240;131;88;214;54;43;283;286;115;86;104;107;52;56;68;44;53;180;110;52;223;213;108;58;57;52;240;188;70;224;57;52;51;109)
seed_4_level_1-4,2416,53890.18051171303,106628348,14853,(365;54;237;88;115;57;53;251;220;58;111;42;109;53;60;126;109;54;54;57;176;259;96;57;84;53;55;56;246;130;59;53;42;57;59;197;52;54;53;179;60;105;56;112;53;90;57;61;57;58;51;98;53;110;212;512;310;57;52;223;223;57;53;70;224;52;52;53;229;57;107;238;53;234;91;53;239;310;52;210;239;207;90;53;268;57;105;52;107;52;107;239;53;56;52;286;52;52;57;207;86;178;240;250;52;240;53;310;224;238;208;223;53;57;109;55;112;42;56;252;76;133;112;93;113;53;226;240;68;110;52;235;54;222;57;132;88;208;286;202;57;383;57;53;177;57;57;57;240;52)
seed_4_level_1-4,2416,54473.457285642624,108206970,15003,(292;110;217;106;52;106;216;52;54;86;59;213;102;57;54;222;64;206;52;91;53;92;53;78;57;57;61;53;132;58;93;42;133;59;53;131;56;56;119;59;86;57;102;239;86;64;65;220;235;93;57;249;54;58;115;215;54;296;53;57;208;251;54;147;53;53;53;57;226;53;57;223;104;125;57;57;54;57;240;179;53;90;53;224;52;236;52;53;56;210;233;57;255;116;59;239;90;55;57;239;78;53;44;236;52;223;286;52;53;238;240;210;221;50;302;66;240;52;212;265;104;264;65;252;239;57;52;224;88;50;54;57;143;240;97;239;53;253;44;52;235;57;53;52;102;104;115;240;223;53)
