seed_21_level_5-1,690,528.1541340351105,703789,150,(34;33;29;32;32;25;38;16;42;29;33;77;27;42;35;42;21;42;32;42;17;41;26;23;42;30;53;57;57;1001;32;73;20;16;57;33;32;32;23;24;40;85;41;85;31;42;24;43;53;42;22;21;38;55;50;28;28;19;26;32;23;80;83;31;22;25;34;22;39;69;77;68;55;36;40;49;27;49;51;33;24;41;191;29;140;117;71;23;32;57;54;57;44;19;20;42;79;42;49;17;42;18;40;69;42;24;79;62;21;36;38;19;105;37;33;14;80;42;47;29;42;42;120;26;81;42;36;41;44;85;67;33;28;34;42;51;23;42;18;42;24;24;82;44;191;87;55;30;27;19)
seed_21_level_5-1,812,1060.2024278640747,965905,303,(42;44;42;42;42;44;42;44;42;44;42;42;42;42;42;42;42;59;42;50;42;47;42;42;53;53;49;70;68;47;37;38;28;89;42;69;15;80;51;65;109;29;66;42;85;35;37;47;191;24;90;19;36;86;28;23;54;34;16;41;84;22;24;16;16;19;121;24;25;47;189;40;29;54;37;25;30;190;21;29;19;19;28;26;17;73;41;31;120;27;23;167;27;21;37;22;19;49;56;18;18;66;29;25;29;14;26;20;26;16;26;33;34;32;77;27;105;24;25;23;54;41;25;37;27;24;63;33;77;23;18;41;46;50;57;26;50;96;51;24;77;33;117;167;118;116;19;56;59;31;56;52;57)
seed_21_level_5-1,1010,1717.8255937099457,1259845,496,(44;40;45;44;44;44;44;44;44;44;44;44;24;48;44;44;62;46;44;44;44;45;44;47;51;48;61;49;49;49;54;51;45;20;31;34;38;20;22;47;21;34;53;34;18;37;24;24;19;30;27;79;64;21;22;21;18;22;26;27;27;24;14;23;34;47;24;105;34;44;36;109;199;60;35;24;82;31;31;37;27;29;27;30;36;24;19;35;27;22;36;47;24;16;166;16;17;21;48;18;21;22;30;125;131;18;38;26;90;26;31;26;19;60;15;29;47;27;32;39;57;166;16;32;16;28;109;50;33;50;51;33;47;30;53;80;42;60;23;25;30;98;28;34;34;37;57;19;16;55;54;84;14;38;32;120;35;20;40;93;44;31;32;67;27;115;166;25;72;47;90;47;31;116;43;75;56;54;29;87;107;17;18;187;36;79;14;83;16;21;33;33;33)
seed_21_level_5-1,1010,2346.3977251052856,1509370,683,(42;42;42;42;42;42;42;42;42;42;42;42;42;43;42;43;114;43;43;42;42;42;45;42;42;45;45;34;45;51;44;50;54;32;57;33;49;46;57;47;19;42;76;36;36;18;54;28;23;25;24;42;34;23;18;28;21;29;55;89;19;54;31;21;25;31;29;80;53;16;63;24;34;32;57;30;33;35;57;21;54;29;25;30;16;29;27;34;31;47;42;58;19;19;25;50;41;43;35;26;16;158;44;19;37;27;26;42;32;52;82;31;38;37;50;20;24;21;26;33;21;31;37;30;47;123;134;53;31;33;49;77;24;56;25;34;38;26;62;32;71;23;77;37;87;113;41;95;42;27;105;35;54;81;108;31;109;84;33;62;21;18;114;27;69;33;19;17;41;35;53;134;19;28;33;24;61;77;22;109;21;74;30;28;50;158;30)
seed_21_level_5-1,1010,3005.711396932602,1877145,873,(42;42;42;42;42;42;42;42;42;42;42;42;42;42;41;20;23;42;57;42;43;42;43;38;47;24;47;47;50;51;30;18;19;35;20;58;30;82;37;55;57;25;28;158;47;31;35;58;37;49;19;26;36;33;19;32;36;26;54;33;110;49;47;25;79;158;83;73;68;13;15;50;158;37;26;18;29;18;38;15;36;35;15;27;14;26;126;111;19;20;38;26;34;15;38;43;45;25;19;35;68;42;20;15;27;25;28;23;19;49;79;97;25;28;26;56;34;66;16;18;14;47;33;27;17;28;59;109;48;158;57;17;149;158;33;43;51;36;49;43;54;33;57;57;38;122;38;35;158;126;57;54;158;37;28;36;59;34;28;60;28;22;21;28;109;32;135;18;158;158;59;34;42;47;45;41;30;158;158;17;47;49;50;78;36;158;40;73;134;62)
seed_21_level_5-1,1010,3639.8356099128723,2154432,1058,(42;42;42;42;42;42;42;42;42;42;43;42;42;42;43;42;42;42;42;43;42;45;47;38;49;53;158;39;28;51;51;53;43;65;19;49;43;31;18;33;19;21;158;43;57;38;28;17;26;42;20;51;26;59;23;16;42;45;19;40;14;19;33;31;64;38;27;26;25;36;42;22;58;49;46;49;34;19;34;34;23;38;67;17;190;27;14;73;19;33;28;27;23;29;15;47;28;38;14;31;47;37;25;31;15;46;30;47;25;19;31;16;22;47;87;57;109;25;34;80;80;47;24;28;42;19;21;77;56;34;32;35;33;18;23;58;26;113;61;13;20;33;37;17;58;159;30;79;66;24;29;158;39;47;158;36;25;26;38;25;54;52;27;158;47;158;28;26;42;28;57;22;23;142;23;36;50;105;37;26;32;39;30;149;52)
seed_21_level_5-1,1010,4194.796677827835,2358168,1222,(42;42;42;42;42;42;42;42;42;42;42;41;43;42;43;42;42;42;57;42;43;42;43;42;55;45;47;49;22;46;47;51;51;58;14;24;27;34;28;60;34;24;22;35;66;57;43;57;19;25;34;62;55;42;15;27;27;41;31;39;30;62;25;54;50;85;26;30;15;28;27;36;40;35;18;57;18;25;47;53;64;20;36;130;20;17;33;34;24;26;31;30;57;25;22;24;70;26;31;20;58;90;35;54;40;19;26;19;30;31;28;39;58;29;25;52;35;30;24;40;25;47;34;22;114;47;60;32;33;55;16;19;50;25;49;116;39;105;77;109;56;18;82;22;53;58;47;39;106;14;50;47;19;14;186;36;33;33;47;29;58;30;189;26)
seed_21_level_5-1,1010,4727.049231529236,2546972,1380,(42;42;42;42;42;42;42;42;42;42;42;42;57;37;42;42;42;42;50;39;30;42;43;42;43;45;49;45;48;47;50;51;35;74;57;76;48;54;16;30;42;57;17;28;53;34;26;19;39;42;60;30;79;35;50;24;26;84;49;47;50;18;61;16;24;15;33;62;47;22;29;22;48;31;23;42;19;19;39;30;38;31;22;31;26;35;30;27;27;19;14;51;14;21;38;35;57;20;34;42;19;27;34;47;29;50;26;34;82;26;34;22;39;35;158;28;40;30;14;21;34;25;22;21;40;61;57;31;118;59;146;57;50;158;77;158;61;29;28;20;77;29;30;33;19;31;37;39;27;126;57;24;19;34;74;30;48;28)
seed_21_level_5-1,1010,5261.143128395081,2710962,1537,(42;41;42;42;42;42;39;29;42;42;42;42;42;42;40;42;41;40;39;40;56;39;43;43;42;45;47;49;47;59;42;61;37;50;49;114;54;31;21;32;48;16;17;17;42;36;55;57;23;31;57;37;109;20;26;47;40;42;18;62;108;60;57;31;18;57;16;47;62;84;34;106;53;18;25;15;33;54;40;41;30;21;20;37;32;36;14;28;25;30;37;15;30;16;26;34;16;17;14;23;13;35;15;40;26;17;23;21;22;19;26;29;66;45;41;55;22;55;24;47;21;32;33;26;50;117;54;50;56;18;19;36;25;95;50;38;35;35;84;26;127;36;26;111;47;59;22;62;42;31;29;19;16;57;24;35;72)
seed_21_level_5-1,1010,5789.566757202148,2886130,1693,(42;42;42;42;42;42;42;42;42;46;42;42;42;42;43;43;49;62;42;43;42;43;45;26;45;47;45;51;51;51;43;42;23;35;46;42;31;37;27;83;25;25;42;16;38;82;21;35;20;31;17;26;24;28;64;62;25;29;14;24;29;23;62;46;37;82;42;16;22;57;38;36;25;16;49;16;14;21;49;19;59;23;44;23;22;30;33;65;22;62;33;57;18;18;53;59;15;14;31;16;18;37;25;38;32;57;32;82;35;27;54;26;35;114;33;20;25;22;36;50;24;30;34;23;29;59;24;54;49;27;35;27;31;35;19;21;47;24;55;14;173;27;122;50;38;79;134;158;28;64;52;83;15;52;20;83)
seed_21_level_5-1,1010,6311.572880029678,3097036,1847,(42;42;42;42;42;42;42;42;42;42;42;43;42;29;43;42;50;37;42;43;43;43;43;33;45;41;50;158;42;57;51;52;51;50;53;59;22;32;35;47;60;34;24;22;20;29;27;19;21;16;22;35;24;60;28;59;115;37;28;17;79;24;83;21;38;19;34;25;45;18;47;19;42;22;62;187;27;42;27;16;29;38;36;34;17;14;47;17;85;38;28;35;24;58;27;25;32;41;13;25;25;39;23;48;126;21;57;26;41;25;35;37;76;31;30;17;22;29;23;51;50;38;21;78;23;54;30;158;58;158;115;37;41;17;44;30;54;28;32;56;77;42;126;110;59;61;36;47;22;71;43;65;43;50)
seed_21_level_5-1,1010,6845.302885293961,3328847,2003,(42;42;42;42;42;42;42;42;42;57;42;42;46;42;46;43;55;99;43;43;42;43;43;42;41;45;45;42;47;51;50;55;52;42;53;22;36;31;50;37;31;18;42;51;57;57;27;19;32;31;19;17;23;26;25;22;52;59;42;49;23;32;57;24;18;19;40;19;62;25;48;15;27;57;22;29;23;25;38;21;44;17;17;57;16;22;16;23;34;33;25;35;37;56;25;96;22;16;47;89;26;31;22;158;26;32;29;158;14;36;57;24;28;77;38;31;23;30;32;23;20;28;26;158;51;60;158;50;54;34;22;49;79;25;66;158;135;21;33;52;48;130;59;27;63;21;49;18;30;16;62;158;24;30;184;47)
seed_21_level_5-1,1010,7378.14607667923,3493843,2162,(42;42;41;42;42;42;42;42;42;42;42;41;42;43;42;52;45;36;42;42;43;43;42;42;41;42;45;53;51;50;44;51;54;27;47;17;47;22;29;30;42;54;57;56;21;32;34;25;22;44;56;47;28;37;26;31;16;56;74;71;28;33;29;26;46;23;19;15;27;31;83;33;39;22;35;23;59;40;23;31;31;57;80;31;28;30;28;17;16;23;26;65;14;34;31;42;83;33;49;34;44;50;66;34;33;22;69;33;30;21;69;30;30;16;26;19;24;31;32;21;35;38;30;26;30;23;17;35;51;30;53;27;57;26;40;59;42;115;77;27;62;158;16;38;84;84;54;22;38;20;33;29;20;158;15;59;28;80;17)
seed_21_level_5-1,1010,7903.523002147675,3724586,2316,(42;42;42;42;42;42;42;42;42;47;42;53;57;42;43;43;46;57;55;82;43;40;42;43;47;50;47;47;72;50;43;52;51;28;54;42;57;55;36;99;28;49;35;67;42;57;25;28;45;30;62;35;19;35;18;37;23;16;29;54;21;17;66;107;25;50;26;82;33;26;22;22;38;18;54;24;29;30;30;33;32;62;28;57;34;59;43;22;24;39;42;15;51;17;19;39;53;38;28;15;22;79;25;17;32;29;23;15;23;22;16;26;158;26;34;49;24;34;32;31;35;35;22;28;34;28;30;135;81;37;22;47;57;28;56;51;158;15;41;50;54;95;84;176;34;54;47;79;158;33;161;77;80;148)
seed_21_level_5-1,1010,8436.942849874496,3935526,2474,(42;42;42;42;42;42;42;42;42;42;62;42;42;42;31;42;43;43;43;43;42;45;45;47;42;59;49;45;51;51;72;36;50;55;26;41;42;26;25;50;26;57;46;158;59;19;16;53;56;121;30;26;54;68;32;27;64;38;40;29;26;15;58;62;62;29;21;30;17;39;85;189;19;47;74;16;40;17;17;49;27;33;24;15;36;47;54;29;31;22;57;25;18;72;40;17;25;25;33;21;20;37;18;22;34;35;19;33;19;35;42;25;47;14;33;16;35;27;52;70;31;33;156;36;18;57;36;57;24;54;25;47;50;29;42;80;33;36;21;35;18;44;127;17;56;32;56;23;109;33;59;19;26;158;158;36;20;19)
seed_21_level_5-1,1010,8970.977379083633,4133702,2631,(42;42;42;42;42;42;42;42;42;42;42;42;42;43;42;42;55;51;43;43;42;42;45;45;51;60;43;48;51;50;31;63;57;56;21;16;34;42;120;42;54;33;21;20;25;22;17;26;15;57;54;126;60;33;33;49;31;14;40;42;79;14;37;34;14;27;17;16;42;19;43;37;33;42;36;25;21;25;41;44;158;47;14;33;33;19;86;24;27;50;21;35;18;14;16;35;64;26;29;66;23;29;35;97;62;50;18;41;59;70;31;22;60;16;17;35;24;26;56;31;50;19;25;54;82;31;61;54;22;54;31;50;56;35;47;54;47;42;57;83;128;34;34;24;158;109;30;50;114;18;42;47;133;26;31;25;27)
seed_21_level_5-1,1010,9567.100350379944,4340258,2809,(43;42;42;43;42;57;42;42;60;150;43;43;43;45;50;51;42;47;20;57;51;33;32;25;26;21;22;33;76;57;27;25;28;24;26;25;33;52;38;28;18;54;25;60;62;18;50;50;28;15;28;30;30;19;62;60;21;32;72;31;27;33;22;14;27;25;34;25;30;42;26;27;21;42;15;19;35;34;26;36;24;33;30;30;34;81;24;42;19;24;15;25;36;40;38;35;19;33;19;24;51;117;24;40;29;57;40;24;26;39;35;55;29;15;24;27;23;24;15;56;34;37;52;27;64;43;108;45;51;15;41;25;55;35;56;42;27;34;60;30;38;54;59;19;54;24;24;68;47;65;32;26;16;36;158;21;47;23;18;66;121;23;50;80;80;165;18;32;108;64;43;15;18;158;35;54;57;47)
seed_21_level_5-1,1010,10095.912713050842,4538952,2966,(33;42;23;42;82;42;42;45;43;29;50;48;51;30;18;57;57;36;57;23;35;18;26;23;19;28;36;29;41;59;62;31;40;27;22;20;191;43;111;26;15;28;39;57;68;55;26;42;64;30;44;28;14;32;64;47;36;38;38;18;31;49;50;26;57;35;43;23;28;54;19;50;37;23;15;14;40;29;20;18;50;33;25;14;39;28;49;31;18;77;19;15;43;15;24;18;66;19;40;33;50;54;31;50;27;34;17;21;41;53;51;34;26;32;40;54;16;57;43;51;57;28;50;57;84;27;32;42;77;36;112;23;22;63;36;47;51;58;24;26;147;35;50;158;23;21;54;158;54;152;54;44;24;19;40;25;44)
seed_21_level_5-1,1010,10648.113736629486,4810534,3126,(42;50;45;46;49;40;35;26;57;19;21;23;27;57;16;16;31;51;42;51;25;28;136;42;42;47;42;24;46;158;19;50;16;23;18;24;31;26;87;37;40;56;39;28;59;58;31;47;42;34;32;16;55;158;35;65;33;31;27;23;33;24;19;24;34;20;33;20;14;25;87;83;82;34;15;14;24;33;33;84;18;21;33;49;33;19;29;57;17;24;13;38;25;32;35;22;58;22;35;38;41;34;24;53;158;18;50;40;26;35;54;39;29;111;56;51;31;25;158;26;32;84;79;105;30;32;83;49;84;51;111;78;50;23;21;148;109;31;31;65;23;158;48;158;55;158;47;55;47;41;51;158;23;79;24;42;55;26;51;34)
seed_21_level_5-1,1010,11176.051311254501,5054051,3280,(62;24;52;45;71;44;48;42;21;38;37;54;15;59;27;56;29;18;26;26;51;17;18;29;60;58;43;32;14;28;38;32;19;21;24;30;26;22;158;37;52;109;30;16;24;33;24;22;22;163;29;20;34;34;38;31;16;23;28;27;16;20;16;35;29;31;16;22;28;31;35;27;22;22;33;30;128;104;77;32;70;54;24;37;30;47;47;47;158;47;158;36;22;33;29;45;138;33;35;54;71;48;42;49;34;22;47;22;24;31;60;147;133;114;47;26;62;47;18;28;21;26;33;35;25;39;34;36;27;48;158;64;18;28;33;141;35;40;27;41;45;31;29;17;24;42;24;35;110;26;36;158;77;88)
seed_21_level_5-1,1010,11683.398672580719,5308991,3430,(42;37;50;55;57;37;25;88;27;25;63;29;38;29;35;19;30;28;42;24;59;87;23;152;14;61;36;158;19;31;20;158;20;31;20;53;42;31;27;35;54;18;21;20;42;158;25;29;50;163;63;40;41;77;24;18;25;25;110;31;40;16;36;47;26;24;26;30;16;30;57;31;50;82;47;40;22;15;113;26;24;28;37;21;27;29;46;47;158;37;30;35;49;93;31;54;45;36;33;52;43;33;85;50;52;15;51;158;36;38;37;18;38;43;31;41;57;21;110;34;48;26;158;42;31;39;25;87;40;39;129;54;43;51;78;47;65;23;25;108;26;84;58;27;25;79;57;24;35;59)
seed_21_level_5-1,1010,12207.207873821259,5588325,3581,(42;51;25;32;39;52;41;60;23;20;62;87;33;14;19;54;26;19;19;26;25;26;55;22;158;15;158;19;41;42;57;158;36;34;17;24;28;24;57;58;60;16;15;26;19;158;21;32;34;54;19;32;13;52;34;41;53;19;56;73;57;86;100;19;44;39;39;32;50;82;25;36;21;47;33;14;31;54;54;39;158;158;59;47;33;145;21;35;21;84;54;82;116;106;57;52;54;43;144;105;54;23;37;29;33;116;43;29;29;37;34;18;13;33;50;49;36;48;39;33;110;57;21;26;116;25;19;21;42;14;37;73;43;47;32;21;148;41;36;27;30;27;59;27;110;55;165;22;50;27;54)
seed_21_level_5-1,1010,12696.622221708298,5826732,3725,(42;51;33;51;158;14;19;34;33;63;19;18;17;24;63;16;28;68;51;35;17;20;33;23;57;14;158;29;22;30;30;34;34;33;27;14;26;33;31;47;27;34;28;26;31;14;34;26;72;40;15;112;25;53;29;19;17;28;27;33;32;32;31;17;50;51;158;30;32;41;57;116;35;48;47;54;58;17;59;47;28;21;42;32;109;27;37;41;112;20;42;19;35;52;81;51;36;66;24;50;56;37;50;19;39;21;39;53;49;149;158;34;55;18;18;83;158;25;69;32;41;33;86;158;21;21;24;59;50;34;29;47;16;57;57;143;78;26;77;35;28;23;158;59)
seed_21_level_5-1,1010,13194.666778326035,6035531,3872,(42;51;42;71;35;30;19;15;18;32;26;34;18;39;14;32;24;26;94;33;32;32;29;51;35;21;20;19;42;19;25;22;63;42;28;32;81;32;31;54;40;34;16;25;31;57;59;29;14;30;34;158;21;57;28;57;41;26;42;107;60;16;25;34;26;35;24;30;34;31;33;39;13;35;20;22;48;83;31;83;72;27;49;43;32;24;38;47;86;85;49;89;51;15;28;20;50;22;34;111;26;50;27;19;53;28;46;59;102;62;24;42;29;158;77;55;32;50;33;23;64;38;45;49;24;77;23;77;83;54;38;28;145;36;165;57;54;158;51;49;55;42;30;56;52;58;27)
seed_21_level_5-1,1010,13687.911669015884,6280239,4016,(42;51;29;123;36;19;158;27;38;33;32;42;32;61;42;20;34;33;57;24;18;23;25;37;125;158;32;14;58;58;54;27;17;18;25;26;31;33;17;19;50;29;32;27;57;42;52;29;17;29;40;26;25;31;26;21;20;22;78;47;15;14;158;19;57;15;47;28;50;30;14;38;61;35;25;54;19;34;37;40;34;39;40;82;20;24;158;57;34;158;39;30;51;36;38;40;18;29;51;51;49;32;103;81;22;86;83;53;29;30;26;54;28;28;113;34;24;50;15;60;21;85;36;23;56;17;34;17;26;62;165;49;24;158;158;158;48;19;25;18;86;85;22;26)
seed_21_level_5-1,1010,14175.130778312683,6550495,4154,(51;26;21;47;14;16;27;21;18;114;23;16;38;15;31;16;31;33;46;23;16;47;22;72;125;58;16;82;21;15;16;31;39;35;24;69;43;33;38;57;40;41;25;37;14;21;38;37;50;37;16;36;33;55;27;54;14;87;86;37;34;38;31;34;24;50;88;28;115;59;52;36;50;20;32;49;57;30;22;158;41;66;64;42;80;55;39;51;24;55;57;113;22;84;43;42;79;38;40;43;83;102;50;158;20;16;34;14;19;115;77;43;132;158;94;46;23;27;158;24;21;47;57;35;32;50;30;158;36;54;165;24;108;158;158;24;25;91)
seed_21_level_5-1,1010,14680.278557777405,6869604,4298,(20;29;31;62;28;14;26;97;15;19;98;30;156;19;16;63;24;33;102;40;29;24;33;36;40;26;57;69;47;18;18;27;50;40;23;57;30;30;38;34;33;141;47;32;15;47;47;85;77;77;21;34;39;86;49;53;25;35;54;158;82;158;49;41;57;71;84;51;79;54;24;51;47;36;30;158;53;56;27;29;96;31;17;89;31;36;52;37;158;158;26;35;50;54;83;144;140;92;136;64;25;22;32;30;31;158;59;42;20;64;26;54;42;40;44;17;43;62;32;64;47;32;47;42;50;61;83;54;33;87;26;54;158;16;112;83;47;41;59;79;158;55;24;89)
seed_21_level_5-1,1010,15181.843004703522,7218474,4441,(24;17;19;33;34;77;19;15;35;39;18;33;27;54;30;40;36;59;29;57;58;33;51;26;24;33;152;194;158;50;55;21;29;23;19;23;34;23;38;39;113;47;32;32;50;54;50;112;84;31;35;48;35;28;41;47;57;27;38;86;26;25;41;158;57;116;16;54;71;33;14;47;36;80;34;158;158;42;25;21;42;158;26;73;62;42;23;30;54;35;50;32;25;30;32;158;43;34;49;48;47;158;55;158;27;22;24;106;40;87;56;51;34;158;158;158;31;41;28;115;113;54;35;57;42;27;17;29;35;158;51;158;21;55;25;69;78;58;28;40;158;24;26)
seed_21_level_5-1,1010,15682.939910650253,7542618,4584,(63;31;24;34;59;35;24;16;42;47;65;18;25;33;17;105;36;24;32;37;31;25;25;35;35;18;139;20;31;16;41;42;25;37;43;14;31;26;24;29;20;31;125;42;26;39;47;42;22;28;17;47;77;33;50;56;113;63;24;57;32;57;123;33;158;57;30;32;36;23;41;31;24;56;158;111;63;133;114;158;56;156;16;29;33;24;71;21;49;39;32;47;25;69;40;29;40;50;54;37;47;31;83;116;57;20;158;36;77;40;25;40;29;77;158;18;39;41;54;39;87;47;39;158;24;80;34;158;113;31;67;20;55;158;158;165;49;22;28;40;42;43;158)
seed_21_level_5-1,1010,16201.425574064255,7871525,4732,(62;70;42;30;17;33;35;23;79;33;56;34;37;14;19;13;15;32;28;38;81;20;36;15;26;20;59;51;101;67;27;55;56;28;32;16;25;19;158;32;38;57;113;52;37;24;47;39;34;143;58;47;33;37;18;35;35;54;49;42;52;25;158;31;36;116;25;40;83;28;60;43;50;57;27;22;47;32;47;25;34;54;53;17;47;28;17;57;57;55;75;119;15;42;105;53;158;27;26;158;109;29;66;30;158;158;30;52;164;54;67;45;34;26;50;54;40;54;36;153;25;60;47;100;45;54;18;88;158;21;88;120;158;29;40;54;34;38;30;66;158;18;32;33;56;158;86;30)
seed_21_level_5-1,1010,16712.467895030975,8225297,4877,(52;24;34;53;40;92;23;21;30;56;42;31;59;53;27;53;54;27;23;87;76;18;22;34;29;26;62;38;26;42;22;26;42;57;25;85;21;21;26;34;50;47;30;15;21;34;51;40;31;32;27;51;36;25;38;26;80;57;21;86;37;108;50;39;54;29;23;106;158;59;38;158;37;27;17;47;165;30;34;18;120;86;85;112;21;113;26;29;158;25;158;54;158;17;158;33;158;45;105;87;81;43;42;105;14;30;51;72;52;26;49;51;50;18;158;109;26;22;65;85;15;53;115;158;76;33;22;33;58;62;62;79;63;158;28;85;158;83;55;109;158;19;23;32;22)
seed_21_level_5-1,1010,17248.578667640686,8684838,5025,(25;37;24;47;47;33;38;44;37;19;43;112;36;51;19;54;43;25;54;34;41;29;31;33;27;22;81;23;79;31;85;34;30;43;17;49;141;19;121;77;37;19;19;59;28;21;47;17;30;143;43;63;76;31;52;35;35;45;43;158;158;158;35;118;44;25;30;131;59;106;33;27;47;158;25;54;13;158;158;158;158;30;158;158;20;158;113;20;23;32;37;158;57;158;38;77;32;111;158;63;158;22;42;158;19;20;158;47;158;71;158;26;13;88;57;158;35;60;58;38;72;27;66;118;56;46;23;158;32;53;22;22;20;63;62;16;20;33;37;29;38;55;158;55;55;124;38;38)
seed_21_level_5-1,1010,17793.06624865532,9047969,5177,(16;39;42;57;26;54;22;19;33;26;14;23;50;55;43;33;57;23;35;42;64;33;27;32;42;17;22;30;25;69;18;32;47;57;38;49;42;68;33;30;14;126;40;27;25;27;47;35;42;16;33;42;22;51;32;28;32;18;33;51;115;21;17;141;26;21;26;47;23;158;158;45;33;22;90;158;32;80;80;30;27;33;26;52;17;50;147;24;27;16;30;158;54;50;47;43;59;47;32;29;158;14;105;16;77;15;34;129;47;158;19;22;55;57;15;51;19;129;19;52;158;41;43;158;87;69;22;57;29;82;57;83;158;158;109;54;30;29;110;77;24;158;158;44;131;158;50;158;59;24;45;42)
seed_21_level_5-1,1010,18327.378345489502,9487623,5322,(43;15;43;59;41;78;26;39;59;43;65;47;158;21;46;102;112;58;43;47;88;43;63;32;26;32;34;34;158;54;19;19;23;66;18;22;31;31;72;142;36;17;49;57;36;30;133;23;83;25;51;88;29;84;16;26;34;47;87;26;158;47;13;57;126;27;27;53;14;37;31;62;30;54;106;158;16;21;28;26;56;152;158;81;50;51;47;80;77;33;113;56;54;191;16;54;158;38;140;61;33;158;20;53;79;28;98;36;158;71;158;61;52;54;158;31;26;55;55;158;82;48;57;83;80;158;49;53;21;24;16;56;18;51;158;24;158;41;65;158;57;158;47;23;158)
seed_21_level_5-1,1010,18869.77691578865,9854925,5475,(42;16;38;16;163;16;38;40;51;60;21;158;25;22;34;40;25;23;38;34;33;56;14;27;25;19;170;42;50;58;56;54;34;158;61;17;55;62;29;126;47;56;56;25;27;47;105;57;112;35;37;85;47;18;43;33;56;191;78;85;25;108;29;43;26;80;33;44;25;90;84;35;31;39;55;17;56;73;55;158;59;28;158;80;18;34;40;28;27;47;158;29;130;30;36;18;40;17;62;28;51;70;57;56;57;158;19;57;24;36;57;84;34;27;53;20;42;31;158;61;87;73;158;50;62;40;147;29;17;59;42;58;18;80;31;15;25;18;17;51;105;47;37;53;158;48;158;16;25;158;24;51;20)
seed_21_level_5-1,1010,19371.395304203033,10185252,5618,(57;16;16;23;14;42;32;30;35;31;25;56;158;40;31;45;51;48;158;76;158;43;28;55;40;43;105;52;18;23;77;130;19;18;30;31;75;116;32;54;32;51;29;21;59;13;20;88;158;53;158;43;30;31;158;105;24;16;83;26;59;34;23;107;32;47;79;61;57;52;19;137;54;37;47;50;34;105;105;81;19;42;27;24;55;27;25;22;50;30;25;17;32;40;24;34;105;54;53;77;14;54;36;29;56;27;40;158;158;79;27;42;158;52;56;47;158;158;27;42;36;25;34;64;58;54;77;76;26;16;82;84;48;15;39;29;56;141;14;106;25;79;23)
seed_21_level_5-1,1010,19915.545676231384,10591450,5768,(21;18;50;36;38;39;86;50;22;82;54;82;84;19;32;26;23;26;47;58;37;169;24;28;57;113;38;57;38;15;35;81;26;105;30;40;28;158;158;55;77;47;55;34;31;18;16;77;30;53;55;106;48;158;17;85;41;15;20;48;38;30;31;24;27;22;28;60;56;23;27;84;44;43;86;77;57;32;109;38;20;36;50;17;41;51;26;158;54;47;33;50;18;57;105;61;14;53;47;103;59;46;49;27;19;92;45;158;26;33;30;36;32;25;158;14;14;14;158;51;26;22;68;158;14;158;78;130;67;59;22;158;52;47;42;158;193;33;158;158;105;158;27;158;67;38;27;26;158;47)
seed_21_level_5-1,1010,20447.564759731293,11011345,5917,(33;18;27;46;29;35;24;15;42;82;26;47;14;28;35;33;47;105;113;15;50;23;25;77;33;53;62;49;64;45;49;141;46;42;120;158;18;24;18;28;57;38;18;33;34;158;50;158;24;166;14;57;40;51;158;39;73;58;72;33;47;56;38;42;24;55;19;47;93;43;47;77;25;90;20;16;25;17;82;18;36;17;84;24;48;66;19;158;78;188;18;30;32;116;57;23;53;50;34;35;35;26;31;19;66;55;31;81;25;36;42;23;49;50;14;58;29;105;14;158;158;35;32;158;25;36;54;158;121;33;20;57;152;87;29;24;158;47;158;77;158;26;158;105;158;158;158;108;49)
seed_21_level_5-1,1010,20977.24925994873,11451207,6063,(20;18;42;20;54;31;70;59;23;158;42;43;23;158;69;62;25;158;33;64;67;158;28;49;63;52;35;26;36;63;33;41;34;27;111;85;31;84;25;109;108;21;27;54;34;17;54;53;110;54;21;15;25;47;33;31;19;19;34;25;16;50;24;57;136;24;54;158;77;17;48;37;105;56;22;24;17;39;110;132;39;47;30;146;43;18;158;54;50;158;49;26;32;138;47;158;18;22;17;23;31;42;25;16;25;82;37;16;21;28;147;55;35;158;24;41;31;77;158;136;119;65;158;20;36;79;79;17;158;158;17;23;57;47;158;26;158;15;158;108;50;26;158;158;158;16)
seed_21_level_5-1,1010,21517.552371025085,11844260,6215,(18;29;36;47;36;34;25;47;34;42;29;31;18;16;24;34;24;29;66;158;158;24;40;60;68;47;47;44;82;49;24;65;52;105;54;34;79;47;133;17;77;77;19;51;93;38;18;28;45;17;22;23;92;158;62;113;43;42;60;19;36;18;42;58;50;105;27;32;107;105;58;28;158;32;81;58;114;79;80;17;77;27;45;16;105;50;57;109;57;35;18;66;20;109;53;18;24;31;57;49;33;24;28;31;26;81;17;37;21;121;51;106;109;109;158;24;82;59;17;27;158;15;158;77;34;47;158;45;55;43;30;49;158;28;158;47;25;114;89;88;34;47;158;57;158;21;16;158;70;22;114;40)
seed_21_level_5-1,1010,22049.58913564682,12245810,6365,(56;33;51;50;19;20;23;31;42;82;26;20;49;39;27;24;28;47;24;15;23;14;34;15;49;29;81;17;28;50;30;57;18;146;28;53;128;26;158;28;45;17;29;158;36;20;50;112;19;158;43;51;42;20;26;17;37;20;36;57;120;18;27;33;35;158;105;47;47;38;158;50;26;77;54;158;158;158;158;38;41;158;36;24;25;24;26;23;105;57;31;133;77;25;158;48;17;71;135;117;154;45;52;146;14;58;32;35;57;29;48;56;16;26;27;53;32;18;48;39;100;16;33;158;22;36;26;19;26;29;27;158;158;28;158;23;25;47;38;77;133;41;42;33;47;21;34;133;76;158)
seed_21_level_5-1,1010,22572.72226881981,12624513,6512,(20;15;26;40;17;27;47;47;17;34;14;18;60;57;19;31;135;35;47;25;100;158;80;19;185;40;34;58;57;109;65;57;18;42;35;56;33;44;30;158;56;105;54;110;50;87;86;37;20;81;63;39;33;22;36;27;24;52;21;50;20;53;15;47;37;48;168;33;42;23;61;52;148;33;158;106;28;35;158;27;33;36;22;42;17;21;18;146;40;31;32;59;158;30;30;28;35;30;19;158;52;48;50;80;110;21;29;22;59;39;62;109;25;158;31;77;53;28;32;47;24;27;47;57;78;32;28;54;26;158;26;158;50;158;17;14;23;22;158;26;158;158;158;29;56;21;29)
seed_21_level_5-1,1010,23100.16047811508,12954931,6663,(20;35;44;21;27;16;33;47;16;47;28;47;32;145;47;37;35;44;49;57;35;50;158;57;18;32;37;32;27;17;54;29;85;158;58;32;42;40;42;158;53;62;43;54;56;23;17;36;28;16;47;57;31;32;48;15;17;158;63;25;30;135;60;112;30;42;29;54;17;54;29;65;158;15;51;158;36;27;28;109;115;79;25;21;116;33;110;17;126;39;63;62;33;77;30;96;47;158;54;36;16;46;20;35;27;79;27;56;60;87;134;55;23;19;87;158;52;77;30;158;29;105;54;31;158;28;28;15;14;60;158;30;55;58;30;57;84;42;23;33;49;18;33;27;26;26;28;19;28;26;31)
seed_21_level_5-1,1010,23637.356007814407,13340384,6813,(17;16;31;34;33;27;16;17;57;22;29;33;47;54;29;58;28;127;61;33;51;54;47;82;47;41;35;56;40;47;30;41;47;20;82;51;31;37;60;53;46;30;59;158;24;43;54;106;82;158;66;134;26;31;54;49;83;37;65;24;40;47;19;158;61;21;21;70;35;54;64;32;24;42;41;128;108;26;57;47;50;56;28;158;36;62;37;79;50;71;54;42;47;129;128;67;158;22;47;44;32;57;41;158;109;50;30;158;35;90;158;127;17;50;27;158;17;21;30;158;24;26;19;49;25;20;15;69;47;31;126;20;158;17;34;141;158;25;158;24;49;24;58;79;81;19;137;35;92;54)
seed_21_level_5-1,1010,24180.690010786057,13777298,6964,(31;29;15;30;42;32;14;129;61;15;28;24;14;47;108;53;35;52;50;37;52;32;50;80;34;158;29;22;77;28;36;51;40;48;50;49;83;51;57;40;34;24;16;23;85;54;84;158;40;56;30;27;158;105;158;51;29;47;158;158;17;105;19;158;31;42;79;33;15;60;114;126;32;19;17;117;17;16;25;17;39;163;158;129;88;29;28;85;31;30;70;84;16;57;32;14;158;158;158;33;120;63;95;42;26;45;80;27;125;25;23;42;45;87;32;84;57;18;18;117;51;32;38;48;42;18;116;42;41;145;25;24;46;89;113;63;34;22;47;30;110;24;61;158;30;158;158;14;135;158;61)
seed_21_level_5-1,1356,24716.895917892456,14174353,7113,(27;25;53;42;26;27;42;58;16;79;54;28;29;57;36;23;79;52;58;19;16;133;25;14;23;18;274;47;28;37;27;79;50;17;47;79;77;32;55;77;30;33;25;33;116;38;54;23;65;17;54;80;57;59;61;77;30;120;32;32;53;21;155;19;38;53;30;54;28;33;57;28;39;16;27;57;28;47;47;41;25;53;63;155;31;79;24;155;108;48;196;155;49;128;105;17;20;18;57;40;112;131;18;137;30;71;60;25;166;114;26;155;26;155;111;27;25;22;155;28;79;36;29;24;16;52;80;95;108;145;86;51;87;155;20;28;16;32;15;40;18;28;155;77;49;17;21;22;26)
seed_21_level_5-1,1356,25254.672157764435,14552282,7263,(155;114;32;23;37;36;30;16;58;23;42;54;77;77;47;28;106;13;116;155;29;56;47;48;25;31;31;20;142;25;94;34;22;39;28;81;31;38;155;26;155;160;37;16;58;155;58;108;27;155;149;16;34;41;14;24;155;24;40;155;31;23;25;31;155;13;87;36;35;45;47;35;77;49;47;79;155;24;49;48;37;47;155;57;155;47;47;114;28;36;47;47;34;107;23;39;17;19;53;16;25;34;108;109;29;54;21;62;27;25;24;50;109;29;50;128;119;52;26;47;26;21;17;69;128;38;25;155;47;122;25;27;54;47;83;50;54;63;18;17;35;37;23;32;18;31;30;18;62;39)
seed_21_level_5-1,1356,25778.87370300293,14944240,7413,(37;23;116;113;38;15;42;35;115;155;24;155;62;62;16;24;58;57;54;80;24;57;25;25;38;57;35;39;22;30;57;56;60;25;19;37;120;155;30;57;25;35;26;83;93;23;28;50;37;155;57;19;89;39;54;32;81;50;86;34;39;29;24;20;51;26;147;116;155;141;53;49;66;37;106;155;35;33;36;16;55;41;17;84;21;35;47;155;48;29;31;54;89;29;155;113;41;32;26;155;54;20;108;44;102;81;43;140;18;39;80;24;155;60;18;19;30;33;43;155;35;105;36;143;28;47;38;23;77;22;155;24;47;22;50;47;85;32;136;40;40;84;30;34;54;24;155;34;19;41)
seed_21_level_5-1,1356,26302.72119665146,15325375,7562,(155;55;131;50;69;15;27;29;21;33;155;155;29;80;32;86;25;155;28;31;30;33;29;50;29;28;50;61;58;155;18;155;107;31;32;16;84;33;107;26;155;32;24;27;33;54;155;78;55;56;155;41;33;26;58;39;38;47;24;17;37;57;50;29;135;38;57;110;47;25;77;33;51;19;29;51;30;51;61;43;42;84;47;35;47;19;86;67;57;151;50;52;155;155;29;47;155;155;20;45;42;20;18;129;92;25;20;39;155;37;53;20;48;29;62;24;110;27;53;30;80;45;28;53;35;155;27;61;36;30;49;31;108;40;34;43;89;155;35;55;39;79;33;16;33;33;26;26;25)
seed_21_level_5-1,1356,26826.239528417587,15705098,7712,(155;128;155;50;19;19;17;18;20;28;36;50;19;38;34;29;36;48;34;37;18;50;37;21;59;54;34;47;155;22;56;106;155;86;19;62;155;31;20;40;50;28;26;47;19;47;155;68;28;22;17;61;31;155;86;52;19;20;50;28;16;17;31;84;109;16;27;29;155;80;27;54;50;50;33;28;155;31;28;49;44;155;109;111;155;33;75;133;113;57;57;76;155;57;57;27;155;27;57;18;29;40;57;80;68;19;28;38;155;30;160;58;48;110;64;29;36;106;47;22;31;31;92;155;58;84;35;39;48;67;14;53;18;47;18;84;34;56;105;29;27;31;54;91;35;25;43;54;26;36)
seed_21_level_5-1,1356,27357.591737270355,16116557,7863,(26;26;26;110;15;23;79;57;28;34;34;81;155;40;23;27;155;82;31;17;30;40;24;32;25;50;23;20;81;17;51;36;32;34;50;114;17;108;51;25;58;20;27;61;33;22;109;47;57;28;59;27;24;32;57;34;24;19;61;25;16;18;81;54;87;109;47;116;35;156;38;25;36;155;105;27;56;39;37;56;22;29;48;51;48;25;37;49;155;124;21;49;82;155;112;27;48;23;37;48;155;54;58;155;41;162;35;28;155;61;155;138;41;34;23;79;155;30;45;22;50;130;20;57;50;97;26;56;52;146;53;155;155;50;29;155;54;89;108;35;47;29;54;27;155;54;50;155;25;24;31)
seed_21_level_5-1,1356,27892.655406475067,16554121,8013,(155;155;50;50;26;30;34;51;36;26;16;36;29;47;57;18;54;155;155;31;18;47;50;18;33;155;38;155;55;37;34;22;109;80;149;24;38;16;25;31;174;17;23;24;52;25;57;30;81;19;47;49;37;26;16;37;20;19;24;57;155;49;55;34;27;52;35;27;78;77;155;155;34;59;24;77;47;49;49;59;155;49;155;29;155;37;155;85;155;107;21;84;28;77;31;47;117;155;27;155;54;54;37;55;25;86;30;62;23;30;155;28;19;26;155;30;57;57;83;77;29;155;120;21;30;34;39;111;25;155;30;31;39;30;47;26;50;77;155;50;54;155;27;37;13;54;31;21;19;83)
seed_21_level_5-1,1356,28416.854924678802,16928590,8163,(155;35;87;21;38;18;58;35;16;26;25;17;32;23;41;63;29;34;50;77;16;23;26;18;153;24;28;36;30;29;50;123;80;30;22;34;50;58;20;50;16;47;155;25;15;25;155;19;155;32;26;151;41;31;54;28;19;20;81;50;155;19;28;80;30;155;56;53;33;28;55;54;33;57;87;28;84;155;38;82;155;54;28;29;25;56;59;50;53;44;53;25;88;26;23;155;55;28;47;16;155;53;42;22;114;19;35;23;67;22;105;26;155;22;48;47;39;36;79;121;155;155;56;47;37;77;57;28;155;29;22;39;105;29;27;51;33;56;155;155;24;53;37;155;40;14;49;30;27;34)
seed_21_level_5-1,1356,28951.918379068375,17367748,8313,(122;155;19;122;24;16;155;57;18;36;58;24;155;57;27;17;13;155;33;33;21;34;39;25;50;24;26;27;26;155;54;19;38;50;25;50;155;24;155;17;126;47;18;155;155;26;23;38;39;155;132;53;40;26;155;16;142;155;155;29;77;33;25;35;33;40;47;87;155;38;59;126;26;41;29;45;45;155;35;36;28;36;124;21;23;27;19;27;26;109;155;129;145;155;35;25;32;62;58;47;35;155;40;29;22;155;61;37;20;47;39;47;28;80;21;55;54;50;27;58;155;33;130;34;27;31;28;47;77;13;23;23;19;53;49;31;24;55;47;36;155;58;78;77;57;31;76;66;56;47)
seed_21_level_5-1,1356,29483.651975393295,17847898,8463,(27;36;34;21;47;54;60;155;108;54;35;54;156;26;32;29;42;57;33;22;190;31;49;81;40;27;34;30;48;22;105;35;53;42;83;70;32;86;47;77;32;48;47;30;25;87;22;105;120;25;40;131;155;29;41;25;40;54;39;116;17;26;23;51;29;56;122;60;155;37;30;34;33;155;54;54;146;155;22;17;57;155;20;155;125;23;23;33;35;41;34;155;37;54;30;54;24;157;188;35;29;130;38;47;27;30;37;17;19;62;155;155;64;50;33;24;24;155;52;50;26;15;32;26;155;133;36;24;155;40;155;139;27;122;145;24;105;28;47;57;27;155;20;83;108;28;21;17;155;155)
seed_21_level_5-1,1356,30044.978259801865,18531683,8613,(27;36;17;89;58;40;49;54;155;58;155;155;119;35;37;51;37;36;58;32;39;155;52;24;58;38;84;25;77;33;28;58;27;53;185;37;155;81;41;155;155;50;155;186;20;52;16;155;60;51;18;58;42;17;22;57;20;38;15;24;39;155;27;41;57;33;23;32;57;155;54;155;155;33;155;77;34;155;155;50;133;50;24;97;32;38;16;155;151;169;34;155;27;130;110;50;43;155;155;155;24;47;29;31;155;31;155;30;96;19;19;41;31;155;152;28;26;109;155;155;155;50;34;155;62;50;79;155;25;56;162;40;80;120;24;128;155;155;155;155;37;155;53;23;60;131;28;244;36;57)
seed_21_level_5-1,1356,30586.847341299057,19082843,8763,(119;24;35;86;35;55;31;155;155;28;32;44;198;155;58;47;29;48;126;50;46;23;54;34;22;191;25;20;24;37;18;47;20;29;32;50;49;39;126;20;36;92;155;25;155;17;42;36;155;188;110;37;113;187;29;122;80;20;155;24;49;53;25;36;155;24;26;16;24;30;155;30;153;17;155;106;46;27;41;34;109;126;87;155;122;57;113;26;32;37;86;28;54;212;13;155;57;30;24;31;155;108;28;30;30;50;118;31;33;83;18;155;27;155;30;57;27;59;24;34;155;131;21;27;28;87;48;24;62;71;142;28;29;21;155;24;19;50;27;131;144;26;155;59;39;50;57;155;31;35)
seed_21_level_5-1,1356,31114.45068836212,19560552,8913,(57;47;33;33;155;44;54;75;48;133;24;31;47;47;55;198;126;126;122;85;29;36;116;127;22;19;88;28;21;34;155;50;32;30;155;24;33;33;127;15;29;148;27;35;57;113;51;17;30;50;29;84;20;155;113;37;28;120;155;121;71;130;79;128;155;23;55;120;155;47;155;18;122;155;25;38;25;17;30;25;19;155;58;41;51;17;29;25;34;57;29;37;60;77;28;77;155;20;42;28;52;54;175;155;25;42;26;16;37;16;28;28;155;26;125;50;57;36;39;29;38;28;21;38;43;40;155;57;63;155;50;50;35;58;23;155;31;40;23;155;32;47;25;27;28;18;24;155;29;58)
seed_21_level_5-1,1356,31659.764799833298,20151453,9063,(58;25;23;25;38;19;27;57;126;50;58;59;155;57;155;155;29;54;105;27;31;40;32;155;155;24;155;25;29;26;22;60;55;42;25;37;45;24;31;38;113;44;38;54;50;27;57;23;122;155;24;41;29;33;24;81;24;155;60;29;22;27;85;179;104;154;119;198;155;156;32;32;27;24;128;155;25;15;18;167;155;33;31;155;155;30;25;128;27;57;155;32;121;126;155;126;155;155;155;96;14;155;131;40;29;155;24;145;83;30;24;23;54;50;51;181;66;155;54;135;32;133;155;25;26;25;54;17;31;132;38;37;33;30;32;54;32;47;48;24;30;132;21;33;30;127;155;31;108;18)
seed_21_level_5-1,1356,32192.884323596954,20634079,9213,(81;32;24;110;24;122;33;87;18;55;80;54;36;53;25;25;193;25;19;147;27;45;155;48;33;53;19;61;23;61;38;155;36;47;39;35;110;30;137;109;110;40;155;52;35;155;25;23;25;20;110;26;32;47;40;18;61;42;81;18;112;18;53;34;84;33;32;24;57;129;36;35;39;28;155;155;17;22;35;30;24;88;87;29;24;22;41;49;131;155;155;23;77;155;50;25;122;89;24;61;80;27;28;23;155;25;109;31;155;23;37;155;32;28;155;27;31;47;33;58;25;155;30;155;37;128;25;87;32;35;37;77;50;158;52;129;147;53;35;23;155;143;28;51;155;16;47;155;33;16)
seed_21_level_5-1,1356,32728.605050325394,21124176,9363,(202;112;54;23;127;33;34;65;40;105;27;54;155;22;23;35;22;148;155;109;79;138;33;24;43;20;51;20;54;123;57;57;35;30;22;23;22;31;82;34;20;35;92;155;24;29;33;31;19;34;155;50;155;17;54;35;23;175;155;186;107;31;108;63;19;49;14;110;155;155;176;152;28;42;155;39;18;134;38;155;126;23;84;34;24;50;27;31;54;155;90;23;32;52;26;34;155;27;32;26;31;146;39;155;155;155;155;28;50;41;34;22;54;26;22;34;21;29;24;54;23;22;29;50;31;79;27;34;47;29;108;30;150;49;25;57;28;34;126;24;121;25;56;34;37;59;28;18;56;33)
seed_21_level_5-1,1356,33267.68730902672,21611913,9513,(152;24;58;29;25;14;115;47;26;155;36;54;135;69;28;126;26;28;87;155;144;37;27;28;24;50;47;33;37;35;155;155;18;122;33;20;33;33;115;155;70;59;155;29;144;40;16;155;20;58;155;118;59;59;48;155;25;187;155;31;28;87;24;51;28;159;50;61;57;128;37;47;136;47;41;36;36;54;31;36;39;32;77;35;36;155;151;109;18;128;28;22;50;84;15;40;29;30;155;109;83;36;19;82;17;22;81;155;27;32;30;26;80;61;29;54;18;23;34;22;51;211;115;18;18;144;29;16;32;38;35;123;136;113;25;23;49;27;38;23;47;50;28;58;30;30;38;19;47;182)
seed_21_level_5-1,1356,33816.02642059326,22258030,9663,(24;155;87;82;57;151;105;37;119;77;153;57;111;145;133;136;34;155;34;57;155;39;39;35;47;54;39;20;30;181;21;27;124;22;28;28;52;30;16;41;25;77;24;197;83;23;38;65;63;32;28;30;155;34;155;31;37;162;155;36;143;19;47;23;161;155;27;155;123;155;154;24;33;155;18;80;184;149;17;113;155;34;155;19;155;39;155;155;83;17;40;144;183;155;58;128;155;37;24;26;23;22;24;23;47;28;27;149;15;31;47;16;27;113;15;155;79;54;36;155;24;155;31;55;133;61;108;50;24;77;19;42;18;22;49;155;37;29;38;15;155;26;54;155;109;35;33;34;155;16)
seed_21_level_5-1,1851,34368.26879644394,22966664,9813,(155;57;23;33;14;47;105;41;21;54;88;32;34;16;30;33;25;23;47;18;137;31;60;31;22;51;51;361;58;33;29;47;19;121;109;35;30;35;84;28;54;39;26;32;133;26;152;148;24;26;36;51;126;121;26;47;18;25;40;79;25;159;147;25;28;54;23;23;118;54;24;129;24;57;29;192;134;31;31;24;39;23;28;140;128;192;187;192;27;26;38;192;23;31;87;205;192;25;207;154;54;126;47;47;28;31;31;27;34;48;29;32;192;192;192;59;26;30;192;29;192;17;17;50;192;50;50;17;29;192;28;23;33;149;57;207;28;192;28;34;132;192;33;41;105;215;20;134;26;47)
seed_21_level_5-1,1851,34917.93057799339,23684814,9963,(58;42;19;212;20;30;82;85;47;193;114;192;51;125;25;64;146;192;35;192;57;22;24;26;192;79;59;42;34;18;83;29;192;25;192;57;65;22;14;24;24;26;78;15;25;57;144;36;205;37;82;136;57;49;17;16;32;50;128;192;32;48;130;50;41;21;37;200;32;154;58;29;37;122;85;50;30;18;26;50;30;192;28;28;108;50;192;17;50;59;49;34;192;59;109;35;24;130;29;105;37;47;16;29;182;41;119;211;130;192;121;22;54;192;126;105;79;20;14;192;64;34;61;24;214;190;22;29;32;17;47;24;19;32;47;192;192;33;192;29;33;54;38;18;47;131;19;25;192;29)
seed_21_level_5-1,1851,35457.357939720154,24326695,10112,(36;153;51;19;192;21;39;33;30;197;192;33;138;50;36;209;19;38;20;58;30;81;123;18;29;65;31;38;149;58;77;42;19;27;51;23;128;22;31;58;33;82;19;84;44;359;31;31;28;35;53;192;192;27;29;33;32;57;132;19;79;32;33;30;44;88;56;18;192;20;47;56;40;110;192;105;143;109;37;118;192;25;105;24;190;27;17;25;192;61;17;133;121;30;50;49;192;20;57;47;192;29;35;32;23;28;130;152;157;50;35;134;47;16;38;20;180;192;24;28;145;16;47;42;23;49;30;129;24;29;25;57;192;47;16;57;60;15;27;17;36;51;61;26;25;199;32;18;54)
seed_21_level_5-1,1851,36003.271830797195,25023038,10262,(194;192;46;16;131;50;32;134;47;57;35;57;49;17;32;54;133;47;192;128;34;34;121;36;33;42;23;47;15;30;50;192;157;192;35;26;53;37;186;151;42;192;27;21;19;77;24;29;37;20;54;192;37;192;80;58;60;127;34;151;192;21;88;24;28;32;55;37;57;37;58;36;31;26;27;192;26;54;42;27;181;39;113;28;23;51;24;231;196;192;54;130;127;16;57;47;192;21;21;192;145;17;17;25;25;25;206;35;36;23;22;17;31;19;47;192;192;33;19;128;36;50;116;35;131;41;21;24;24;27;108;54;54;128;105;105;192;37;41;274;47;17;37;192;29;34;30;58;47;31)
seed_21_level_5-1,1851,36541.955666303635,25632848,10411,(23;27;56;211;50;23;17;24;163;220;32;29;26;192;25;89;23;186;50;50;24;32;19;33;34;16;22;192;37;50;26;17;19;182;181;56;31;87;34;26;50;28;201;17;77;34;31;80;157;29;26;57;18;27;22;126;22;192;81;36;31;60;41;25;83;192;46;24;80;39;94;192;88;35;192;57;23;127;200;20;184;186;31;27;61;117;122;54;24;24;31;36;38;17;29;57;55;150;14;32;32;205;16;24;24;105;30;26;14;42;132;50;128;33;140;16;57;192;50;133;120;40;25;56;170;47;34;47;33;47;131;89;144;29;17;33;50;33;26;105;192;14;47;32;36;50;84;183;27)
seed_21_level_5-1,1851,37091.062507390976,26409470,10561,(109;108;38;56;83;303;31;133;57;25;37;27;105;85;58;18;59;274;30;54;109;20;40;135;192;192;58;27;184;20;89;27;16;51;15;31;21;24;47;43;244;50;105;36;116;18;18;28;57;27;30;192;20;31;197;36;83;57;150;68;192;68;41;34;26;117;187;153;23;18;126;39;30;99;17;29;33;81;27;88;65;162;31;36;25;131;58;27;28;17;83;52;105;34;18;380;88;23;29;26;128;182;34;169;63;137;192;67;134;192;105;16;29;143;36;34;195;39;36;41;58;19;186;186;38;27;26;36;36;56;41;23;30;14;58;29;150;125;18;41;115;42;121;38;154;192;84;30;30;192)
seed_21_level_5-1,1851,37634.99732589722,27110548,10710,(153;33;192;23;19;33;50;275;192;84;39;28;17;24;18;18;61;34;84;26;89;192;24;123;153;42;18;19;32;25;19;118;31;149;60;25;81;57;54;60;32;84;26;25;58;84;36;192;153;28;30;34;41;23;219;27;47;105;132;147;35;39;21;34;200;147;124;30;27;57;32;130;25;200;47;22;34;192;160;35;38;42;56;57;192;261;22;73;26;47;25;26;26;25;160;35;16;57;129;157;26;87;24;34;31;105;133;192;24;35;105;34;182;192;23;22;108;77;50;192;131;108;18;108;20;30;28;50;57;80;37;45;80;211;25;192;87;30;50;18;18;16;109;157;184;29;50;23;130)
seed_21_level_5-1,1851,38205.22933387756,27925404,10861,(84;192;129;50;47;27;14;85;32;81;24;16;78;37;47;49;123;27;83;105;34;83;29;20;25;40;31;192;54;25;26;56;73;31;57;27;57;122;38;195;126;19;30;79;33;34;51;54;191;57;34;192;17;24;132;192;109;85;160;181;22;14;24;25;33;22;132;166;27;86;57;124;26;21;21;148;47;221;57;135;154;192;21;23;38;14;58;192;26;166;207;23;27;192;29;39;36;22;116;163;21;113;192;15;24;157;145;192;50;84;213;269;17;80;27;186;188;116;192;133;165;157;135;33;35;79;19;57;192;18;58;34;32;57;50;24;133;192;192;26;21;24;161;122;109;112;49;113;80;26;50)
seed_21_level_5-1,1851,38756.672594070435,28665838,11010,(32;192;83;32;30;39;184;54;27;54;35;35;31;22;54;38;62;192;78;33;136;32;66;26;57;36;31;86;47;25;184;57;24;29;114;58;38;34;39;32;37;146;26;29;220;15;220;17;26;27;192;27;192;18;192;89;23;32;25;19;23;147;219;27;40;35;27;30;192;22;122;33;26;218;220;192;192;26;26;26;36;14;28;105;46;49;212;192;24;15;24;26;189;109;192;81;38;17;21;29;27;205;164;26;34;79;192;25;201;129;33;192;192;20;80;87;34;132;26;191;33;54;17;16;32;31;57;29;25;19;189;50;23;57;25;110;105;27;29;24;33;27;27;192;84;134;80;192;29)
seed_21_level_5-1,1851,39317.63128018379,29498840,11160,(181;19;34;55;85;192;42;31;57;25;113;60;45;34;27;37;26;134;192;37;112;54;188;207;54;25;57;27;140;27;40;30;83;127;53;50;82;36;26;26;54;195;27;193;133;192;56;42;205;192;29;192;192;192;22;25;65;47;192;26;192;17;42;56;192;50;24;49;192;58;51;57;51;25;24;192;62;18;192;208;213;321;18;30;42;192;115;28;193;24;192;47;17;52;31;47;192;28;17;29;38;19;34;14;33;21;113;126;26;105;35;31;17;25;31;152;133;52;116;80;26;108;84;23;25;16;29;29;50;140;35;16;30;32;25;208;87;105;19;35;77;181;26;192;133;26;36;50;192;192)
seed_21_level_5-1,1851,39878.303530454636,30277987,11310,(90;33;192;16;192;23;57;192;25;23;116;28;192;28;87;35;192;19;29;17;81;31;192;21;192;192;80;77;22;77;59;29;28;27;50;30;192;136;83;22;105;16;192;108;168;32;54;61;29;192;133;195;31;51;37;193;25;24;50;51;24;27;57;54;172;28;37;206;126;195;50;192;121;35;54;83;16;39;41;39;38;51;33;26;192;36;29;57;192;30;126;25;81;208;148;184;192;56;31;26;57;38;192;77;59;26;192;192;116;22;34;20;41;39;34;219;30;25;30;47;25;208;24;15;79;40;56;42;71;27;192;30;47;17;49;24;18;63;151;97;39;45;220;28;19;19;192;55;15;99)
seed_21_level_5-1,1851,40408.45414018631,30774533,11460,(47;34;33;128;28;57;24;58;19;32;57;87;42;42;33;25;185;31;115;34;34;30;27;17;33;141;24;28;42;38;31;36;18;24;27;192;30;26;49;77;192;192;31;17;25;32;26;34;216;42;136;36;25;27;31;83;131;31;220;26;29;20;133;105;129;182;51;86;35;192;24;125;23;30;27;36;19;30;64;61;23;25;24;26;38;24;33;42;26;22;23;25;14;122;192;15;122;50;54;139;112;41;212;90;83;57;24;63;134;147;36;152;33;37;54;22;50;23;131;204;55;32;27;28;47;36;51;43;132;85;33;25;22;109;39;191;38;138;60;34;38;26;27;36;35;21;25;54;80;39)
seed_21_level_5-1,1851,40967.43387269974,31476075,11609,(216;57;19;220;27;28;20;54;109;25;112;28;50;76;22;18;24;15;30;215;25;24;18;31;22;31;192;24;40;17;192;192;133;24;16;16;18;47;192;24;29;56;26;109;154;53;57;192;34;30;50;192;79;47;192;24;205;30;17;192;26;25;38;40;192;192;31;34;39;15;27;24;115;25;18;36;192;192;57;17;17;20;28;147;192;29;168;33;192;192;27;154;84;123;78;20;94;36;45;24;31;38;126;37;22;25;54;35;81;37;58;38;50;24;62;40;63;21;22;192;123;80;24;133;26;113;40;148;53;25;219;126;131;192;54;57;23;178;52;43;84;25;122;140;140;28;29;55;22)
seed_21_level_5-1,1851,41517.521255254745,32186480,11758,(205;23;24;24;21;24;206;30;122;47;39;47;24;109;22;29;30;37;185;61;35;61;69;36;207;217;25;192;199;23;50;47;24;47;219;23;40;39;36;32;23;218;33;33;59;60;56;20;130;109;82;34;34;42;126;54;83;36;221;63;123;57;18;26;192;27;36;31;36;74;128;192;63;22;34;25;192;147;83;62;39;82;17;20;143;25;83;34;83;192;79;60;34;26;57;219;211;16;19;164;32;129;24;210;28;86;192;25;23;20;17;20;84;16;40;192;192;154;132;192;30;158;34;25;105;31;25;53;84;34;29;58;30;54;33;32;105;24;54;28;36;26;34;22;18;109;30;192;192)
seed_21_level_5-1,1851,42083.03636980057,32988971,11909,(55;42;33;35;192;51;21;28;161;192;31;110;27;192;34;63;24;132;23;28;28;47;200;84;53;18;23;192;33;35;29;16;26;38;33;41;45;23;152;192;47;79;131;113;192;32;192;61;85;192;158;25;31;192;26;33;50;25;162;24;25;161;204;77;27;22;38;192;14;25;106;30;159;192;18;133;192;21;27;171;35;54;25;133;77;22;84;198;26;26;192;17;87;23;27;82;154;14;81;33;148;36;27;71;36;90;23;124;54;146;125;38;192;148;192;166;142;66;56;65;26;18;40;158;24;41;65;38;26;36;85;24;22;145;192;79;87;83;40;40;146;182;84;87;53;129;192;29;37;192;192)
seed_21_level_5-1,1851,42636.14007115364,33683080,12059,(200;24;88;148;34;42;84;57;135;36;192;70;79;192;16;25;129;29;39;129;15;31;79;128;34;34;117;30;18;24;25;50;40;25;61;14;26;128;15;14;31;27;16;57;50;128;105;162;22;192;107;15;192;105;176;109;47;110;22;24;23;192;57;16;26;33;295;61;218;132;87;47;165;25;22;54;178;177;77;23;26;14;26;133;62;81;84;35;26;192;26;28;192;25;105;27;33;53;127;112;55;113;68;50;166;14;26;37;25;89;29;66;18;40;192;40;23;33;37;192;192;31;92;85;60;175;42;27;52;37;39;22;27;36;115;33;109;73;62;54;50;22;88;59;35;36;211;192;57;195)
seed_21_level_5-1,1851,43184.009873867035,34475706,12209,(166;192;203;175;219;27;61;54;37;26;83;36;91;57;34;37;23;60;54;60;39;31;31;29;146;57;203;86;23;192;24;35;195;26;27;68;23;39;163;65;25;57;26;158;83;151;28;21;24;81;22;27;50;192;26;192;39;127;150;35;37;54;22;38;85;147;30;27;55;154;32;24;47;34;25;37;54;173;157;20;161;25;21;37;192;25;172;105;165;28;192;42;22;34;172;192;22;29;15;192;50;87;58;105;77;113;192;47;192;158;14;28;27;56;105;29;25;105;137;47;210;105;192;192;192;192;33;192;105;23;50;24;18;26;84;21;30;22;50;19;59;163;154;172;154;25;24;107;27;26)
seed_21_level_5-1,1851,43736.27005672455,35241022,12359,(25;22;37;37;190;105;42;17;27;63;96;27;152;142;179;24;76;130;49;202;24;76;68;79;192;192;36;27;39;33;42;90;156;20;55;23;22;50;65;211;30;192;22;20;133;138;145;25;82;26;23;44;115;53;126;36;62;96;30;39;54;29;19;97;26;59;48;84;155;192;109;192;192;27;25;27;40;105;192;47;26;77;35;176;158;42;184;48;31;49;28;54;47;28;15;14;28;105;37;39;56;47;132;192;25;15;49;87;106;105;42;47;129;113;126;168;81;41;20;47;58;35;47;108;105;219;192;50;18;380;78;47;121;22;24;26;192;47;47;37;18;168;165;110;118;42;162;130;23;28)
seed_21_level_5-1,1851,44294.92025566101,36047711,12509,(150;56;192;40;34;56;79;55;57;42;321;63;91;127;216;82;152;91;29;43;19;40;84;27;20;56;124;28;25;27;38;27;16;137;135;35;90;34;28;68;25;66;108;55;38;33;83;141;57;192;203;24;25;57;17;147;53;32;60;25;321;60;192;19;58;36;18;161;199;36;54;109;22;192;128;30;168;192;192;54;26;36;133;127;192;18;38;42;47;195;155;24;181;86;85;35;138;160;30;192;22;20;22;22;129;66;192;25;58;77;192;180;80;38;25;141;24;109;28;47;126;192;158;47;54;52;25;25;26;192;128;40;17;105;21;22;176;53;24;83;23;105;26;36;49;84;41;30;25;81)
seed_21_level_5-1,1851,44864.02852129936,36883231,12659,(192;156;204;49;35;118;150;65;88;133;29;30;208;56;24;123;34;50;36;33;128;145;31;27;144;22;28;22;36;24;18;115;81;57;39;167;34;97;204;27;125;116;89;114;191;57;66;34;31;36;37;26;27;76;34;204;192;128;174;46;33;28;48;67;24;195;151;192;79;31;109;181;77;21;14;48;35;24;52;81;192;25;25;21;192;192;19;192;154;105;192;126;192;57;24;42;37;22;81;14;131;27;23;192;161;127;32;27;23;38;215;31;57;85;24;192;21;27;192;47;164;152;28;47;192;25;26;52;47;87;16;192;50;16;57;24;31;28;192;22;192;51;178;22;192;133;15;126;56;51)
seed_21_level_5-1,1851,45429.70807027817,37676185,12809,(50;63;55;98;23;191;64;20;192;192;50;30;19;35;79;29;86;31;147;17;81;34;38;34;18;165;290;106;53;85;23;192;62;192;124;35;45;57;95;38;37;16;63;42;88;28;68;25;192;74;143;30;25;57;29;25;29;36;35;42;87;33;192;295;88;18;38;192;21;189;246;25;37;20;25;87;17;28;239;33;131;26;27;154;77;20;321;25;36;19;192;66;40;172;31;30;192;24;57;129;34;163;29;47;18;192;24;24;219;192;26;22;52;164;127;155;192;24;15;19;81;54;31;21;54;24;81;105;28;28;162;26;47;105;25;25;16;16;161;84;154;31;154;14;16;26;15;136;25;25)
seed_21_level_5-1,1851,45994.32567644119,38637486,12959,(290;157;27;39;41;33;56;144;192;87;74;37;29;29;55;51;203;24;126;60;42;35;24;122;27;123;27;57;192;41;137;150;192;64;18;178;34;54;55;126;83;27;40;27;29;79;228;25;25;192;56;150;55;85;59;39;86;42;87;33;40;86;44;55;86;36;51;22;34;38;213;194;17;13;33;22;14;108;21;239;29;37;54;159;13;33;27;15;321;26;192;192;83;26;192;34;127;131;153;79;24;57;31;31;33;105;105;41;25;47;17;154;23;155;53;201;126;159;47;25;30;50;356;25;26;179;33;321;34;17;192;23;185;19;106;184;30;161;25;41;191;174;24;174;216;57;126;157;26;154)
seed_21_level_5-1,1851,46554.742904663086,39475466,13109,(192;59;32;76;22;125;110;26;43;28;60;24;60;67;31;25;64;27;125;150;59;148;152;56;18;55;28;25;26;123;33;192;195;37;146;126;29;39;83;55;25;36;141;18;29;57;22;22;60;35;28;32;54;29;55;35;16;192;30;42;197;29;192;61;85;23;113;154;79;168;130;192;192;77;105;84;47;192;116;169;26;25;28;27;86;23;24;192;17;16;30;192;192;192;14;18;42;175;28;163;34;105;229;24;29;87;16;34;131;192;192;77;239;66;23;34;192;157;155;192;77;24;126;192;16;33;26;27;24;50;54;57;29;35;161;77;26;47;131;154;192;105;192;30;192;24;131;105;192;54)
seed_21_level_5-1,1851,47138.168476104736,40529170,13259,(17;26;94;60;53;151;25;163;39;19;27;38;27;133;23;33;33;141;22;44;41;199;34;96;192;216;58;79;156;39;61;58;115;27;39;40;17;192;33;380;60;58;194;87;148;21;33;192;59;24;86;155;36;108;21;36;89;29;146;57;80;56;31;58;23;161;30;14;77;30;164;79;154;47;25;34;241;174;37;18;156;183;23;47;84;54;24;184;27;131;296;58;130;192;27;24;30;194;192;171;24;33;42;165;57;157;22;192;57;192;41;128;30;41;154;239;86;131;321;77;154;31;26;58;126;126;33;87;154;192;16;24;192;175;16;192;173;65;79;24;25;41;138;192;54;172;171;192;24;239)
seed_21_level_5-1,1851,47719.29347586632,41549941,13409,(140;28;131;132;61;129;51;24;50;113;33;34;50;60;135;42;81;27;56;152;50;140;40;27;63;95;51;57;22;203;192;32;76;29;200;36;35;119;53;192;27;94;129;60;27;39;41;71;180;56;57;60;21;86;21;25;188;118;21;31;192;31;22;26;26;25;239;29;47;193;105;242;180;154;138;161;176;173;246;31;28;24;18;27;170;109;25;169;154;168;57;307;130;23;192;140;33;20;80;192;29;79;35;130;26;24;192;32;23;58;16;192;192;25;192;35;131;154;149;49;26;33;105;28;168;39;168;130;33;25;192;61;240;47;107;27;192;296;210;37;32;25;32;192;192;136;59;19;180;109)
seed_21_level_5-1,1851,48282.025978803635,42357468,13559,(64;39;25;29;192;27;22;58;60;125;56;120;139;17;33;26;23;54;31;41;126;197;171;192;18;143;29;35;23;50;137;72;116;31;24;119;38;197;192;29;36;192;121;136;37;192;192;58;31;53;79;149;53;41;40;27;50;144;78;140;46;118;23;87;25;16;165;162;19;190;126;154;32;19;129;67;88;192;105;105;77;160;80;166;26;18;24;20;172;130;130;16;162;116;159;130;42;81;16;130;25;26;192;177;39;33;29;18;126;25;26;47;240;185;34;149;105;29;17;105;192;33;25;19;192;29;24;154;126;23;40;34;26;26;31;154;29;192;47;131;26;136;77;31;131;163;24;105;28;30)
seed_21_level_5-1,1872,48852.072828769684,43234863,13709,(53;25;28;38;136;57;144;42;32;121;26;61;20;66;79;219;26;31;24;28;81;80;183;79;57;54;79;192;125;57;30;29;139;39;140;98;110;32;23;192;192;84;22;71;192;53;39;26;80;27;99;95;192;175;28;17;59;56;192;32;102;32;31;60;21;27;240;131;192;47;18;23;172;56;105;24;59;56;25;192;149;189;41;34;16;348;80;153;154;155;154;24;173;182;105;29;35;33;18;105;44;24;165;25;134;36;131;22;154;31;108;23;32;170;57;287;20;287;54;47;18;155;80;23;142;137;47;126;131;33;33;105;155;15;25;26;17;26;170;34;31;56;172;126;22;155;14;22;172;47)
seed_21_level_5-1,1872,49407.52090382576,44038387,13859,(85;93;32;111;109;59;24;155;32;56;31;56;145;155;50;57;87;61;36;79;74;43;20;33;36;27;123;151;155;80;40;115;58;59;27;41;155;24;29;27;30;31;155;56;144;161;47;28;21;139;45;140;140;37;21;27;29;51;16;39;155;148;56;25;287;50;133;26;155;24;24;362;134;57;250;130;64;23;16;30;31;155;31;15;47;25;84;131;28;154;155;37;154;26;82;33;26;169;57;25;24;56;34;24;181;25;23;50;39;57;169;25;170;29;36;25;170;42;29;56;17;130;13;21;155;15;105;14;26;17;77;26;155;24;27;287;130;131;131;79;181;239;40;172;287;155;28;118;14;24)
seed_21_level_5-1,1872,49974.362864255905,44964376,14009,(137;120;109;43;21;25;155;155;64;25;185;25;79;38;24;27;155;155;111;155;50;43;29;39;34;153;28;41;24;48;147;92;23;16;16;155;25;155;50;49;57;60;57;79;47;34;19;44;21;124;20;123;28;79;20;18;118;57;155;40;89;51;23;19;155;302;83;154;47;32;15;14;54;35;130;31;22;155;29;84;26;161;25;58;33;26;61;141;112;25;16;25;34;25;155;155;34;26;154;50;24;212;23;22;296;25;47;47;24;116;172;24;155;131;130;47;131;25;113;17;115;276;26;43;308;105;155;361;240;32;42;31;155;106;155;81;32;112;14;155;287;155;154;50;131;287;77;23;122;47)
seed_21_level_5-1,1872,50528.69753599167,45901186,14159,(153;37;57;39;43;52;31;22;26;40;19;51;125;31;38;36;83;87;17;23;152;54;42;163;130;34;80;59;54;29;49;31;155;151;45;22;63;53;57;41;24;156;71;155;28;74;33;68;53;24;36;21;126;45;36;24;53;155;24;40;22;17;358;27;130;155;170;50;24;34;86;42;33;154;155;57;22;14;34;154;134;26;168;33;155;155;105;155;18;25;239;131;165;23;24;47;27;154;155;302;47;17;21;25;56;155;28;38;34;24;170;51;22;296;170;16;14;130;23;297;27;131;166;42;23;47;28;287;296;16;29;155;53;287;131;33;155;25;105;14;14;296;170;31;18;155;27;131;195;32)
seed_21_level_5-1,1872,51091.71518802643,46911189,14309,(111;40;62;79;42;45;38;87;47;24;18;57;155;45;135;91;28;136;44;45;50;57;42;28;134;58;33;54;63;36;49;162;26;56;155;95;42;61;60;155;126;33;155;37;58;95;25;46;27;41;52;82;46;155;96;80;83;344;17;26;155;358;47;287;59;24;35;42;16;25;18;25;155;25;287;296;155;194;105;358;155;154;155;25;47;287;155;130;42;54;24;155;30;164;84;47;77;155;34;27;23;24;31;171;54;57;155;47;29;51;57;26;26;155;23;47;57;155;36;155;131;296;155;77;30;30;21;31;23;155;30;24;105;358;23;34;15;28;161;296;47;33;25;24;29;155;21;14;28;25)
seed_21_level_5-1,1872,51650.77353429794,47818162,14459,(150;29;35;19;137;27;42;121;23;30;137;155;71;155;25;155;87;83;42;25;40;138;112;23;62;23;33;37;36;57;129;31;56;54;155;19;61;155;155;96;32;155;47;24;155;37;34;57;155;127;51;57;21;25;23;155;155;67;345;21;33;14;24;155;155;50;20;33;23;30;29;14;50;42;27;349;239;28;150;24;296;47;215;47;21;42;31;42;19;41;191;25;36;48;155;24;155;296;296;155;54;35;186;57;83;70;155;182;130;25;33;155;122;142;155;22;16;29;18;21;189;155;26;29;155;26;13;26;34;26;16;32;154;116;155;38;23;72;27;154;25;42;25;149;287;105;26;50;34;27)
seed_21_level_5-1,1872,52218.87661123276,48665119,14609,(129;56;21;21;30;21;79;141;39;20;18;152;115;23;50;33;31;86;155;34;50;155;38;186;155;135;25;124;56;112;18;26;149;18;33;31;133;155;155;90;38;57;35;39;28;36;25;45;80;26;79;155;52;115;23;127;126;23;25;57;17;163;24;26;155;129;28;276;25;25;54;132;84;29;239;77;155;20;155;130;49;131;303;54;23;16;25;170;40;239;25;22;358;81;155;28;155;85;50;105;25;27;169;19;15;24;32;155;23;83;130;21;47;86;25;172;19;84;25;155;35;28;28;47;16;155;168;161;14;23;47;212;14;131;34;47;154;109;50;37;17;47;155;155;155;155;154;189;71;155)
seed_21_level_5-1,1872,52759.55559515953,49338372,14759,(132;15;155;126;52;23;60;155;154;27;115;41;152;40;22;155;36;28;153;61;24;42;127;25;147;50;140;40;121;155;57;155;34;87;80;143;143;40;42;140;83;50;18;26;18;115;155;56;17;34;40;50;127;56;33;57;80;155;60;28;42;33;50;47;155;25;26;14;30;47;35;13;22;21;47;105;161;86;130;56;296;58;26;249;22;18;24;25;33;216;28;26;22;105;30;189;57;47;182;43;23;21;53;30;49;24;18;170;240;25;29;30;19;50;15;23;77;20;54;26;77;38;155;155;29;25;155;32;25;42;84;89;296;155;27;33;37;58;31;23;165;154;109;42;84;130;57;80;17;24)
seed_21_level_5-1,1872,53321.564757823944,50209316,14909,(155;294;155;154;21;18;17;154;155;21;31;182;26;158;31;154;240;22;81;16;155;31;27;154;154;32;61;41;24;25;19;77;155;33;17;296;114;149;105;61;29;155;47;155;155;77;31;156;45;88;31;83;24;158;54;155;155;155;51;240;155;33;155;296;47;54;47;161;54;17;30;212;167;25;22;212;154;276;30;19;35;66;26;15;26;26;83;77;155;109;32;31;39;41;30;26;126;73;34;24;17;155;29;128;50;23;185;39;39;28;40;115;129;154;155;23;34;33;106;155;53;77;80;127;60;108;22;18;109;16;52;27;24;155;31;57;83;35;25;53;24;129;144;26;83;50;57;155;56;34)
seed_21_level_5-1,1872,53886.3575925827,51151664,15059,(26;144;56;27;186;155;57;25;127;28;83;24;21;57;122;141;42;27;26;98;23;53;27;130;57;113;55;155;29;155;23;63;40;21;24;21;155;55;155;123;35;28;24;23;24;155;22;34;129;83;32;47;39;155;155;126;26;40;155;35;26;21;24;24;26;296;155;296;24;29;47;25;276;25;84;57;24;154;24;19;216;173;31;155;24;84;158;24;57;24;57;349;26;24;50;29;155;25;24;23;296;194;155;26;24;154;25;54;25;296;296;155;24;54;170;61;54;15;31;155;27;296;23;29;23;61;158;32;161;50;21;26;114;239;27;33;25;36;50;16;23;32;25;161;22;154;240;25;155;81)
seed_21_level_5-1,1872,54434.45638203621,51933884,15209,(28;42;155;57;40;178;27;56;25;56;27;32;39;84;54;129;31;127;57;36;36;87;53;25;37;82;29;42;25;34;155;143;29;27;27;35;27;132;94;54;60;57;34;20;23;28;115;36;41;36;26;57;24;125;29;25;38;37;155;159;57;23;27;287;276;21;181;185;17;23;113;35;155;47;155;28;26;19;47;155;38;239;80;155;77;156;24;29;182;26;47;155;287;58;32;19;57;154;24;212;287;27;31;25;164;154;155;34;169;26;155;77;26;154;25;129;31;24;43;170;154;18;34;155;23;161;105;28;54;49;57;32;38;23;25;243;212;24;168;47;32;47;23;141;170;47;33;17;34;27)
