seed_11_level_6-4,535,452.10920333862305,432065,150,(58;53;100;100;58;57;86;52;100;58;52;100;100;55;54;59;52;100;100;52;78;52;100;150;52;100;58;74;58;54;53;53;100;100;100;52;52;100;100;100;100;61;100;100;62;61;100;57;52;53;98;100;52;52;63;55;59;57;58;53;73;53;52;57;100;60;57;55;100;57;59;56;100;52;53;54;52;100;100;100;100;100;100;52;52;52;100;52;100;52;88;100;100;100;100;100;57;57;88;57;52;100;100;59;100;55;57;52;53;54;59;58;52;100;100;52;100;67;67;52;53;100;52;72;100;52;57;52;57;53;100;100;58;100;53;100;57;100;52;57;52;55;95;58;52;100;100;53;100;57)
seed_11_level_6-4,535,901.0691344738007,862554,300,(100;100;100;100;100;100;100;100;100;100;100;100;100;100;100;100;100;100;100;100;100;100;100;100;100;100;100;100;100;100;100;100;100;100;100;100;100;100;100;100;100;100;100;100;100;100;100;100;100;100;100;100;53;58;59;58;57;59;58;59;61;61;53;52;57;58;57;60;57;57;57;57;57;57;57;57;57;59;57;62;54;58;52;56;52;54;55;53;52;55;56;56;53;53;55;53;58;53;52;53;59;52;58;52;57;52;53;52;52;52;52;52;52;52;53;52;53;55;52;52;52;52;52;54;52;52;52;52;52;52;54;52;52;53;62;68;72;58;59;67;84;63;150;77;86;86;88;87;66;80)
seed_11_level_6-4,535,1357.1732077598572,1293258,450,(100;100;100;100;100;100;100;100;100;100;100;100;100;100;100;100;100;100;100;100;100;100;100;100;100;100;100;100;100;100;100;100;100;100;100;100;100;100;100;100;100;100;100;100;100;100;100;100;100;100;100;100;53;59;59;58;57;59;59;58;61;52;57;58;57;60;57;57;57;57;57;57;57;57;57;58;57;61;62;54;58;52;62;57;52;54;55;53;52;53;55;56;53;53;55;53;55;56;53;58;52;53;59;52;52;57;52;53;52;52;52;52;52;52;52;52;54;54;52;52;52;52;52;54;52;52;52;52;52;52;54;52;52;57;53;68;72;58;59;67;93;64;150;70;77;66;86;86;88;87)
seed_11_level_6-4,535,1804.8388981819153,1722256,600,(100;100;100;100;100;100;100;100;100;100;100;100;100;100;100;100;100;100;100;100;100;100;100;100;100;100;100;100;100;100;100;100;100;100;100;100;100;100;100;100;100;100;100;100;100;100;100;100;100;100;100;100;54;59;59;58;57;58;59;59;61;52;57;58;57;60;57;57;57;57;57;57;57;57;57;58;57;61;57;62;54;58;52;62;56;52;54;53;53;52;55;56;52;55;56;53;53;56;55;57;52;53;59;52;52;57;55;52;53;52;52;52;52;52;52;52;52;53;55;52;52;52;52;52;54;52;52;52;52;52;52;54;52;52;57;67;72;58;59;67;66;85;63;150;77;74;86;88;88;66)
seed_11_level_6-4,535,2253.067122220993,2150885,750,(100;100;100;100;100;100;100;100;100;100;100;100;100;100;100;100;100;100;100;100;100;100;100;100;100;100;100;100;100;100;100;100;100;100;100;100;100;100;100;100;100;100;100;100;100;100;100;100;100;100;100;100;53;59;59;58;57;59;59;58;57;52;57;58;57;60;57;57;57;57;57;53;57;57;57;59;57;53;53;61;62;53;58;52;62;56;52;54;55;53;52;55;55;55;53;58;56;56;56;58;58;52;53;59;52;52;53;53;52;54;52;52;52;52;52;52;52;52;53;55;52;52;52;52;52;54;52;52;52;52;52;52;54;52;52;67;72;58;60;67;68;66;64;150;71;89;74;86;87;88)
seed_11_level_6-4,535,2696.2316682338715,2580856,900,(100;100;100;100;100;100;100;100;100;100;100;100;100;100;100;100;100;100;100;100;100;100;100;100;100;100;100;100;100;100;100;100;100;100;100;100;100;100;100;100;100;100;100;100;100;100;100;100;100;100;100;100;54;59;59;58;57;59;59;58;61;52;57;59;57;60;57;57;57;57;57;57;57;57;59;57;61;62;53;58;52;62;57;52;54;53;53;52;55;56;56;52;53;55;53;53;56;57;52;53;59;52;52;53;58;52;54;52;52;52;52;52;52;52;52;54;54;52;52;52;52;52;54;52;52;52;52;52;52;54;52;52;57;57;57;67;72;58;67;59;66;84;66;64;150;86;86;90;88;75)
seed_11_level_6-4,535,3144.2485888004303,3007508,1050,(100;100;100;100;100;100;100;100;100;100;100;100;100;100;100;100;100;100;100;100;100;100;100;100;100;100;100;100;100;100;100;100;100;100;100;100;100;100;100;100;100;100;100;100;100;100;100;100;100;100;100;100;54;59;59;58;57;58;59;59;57;52;57;59;57;60;57;57;57;57;57;57;57;57;58;57;57;53;53;61;62;54;58;52;59;57;52;54;55;55;52;55;52;55;56;56;56;58;53;56;57;52;53;59;52;52;57;58;52;54;52;52;52;52;52;52;52;52;54;54;52;52;52;52;52;53;52;52;52;52;52;52;53;52;52;68;72;58;59;67;66;66;64;150;70;87;74;86;88;60)
seed_11_level_6-4,535,3591.4914724826813,3438009,1200,(100;100;100;100;100;100;100;100;100;100;100;100;100;100;100;100;100;100;100;100;100;100;100;100;100;100;100;100;100;100;100;100;100;100;100;100;100;100;100;100;100;100;100;100;100;100;100;100;100;100;100;100;53;59;59;58;57;58;58;58;57;52;57;59;57;60;57;57;57;57;57;57;57;57;59;57;57;61;62;53;59;52;57;52;54;53;55;52;55;58;55;52;56;53;55;53;57;52;53;59;52;52;53;55;58;52;54;52;52;52;52;52;52;52;52;53;55;52;52;52;52;52;53;52;52;52;52;52;52;53;52;52;53;53;59;67;72;58;59;67;70;93;68;79;64;150;86;86;88;88)
seed_11_level_6-4,535,4035.4368059635162,3870312,1350,(100;100;100;100;100;100;100;100;100;100;100;100;100;100;100;100;100;100;100;100;100;100;100;100;100;100;100;100;100;100;100;100;100;100;100;100;100;100;100;100;100;100;100;100;100;100;100;100;100;100;100;100;54;59;59;58;57;58;58;58;61;52;57;58;57;60;57;57;57;57;57;57;57;57;58;57;57;61;62;53;59;52;56;52;53;55;53;52;55;56;55;53;53;53;55;53;57;52;53;59;52;52;57;55;58;52;54;52;52;52;52;52;52;52;52;54;55;52;52;52;52;52;53;52;52;52;52;52;52;54;52;52;53;57;62;67;72;58;59;82;71;65;64;150;95;88;86;86;87;81)
seed_11_level_6-4,1171,4486.045509338379,4319425,1500,(100;100;100;100;100;100;100;100;100;100;100;100;100;100;100;100;100;100;100;100;100;100;100;100;100;100;100;100;100;100;100;100;100;100;100;100;100;100;100;100;100;100;100;100;100;100;100;100;100;100;100;100;54;58;59;58;57;58;58;58;57;52;57;58;57;60;57;57;57;57;57;57;57;57;59;57;53;61;53;62;53;59;52;62;57;52;53;53;55;52;53;55;52;56;53;53;58;53;57;52;53;59;52;52;53;55;58;52;53;52;52;52;52;52;52;52;52;53;54;52;52;52;52;52;54;52;52;52;52;52;52;54;52;52;57;67;72;58;60;66;84;63;150;67;93;88;86;86;88;205)
seed_11_level_6-4,1171,4928.995538234711,4753569,1651,(100;100;100;100;100;100;100;100;100;100;100;100;100;100;100;100;100;100;100;100;100;100;100;100;100;100;100;100;100;100;100;100;100;100;100;100;100;100;100;100;100;100;100;100;100;100;100;100;100;100;100;100;53;59;59;58;57;58;59;58;61;52;57;58;57;60;57;57;57;57;57;57;57;57;58;57;61;53;62;54;58;52;62;57;52;54;53;55;52;55;56;56;55;53;53;53;53;58;52;53;59;52;52;53;53;58;52;53;52;52;52;52;52;52;52;52;53;55;52;52;52;52;52;54;52;52;52;52;52;52;53;52;52;57;53;67;72;58;67;60;80;64;150;84;86;86;88;88;93;77;58)
seed_11_level_6-4,1173,5382.938807010651,5210796,1802,(100;100;100;100;100;100;100;100;100;100;100;100;100;100;100;100;100;100;100;100;100;100;100;100;100;100;100;100;100;100;100;100;100;100;100;100;100;100;100;100;100;100;100;100;100;100;100;100;100;100;100;100;54;59;59;58;57;59;59;58;57;52;57;58;57;60;57;57;57;57;57;57;57;57;59;57;61;53;62;54;58;52;59;56;52;54;55;55;52;53;52;56;53;56;53;55;58;55;57;52;53;59;52;52;57;58;52;53;52;52;52;52;52;52;52;52;54;55;52;52;52;52;52;54;52;52;52;52;52;52;53;52;52;57;57;67;72;58;67;59;63;150;91;97;99;207;74;86;88;88;93)
seed_11_level_6-4,1173,5831.799981594086,5646207,1954,(100;100;100;100;100;100;100;100;100;100;100;100;100;100;100;100;100;100;100;100;100;100;100;100;100;100;100;100;100;100;100;100;100;100;100;100;100;100;100;100;100;100;100;100;100;100;100;100;100;100;100;100;53;59;59;58;57;59;58;58;61;52;57;59;57;60;57;57;57;57;57;57;57;57;58;57;53;53;61;62;54;59;52;57;52;53;55;53;52;53;55;58;52;53;53;53;53;55;57;52;53;59;52;52;57;58;52;53;52;52;52;52;52;52;52;52;54;55;52;52;52;52;52;54;52;52;52;52;52;52;53;52;52;53;62;67;72;58;59;67;64;150;86;89;54;86;88;88;85;93;65;57)
seed_11_level_6-4,1173,6272.629549026489,6077084,2104,(100;100;100;100;100;100;100;100;100;100;100;100;100;100;100;100;100;100;100;100;100;100;100;100;100;100;100;100;100;100;100;100;100;100;100;100;100;100;100;100;100;100;100;100;100;100;100;100;100;100;100;100;53;58;59;58;57;59;59;59;61;52;57;59;57;60;57;57;57;57;57;57;57;57;58;57;61;62;54;58;52;62;57;52;53;53;55;52;55;55;58;53;56;53;56;53;53;58;52;53;59;52;52;53;58;52;53;52;52;52;52;52;52;52;52;53;54;52;52;52;52;52;54;52;52;52;52;52;52;53;52;52;57;57;53;65;68;72;58;59;67;78;64;150;85;88;86;86;80;87)
seed_11_level_6-4,1173,6719.5636558532715,6501855,2254,(100;100;100;100;100;100;100;100;100;100;100;100;100;100;100;100;100;100;100;100;100;100;100;100;100;100;100;100;100;100;100;100;100;100;100;100;100;100;100;100;100;100;100;100;100;100;100;100;100;100;100;100;53;59;59;58;57;58;59;59;57;52;57;59;57;60;57;57;57;57;57;57;57;57;59;57;57;53;61;62;53;58;52;59;57;52;54;53;55;52;53;55;58;55;53;55;56;56;53;58;52;53;59;52;52;57;58;52;53;52;52;52;52;52;52;52;52;53;54;52;52;52;52;52;54;52;52;52;52;52;52;53;52;52;53;67;72;58;59;80;67;63;95;84;90;66;88;86;86;87)
seed_11_level_6-4,1173,7161.1262974739075,6936255,2404,(100;100;100;100;100;100;100;100;100;100;100;100;100;100;100;100;100;100;100;100;100;100;100;100;100;100;100;100;100;100;100;100;100;100;100;100;100;100;100;100;100;100;100;100;100;100;100;100;100;100;100;100;53;58;59;58;57;59;59;58;57;52;57;59;57;60;57;57;57;57;57;57;57;57;59;57;57;61;62;53;58;52;57;52;53;55;55;52;53;55;56;52;53;55;56;53;57;52;53;59;52;52;53;53;58;52;53;52;52;52;52;52;52;52;52;54;55;52;52;52;52;52;53;52;52;52;52;52;52;53;52;52;57;57;59;68;72;58;59;67;108;64;150;70;98;86;86;88;88;75)
seed_11_level_6-4,1173,7602.346962928772,7358919,2555,(100;100;100;52;100;100;100;57;100;52;100;100;100;100;100;100;57;100;52;88;57;53;57;57;53;53;64;52;86;54;61;100;59;60;57;56;52;74;52;52;56;57;100;79;113;56;53;53;88;100;53;53;52;57;57;55;100;53;57;53;72;53;52;53;98;67;56;59;59;63;52;100;57;86;67;62;56;57;52;53;100;71;100;100;54;57;100;102;100;150;58;90;100;57;64;100;56;78;100;100;53;100;104;100;100;100;52;86;150;73;100;55;52;52;55;100;52;88;100;53;53;57;57;53;100;57;57;68;53;74;62;57;58;80;82;57;75;53;53;93;59;54;57;59;72;56;57;58;52;53;61)
seed_11_level_6-4,1189,8046.377958059311,7789699,2706,(100;57;61;52;100;52;100;100;100;52;92;100;52;57;65;100;76;58;60;79;58;53;100;51;52;56;89;53;51;62;95;57;57;53;91;100;56;100;100;60;62;100;88;57;100;56;54;55;57;56;100;100;58;88;59;100;71;62;52;69;53;100;52;53;57;56;88;78;52;59;102;61;100;60;100;57;58;69;63;57;100;100;91;100;150;58;88;100;52;59;100;52;53;100;93;57;75;53;53;57;86;57;63;61;57;56;57;88;100;78;60;100;52;100;100;100;61;100;88;52;52;80;55;86;74;87;57;86;56;52;51;76;53;62;56;55;53;52;80;58;65;57;54;207;57;52;79;84;54;75;60)
seed_11_level_6-4,1189,8473.1371717453,8170397,2852,(100;52;52;88;88;59;53;100;100;58;100;62;88;57;56;76;57;57;73;88;100;58;52;88;57;93;53;55;88;107;74;58;52;58;100;61;73;52;54;51;56;102;52;61;78;64;55;56;85;58;56;77;100;53;92;108;54;88;64;68;100;63;53;57;88;59;52;74;100;118;58;56;100;100;100;60;100;76;100;53;100;56;58;82;86;86;61;64;56;52;88;52;78;55;76;54;58;56;56;59;69;100;57;56;88;76;57;57;75;53;76;58;53;93;57;52;57;59;53;93;81;62;52;57;77;52;52;52;100;53;100;52;65;100;80;76;53;53;52;88;100;54;87;52;53;53)
seed_11_level_6-4,1189,8907.404386281967,8593654,2998,(100;95;100;100;100;59;100;57;104;52;88;100;100;52;53;100;88;100;62;54;53;53;61;89;59;60;100;75;57;89;53;57;89;64;52;63;55;86;100;100;60;86;57;100;100;57;100;52;60;92;58;106;74;88;62;81;59;73;57;100;63;59;60;57;52;88;97;53;53;92;54;73;88;53;53;87;75;55;87;100;53;65;57;52;93;88;100;57;53;53;52;61;53;57;200;56;53;106;93;87;57;65;63;52;52;100;58;53;89;52;87;63;100;100;56;100;91;74;57;88;90;62;71;57;79;76;58;53;90;100;74;53;61;53;100;86;52;51;60;74;90;53;52;53;88;57)
seed_11_level_6-4,1202,9344.53978919983,9039150,3145,(93;100;88;54;62;100;82;52;52;52;86;59;104;62;60;63;61;58;286;60;90;56;58;53;54;66;53;104;53;100;57;53;55;52;57;87;92;65;53;52;60;61;89;59;63;59;74;54;53;75;59;57;54;53;62;53;63;51;108;56;55;57;60;53;57;57;77;62;62;100;62;58;54;87;100;77;88;52;60;56;57;88;63;53;75;67;57;59;58;61;75;55;58;87;86;60;50;53;88;52;53;100;60;88;202;97;219;57;87;53;88;100;58;53;104;58;107;90;100;100;88;52;57;56;76;60;74;61;75;57;52;88;53;59;53;56;90;53;90;107;53;100;87;49;100;100;85)
seed_11_level_6-4,1202,9776.854820251465,9507064,3291,(87;59;83;57;54;65;75;90;56;52;57;57;106;57;88;52;79;82;88;61;93;74;60;51;90;59;57;77;64;107;57;88;63;57;76;100;56;56;86;53;57;86;55;102;90;89;57;95;100;87;56;100;53;59;75;89;55;90;59;53;100;77;60;90;87;53;56;60;52;89;75;74;109;67;53;150;100;61;55;87;107;100;80;150;91;87;57;57;91;60;88;63;53;88;88;100;52;59;60;88;57;92;82;53;88;57;68;73;53;79;57;107;90;75;60;75;100;53;100;58;86;73;52;286;53;103;56;68;58;80;61;57;53;202;58;52;64;54;90;59;69;75;55;53;59;54)
seed_11_level_6-4,1202,10215.602744817734,9949182,3440,(81;100;65;59;73;53;100;86;91;56;57;88;100;53;90;74;113;62;100;55;55;110;57;53;100;89;53;53;55;58;88;57;54;79;57;100;100;73;88;88;52;52;93;63;90;55;90;53;100;100;59;104;100;55;87;100;86;61;86;62;52;100;74;86;57;57;51;57;57;60;57;75;82;90;59;100;60;53;91;100;89;88;57;58;100;53;60;57;52;59;86;76;57;52;85;56;62;86;55;86;91;88;57;58;110;56;97;59;91;58;53;93;88;54;89;58;100;87;57;53;90;53;54;56;63;90;52;74;57;94;56;100;100;57;58;100;100;100;150;100;59;87;53;100;100;63;100;81;57)
seed_11_level_6-4,1202,10658.588487625122,10398846,3589,(94;57;58;55;75;55;100;93;57;55;66;53;52;90;57;90;53;53;58;100;288;58;78;78;87;100;100;53;57;107;208;107;100;55;88;87;76;53;56;100;89;59;81;60;58;87;56;53;86;56;53;100;87;58;86;73;100;77;52;56;58;57;107;100;56;61;100;89;53;117;104;57;61;75;64;59;100;100;52;53;90;86;58;52;57;52;100;52;91;57;52;61;53;53;53;53;57;108;76;53;100;66;81;53;58;53;59;52;86;52;100;52;57;52;52;86;52;52;86;88;58;58;53;53;88;52;59;88;93;57;58;58;77;87;58;58;59;93;58;50;77;54;54;54;58;100;52;100;92)
seed_11_level_6-4,1202,11088.348686218262,10822166,3734,(85;65;56;100;52;100;53;52;88;56;93;53;53;59;57;56;57;104;81;57;53;96;104;57;59;100;77;57;55;57;57;56;59;76;55;104;100;53;57;93;88;100;100;73;58;52;73;52;52;52;52;54;90;57;90;59;53;59;56;91;79;100;52;100;100;75;52;100;66;57;81;59;55;61;100;86;52;52;90;53;80;93;52;52;86;90;63;53;53;52;106;202;90;53;76;53;78;55;55;54;84;58;56;74;54;88;88;89;60;55;75;88;57;88;56;102;60;100;100;85;53;100;59;100;144;100;63;76;79;150;74;78;66;100;88;101;83;57;52;80;73;57;57;59;52)
seed_11_level_6-4,1202,11509.919400930405,11220352,3879,(92;82;53;86;100;59;53;92;52;52;57;100;51;100;99;64;100;53;58;56;100;53;104;51;100;52;57;109;74;89;88;108;100;56;52;81;55;87;57;78;53;57;56;55;57;74;57;109;54;77;58;53;76;58;56;100;57;57;52;86;51;52;79;52;103;52;58;86;73;115;100;53;59;53;64;100;63;99;93;77;54;56;52;60;92;58;53;54;102;53;77;90;100;53;74;60;56;100;74;88;61;53;52;100;76;73;84;57;88;75;150;86;56;100;100;53;53;100;52;75;90;86;74;54;87;58;105;59;53;54;58;57;52;91;59;52;69;57;53;80;57;90;58;63;59)
seed_11_level_6-4,1202,11933.767740726471,11620302,4026,(90;100;52;100;100;50;119;56;159;159;61;64;57;53;53;74;96;89;58;90;56;79;58;74;86;52;59;88;52;53;87;93;107;86;109;100;74;53;77;57;100;53;74;75;81;57;52;56;53;100;52;92;89;93;84;53;56;58;53;53;90;69;84;53;100;54;64;53;55;53;58;78;54;91;53;52;93;100;52;59;73;53;53;77;52;100;53;52;52;74;88;52;53;52;65;52;73;58;52;52;59;58;85;57;77;74;100;57;53;52;78;53;53;100;74;107;57;55;52;57;61;62;52;57;56;53;104;75;59;56;88;71;100;65;54;53;103;55;74;52;102;86;54;102;102;54;86)
seed_11_level_6-4,1330,12377.046735048294,12073296,4180,(88;57;100;100;100;57;100;120;57;56;52;74;56;52;54;58;60;207;88;52;75;59;61;96;272;57;74;52;53;69;63;66;54;87;100;52;56;73;58;52;87;52;100;52;106;86;88;57;57;88;57;53;74;75;85;53;96;52;53;100;56;53;53;57;73;57;55;75;61;91;100;89;77;58;100;88;53;52;100;91;73;52;100;76;52;52;55;60;53;52;52;52;92;52;52;88;52;88;52;56;52;53;52;117;53;100;100;100;100;61;57;100;100;92;100;75;52;57;78;53;77;53;51;52;54;87;52;86;89;59;53;53;57;53;57;56;59;56;59;77;102;53;52;55;75;102;90;52;52;74;102;102;53;73)
seed_11_level_6-4,1330,12827.70709323883,12509613,4332,(119;100;53;59;100;96;60;100;100;100;88;100;60;55;97;77;61;52;55;53;73;52;75;61;73;56;52;52;75;55;55;89;108;87;90;87;58;53;58;75;59;59;93;53;61;100;56;100;74;100;78;100;93;87;53;100;59;76;53;100;74;53;100;88;78;52;100;53;64;53;53;100;52;100;93;100;75;94;55;57;53;57;100;100;56;57;86;53;73;52;89;100;87;55;100;71;61;90;90;57;57;100;88;74;80;86;57;54;100;59;91;96;52;57;88;75;57;55;70;58;55;79;56;57;102;89;74;53;54;51;55;73;56;53;74;52;86;52;52;160;90;75;57;54;57;92;57;54;74;90;89;61)
seed_11_level_6-4,1330,13277.974167585373,12974711,4482,(88;53;74;60;100;59;110;100;97;57;87;100;58;58;81;52;53;100;100;111;57;150;57;53;76;100;77;57;53;100;87;126;65;100;64;100;52;52;53;74;52;53;53;52;89;53;91;53;74;77;55;76;52;56;57;86;99;100;86;86;76;51;78;91;85;100;63;130;78;53;58;77;166;56;57;58;59;57;59;54;57;58;57;56;86;53;99;52;87;70;52;52;52;55;56;52;57;270;52;104;100;58;87;86;88;52;59;55;52;102;88;102;73;73;86;52;74;59;75;73;75;102;73;77;57;79;59;58;59;83;74;58;59;54;58;54;204;60;52;55;54;65;53;91;65;52;52;59;55;57)
seed_11_level_6-4,1330,13715.376860141754,13463586,4631,(86;53;150;150;100;74;57;100;131;49;89;79;76;100;100;57;52;52;106;99;74;56;100;54;53;60;58;76;82;53;57;57;73;53;52;100;100;166;57;55;52;54;65;57;56;52;57;54;83;60;54;59;58;56;95;53;58;94;78;57;86;86;57;90;57;86;52;60;52;58;52;100;77;64;57;89;57;53;75;58;75;57;90;86;56;66;100;50;53;80;52;76;57;100;76;119;55;100;57;100;57;64;53;58;100;100;150;100;272;61;53;54;86;61;61;88;57;61;61;77;61;270;86;59;57;93;52;58;74;52;58;58;64;75;102;52;74;58;73;58;52;75;53;73;55;73;106;74;75)
seed_11_level_6-4,1330,14148.508449792862,13918873,4777,(137;100;63;50;100;62;100;100;100;106;77;82;167;53;100;57;57;57;57;53;52;80;112;150;107;87;150;100;56;100;91;53;77;100;100;52;100;100;60;51;55;100;90;94;53;57;58;52;100;56;55;53;89;95;82;71;58;52;94;54;164;60;62;88;54;53;80;53;54;53;69;53;67;80;100;63;74;86;57;57;55;56;53;56;53;53;53;53;53;53;75;57;59;52;56;53;53;53;53;56;89;53;106;102;57;58;105;86;73;92;49;104;106;53;53;52;272;54;66;63;61;58;59;64;57;58;57;53;53;82;91;90;57;52;52;74;89;76;53;100;57;52;77;53;53;54)
seed_11_level_6-4,1330,14603.405943632126,14349425,4930,(65;53;87;53;79;51;100;54;61;52;86;62;53;53;52;100;88;52;56;52;88;57;90;100;100;77;63;100;100;59;100;53;58;100;75;77;53;55;54;75;53;57;87;53;53;74;100;62;65;76;100;60;100;74;76;100;75;89;59;61;59;58;55;58;58;53;57;59;104;99;100;52;74;57;57;90;100;106;53;57;57;86;86;160;88;52;88;159;60;86;76;73;52;89;57;93;57;58;57;91;100;58;62;57;57;100;100;93;53;79;59;59;53;57;60;54;53;64;56;58;59;77;53;59;101;61;57;57;67;66;88;104;79;57;61;53;67;104;60;57;106;53;103;57;52;73;100;120;53;57;57;102;96)
seed_11_level_6-4,1330,15043.365032196045,14764655,5078,(107;53;100;117;60;75;100;90;61;100;111;100;59;58;88;111;87;100;100;100;100;79;58;59;59;74;58;58;57;56;59;93;52;57;86;100;56;52;54;54;100;53;88;75;80;79;57;57;88;53;57;57;53;53;53;58;75;58;100;59;65;58;53;90;57;53;88;101;59;100;90;59;70;58;59;58;108;74;87;74;60;100;61;57;100;52;100;150;82;74;59;86;104;52;53;55;52;58;74;57;53;202;60;52;55;54;55;91;53;53;61;86;58;52;53;54;76;104;52;56;53;75;51;59;57;52;103;52;53;58;52;86;90;52;53;89;59;52;86;90;55;59;74;102;88;52;59;53)
seed_11_level_6-4,1330,15489.501070976257,15203645,5230,(63;83;86;90;90;100;100;61;69;60;100;104;54;54;57;51;202;54;107;57;75;57;81;88;100;53;60;53;100;67;61;91;88;75;72;75;57;82;100;100;53;75;64;56;100;100;57;77;53;58;102;56;57;80;55;53;53;56;53;86;52;57;88;74;53;88;52;86;74;53;88;104;62;61;109;52;51;57;52;57;106;52;57;75;52;113;96;100;53;60;57;90;100;57;88;52;52;104;100;97;63;74;73;52;59;65;89;55;53;90;89;90;90;77;90;90;62;53;61;89;67;61;101;66;64;88;53;91;90;58;88;61;75;57;53;54;86;87;86;59;104;54;103;73;58;74;61;75;55;55;52;52)
seed_11_level_6-4,1337,15945.945590734482,15704491,5382,(114;57;53;58;100;58;100;55;57;53;53;100;90;54;102;88;57;59;109;56;57;53;53;58;57;59;56;57;65;88;100;100;100;100;57;64;100;100;52;100;80;90;52;96;79;60;85;59;78;51;52;59;52;73;52;104;104;57;52;53;77;103;55;77;76;267;52;57;53;53;106;59;86;57;88;86;58;56;53;56;52;53;57;53;53;57;52;88;100;109;53;87;76;90;57;86;91;61;58;100;55;86;100;60;88;202;52;75;88;90;104;61;53;75;77;61;88;90;271;54;88;104;54;52;100;53;52;60;57;58;53;57;63;90;89;95;91;58;89;53;76;57;53;104;74;52;67;53;109;77;57;94)
seed_11_level_6-4,1337,16393.670263767242,16194532,5534,(88;63;63;57;57;69;100;57;100;61;53;62;53;109;53;52;58;120;54;54;52;52;112;53;100;100;75;86;52;57;55;75;55;76;57;54;57;52;53;100;58;100;74;53;56;52;90;63;60;77;84;56;88;55;88;54;88;57;52;104;57;58;57;57;57;59;61;211;110;57;104;59;57;57;56;94;73;57;60;53;74;91;106;95;100;54;52;59;109;100;100;88;91;106;52;90;93;57;88;88;53;62;53;61;66;104;74;113;99;53;77;267;57;52;57;102;57;57;57;53;53;52;75;53;115;57;57;53;59;75;95;59;54;93;61;62;204;74;59;57;202;90;95;57;94;53;76;51;87;52;61;57)
seed_11_level_6-4,1337,16826.452480316162,16630773,5685,(86;57;100;91;84;67;78;51;100;60;53;100;56;52;106;53;72;59;56;57;58;90;58;57;79;58;54;52;114;53;75;53;59;92;100;55;54;52;52;52;183;58;52;93;53;86;90;58;91;93;57;86;53;54;55;55;53;98;104;272;91;58;52;57;60;59;88;57;53;63;79;55;88;62;53;53;98;61;59;57;53;53;52;100;52;53;117;57;53;53;55;105;53;53;80;64;57;64;57;58;53;60;56;60;53;60;94;109;100;57;57;79;62;57;61;90;57;53;93;93;80;91;57;52;94;57;63;63;57;58;104;94;89;53;102;52;53;61;57;54;53;202;52;58;57;74;59;53;57;106;73)
seed_11_level_6-4,1337,17274.670295000076,17085552,5837,(86;54;53;90;96;53;52;54;65;56;57;52;52;74;100;88;58;58;58;53;58;59;53;53;100;69;59;58;53;63;77;83;57;53;57;58;53;53;59;56;52;54;57;53;52;94;112;57;56;57;63;59;56;53;106;53;51;59;53;59;57;104;59;114;90;54;77;52;91;55;53;77;58;55;58;54;114;114;57;75;75;56;55;56;60;56;55;57;57;74;59;74;59;54;52;56;89;57;58;88;82;53;57;53;90;63;58;54;58;63;100;93;93;59;202;60;91;105;202;63;61;53;57;53;57;57;57;61;203;58;107;102;100;103;112;52;55;110;104;66;51;53;58;52;277;89;53;57;52;100;57;102)
seed_11_level_6-4,1364,17724.003072977066,17599422,5988,(90;53;78;52;52;53;58;56;52;52;56;88;71;100;76;94;52;59;59;58;56;58;77;56;83;100;57;100;104;59;53;90;52;52;53;78;88;88;86;52;52;53;57;100;53;75;56;75;107;57;53;55;77;107;75;88;57;54;88;55;57;53;55;53;57;106;58;52;53;53;53;77;53;102;267;53;52;59;102;57;53;57;57;56;90;96;56;57;52;80;61;66;90;60;113;82;60;54;109;94;57;54;57;101;276;104;53;59;100;96;59;53;102;57;60;57;55;61;121;59;53;58;68;94;89;90;93;61;97;107;58;232;56;57;88;57;95;109;57;57;109;75;150;88;122;63;57;57;127;90;126)
seed_11_level_6-4,1364,18169.52534866333,18006411,6141,(93;61;53;66;65;75;57;57;57;53;57;52;67;53;94;90;57;59;52;75;58;77;63;88;53;57;93;57;77;88;52;90;88;57;54;56;100;52;53;53;90;87;90;57;53;62;68;57;57;107;88;57;57;69;55;58;53;88;57;52;53;88;57;53;56;74;59;53;52;52;52;76;53;52;57;57;106;52;104;53;93;92;57;57;59;53;57;113;80;57;57;57;67;63;57;57;92;90;58;88;100;61;58;53;53;60;53;80;112;96;57;66;59;53;111;57;53;57;60;123;57;59;57;114;57;93;52;64;55;86;59;53;86;92;61;52;59;75;63;104;101;93;57;102;161;57;202;53;78;56;61;93;89)
seed_11_level_6-4,1365,18620.23597717285,18614351,6292,(75;88;53;88;55;84;90;86;100;100;100;106;100;57;100;52;78;93;100;56;57;59;94;57;52;56;54;56;59;63;57;57;60;106;73;57;54;106;106;106;59;86;58;53;59;106;57;59;74;104;55;61;88;55;62;53;75;107;76;88;53;88;57;75;57;56;57;56;88;113;89;96;80;59;112;77;200;54;98;53;74;58;57;57;58;201;53;57;53;88;75;55;100;272;59;53;66;54;53;53;100;88;104;234;58;54;63;97;53;90;100;90;53;74;59;59;100;56;63;69;88;57;53;90;57;52;202;53;89;203;102;61;109;207;100;109;53;59;89;55;52;201;57;52;119;66;88;53;57;202;92)
seed_11_level_6-4,1365,19065.41454744339,19119056,6442,(93;80;56;67;58;53;60;59;57;74;57;58;57;77;61;80;90;64;57;53;54;87;75;53;90;57;86;57;90;53;88;90;59;106;53;53;105;53;53;57;88;91;55;70;56;57;57;57;75;88;57;53;90;104;59;104;53;104;59;54;106;102;90;53;102;56;103;52;57;104;77;52;106;75;93;61;88;88;100;55;88;115;52;53;128;100;53;109;54;54;64;100;76;53;54;100;111;201;75;52;57;57;53;53;57;90;54;53;75;57;109;64;77;52;53;200;53;52;53;67;57;90;56;58;120;102;52;52;164;100;61;202;52;52;53;93;53;58;202;100;95;88;83;57;89;53;53;173;100;53)
seed_11_level_6-4,1380,19529.338228940964,19775186,6592,(105;90;60;74;87;74;52;87;88;105;58;90;58;52;58;57;88;107;53;88;61;59;53;56;59;88;118;66;79;58;59;112;276;54;87;63;53;110;110;90;77;117;63;89;276;104;57;100;74;110;109;88;88;75;74;58;77;57;57;74;58;54;58;58;58;58;53;53;57;57;88;98;61;76;56;58;53;93;94;58;52;53;82;53;103;106;53;98;160;90;98;100;90;207;62;56;57;95;52;89;100;100;65;279;201;56;100;114;100;100;56;88;233;99;57;109;57;100;94;63;90;102;75;55;106;104;63;102;88;62;59;54;104;53;77;106;53;59;106;86;57;104;75;104;106;106;104;53;75;106)
seed_11_level_6-4,1380,19989.70811033249,20479373,6743,(93;57;57;75;204;100;57;101;53;58;57;104;207;160;104;58;78;94;100;57;62;123;93;76;52;64;100;58;54;56;58;88;90;56;52;74;90;74;55;74;77;77;105;52;53;58;59;63;90;77;53;100;88;56;75;64;53;104;53;53;77;53;77;106;58;54;88;59;57;57;87;104;52;63;53;106;86;77;52;59;106;76;74;58;104;102;88;202;57;90;57;77;86;54;59;56;53;202;59;56;56;57;73;101;58;76;216;58;89;202;202;203;201;90;58;56;201;59;166;201;276;166;100;51;52;89;64;53;239;54;88;52;57;86;57;88;84;53;119;64;111;66;67;115;60;53;59;59;66;67;72)
seed_11_level_6-4,1380,20437.822352170944,21114172,6893,(74;54;53;58;52;106;90;63;52;53;52;74;79;106;59;62;91;53;61;53;53;54;74;59;53;106;85;86;106;54;111;106;52;86;104;49;90;53;53;102;75;57;53;106;53;77;54;53;53;102;88;110;53;59;207;88;101;75;55;88;66;55;57;107;93;57;54;93;53;166;106;53;109;86;100;93;209;107;88;93;55;57;116;57;96;57;57;57;57;208;61;202;92;62;80;202;51;57;109;52;75;57;91;207;58;53;53;93;52;58;57;64;203;53;86;202;56;161;52;201;56;100;58;76;59;86;53;56;52;73;75;64;52;53;52;106;107;75;57;64;59;59;89;218;201;100;53;55;111;59)
seed_11_level_6-4,1388,20902.62805390358,21963704,7041,(88;107;53;52;59;88;61;52;100;57;74;107;59;91;74;75;75;62;60;62;88;56;53;54;90;63;56;106;57;104;106;76;57;104;57;54;53;60;77;102;63;54;55;63;74;66;104;58;61;77;106;56;208;57;57;62;202;204;61;61;202;63;57;114;57;202;104;202;90;104;95;202;75;57;202;57;55;58;202;57;75;62;245;55;53;76;90;102;102;100;202;159;52;53;55;52;57;61;206;52;218;159;59;52;159;52;52;201;161;162;201;206;73;204;53;52;55;207;69;53;51;57;57;53;61;53;55;106;66;88;61;99;68;64;100;241;104;112;92;88;89;143;109;61;93;57;66;272)
seed_11_level_6-4,1388,21365.92452955246,22892876,7190,(89;57;90;77;50;59;112;52;75;93;74;74;67;57;60;56;57;55;56;57;60;61;52;106;82;93;106;100;61;53;63;63;104;53;58;53;90;53;53;53;61;53;53;57;62;63;63;88;106;66;53;100;95;54;59;62;250;59;60;100;53;60;52;100;227;59;230;277;81;59;202;100;84;57;51;59;51;62;100;245;59;201;201;208;270;67;90;57;62;53;89;201;72;74;88;53;53;91;74;55;201;56;270;77;74;202;201;239;57;52;92;167;53;56;86;208;61;58;57;57;74;202;52;202;204;201;63;56;57;96;202;202;91;52;63;107;202;80;90;106;207;58;107;61;107;57;98;56;53)
seed_11_level_6-4,1445,21831.974219083786,23728443,7340,(93;88;88;90;52;87;88;74;56;75;90;90;52;104;89;58;88;56;59;54;52;57;104;57;59;58;88;104;106;63;104;106;104;55;106;106;106;75;106;87;106;104;104;106;62;102;90;189;65;100;61;53;67;103;273;60;80;59;89;56;88;60;99;100;53;54;51;59;95;57;53;100;138;59;100;165;61;53;204;93;53;66;91;61;207;53;91;211;203;60;56;109;57;91;107;57;202;202;57;57;75;61;66;202;57;57;59;91;63;57;107;160;53;55;73;58;53;201;212;52;164;52;56;55;53;57;60;170;271;58;201;243;52;56;59;53;203;62;56;90;201;89;53;62;53;234;160;56;55;92)
seed_11_level_6-4,1445,22308.363941907883,24675817,7490,(273;75;59;61;53;53;232;59;98;100;53;62;272;59;54;55;96;134;71;90;52;54;91;75;63;92;75;88;56;52;93;201;89;93;75;100;88;59;52;63;56;61;74;200;100;77;66;91;75;106;53;53;112;102;52;106;77;51;52;106;109;104;53;89;106;90;104;102;53;104;102;106;52;52;76;102;63;211;88;70;89;90;59;104;202;201;91;57;75;63;63;58;80;202;90;59;57;57;102;202;100;57;92;58;57;90;61;62;90;53;59;57;243;53;201;92;60;270;53;74;53;245;159;88;55;200;55;53;52;232;202;201;209;53;57;202;74;86;201;57;201;201;55;53;58;52;74;52;76;233)
seed_11_level_6-4,1445,22772.13546395302,25506198,7640,(109;56;56;87;58;77;57;90;57;108;52;59;104;53;90;57;104;77;60;59;92;52;76;53;59;57;106;107;57;74;105;96;61;74;79;87;106;58;121;59;100;90;95;86;100;57;57;61;74;57;100;53;232;202;57;89;61;100;61;100;233;64;88;89;53;271;58;52;53;100;89;91;103;62;90;60;75;58;102;86;202;225;57;96;60;66;236;91;63;202;88;91;100;107;88;86;80;100;53;57;93;75;100;63;59;202;62;53;52;100;77;243;52;90;52;73;55;52;201;95;57;57;52;57;201;55;201;158;53;52;52;100;210;53;201;57;73;57;52;58;233;162;93;86;53;202;58;52;55;237)
seed_11_level_6-4,1445,23238.441459178925,26297721,7789,(116;56;57;57;51;53;104;58;87;56;57;59;89;106;106;106;119;53;102;63;57;104;102;57;63;86;57;75;76;74;80;77;106;100;112;52;84;106;74;96;56;57;77;100;75;90;100;55;90;233;53;88;58;102;272;109;88;56;58;57;58;97;55;91;242;100;57;202;100;93;160;75;53;65;92;57;57;75;104;202;57;57;56;88;57;92;88;57;109;104;53;53;88;53;57;159;57;101;221;59;201;57;57;75;100;86;57;57;91;272;107;243;57;220;58;220;53;57;89;53;90;161;52;202;92;88;162;55;57;58;58;201;52;52;76;53;218;57;52;52;73;90;102;58;52;55;52;114;52)
seed_11_level_6-4,1445,23703.02115392685,27080529,7938,(104;116;106;64;52;63;55;52;106;59;53;92;93;58;107;102;59;53;75;86;104;116;53;77;104;52;100;100;56;53;100;90;76;56;80;57;56;56;100;100;53;62;74;58;106;52;52;53;75;118;53;96;202;57;93;54;67;57;100;56;204;88;100;90;100;56;53;93;54;100;88;159;60;57;184;160;90;57;84;146;53;93;58;91;100;91;104;76;52;62;233;161;53;107;74;75;100;57;62;88;58;94;62;57;100;91;107;54;58;56;57;63;158;52;53;55;57;53;57;55;218;58;52;232;52;53;57;101;227;158;74;100;201;243;57;59;59;58;201;52;213;201;57;271;100;161;55;201;53)
seed_11_level_6-4,1445,24187.81538438797,28121102,8088,(74;59;99;100;53;68;100;53;56;94;57;100;53;61;76;75;56;53;56;52;100;74;234;74;88;93;88;88;93;53;272;104;58;274;57;53;95;99;107;55;92;159;92;53;59;52;100;57;202;141;102;91;77;90;102;106;88;75;55;77;106;58;60;63;104;106;106;93;106;53;100;60;74;75;106;77;77;106;102;91;90;107;92;75;54;61;59;77;91;100;230;94;106;77;52;82;86;202;101;107;53;100;258;161;160;107;92;80;62;53;243;90;52;199;241;212;62;201;201;86;201;74;73;100;53;233;201;55;65;219;57;90;57;93;53;219;202;211;103;201;201;58;57;175;218;89;230;52;52;57)
seed_11_level_6-4,1445,24666.715484380722,29198505,8237,(60;52;100;63;88;79;100;100;77;61;56;56;99;116;60;100;79;61;56;77;57;106;53;104;77;106;58;57;59;52;77;78;57;106;61;86;88;52;51;90;106;53;104;76;88;61;52;100;91;63;94;107;91;52;108;76;52;57;200;52;52;58;105;218;100;167;60;92;100;52;89;100;57;52;100;74;61;52;57;202;57;272;83;53;100;92;53;53;76;57;53;58;90;78;57;272;101;53;161;57;61;53;58;56;55;202;243;271;271;201;201;220;52;58;58;54;52;201;233;201;210;52;55;100;58;57;202;58;201;201;202;52;232;201;202;201;202;160;220;54;159;201;59;202;236;61;57;52;201)
seed_11_level_6-4,1445,25123.461575746536,29980527,8386,(104;63;90;63;63;56;74;53;68;53;74;93;100;52;57;56;74;53;80;100;53;58;100;52;80;105;63;60;59;53;83;65;76;55;61;174;100;100;53;53;100;79;61;100;100;54;77;104;112;63;106;75;53;106;57;58;102;77;59;53;61;58;104;57;106;53;88;53;53;77;93;53;57;61;54;88;204;107;106;53;57;57;53;57;205;239;88;90;92;57;100;57;56;91;59;109;55;202;88;58;243;57;52;53;55;58;202;58;52;101;201;160;55;94;239;59;55;54;202;63;54;64;233;61;58;201;94;53;58;202;271;159;201;58;59;166;52;52;53;87;204;57;52;83;202;53;55;201;55)
seed_11_level_6-4,1445,25591.605744361877,30845384,8535,(220;53;56;203;57;58;54;271;54;54;99;100;100;90;55;61;52;88;60;100;75;57;53;59;63;107;100;101;77;78;74;52;213;63;59;77;53;53;126;102;95;88;53;79;57;104;75;77;63;88;77;59;57;104;60;54;76;57;104;85;55;53;57;61;57;77;124;57;77;63;57;228;57;76;161;90;88;88;86;57;90;240;75;57;270;57;108;59;96;202;202;91;91;61;57;98;64;55;66;53;202;64;58;243;161;110;90;51;52;86;201;58;52;100;56;57;52;52;159;207;57;95;58;93;240;57;57;232;270;52;53;199;58;244;53;98;53;110;61;59;58;95;116;98;108;58;89;58;88)
seed_11_level_6-4,1445,26057.192756175995,31621680,8685,(104;57;58;88;55;106;116;88;88;110;106;115;59;87;74;106;106;104;58;88;75;59;58;63;77;107;100;74;53;58;100;77;100;76;90;53;75;56;77;73;53;79;107;78;79;96;55;77;75;95;53;54;170;160;67;57;59;54;74;52;56;64;61;62;63;52;75;203;100;65;54;64;53;170;243;55;158;53;52;57;52;201;98;100;162;58;91;57;100;55;52;240;57;201;53;89;52;60;243;201;234;88;52;57;201;90;166;89;73;57;52;52;209;190;56;108;57;87;100;88;57;59;54;90;75;202;75;53;60;76;57;59;54;74;91;53;202;75;58;59;57;202;53;100;88;57;53;90;95;202)
seed_11_level_6-4,1445,26501.225222349167,32296010,8834,(89;58;52;59;75;82;100;57;100;83;78;100;90;94;77;100;54;100;63;56;87;100;100;74;95;62;53;109;61;54;78;76;100;53;57;201;75;73;77;54;89;58;53;60;52;57;52;58;63;53;85;88;106;57;88;77;57;110;56;51;88;61;59;58;57;58;58;88;77;91;62;59;57;57;55;77;118;91;59;53;202;53;57;160;59;59;59;88;53;272;63;59;53;58;52;59;75;56;104;53;57;59;57;91;202;58;104;59;53;243;57;90;202;56;52;58;63;58;90;57;55;52;52;58;52;78;52;57;232;55;55;90;202;89;87;201;167;202;55;52;104;220;52;52;271;55;52;184;55)
seed_11_level_6-4,1445,26970.595351457596,33193190,8985,(89;63;56;76;72;100;79;100;58;90;94;53;79;76;74;89;74;90;62;88;76;58;85;106;106;104;56;106;57;87;106;85;57;116;57;63;56;109;53;64;104;106;56;57;57;57;57;58;88;52;158;53;58;90;73;119;73;55;56;272;275;105;235;52;213;58;54;100;52;61;52;55;61;82;55;59;100;100;272;56;57;91;57;57;61;58;57;57;53;203;57;104;77;59;91;75;57;202;88;91;57;60;53;57;57;272;57;57;57;272;202;243;57;55;202;91;202;201;123;58;59;201;88;109;201;90;52;210;59;58;57;61;107;93;201;57;201;57;55;55;59;202;106;58;89;52;86;59;53;57;201)
seed_11_level_6-4,1445,27437.010558128357,33989105,9136,(90;59;63;77;75;57;59;88;54;74;100;54;55;64;272;107;57;88;89;53;52;51;56;104;57;106;58;104;104;59;57;104;54;104;100;106;57;75;109;61;106;57;75;75;104;55;55;106;120;93;203;62;55;76;52;91;54;80;55;100;53;54;80;59;63;66;51;61;52;68;103;100;100;64;75;61;63;213;272;57;53;272;76;57;52;53;59;57;93;57;57;61;57;57;61;88;88;57;78;272;57;57;61;58;63;57;88;88;88;57;243;57;57;58;87;201;220;53;220;100;90;91;89;58;159;52;164;57;58;242;59;202;52;107;233;58;60;158;100;57;52;202;60;52;52;53;59;57;202;90;61)
seed_11_level_6-4,1445,27901.85353088379,34787102,9286,(76;57;89;203;88;90;58;58;57;81;62;77;100;100;77;100;76;79;63;55;58;82;77;90;62;75;87;91;59;63;75;57;63;53;52;59;91;64;76;57;89;57;86;57;52;88;100;64;73;53;54;93;96;109;52;53;90;109;104;106;57;53;106;77;88;55;104;104;75;106;55;53;57;104;104;88;76;116;104;272;53;61;57;100;88;57;91;100;91;57;272;59;57;59;59;75;91;65;59;56;53;59;57;57;57;100;57;88;57;107;243;91;53;201;201;54;91;53;202;58;234;202;201;202;58;58;202;201;159;202;58;201;116;91;88;63;57;57;91;207;58;57;160;58;59;58;104;91;202;53)
seed_11_level_6-4,1445,28365.043188095093,35699335,9435,(202;100;77;83;94;77;109;59;89;54;74;76;100;74;76;77;62;53;100;95;114;105;62;83;59;94;53;90;90;159;272;88;57;57;57;57;59;57;88;100;202;59;59;53;202;272;100;57;53;59;272;56;53;76;202;57;53;88;159;100;61;100;109;110;77;104;87;96;88;102;74;90;100;87;106;104;61;53;58;79;53;115;104;116;93;53;104;58;59;104;57;88;59;73;59;58;243;59;63;107;86;52;55;218;107;52;52;57;202;271;52;56;271;52;59;59;202;53;100;201;57;100;70;75;239;54;58;52;57;52;57;52;90;201;53;58;91;90;160;159;63;202;58;90;219;52;57;201;57)
seed_11_level_6-4,1445,28833.715245962143,36571019,9584,(90;95;93;76;94;85;79;88;55;82;94;75;58;59;60;116;51;53;58;76;78;77;90;76;54;108;59;89;57;77;116;87;61;58;53;111;53;104;123;58;104;102;58;86;102;90;88;57;100;90;106;106;58;109;104;56;52;104;116;53;59;57;111;91;100;57;272;53;61;57;57;59;59;57;59;88;272;215;53;91;59;91;186;88;59;88;88;159;57;57;59;61;272;57;62;57;57;57;57;158;87;202;77;232;52;95;88;91;218;96;210;161;57;59;52;107;220;107;114;53;201;57;58;86;56;88;57;219;55;207;88;136;100;58;77;272;202;202;58;74;52;58;91;76;201;96;95;107;52)
seed_11_level_6-4,1445,29288.14243912697,37407870,9733,(84;77;79;62;60;82;59;75;89;55;75;100;58;59;76;77;109;52;54;201;58;59;58;73;111;78;56;84;74;76;77;55;100;89;81;90;100;204;88;59;57;59;57;57;57;53;57;57;57;57;57;88;93;56;57;107;61;57;59;57;59;57;57;59;62;201;57;91;88;59;57;57;57;58;56;61;59;57;202;202;88;104;57;58;86;104;57;114;202;55;53;86;114;55;86;54;81;202;89;86;100;58;87;67;211;57;88;55;58;218;88;59;53;59;62;73;57;234;88;59;57;100;202;228;63;232;58;57;210;52;88;202;161;53;159;57;202;220;52;91;102;59;233;90;89;270;211;104;202)
seed_11_level_6-4,1445,29758.534123897552,38323338,9883,(160;57;100;53;88;58;58;57;57;89;56;272;57;91;64;59;57;53;57;53;272;96;77;100;272;59;58;53;53;59;272;56;53;272;59;108;75;57;91;57;100;57;75;76;55;59;75;76;78;100;83;89;59;62;75;65;77;76;56;66;229;204;100;59;100;76;100;59;58;80;78;100;74;113;58;54;52;95;95;58;64;54;74;233;115;74;63;59;55;52;88;90;53;76;210;202;52;206;52;91;91;219;163;211;91;88;61;53;75;53;150;56;102;86;202;106;201;160;231;59;58;88;56;57;61;58;55;89;54;57;88;59;57;201;100;100;55;59;75;202;61;53;58;91;89;184;201;91;57;211)
seed_11_level_6-4,1445,30224.723329544067,39208642,10033,(272;59;100;57;59;57;57;53;88;91;57;61;53;67;53;92;100;88;57;88;59;57;88;88;75;57;88;57;53;91;100;59;59;107;104;58;57;59;59;58;91;104;53;159;53;88;57;57;202;91;59;271;100;91;53;107;88;57;57;59;53;92;59;202;57;88;56;107;58;210;100;52;202;58;59;59;233;91;55;58;59;211;90;60;90;218;201;91;201;63;220;57;57;95;59;52;100;86;57;100;90;58;88;60;158;74;107;75;90;58;231;90;206;53;202;58;53;52;202;59;104;59;57;55;74;59;90;161;58;90;94;90;91;209;56;66;52;62;219;161;52;62;59;159;59;275;90;201;58;100)
seed_11_level_6-4,1445,30689.95647096634,40066020,10183,(160;61;61;53;202;202;61;59;100;53;100;272;57;100;91;202;53;58;68;59;53;59;100;56;91;52;59;59;88;100;52;53;53;58;53;91;100;107;60;100;59;75;59;88;56;160;88;100;100;57;103;100;88;75;57;65;100;59;53;59;57;58;233;78;56;57;52;58;232;53;209;59;213;201;56;52;52;202;90;60;52;59;235;107;58;57;62;281;113;86;52;90;57;60;107;57;106;59;59;89;54;73;57;53;96;202;58;184;52;56;52;53;89;233;52;59;211;53;53;90;105;207;58;106;53;114;52;62;60;107;235;52;73;201;212;63;52;90;202;90;56;100;90;54;52;58;56;88;57;57)
seed_11_level_6-4,1445,31139.876388072968,40849721,10333,(75;90;53;57;57;59;55;88;272;88;52;59;202;201;59;57;57;59;61;59;53;57;100;57;88;57;57;57;56;57;61;96;104;52;59;59;164;59;88;100;57;87;88;57;59;100;59;105;57;75;272;57;53;52;56;57;57;77;100;52;57;99;88;58;63;52;89;57;211;74;56;53;89;58;61;221;55;201;60;74;99;202;201;78;73;52;58;236;57;59;57;52;58;74;89;202;91;89;201;53;202;159;89;106;90;86;53;53;56;90;90;73;53;76;203;54;52;60;90;102;59;56;74;55;52;52;104;90;52;169;52;91;90;53;158;202;95;162;54;53;58;107;108;56;159;52;184;88;57;202)
seed_11_level_6-4,1445,31598.998610019684,41701699,10483,(272;91;230;67;202;53;53;75;100;57;100;64;90;91;202;57;59;92;57;70;79;75;57;202;104;202;53;88;53;88;53;88;57;90;202;100;57;93;76;53;52;105;75;123;57;88;53;53;272;57;88;100;100;100;75;100;228;100;57;90;111;76;235;59;215;235;100;78;61;57;210;74;62;52;73;94;100;53;227;53;59;61;53;91;92;202;90;57;114;53;109;75;203;56;59;74;74;102;59;54;56;201;79;53;53;61;56;203;55;52;98;100;100;56;52;88;59;100;102;88;53;90;89;53;57;201;58;58;59;90;60;52;57;93;57;202;59;58;100;61;53;74;158;87;54;70;58;76;58;58)
seed_11_level_6-4,1588,32068.442133903503,42763450,10633,(161;86;57;86;114;211;60;108;57;164;88;53;75;55;59;59;56;88;53;63;53;57;58;60;52;90;73;53;100;100;53;61;268;98;57;52;58;84;202;73;221;60;54;64;52;57;52;101;61;58;52;79;202;58;233;74;234;63;57;211;59;107;57;76;53;57;57;93;221;57;57;101;57;219;204;89;57;474;107;158;89;272;59;59;53;202;57;59;59;102;53;272;93;100;53;88;63;53;63;56;74;91;160;57;54;202;88;53;56;57;88;89;272;88;88;87;91;59;59;202;57;59;57;272;100;88;53;88;57;272;57;57;57;57;57;57;57;57;272;91;57;53;54;100;57;100;88;272;57;88)
seed_11_level_6-4,1588,32511.935162067413,43395459,10783,(88;100;58;88;57;93;65;63;59;88;100;58;61;91;119;63;57;115;57;100;92;57;57;55;91;57;100;86;57;57;104;91;53;75;53;53;57;57;272;57;57;57;65;88;53;53;63;53;53;57;73;272;88;57;57;202;53;57;57;86;64;57;100;57;53;57;59;100;57;77;59;268;100;90;90;56;58;66;110;86;80;74;59;60;60;65;95;59;202;86;52;59;73;110;100;58;89;58;52;57;170;63;73;53;234;59;52;100;100;54;77;58;52;60;57;61;100;54;89;60;57;58;61;53;90;88;77;55;234;201;53;109;61;63;86;62;62;101;76;53;53;100;220;65;59;63;74;60;60;122)
seed_11_level_6-4,1588,32978.11987924576,44246775,10933,(75;59;59;91;202;100;76;201;100;100;77;57;74;100;202;271;58;100;88;53;90;60;100;75;60;57;59;100;93;159;88;56;59;74;53;272;75;53;88;88;75;57;57;57;57;57;56;52;57;57;56;100;88;272;100;53;159;58;76;61;272;79;53;55;64;55;90;57;88;160;53;51;202;57;58;201;58;52;59;77;56;56;55;65;52;57;202;76;75;221;54;100;57;217;75;52;228;57;53;212;100;61;61;59;202;53;52;57;57;88;74;202;138;53;58;100;53;66;107;59;58;60;201;238;92;57;59;57;88;159;63;59;54;74;58;53;76;57;82;243;59;57;53;52;101;100;59;110;53;60)
seed_11_level_6-4,1588,33441.55661416054,45096860,11083,(88;57;59;202;53;188;58;100;88;57;75;93;57;55;58;59;100;58;59;77;53;53;100;88;58;61;58;58;74;53;59;202;100;57;57;57;100;53;58;61;202;91;59;56;59;324;57;212;202;57;100;135;57;100;102;57;88;57;79;58;100;64;106;202;202;96;56;93;75;64;218;94;59;53;100;57;245;66;56;175;61;53;210;86;58;202;74;64;88;53;59;53;57;57;60;53;59;56;56;100;61;74;56;90;60;74;60;232;100;60;57;53;61;55;59;61;61;237;202;57;59;101;102;115;60;56;202;201;61;270;58;57;160;91;52;100;73;53;74;55;52;59;59;100;53;160;59;74;232;66)
seed_11_level_6-4,1842,33904.252603292465,46028427,11233,(75;53;53;245;88;61;100;77;202;186;57;53;59;202;90;53;100;57;57;57;53;88;53;100;272;57;59;88;87;57;57;86;59;69;57;91;105;57;202;88;202;57;59;104;59;92;61;88;75;100;57;92;104;57;79;107;57;90;88;53;75;55;91;57;57;100;54;88;106;57;53;58;100;58;400;89;54;239;76;112;219;89;99;86;62;136;57;59;59;60;74;59;58;52;59;76;100;59;53;100;202;58;209;52;218;55;53;202;76;56;73;59;210;58;58;52;52;76;73;272;239;55;57;244;57;270;58;61;59;73;61;55;60;88;100;202;52;55;53;60;59;59;55;53;53;55;201;56;59;232)
seed_11_level_6-4,1842,34373.93076443672,46988747,11383,(75;57;59;88;53;58;272;57;104;57;55;91;76;56;59;104;57;57;91;202;77;58;53;74;59;53;88;68;57;202;272;59;88;202;59;202;53;202;201;100;53;90;58;53;59;57;52;100;272;53;53;88;112;102;57;57;201;57;75;59;57;91;91;53;89;75;57;57;78;218;59;201;52;59;76;87;55;52;104;60;279;62;57;55;60;59;89;219;224;59;55;61;100;86;73;62;53;272;207;65;53;52;56;52;59;57;56;93;100;110;203;100;73;52;60;234;88;90;88;61;73;232;91;56;53;219;54;74;57;91;88;52;52;55;86;74;74;59;54;58;215;53;272;57;100;88;218;73;53;230)
seed_11_level_6-4,1842,34845.85209441185,47997309,11533,(272;273;272;202;58;88;104;100;88;88;58;88;77;202;57;59;74;57;64;75;88;57;88;107;88;57;59;89;57;204;54;100;91;75;58;91;202;88;100;88;88;62;159;60;59;53;202;91;91;60;91;100;60;202;202;88;274;64;88;88;53;167;55;62;57;57;57;88;202;100;158;57;63;59;59;57;57;58;59;100;76;59;202;300;61;53;77;220;219;89;202;56;59;73;53;59;61;60;88;57;59;74;87;53;54;59;93;276;90;54;103;61;55;202;86;55;90;59;52;88;90;53;89;202;60;53;233;61;62;56;101;100;56;53;60;90;88;240;57;59;204;88;69;61;59;62;234;88;161;115)
seed_11_level_6-4,1842,35314.24932599068,49081530,11683,(159;242;59;240;59;61;55;76;162;88;76;58;63;201;88;53;58;54;52;60;90;272;89;53;88;51;100;101;59;52;60;61;160;55;52;53;74;80;232;57;90;66;89;81;219;52;233;94;90;52;59;77;64;57;63;74;202;57;241;93;73;90;56;90;88;53;88;53;52;56;239;161;52;88;58;59;202;160;94;62;202;202;107;93;91;160;100;202;57;57;80;56;53;57;100;204;160;272;57;57;66;100;100;74;202;63;53;57;86;203;100;88;57;60;202;57;53;75;202;79;57;100;53;203;54;90;100;238;100;53;80;272;203;175;215;202;160;86;88;92;53;57;89;77;59;57;108;202;90;100)
seed_11_level_6-4,1842,35767.657586574554,49882659,11833,(76;60;61;53;74;74;212;55;52;90;52;88;55;56;60;73;90;52;54;101;52;73;68;88;61;90;58;98;53;57;77;90;52;73;61;52;57;204;58;53;62;58;66;61;66;53;101;88;52;80;62;52;52;53;57;88;73;76;52;63;55;57;93;55;203;56;57;271;88;159;87;88;57;52;57;272;52;53;202;218;88;105;91;53;53;202;57;88;272;57;57;202;100;91;59;105;53;53;59;53;57;63;53;168;88;100;57;53;88;272;117;79;61;78;88;55;53;100;94;203;59;86;100;202;91;100;75;63;75;273;107;77;56;75;89;75;54;53;75;79;88;202;204;53;75;101;100;202;90;53)
seed_11_level_6-4,1842,36236.57871341705,50914069,11983,(249;100;238;56;53;100;210;74;52;59;56;202;56;52;75;53;93;107;58;64;76;55;100;56;88;90;90;52;55;69;106;100;94;53;73;100;59;271;53;212;53;58;58;202;77;54;159;81;88;54;53;61;57;74;109;62;234;57;53;57;60;53;59;100;75;73;73;213;52;234;93;204;90;272;232;76;204;53;57;59;58;53;53;95;64;88;54;86;77;57;202;100;79;57;57;91;89;100;202;202;62;53;202;59;57;59;53;202;61;57;204;51;104;202;53;202;228;74;91;57;100;103;88;75;66;68;92;93;96;64;202;203;53;202;80;56;53;93;57;272;92;75;202;202;57;88;170;56;51;88)
seed_11_level_6-4,1842,36705.07891201973,51874901,12133,(234;74;201;61;206;113;53;65;100;93;90;60;52;63;60;73;60;61;54;57;55;76;52;86;244;59;53;100;74;89;88;60;270;99;52;52;92;53;57;54;53;73;96;52;79;62;59;57;61;52;75;100;202;108;53;241;98;93;61;91;55;90;56;53;73;73;57;90;59;88;88;61;100;74;75;98;205;250;205;56;53;57;66;61;88;209;106;91;88;201;88;202;57;91;88;57;272;89;79;57;159;90;88;68;62;88;88;272;52;62;64;57;57;202;56;61;57;75;200;207;202;59;77;105;53;100;100;165;207;59;88;67;88;202;201;272;68;57;53;53;160;100;162;88;100;61;57;53;77;88)
seed_11_level_6-4,1842,37161.27161192894,52728339,12283,(90;76;53;203;57;63;55;77;88;55;89;74;75;53;238;73;125;73;52;277;159;54;88;52;57;90;106;76;104;58;52;73;52;100;100;233;107;64;56;53;90;74;88;73;64;92;53;202;57;55;52;59;100;52;58;93;53;63;53;59;53;54;201;75;234;100;86;272;55;77;86;92;91;75;272;79;202;60;163;57;100;52;202;202;73;58;100;53;57;54;57;99;100;88;160;91;76;93;96;75;91;57;57;69;54;79;202;75;76;93;63;88;57;88;89;53;100;57;91;92;88;57;57;59;93;56;61;59;57;202;57;233;202;58;56;202;54;202;53;57;89;92;202;75;69;57;53;88;100;59)
seed_11_level_6-4,1842,37620.57620096207,53661958,12433,(163;88;58;63;54;88;106;59;100;58;63;58;100;52;58;57;68;57;86;62;57;53;87;57;53;97;100;73;53;53;202;53;57;107;204;87;88;90;54;161;57;57;90;57;52;83;52;62;63;54;56;57;52;53;95;53;73;74;59;62;52;57;79;87;77;105;204;53;54;56;234;100;202;104;202;57;202;88;53;57;57;75;59;202;91;52;202;91;57;63;89;202;57;57;75;202;88;202;276;57;100;57;202;202;120;77;63;59;272;202;100;202;57;64;202;57;272;56;75;95;57;79;88;100;56;59;88;53;88;88;100;79;202;90;77;57;271;57;91;75;57;202;88;57;90;75;57;94;202;201)
seed_11_level_6-4,1842,38070.762159347534,54375140,12583,(201;57;55;100;57;270;63;159;57;58;57;53;138;54;56;52;83;54;76;76;100;56;57;56;208;161;93;53;56;65;53;77;100;57;58;91;90;88;53;75;100;74;119;55;77;56;57;164;57;103;80;53;53;56;57;86;57;56;100;57;74;63;52;52;88;54;59;89;68;90;202;98;63;57;68;57;74;79;63;272;56;53;75;61;57;68;53;88;100;75;57;53;61;74;88;202;68;88;159;236;57;100;232;100;116;88;87;63;96;61;100;88;75;78;90;57;53;93;100;54;53;202;86;57;63;202;52;53;75;65;57;55;75;204;75;160;57;88;57;57;53;64;53;89;54;93;55;88;93;233)
seed_11_level_6-4,1842,38523.97749519348,55148594,12733,(52;53;77;100;58;53;100;60;90;91;52;75;88;53;90;57;58;58;88;114;62;56;57;57;56;76;53;100;55;69;56;57;101;57;53;51;58;53;184;57;95;57;211;90;88;53;76;57;91;55;53;57;90;74;90;51;98;55;90;100;59;74;52;59;202;57;77;89;58;57;150;90;75;100;57;82;95;202;57;88;63;202;53;59;79;57;88;202;88;73;165;68;150;207;57;95;202;202;53;79;57;273;52;100;57;52;63;202;78;57;75;57;53;68;57;58;52;73;64;100;100;60;53;53;53;54;204;53;100;63;52;202;202;76;57;62;91;207;55;57;75;202;57;202;65;202;60;58;202;202)
seed_11_level_6-4,1842,38979.37751078606,56013875,12883,(100;90;201;53;61;53;52;201;58;100;57;52;67;53;58;100;57;52;57;74;57;77;88;77;52;74;88;159;59;53;53;84;150;92;53;78;52;64;74;56;53;77;78;53;57;62;57;55;52;64;56;57;75;61;62;75;228;59;186;56;98;202;202;93;57;273;76;57;100;53;104;66;88;53;88;57;60;202;53;93;53;98;82;74;202;91;55;57;95;100;53;57;202;202;53;276;204;204;57;164;57;93;74;207;107;57;77;90;53;202;91;83;52;89;91;91;57;90;63;104;92;88;276;100;78;68;121;56;57;53;55;53;61;165;69;59;100;76;88;88;74;93;272;202;53;159;159;100;57;80)
seed_11_level_6-4,1842,39464.61332297325,57190538,13033,(202;80;160;271;59;202;233;202;67;51;77;202;160;174;57;100;127;59;53;59;202;202;59;203;150;57;68;75;106;201;162;76;56;76;57;57;161;57;66;202;90;270;202;53;53;79;201;82;53;58;73;54;61;57;60;51;202;52;59;77;55;89;184;57;88;201;211;74;53;52;61;78;58;56;57;56;221;97;53;67;94;57;100;96;159;109;57;61;57;104;202;57;63;91;52;88;57;202;115;80;160;57;53;63;88;86;200;98;202;114;272;272;202;57;80;89;68;201;62;104;94;106;68;75;69;202;57;62;202;88;54;159;159;73;75;68;95;86;57;202;104;88;202;202;202;57;69;59;62;202)
seed_11_level_6-4,1842,39928.592808008194,58163739,13183,(272;93;57;57;91;108;199;202;159;57;100;56;88;88;76;53;88;164;58;88;95;202;57;90;106;61;57;66;57;88;53;88;57;68;57;63;68;57;91;53;57;202;91;56;88;52;272;62;57;66;62;201;63;53;63;56;94;57;68;61;53;57;104;88;202;63;202;56;79;81;57;100;57;88;88;62;57;201;77;90;91;90;202;202;100;60;54;57;212;91;88;52;202;53;88;57;201;160;53;58;90;56;202;58;55;100;95;76;105;53;56;74;87;54;61;202;272;159;91;97;53;74;201;74;61;201;274;201;202;89;202;202;63;52;174;201;57;52;63;60;60;54;91;62;76;77;52;57;65;100)
seed_11_level_6-4,1842,40407.958993673325,59346076,13333,(104;61;52;57;57;202;202;79;66;61;75;57;104;202;91;57;62;77;202;63;57;202;90;57;68;57;93;90;93;53;100;74;159;62;202;201;53;53;239;57;61;57;57;202;60;88;202;232;92;60;53;87;58;231;202;57;61;57;272;59;59;61;61;160;55;86;202;57;219;116;53;201;202;57;272;100;205;79;57;159;77;63;90;202;56;164;53;57;202;63;84;202;165;107;53;200;52;53;202;73;86;53;57;66;109;64;202;100;90;96;75;271;88;57;56;62;57;201;202;57;88;93;76;88;202;201;56;59;202;272;57;57;64;135;203;202;57;88;90;53;74;86;272;56;78;61;63;57;53;62)
seed_11_level_6-4,1842,40899.25429081917,60589208,13483,(207;57;75;204;52;63;52;79;53;53;59;93;90;61;201;52;56;100;202;52;86;63;52;64;79;53;241;159;104;202;66;61;202;63;100;202;204;207;88;91;75;57;98;91;77;202;52;57;57;234;61;53;65;59;53;160;202;202;59;62;104;272;104;104;54;160;207;74;59;86;107;88;107;90;159;272;58;164;77;63;271;203;202;58;57;90;77;199;74;107;90;202;202;202;90;66;60;75;272;63;65;74;241;202;90;52;88;58;57;201;56;272;52;88;57;74;59;75;91;87;202;58;202;61;94;62;81;57;56;91;58;162;162;53;272;53;93;202;202;100;79;272;57;74;79;74;74;160;53;77)
seed_11_level_6-4,1842,41389.38305473328,61771666,13633,(234;53;62;74;272;57;276;88;75;100;202;53;86;202;63;201;78;92;63;202;93;159;159;202;78;65;68;63;202;93;57;91;88;53;162;64;57;64;55;88;202;92;57;91;93;168;88;88;202;52;204;106;167;64;86;55;202;57;90;202;202;202;75;59;159;202;57;53;56;64;79;91;53;88;75;52;202;58;75;60;202;78;62;53;88;159;80;272;59;57;64;91;57;103;57;61;60;88;273;201;160;88;272;54;91;56;52;159;63;56;98;112;202;75;75;272;54;100;54;58;68;56;88;100;161;202;202;57;76;53;75;59;77;159;105;54;272;52;56;52;107;61;63;95;64;87;273;61;59;202)
seed_11_level_6-4,1842,41888.68301844597,63297570,13783,(88;203;63;93;57;68;91;212;57;273;159;57;59;66;100;81;239;201;271;212;202;59;86;272;100;274;272;88;65;73;57;100;66;58;272;272;58;57;65;109;59;76;53;93;94;91;90;57;88;57;88;272;53;88;64;59;58;202;272;300;91;57;86;219;201;63;202;203;57;202;52;53;94;95;232;86;55;205;202;88;202;96;91;86;88;53;272;57;85;202;202;187;57;93;202;57;212;91;57;75;202;58;53;57;160;234;202;272;159;202;59;57;75;58;199;88;53;207;88;61;64;100;62;88;91;202;64;78;53;163;74;91;205;201;88;57;53;74;57;52;53;88;77;202;201;53;274;60;202;202)
seed_11_level_6-4,1842,42374.050758600235,64585192,13933,(74;203;212;70;90;57;271;187;272;62;235;272;202;88;74;273;103;272;63;59;94;54;56;202;202;75;64;271;272;53;97;76;60;202;76;78;202;57;57;52;57;185;57;201;86;245;90;93;91;57;82;57;61;150;57;159;57;202;86;60;88;57;75;200;201;57;74;75;74;272;59;52;57;77;77;272;58;202;86;53;81;57;202;202;56;88;160;204;88;58;57;88;202;54;53;90;88;75;100;164;272;56;58;64;100;91;57;57;201;57;78;160;52;59;88;91;60;52;53;77;61;100;202;89;57;202;160;55;88;63;75;52;57;57;202;53;160;202;86;57;80;53;93;56;204;57;60;235;66;57)
seed_11_level_6-4,1842,42852.41944527626,65795287,14083,(235;66;59;202;202;89;56;56;202;202;275;81;203;58;89;63;202;88;56;205;64;91;57;53;202;60;100;57;57;57;57;86;204;59;76;64;57;58;75;64;89;74;52;100;93;57;167;62;60;77;90;57;88;63;88;202;67;202;100;202;54;53;87;100;202;91;57;77;88;59;57;57;108;57;75;61;75;57;77;53;75;90;52;212;200;59;100;59;75;272;56;271;65;159;59;58;91;57;274;203;160;204;201;57;74;63;63;76;77;89;55;201;63;57;64;88;53;223;64;273;52;202;202;61;57;231;75;161;53;56;56;58;57;57;74;201;159;58;78;204;57;272;202;100;248;276;204;59;57;57)
seed_11_level_6-4,1842,43386.611384391785,67806067,14233,(93;89;117;57;204;57;159;202;280;202;57;57;159;202;53;57;235;53;210;274;202;160;91;202;202;53;63;202;207;61;56;204;200;57;75;162;74;207;202;104;100;90;94;168;202;63;93;161;53;204;91;77;77;75;55;100;105;272;204;272;275;57;63;202;201;272;201;218;57;57;204;159;199;242;74;54;57;63;61;272;80;54;273;272;200;57;54;100;232;54;107;200;52;53;89;60;202;80;231;76;202;202;203;57;201;65;93;200;58;57;274;202;200;53;57;77;273;241;202;77;204;274;74;273;59;57;275;272;273;57;64;57;131;92;203;202;258;91;91;52;203;273;91;62;57;272;177;274;88;273)
seed_11_level_6-4,1842,43876.304657936096,69017329,14384,(220;88;77;61;53;272;88;78;57;57;75;71;57;54;159;54;88;201;202;66;88;202;88;63;88;117;56;104;104;202;88;69;75;68;106;52;57;203;63;54;159;57;53;88;57;63;75;55;202;204;57;233;56;75;88;272;65;77;58;108;202;163;88;91;63;53;77;58;115;53;232;272;77;100;68;201;100;233;58;65;52;57;77;202;74;53;77;88;55;100;53;94;53;59;88;64;64;90;77;58;272;271;233;100;75;161;57;236;57;62;100;272;202;57;272;222;65;100;272;100;57;100;57;202;65;57;110;79;161;57;205;272;57;78;160;56;203;57;100;57;56;77;57;88;55;201;57;102;100;58;57)
seed_11_level_6-4,1842,44378.49353981018,70395948,14535,(236;93;100;54;94;57;75;100;57;76;100;202;57;162;57;100;59;222;89;57;60;53;56;91;57;202;76;100;211;75;57;202;91;100;273;272;77;272;88;101;160;57;93;64;75;100;75;62;202;57;57;57;202;203;64;62;160;104;53;108;63;80;76;202;52;162;160;92;202;202;102;57;86;81;204;55;233;53;54;202;203;55;64;91;75;75;66;57;272;234;61;59;89;61;91;93;103;52;100;53;201;57;55;272;211;57;74;53;56;203;93;75;54;54;202;274;56;53;74;247;56;202;244;166;53;100;75;57;233;58;77;63;274;58;201;75;272;202;66;57;65;202;59;61;272;77;279;59;221;76;56)
seed_11_level_6-4,1842,44857.85142159462,71717105,14686,(272;202;100;62;57;53;273;57;57;57;77;272;56;200;57;100;78;57;202;56;272;77;273;57;90;222;202;202;55;75;65;57;100;234;81;207;100;57;202;63;53;64;62;219;100;272;57;73;91;77;64;88;54;53;100;53;113;207;57;57;57;58;272;88;218;66;88;62;207;202;57;74;58;91;202;79;202;272;57;204;57;61;67;202;52;96;58;57;57;59;100;57;109;249;228;249;76;243;95;273;77;107;74;80;61;79;170;161;79;149;57;58;199;78;100;78;58;52;204;76;61;77;59;53;80;88;53;202;59;160;96;52;58;62;100;53;246;65;72;88;61;79;76;82;202;57;91;160;75;223;76)
seed_11_level_6-4,1842,45334.44446825981,73006069,14836,(88;88;88;100;91;57;76;59;275;204;76;62;100;248;60;62;127;63;248;58;202;61;88;204;201;63;248;53;204;91;58;95;78;57;100;57;54;273;204;65;100;75;105;56;202;100;80;65;107;202;234;57;61;272;89;57;90;77;61;272;100;75;55;60;57;54;202;88;77;272;62;57;53;86;83;74;272;202;77;100;270;100;93;86;95;57;70;100;56;97;59;55;100;90;88;57;89;56;57;100;64;94;90;57;100;62;88;94;89;63;54;202;88;80;272;52;57;57;57;273;202;272;93;66;57;272;57;92;202;103;200;66;272;57;53;91;57;163;57;53;58;88;57;221;222;57;53;220;53;222)
seed_11_level_6-4,1842,45811.79362344742,74449609,14986,(274;203;58;89;209;201;58;95;100;100;90;91;57;204;53;90;100;248;57;89;160;57;53;247;57;88;57;203;53;203;79;87;204;100;57;202;93;95;234;235;53;79;79;201;55;57;64;54;63;89;56;202;202;88;159;202;88;52;272;58;75;88;88;202;63;63;272;73;57;75;61;86;61;234;77;59;110;201;55;272;57;55;200;202;57;90;88;202;88;57;102;53;165;101;57;55;273;102;53;75;202;172;272;59;200;75;57;272;57;54;234;272;63;57;202;57;100;77;104;100;178;56;54;59;90;108;100;60;202;88;88;150;57;107;89;55;162;273;105;96;232;100;100;245;274;55;100;52;161;175)
