seed_2_level_2-1,805,525.613899230957,707317,150,(85;99;46;84;98;105;426;91;86;100;43;84;42;99;104;71;47;185;89;109;53;45;43;97;86;84;104;105;47;42;88;97;47;42;97;97;104;100;104;42;97;52;157;42;75;42;104;42;69;104;77;47;42;42;88;43;104;104;100;97;97;43;101;88;104;157;45;45;99;108;97;104;42;42;99;98;97;97;104;42;71;45;80;84;70;84;104;71;100;97;157;108;80;152;104;42;70;42;55;108;61;108;104;86;86;100;89;100;103;42;87;42;152;88;261;93;44;95;59;44;93;172;62;93;56;66;91;78;93;93;45;68;93;93;93;88;177;44;44;47;172;77;44;93;44;93;93;44;44;177)
seed_2_level_2-1,805,1044.9385690689087,1308124,300,(44;44;44;44;44;44;44;44;44;44;45;45;44;44;44;44;44;44;44;44;44;44;44;44;44;44;44;45;45;46;46;47;46;47;46;47;46;46;70;51;52;53;56;59;62;61;63;66;73;73;73;74;88;89;84;93;93;93;93;93;93;93;93;93;93;93;93;93;93;93;93;93;93;93;93;93;93;93;93;93;93;93;93;93;93;93;93;93;93;93;93;65;93;93;93;93;93;93;93;93;93;93;93;93;93;93;93;92;84;84;91;84;89;85;84;88;88;97;84;86;87;95;80;79;85;71;75;77;71;79;71;86;78;76;69;61;67;177;172;172;172;177;177;177;177;177;91;130;205;261)
seed_2_level_2-1,805,1557.3203384876251,1902734,450,(44;45;44;45;44;44;44;44;44;44;44;44;44;45;45;44;44;44;44;44;44;44;45;44;45;45;45;45;45;46;47;46;47;47;47;47;47;46;51;52;51;56;59;63;62;63;61;66;48;72;73;73;74;79;84;88;89;93;93;93;93;93;93;93;93;93;93;93;93;93;93;93;93;93;93;93;93;93;93;93;93;93;93;93;93;93;93;93;93;93;93;93;93;93;93;93;93;93;93;93;93;93;93;93;93;93;93;93;92;84;84;91;84;89;86;84;88;88;97;84;85;64;95;85;85;71;75;77;71;80;71;86;78;76;177;88;61;68;172;172;172;172;177;177;177;94;177;89;205;260)
seed_2_level_2-1,805,2068.6038734912872,2503054,600,(44;44;44;44;44;44;44;44;44;44;44;44;45;44;44;44;45;44;44;45;45;44;45;45;45;45;45;45;45;46;46;46;46;46;47;47;46;46;70;51;53;52;56;59;61;62;61;63;66;73;73;73;74;80;84;88;89;93;93;93;93;93;93;93;93;93;93;93;93;93;93;93;93;93;93;93;93;93;93;93;93;93;93;93;93;93;93;93;93;93;93;93;93;93;93;93;93;93;93;93;93;93;93;93;93;93;93;93;92;84;84;91;84;89;85;84;88;88;97;84;85;95;69;89;85;85;71;75;77;71;80;71;86;78;76;61;87;68;172;172;172;172;130;177;177;177;177;177;205;261)
seed_2_level_2-1,805,2585.0972974300385,3108943,750,(44;45;44;44;44;44;44;44;44;44;44;44;44;44;44;44;45;45;45;45;45;44;45;45;44;45;45;45;44;46;46;46;46;46;47;47;46;46;51;52;51;56;59;63;61;62;63;66;48;72;73;74;74;80;84;88;89;93;93;93;93;93;93;93;93;93;93;93;93;93;93;93;93;93;93;93;93;93;93;93;93;93;93;93;93;93;93;93;93;93;93;93;93;93;93;93;93;93;93;93;93;93;93;93;93;93;93;93;93;84;84;91;84;89;86;84;88;88;97;84;86;95;91;64;80;85;71;74;77;71;79;71;86;78;77;177;88;61;67;172;172;172;172;177;177;177;177;177;205;261)
seed_2_level_2-1,805,3103.8711655139923,3702747,900,(44;44;44;44;44;44;44;44;44;44;44;44;44;44;44;44;45;45;44;45;45;44;45;44;45;44;45;44;44;47;46;47;47;47;46;46;46;47;70;51;53;52;56;59;61;62;63;63;66;72;73;74;73;79;84;88;89;93;93;93;93;93;93;93;93;93;93;93;93;93;93;93;93;93;93;93;93;93;93;93;93;93;93;93;93;93;93;93;93;93;93;93;93;93;93;93;93;93;93;93;93;93;93;93;93;93;93;93;92;84;84;91;84;89;85;84;88;88;97;84;85;95;69;80;85;71;74;77;71;79;71;86;78;76;61;64;67;172;172;172;172;177;177;177;177;177;94;91;205;260)
seed_2_level_2-1,805,3624.5089864730835,4288763,1050,(44;44;44;44;44;44;44;44;44;44;44;44;44;44;44;44;45;45;44;44;45;44;45;44;45;45;45;45;45;46;47;47;47;47;46;47;47;46;55;52;51;56;59;61;62;61;63;66;48;72;73;73;74;79;84;88;89;93;93;93;93;93;93;93;93;93;93;93;93;93;93;93;93;93;93;93;93;93;93;93;93;93;93;93;93;93;93;93;93;93;93;93;93;93;93;93;93;93;93;93;93;93;93;93;93;93;93;93;93;84;84;91;84;89;86;84;88;88;97;84;86;95;80;85;71;75;77;71;80;71;86;78;77;69;61;64;67;172;172;172;172;130;177;177;177;177;94;89;205;261)
seed_2_level_2-1,805,4139.167380094528,4902384,1200,(44;44;44;44;44;44;44;44;44;44;44;44;44;44;44;44;44;45;45;44;45;44;45;45;44;44;44;44;45;46;47;47;47;46;47;46;46;47;48;51;52;55;56;59;61;65;62;63;66;73;73;73;74;79;84;88;89;93;93;93;93;93;93;93;93;93;93;93;93;93;93;93;93;93;93;93;93;93;93;93;93;93;93;93;93;93;93;93;93;93;93;93;93;93;93;93;93;93;93;93;93;93;93;93;93;93;93;93;93;84;84;91;84;89;86;84;88;88;97;84;86;95;89;80;85;71;74;77;71;79;71;86;78;77;205;88;61;87;68;172;172;172;177;177;177;177;177;177;205;260)
seed_2_level_2-1,805,4653.495477437973,5502881,1350,(44;44;44;44;44;44;44;44;44;44;44;44;44;44;44;44;44;45;44;44;45;44;44;45;45;45;45;44;44;47;47;47;47;46;47;47;47;47;70;51;52;51;56;59;61;62;63;61;66;72;73;74;74;79;84;88;89;93;93;93;93;93;93;93;93;93;93;93;93;93;93;93;93;93;93;93;93;93;93;93;93;93;93;93;93;93;93;93;93;93;93;93;93;93;93;93;93;93;93;93;93;93;93;93;93;93;93;93;92;84;84;91;84;89;85;84;88;88;97;84;86;95;89;88;64;80;85;71;75;77;71;80;71;86;78;76;61;68;172;172;172;177;177;177;177;177;177;130;205;261)
seed_2_level_2-1,805,5175.406476020813,6098574,1500,(44;44;44;44;44;44;44;44;44;44;44;44;44;44;44;44;45;45;45;44;44;45;44;44;44;44;44;45;45;47;47;47;47;47;47;47;46;47;51;55;52;56;59;63;61;62;63;66;48;73;73;74;74;80;84;88;89;93;93;93;93;93;93;93;93;93;93;93;93;93;93;93;93;93;93;93;93;93;93;93;93;93;93;93;93;93;93;93;93;93;93;93;93;93;93;93;93;93;93;93;93;93;93;93;93;93;93;93;93;84;84;91;84;89;86;84;88;88;97;84;85;95;91;88;80;85;71;74;77;71;80;71;86;78;77;177;61;64;68;172;172;172;177;177;177;177;177;94;205;260)
seed_2_level_2-1,805,5699.010765075684,6694992,1650,(44;44;44;44;44;44;44;44;44;44;44;44;44;44;44;45;45;45;44;44;45;44;45;44;45;44;45;45;45;47;47;46;46;46;47;46;47;47;70;53;52;51;56;59;65;62;63;63;66;73;73;74;73;80;84;88;89;93;93;93;93;93;93;93;93;93;93;93;93;93;93;93;93;93;93;93;93;93;93;93;93;93;93;93;93;93;93;93;93;93;93;93;93;93;93;93;93;93;93;93;93;93;93;93;93;93;93;93;92;84;84;91;84;89;85;84;88;88;97;84;86;95;88;85;85;71;74;77;71;79;71;86;78;76;61;64;68;172;172;172;177;172;177;177;177;177;94;89;205;261)
seed_2_level_2-1,805,6222.211269855499,7291881,1800,(44;44;44;44;44;44;44;44;44;44;44;44;44;44;44;45;45;44;44;45;45;45;45;45;45;44;45;44;45;47;47;47;47;47;47;47;46;46;51;52;51;56;59;62;61;63;61;66;48;73;73;73;74;80;84;88;89;93;93;93;93;93;93;93;93;93;93;93;93;93;93;93;93;93;93;93;93;93;93;93;93;93;93;93;93;93;93;93;93;93;93;93;93;93;93;93;93;93;93;93;93;93;93;93;93;93;93;93;93;84;84;91;84;89;85;84;88;88;97;84;85;95;69;89;80;85;71;75;77;71;80;71;86;78;77;61;64;68;172;172;172;172;130;177;177;177;177;177;205;260)
seed_2_level_2-1,805,6750.632929801941,7904263,1950,(44;44;44;44;44;44;44;44;44;44;44;44;44;44;44;44;44;44;45;44;44;45;44;45;44;44;45;45;44;47;46;46;47;47;46;47;46;47;70;55;51;52;56;59;63;61;62;63;66;73;73;73;74;80;84;88;89;93;93;93;93;93;93;93;93;93;93;93;93;93;93;93;93;93;93;93;93;93;93;93;93;93;93;93;93;93;93;93;93;93;93;93;93;93;93;93;93;93;93;93;93;93;93;93;93;93;93;93;93;84;84;91;84;89;86;84;88;88;97;84;86;95;91;85;85;71;74;77;71;79;71;86;78;76;205;69;61;64;68;172;172;172;177;177;177;177;177;177;205;261)
seed_2_level_2-1,805,7274.401550769806,8497695,2100,(44;44;44;44;44;44;44;44;44;44;44;44;44;44;44;45;45;44;44;44;44;45;45;45;45;45;44;45;45;46;47;46;47;47;46;46;47;46;53;52;55;56;59;61;62;61;63;66;48;72;73;74;74;80;84;88;89;93;93;93;93;93;93;93;93;93;93;93;93;93;93;93;93;93;93;93;93;93;93;93;93;93;93;93;93;93;93;93;93;93;93;93;93;93;93;93;93;93;93;93;93;93;93;93;93;93;93;93;92;84;84;91;84;89;85;84;88;88;97;84;85;95;85;85;71;74;77;71;79;71;86;78;77;69;61;64;68;172;172;172;172;177;177;177;177;94;89;177;205;261)
seed_2_level_2-1,805,7795.232053041458,9087487,2250,(44;44;44;44;44;44;44;44;44;44;44;44;44;44;44;44;44;44;44;44;44;45;45;45;44;45;45;44;44;47;46;47;46;46;46;47;47;46;48;52;53;55;56;59;63;61;62;63;66;73;73;74;73;80;84;88;89;93;93;93;93;93;93;93;93;93;93;93;93;93;93;93;93;93;93;93;93;93;93;93;93;93;93;93;93;93;93;93;93;93;93;93;93;93;93;93;93;93;93;93;93;93;93;93;93;93;93;93;93;84;84;91;84;89;86;84;88;88;97;84;86;95;89;80;85;71;74;77;71;80;71;86;78;76;88;61;87;67;172;172;172;177;177;177;177;177;130;94;205;260)
seed_2_level_2-1,805,8324.778053760529,9684222,2400,(44;44;44;44;44;44;44;44;44;44;44;44;44;44;44;44;44;45;44;45;45;45;45;44;44;44;44;45;45;46;46;46;46;47;47;46;47;47;70;52;53;55;56;59;61;62;61;63;66;73;73;73;74;80;84;88;89;93;93;93;93;93;93;93;93;93;93;93;93;93;93;93;93;93;93;93;93;93;93;93;93;93;93;93;93;93;93;93;93;93;93;93;93;93;93;93;93;93;93;93;93;93;93;93;93;93;93;93;93;84;84;91;84;89;85;84;88;88;97;84;86;95;89;69;87;80;85;71;74;77;71;80;71;86;78;76;177;61;68;172;172;172;177;177;177;177;177;94;205;260)
seed_2_level_2-1,805,8853.644325494766,10472792,2550,(45;45;45;93;44;44;45;44;45;93;44;44;44;44;93;45;177;44;45;93;44;46;49;172;47;49;47;47;46;47;46;93;205;47;93;45;51;44;72;48;49;51;47;46;80;73;61;78;93;189;44;74;72;45;100;47;93;87;63;177;44;89;93;74;72;93;77;47;80;177;182;177;130;84;93;58;93;172;66;172;78;91;82;93;78;177;172;78;91;87;57;93;94;93;93;76;273;71;87;59;58;93;91;93;93;93;93;205;205;87;70;273;93;130;192;91;87;77;76;87;177;93;93;87;48;261;93;77;75;172;93;93;172;93;130;93;44;93;44;74;130;151;93;93;77;93;93;93;93;93)
seed_2_level_2-1,919,9374.78033542633,11284067,2698,(44;44;44;44;47;47;49;46;72;93;53;118;93;93;93;69;93;44;93;44;44;93;93;93;44;93;56;93;46;177;52;179;44;44;53;172;79;83;74;93;89;93;45;45;44;45;46;93;273;86;44;93;44;100;58;44;84;205;87;61;91;177;53;125;93;79;73;172;45;93;74;93;93;189;51;44;44;61;93;80;65;93;93;61;205;177;58;93;69;93;93;44;44;44;273;93;81;81;89;177;51;79;177;84;91;64;45;93;93;93;87;84;182;91;81;177;93;93;172;93;106;44;63;205;93;44;71;93;76;273;205;205;86;93;250;98;62;98;77;73;47;86;98;175;79;49;87;98)
seed_2_level_2-1,919,9915.850317001343,12164583,2845,(43;49;47;42;97;71;42;97;42;149;66;42;89;98;43;47;93;97;97;98;55;74;142;98;43;67;149;84;97;97;175;142;68;42;59;97;85;59;142;149;97;43;97;97;97;42;97;148;78;97;43;59;98;91;98;43;97;98;175;61;87;42;175;146;97;152;175;43;91;111;78;175;175;144;45;146;256;45;142;175;88;66;98;97;175;146;42;90;42;86;77;64;175;98;98;182;123;67;42;98;98;87;98;72;68;146;69;149;98;98;149;256;75;97;137;67;97;94;97;149;149;68;65;151;149;97;149;97;250;149;98;125;98;42;98;67;160;79;98;98;98;86;87;175;73;98;71)
seed_2_level_2-1,919,10469.372382879257,13100929,2997,(49;98;71;89;59;43;71;71;149;149;175;106;42;47;98;52;98;97;97;146;97;66;43;97;98;59;148;42;77;97;98;65;78;42;75;42;97;149;149;98;84;98;175;149;84;59;95;142;98;97;97;137;142;98;82;98;98;240;43;149;97;87;98;61;47;73;98;98;67;67;98;144;98;70;97;97;98;42;59;98;97;182;93;68;79;84;98;89;86;178;98;117;97;89;98;98;175;87;47;45;98;91;98;175;89;78;98;74;175;175;69;42;127;77;69;63;150;149;42;153;98;250;98;98;82;97;98;146;87;98;42;86;42;112;73;89;82;98;98;256;84;59;256;98;141;175;256;149;257;78;97;72)
seed_2_level_2-1,919,11023.907368183136,13969641,3149,(98;149;98;98;148;65;49;79;42;97;71;98;62;51;98;146;98;66;70;149;84;143;98;77;146;79;175;42;52;98;149;97;98;146;98;149;98;59;83;42;42;98;42;43;74;42;98;91;43;59;168;98;187;97;98;49;76;98;127;98;74;87;99;89;68;116;91;106;98;67;175;47;98;84;64;97;42;87;45;98;149;65;142;137;97;256;84;137;97;98;84;98;75;97;175;98;90;149;175;175;98;98;76;67;87;78;175;166;98;149;106;87;147;175;149;45;84;42;97;89;68;71;149;43;42;98;97;42;146;97;71;88;64;60;175;87;43;146;84;66;42;263;72;77;95;73;97;71;59;87;266;88)
seed_2_level_2-1,919,11573.878417730331,14866682,3300,(59;136;76;42;98;84;61;98;68;148;98;93;101;98;98;46;62;51;76;175;98;74;67;43;98;42;49;98;85;98;175;98;146;86;175;149;66;98;42;78;149;64;98;149;98;137;51;97;98;146;84;175;175;91;78;69;91;42;68;98;98;98;98;43;79;149;98;196;175;83;98;98;79;149;175;97;89;43;78;175;83;43;43;138;53;263;175;149;42;98;83;87;86;98;92;82;175;84;97;149;187;80;47;150;42;149;98;84;142;98;42;256;75;97;98;84;146;97;86;76;97;97;97;97;116;98;146;67;98;51;98;54;98;42;98;98;42;175;175;161;84;78;78;96;98;83;175;102;88;98;102)
seed_2_level_2-1,919,12120.902226686478,15770205,3451,(175;59;42;87;84;81;83;84;42;84;175;71;146;98;60;43;175;91;71;94;99;116;91;85;149;67;81;146;98;100;51;42;96;74;149;98;71;98;42;98;42;175;85;55;98;97;98;142;88;98;98;98;47;136;146;42;75;43;43;97;88;51;147;187;79;75;162;92;97;85;157;83;91;97;83;175;43;98;87;153;42;97;98;42;97;175;256;80;149;123;142;97;98;175;149;98;84;98;149;149;86;81;59;146;66;67;64;98;72;43;149;65;98;175;98;256;153;98;77;98;97;84;263;146;43;80;80;71;59;71;92;80;59;71;71;97;175;175;73;98;98;98;149;79;87;98;175;98;87;98;116)
seed_2_level_2-1,919,12684.179749011993,16875325,3602,(136;98;98;98;67;66;97;61;68;175;81;78;42;98;55;42;175;87;96;43;97;64;98;67;42;100;98;98;175;175;98;256;149;175;97;66;91;97;175;149;66;98;142;96;98;146;98;98;146;149;64;139;43;174;175;149;146;161;256;42;97;175;98;90;98;80;144;98;162;64;98;79;98;116;77;43;98;98;98;98;98;51;90;97;98;263;78;71;98;146;175;175;97;98;80;59;84;86;256;79;69;98;42;92;175;83;98;85;66;67;175;78;133;98;87;146;168;146;175;98;84;243;91;146;256;78;75;98;175;98;175;146;93;61;137;98;42;187;92;97;97;256;152;97;98;117;71;98;59;84;98)
seed_2_level_2-1,921,13241.088916540146,18013178,3749,(175;75;47;156;98;169;62;98;100;43;43;98;98;43;62;97;149;135;89;47;42;146;78;42;93;98;67;256;83;88;175;71;66;98;91;89;98;175;116;42;72;79;175;79;54;42;98;175;149;175;69;161;93;103;146;149;98;98;146;162;98;77;74;63;62;175;91;98;98;75;256;146;86;146;98;156;97;98;175;142;59;98;262;80;67;82;80;84;84;84;149;98;175;268;256;91;43;42;146;43;175;169;79;43;43;86;98;256;149;42;98;98;160;84;59;146;146;64;59;59;256;42;55;86;98;146;98;149;84;84;75;43;243;87;98;88;175;230;101;139;111;96;179;230;87;139;259)
seed_2_level_2-1,921,13770.62577176094,18879705,3895,(102;96;96;66;97;101;84;87;100;78;96;87;67;83;96;96;116;96;66;111;52;96;96;96;70;96;230;96;82;91;84;80;89;142;243;139;96;169;42;155;43;43;42;42;42;43;42;43;162;104;96;96;96;104;96;104;179;63;179;179;90;98;67;91;88;93;96;96;96;95;92;92;95;96;96;95;96;92;74;59;157;104;104;96;96;96;80;139;96;179;96;96;96;114;156;84;80;80;45;47;75;93;104;139;230;101;75;74;96;139;77;96;91;76;179;90;262;179;84;80;87;230;72;96;211;71;96;77;72;230;87;89;82;83;96;68;123;76;78;136;87;104;99;104;75;91)
seed_2_level_2-1,921,14325.002580404282,19816197,4046,(169;71;42;96;96;96;43;42;101;96;73;43;95;94;87;96;93;116;51;96;179;96;96;96;96;96;156;62;43;79;55;55;230;132;131;92;168;87;96;42;59;96;104;139;42;92;96;179;42;73;99;64;87;88;52;96;96;96;96;179;42;179;139;139;179;96;96;58;96;179;96;162;96;96;96;96;96;70;96;96;77;74;230;65;91;179;83;65;69;79;103;98;93;96;104;230;179;96;139;96;179;96;96;71;89;62;115;77;179;96;157;96;166;96;139;97;111;74;96;96;96;201;139;243;96;92;96;104;80;80;96;43;103;96;82;96;211;143;88;179;42;71;179;96;84;96;71;42;96;59;96)
seed_2_level_2-1,939,14871.326237678528,20702103,4194,(179;179;96;96;92;90;96;139;65;66;169;139;42;116;96;69;139;43;96;87;79;43;139;87;165;139;96;100;94;96;139;84;91;92;78;70;96;96;116;51;42;45;96;51;96;80;96;42;211;43;87;61;88;55;80;96;72;179;99;56;96;162;96;76;96;96;95;96;68;100;139;55;104;179;74;104;139;104;89;65;85;78;83;72;243;71;163;105;96;104;91;84;87;86;108;96;230;78;96;93;71;101;63;75;179;74;179;96;156;96;78;79;179;54;96;79;78;139;149;74;230;96;70;193;144;137;71;91;87;80;62;110;99;137;110;59;151;110;99;137;110;99;137;156;65;110;99;112)
seed_2_level_2-1,939,15416.51216340065,21493859,4345,(116;52;99;54;54;99;99;87;110;99;77;99;99;137;110;163;99;55;137;211;99;137;110;80;137;99;99;109;96;137;97;162;57;85;99;88;97;70;99;99;99;99;94;87;108;99;99;87;84;79;110;99;99;141;98;137;110;99;43;43;87;99;97;137;97;107;88;79;87;99;87;99;110;53;108;188;110;111;99;83;107;99;99;93;97;99;137;87;97;78;84;44;84;71;99;105;97;156;52;54;128;86;87;56;76;110;99;110;74;43;82;107;110;99;99;99;110;107;84;80;106;107;74;112;64;87;62;74;80;71;110;151;155;99;92;159;194;107;79;110;188;110;63;110;99;76;67;43;117;128;70)
seed_2_level_2-1,1022,15963.404922246933,22298581,4496,(156;56;99;59;62;110;77;134;74;78;84;116;53;53;68;99;54;91;63;61;137;110;92;107;78;71;71;59;88;99;87;162;66;98;66;66;110;80;70;99;94;94;44;99;97;95;74;43;99;73;99;137;112;110;84;110;78;67;107;117;71;110;137;106;75;99;75;92;107;97;98;74;110;74;137;141;44;99;82;99;110;107;112;107;110;99;124;99;89;110;110;110;110;99;68;68;110;87;188;94;99;77;83;88;99;188;83;83;74;99;194;99;110;88;91;105;111;110;99;99;73;98;110;88;110;137;137;110;79;137;66;232;163;122;93;122;62;122;211;66;96;99;68;184;91;91;87;91;91;122;159)
seed_2_level_2-1,1195,16529.160433769226,23261214,4648,(116;42;91;71;42;91;93;91;95;122;115;86;62;90;91;84;94;167;89;91;91;91;74;122;91;91;143;91;162;70;91;122;91;89;163;91;71;163;86;141;87;122;173;42;91;122;84;85;91;42;204;95;55;99;79;96;90;91;91;91;163;80;204;79;71;91;64;43;160;74;122;74;71;163;122;91;91;91;76;163;59;74;91;91;122;156;74;64;163;74;51;154;88;87;87;65;163;194;76;291;140;99;99;99;77;99;88;71;163;110;211;137;71;110;143;75;84;117;88;137;87;135;84;75;240;137;108;91;99;75;59;88;67;75;107;89;137;232;59;159;99;178;60;116;97;240;80;107;85;59;84;89)
seed_2_level_2-1,1195,17076.88612651825,24208109,4797,(116;99;99;99;99;92;99;51;52;137;110;71;91;110;99;97;107;110;97;137;137;110;68;59;110;103;99;137;110;105;137;264;110;107;84;77;107;110;71;88;124;107;240;93;62;137;65;70;137;110;68;87;169;240;43;137;87;146;60;111;46;44;102;156;66;74;110;43;56;137;74;110;84;84;115;97;68;91;72;97;240;72;99;107;162;65;77;57;110;87;70;110;110;116;79;64;240;105;74;99;108;247;99;137;68;70;240;74;211;91;102;87;72;99;79;87;71;65;99;105;91;232;99;76;137;59;99;59;59;59;97;84;84;59;99;137;137;99;79;99;99;137;110;93;99;92;99;80;240)
seed_2_level_2-1,1195,17627.41548871994,25210015,4946,(116;72;78;99;43;44;99;87;156;83;111;74;80;43;84;107;99;137;137;110;100;110;107;90;91;79;99;107;97;162;66;87;98;99;137;62;99;70;73;91;240;87;105;97;110;107;99;107;99;240;99;95;59;244;85;99;97;94;99;99;88;99;211;137;107;94;71;99;99;60;78;59;99;105;240;240;99;145;93;99;146;79;133;99;137;240;89;169;99;91;68;85;99;110;43;110;99;43;68;137;137;63;110;99;84;137;107;97;97;124;43;232;137;107;137;110;158;110;177;79;61;75;59;137;137;74;107;125;99;110;92;87;108;128;92;107;137;264;97;240;105;84;66;107;99;107;72;84;84)
seed_2_level_2-1,1195,18174.834574460983,26160168,5095,(116;99;99;43;100;99;99;169;44;240;43;99;44;43;43;99;99;137;71;71;59;60;85;99;62;99;110;82;137;110;66;97;74;110;71;90;110;97;246;98;107;86;89;97;97;99;96;99;99;86;211;97;59;43;52;67;110;110;43;71;84;162;137;65;88;99;99;99;90;99;93;99;107;247;88;137;99;98;137;99;105;62;110;110;64;156;56;99;87;52;73;56;110;74;110;89;240;68;99;52;105;122;85;98;240;80;87;99;264;121;97;137;99;68;110;83;110;235;82;240;71;232;154;85;99;110;84;59;85;63;151;59;80;150;65;146;87;137;137;99;89;147;137;116;145;107;91;99;116)
seed_2_level_2-1,1540,18726.945945978165,27254764,5243,(141;110;87;69;68;68;109;84;79;211;240;86;84;107;71;56;62;99;97;116;73;99;78;43;99;48;99;156;43;240;50;87;137;239;110;83;137;137;85;85;70;110;65;161;137;88;107;162;57;56;106;110;99;107;88;107;105;93;240;97;137;110;99;110;99;99;74;92;99;137;97;71;99;110;97;97;59;99;97;74;246;83;43;43;99;99;99;137;108;99;98;327;62;152;74;94;98;88;102;94;92;139;89;94;232;94;59;80;66;74;327;43;269;58;94;92;80;87;152;146;89;223;223;94;94;117;116;81;123;93;90;90;100;102;264;71;84;117;65;223;87;152;66;130;89;152;152;71)
seed_2_level_2-1,1540,19288.324301958084,28332090,5393,(116;81;94;87;94;46;42;59;42;223;63;82;83;94;94;223;87;74;152;162;117;57;72;152;94;94;70;74;90;169;94;144;87;94;94;87;102;102;205;152;91;94;94;94;94;102;94;117;94;223;87;94;98;84;89;71;108;71;94;211;94;72;66;69;42;84;91;71;152;63;110;94;94;94;117;71;100;117;117;84;145;145;117;94;74;94;94;152;152;87;117;68;62;74;53;146;94;94;204;90;223;80;68;88;90;90;223;127;117;239;94;54;152;152;55;47;94;81;42;94;74;264;94;71;71;94;51;152;102;117;117;84;97;92;121;218;327;152;223;152;152;94;152;83;94;75;94;304;148;94)
seed_2_level_2-1,1613,19847.59866809845,29559532,5539,(137;94;152;71;91;68;72;94;94;71;96;152;61;98;80;117;117;103;117;87;62;133;211;117;84;81;79;59;94;84;43;152;327;345;63;100;183;123;158;71;204;87;108;158;162;79;100;100;100;78;103;91;100;61;112;145;105;78;142;63;158;91;100;100;158;105;310;204;184;100;195;65;158;108;62;204;158;74;204;72;128;93;204;97;123;94;100;100;96;264;69;158;97;83;80;87;158;84;98;123;97;92;100;205;100;100;97;80;100;108;100;43;100;43;100;204;100;100;204;158;158;134;108;158;158;123;84;89;123;108;327;123;100;89;170;100;85;84;100;80;158;80;123;100;153;109)
seed_2_level_2-1,1613,20423.905217409134,30721227,5690,(205;85;119;80;158;100;98;91;97;97;97;162;74;74;158;65;100;158;100;47;68;211;100;80;97;80;158;100;97;155;84;100;239;81;149;100;123;54;59;80;42;61;90;91;204;73;79;92;100;90;98;87;72;100;94;100;158;123;110;123;100;100;71;108;100;100;115;123;264;108;158;158;204;94;204;123;123;123;115;158;111;310;60;100;87;100;61;75;72;108;158;87;144;158;204;105;88;61;123;118;204;88;82;123;80;204;123;70;327;85;84;108;71;80;123;153;152;123;91;104;96;162;49;204;100;67;158;84;54;108;106;92;100;87;59;100;345;87;43;145;64;71;105;97;74;158;145;123;47;87;100)
seed_2_level_2-1,1613,21007.04502773285,31943653,5840,(137;158;100;100;100;100;68;123;123;92;79;204;100;95;82;105;108;99;108;100;71;91;162;158;75;100;100;68;100;91;98;66;100;204;97;74;166;158;158;97;101;86;102;100;71;115;78;100;84;123;69;84;108;78;100;79;205;97;158;100;97;204;59;71;158;159;100;84;151;53;64;123;87;105;102;62;140;51;211;123;97;158;310;76;106;97;123;97;100;100;100;100;105;74;123;97;211;100;81;97;88;97;42;75;84;84;76;84;205;204;118;204;153;100;204;204;100;204;89;204;158;327;100;97;80;310;100;84;81;171;123;161;98;80;186;264;92;97;204;108;64;204;91;105;71;158;87;97;80;123)
seed_2_level_2-1,1613,21572.748312711716,33129556,5989,(115;100;161;91;100;100;100;75;100;66;211;88;52;71;97;59;94;100;42;100;80;137;97;241;97;100;170;99;204;75;61;162;65;100;98;59;100;86;100;73;158;211;108;100;100;158;108;87;158;74;87;108;100;204;95;144;134;100;100;100;84;93;58;158;101;310;98;204;84;69;100;61;80;100;132;95;77;123;204;62;164;97;67;99;158;127;123;158;122;54;100;264;59;158;100;80;210;67;75;74;158;100;80;80;108;205;100;43;91;100;158;108;100;100;123;158;100;43;327;167;98;310;158;97;80;84;98;81;80;153;158;95;88;204;87;158;124;158;158;84;89;123;90;89;204;158;74;100;108)
seed_2_level_2-1,1613,22151.885092020035,34386711,6139,(211;43;158;71;123;84;108;71;59;88;162;100;76;105;100;100;91;65;158;78;89;205;80;140;97;43;80;158;107;90;97;80;158;161;69;102;78;204;82;123;204;123;65;59;204;158;42;105;74;97;108;91;100;158;100;211;74;76;175;123;75;84;100;91;78;98;204;107;158;100;88;204;100;100;100;51;90;158;310;84;100;88;63;67;99;100;153;76;97;71;71;97;204;149;146;204;204;146;204;204;108;204;108;95;117;146;123;240;111;100;204;100;42;158;105;158;79;100;79;264;123;158;67;80;97;84;158;158;71;123;71;67;71;123;327;97;100;110;224;101;153;204;97;87;100;98;80;97;210;80)
seed_2_level_2-1,1613,22729.75493144989,35677050,6287,(204;97;100;158;158;72;98;98;105;158;100;91;162;82;123;100;101;66;91;65;158;98;86;65;310;108;100;100;100;99;63;100;99;100;78;100;108;211;84;99;84;84;108;108;158;84;204;89;123;204;91;100;66;97;158;84;100;100;101;78;97;100;241;158;83;100;87;97;158;80;100;123;96;100;97;204;84;86;63;100;204;100;88;158;108;108;100;205;158;171;97;95;158;173;100;93;123;78;80;67;264;108;71;212;158;73;204;98;108;71;71;83;87;74;327;204;168;158;158;151;204;154;153;93;204;158;84;80;215;123;167;203;228;100;63;123;146;118;123;62;158;100;62;100;158;204;134;146)
seed_2_level_2-1,1613,23314.25806069374,36971929,6435,(162;71;98;86;100;100;158;100;86;46;108;204;84;100;141;215;95;122;90;123;81;100;158;310;158;76;84;80;100;76;158;108;74;97;100;204;100;100;66;87;78;100;130;45;100;62;240;100;85;99;97;79;97;204;100;108;123;100;204;84;85;98;98;71;90;72;97;158;100;99;80;211;100;84;84;54;204;158;142;108;108;108;158;158;205;100;91;100;100;69;123;97;100;97;42;102;71;97;264;100;69;204;84;84;123;108;133;158;157;80;204;108;123;203;99;204;123;123;79;204;108;78;76;158;204;108;76;68;108;327;97;246;260;80;158;164;81;238;170;123;211;80;166;92;152;151;158;87)
seed_2_level_2-1,1613,23907.287370443344,38249493,6587,(205;251;84;80;158;81;158;108;100;123;158;87;162;73;65;56;158;84;62;70;76;100;100;100;204;79;115;158;100;100;100;93;100;87;98;100;204;88;42;128;73;105;105;74;204;86;100;92;204;74;127;71;146;96;100;71;123;100;116;105;204;211;175;71;105;158;105;78;66;108;172;81;74;87;123;215;158;100;100;89;75;123;84;78;78;100;69;49;310;121;97;84;97;79;97;100;310;158;97;98;67;204;108;100;89;68;158;80;67;204;280;90;158;78;100;204;264;108;84;123;204;158;87;100;78;100;116;100;100;92;84;68;327;80;89;100;110;85;204;175;182;152;154;113;158;158;100;97;71;97;100;113)
seed_2_level_2-1,1613,24491.01374220848,39520516,6738,(162;95;100;158;100;87;91;107;100;78;158;215;42;108;87;91;124;96;85;80;100;108;172;204;93;93;71;93;81;100;98;43;84;108;204;116;79;86;95;75;100;123;100;100;100;143;87;211;84;84;91;158;87;123;93;172;75;84;108;84;264;100;109;123;158;97;89;72;97;204;100;97;100;310;80;310;85;71;108;97;204;86;78;59;100;61;109;123;89;204;158;74;158;204;91;100;100;80;87;95;204;111;105;268;103;158;81;158;204;138;89;108;224;88;80;158;100;65;204;327;123;204;123;151;123;204;158;100;158;165;100;65;80;100;123;95;97;204;42;123;87;97;76;158;100;71;93;43;84;158;100)
seed_2_level_2-1,1613,25071.116873025894,40771325,6889,(224;43;100;84;42;69;61;158;108;109;108;43;204;100;93;166;158;100;96;94;97;100;162;123;100;158;85;95;105;68;97;109;86;80;211;108;204;74;84;87;108;84;109;76;105;123;143;78;87;132;94;78;76;87;123;100;106;109;89;100;310;97;151;85;97;100;80;71;100;108;84;76;97;215;95;100;87;75;49;87;62;83;97;111;53;83;204;84;79;204;124;186;100;204;100;91;84;123;91;204;142;327;85;158;80;167;204;174;155;204;158;97;85;97;83;206;123;133;264;204;69;80;97;71;71;97;60;138;158;123;197;97;100;71;279;119;91;158;123;187;100;217;62;123;109;100;100;128;233;90;123)
seed_2_level_2-1,1613,25643.59268116951,42098533,7039,(204;108;158;123;84;108;102;204;97;42;97;211;57;69;76;172;65;105;108;158;78;78;47;62;215;88;87;83;97;116;173;97;99;158;62;101;108;161;310;89;157;71;97;100;108;123;100;105;65;100;89;204;204;100;88;123;87;97;94;94;158;83;100;68;143;158;90;96;66;123;100;100;84;108;100;87;78;105;115;100;264;71;130;123;97;109;123;97;71;94;204;151;158;80;210;73;280;198;76;100;51;74;204;146;100;100;54;158;100;97;134;100;108;204;100;97;357;82;310;85;204;158;97;172;116;232;108;77;91;81;327;96;158;99;105;96;88;178;80;88;123;82;80;204;43;98;80;81;162;204)
seed_2_level_2-1,1613,26231.582577705383,43487285,7189,(211;47;87;84;145;108;87;87;74;79;123;84;143;100;108;100;97;97;87;158;97;110;123;78;79;108;204;73;78;69;42;100;85;106;100;204;127;67;98;204;43;61;108;71;61;97;80;100;85;204;123;268;135;73;87;132;133;204;109;89;89;97;222;133;74;87;91;310;97;108;100;61;97;100;69;71;100;95;97;108;76;158;327;92;105;155;83;91;177;123;123;158;168;215;59;206;144;123;123;204;215;100;158;97;89;87;43;87;79;88;137;175;97;88;43;264;321;158;303;158;310;80;150;204;97;71;130;158;80;158;80;204;357;151;72;97;158;100;67;100;129;105;100;103;204;115;99;59;80;92)
seed_2_level_2-1,1613,26824.561834812164,44756088,7341,(204;100;100;91;68;99;100;57;100;100;75;100;211;102;146;72;158;87;87;108;123;54;100;86;92;224;221;62;42;80;42;108;80;85;67;100;97;123;143;74;158;115;100;73;61;61;108;66;100;87;78;310;97;80;71;105;80;127;97;97;100;100;63;100;158;215;123;100;108;123;123;101;158;108;158;70;100;100;89;317;204;97;159;62;94;204;87;123;108;91;123;131;100;133;105;108;268;100;100;122;134;100;109;139;100;100;147;100;226;93;69;108;108;327;80;85;98;97;158;80;151;82;123;108;233;204;133;171;123;123;87;97;289;87;84;132;97;100;158;108;123;93;87;290;84;132;123;130;115;105;84;204)
seed_2_level_2-1,1613,27421.264351129532,46166173,7493,(204;100;95;96;78;100;106;90;100;98;158;211;84;117;204;105;74;87;142;70;74;123;113;251;158;42;123;105;97;84;80;108;97;97;108;43;85;310;82;100;96;76;43;67;100;85;158;92;98;97;100;100;143;123;109;100;76;91;204;90;78;100;90;85;89;108;215;63;123;87;108;100;75;158;91;108;100;100;136;85;78;268;123;108;123;108;234;89;88;69;134;147;204;91;87;100;101;357;96;100;205;310;204;108;204;123;99;208;108;204;89;59;100;96;84;327;97;110;123;123;114;97;97;80;123;179;203;72;123;97;123;204;104;290;97;97;100;150;100;97;97;100;297;62;130;310;158;84;84;158;96;158)
seed_2_level_2-1,1613,27994.687784671783,47388256,7643,(204;91;158;123;80;71;158;108;42;158;42;42;108;204;78;91;100;91;89;100;100;82;78;158;61;310;72;79;74;71;158;78;61;69;100;108;153;75;100;143;100;87;100;87;100;106;100;102;87;120;204;123;215;43;100;108;71;123;158;123;89;158;76;100;100;83;211;142;144;84;77;84;158;84;84;75;89;78;84;327;123;123;80;81;84;97;165;123;97;117;71;97;158;100;97;158;280;149;204;123;149;59;131;108;146;141;132;100;100;92;158;100;89;204;97;108;84;74;100;76;71;97;204;97;100;75;92;106;158;97;71;357;85;310;97;146;80;79;80;67;74;197;126;109;228;108;81;157;145;123)
seed_2_level_2-1,1613,28588.149185419083,48717842,7795,(204;100;97;97;97;100;97;123;108;43;74;158;204;84;85;71;100;70;310;123;97;123;204;92;152;123;204;158;100;215;65;80;204;100;87;59;108;132;100;74;100;108;123;86;92;211;169;84;97;84;158;100;158;108;85;84;79;78;86;97;310;108;78;87;110;87;97;88;97;123;63;100;123;72;226;100;143;87;100;115;78;87;91;97;84;108;100;78;123;100;91;123;327;227;234;192;110;100;174;80;97;87;123;80;204;204;123;129;123;158;158;267;108;74;100;100;204;85;110;157;146;80;146;142;123;100;159;117;147;204;317;100;108;97;204;91;81;93;100;76;85;123;123;77;123;123;123;108;108;108;96;84)
seed_2_level_2-1,1613,29161.28230381012,49866377,7945,(251;100;108;43;91;158;80;80;108;158;123;71;97;97;43;100;97;105;143;115;87;123;87;78;204;100;120;190;158;79;87;100;87;100;87;66;76;91;123;357;113;80;158;100;158;97;100;93;78;115;100;95;95;123;85;100;116;91;105;84;108;90;123;108;118;204;310;97;108;91;192;204;77;87;87;84;123;97;71;158;92;96;75;108;204;158;80;123;108;100;100;87;280;99;152;158;62;100;78;42;102;123;158;86;158;83;65;42;204;108;86;108;100;80;100;62;66;87;148;90;327;97;59;88;123;80;59;144;158;78;60;145;142;59;100;97;108;165;123;97;109;97;84;97;123;158;100;97;128;204)
seed_2_level_2-1,1613,29744.51562809944,51146830,8095,(204;97;42;97;68;158;97;42;42;70;100;108;97;100;61;71;187;89;84;91;267;100;90;204;158;133;108;119;61;127;100;108;80;108;206;204;152;117;146;110;147;204;108;158;100;310;204;71;112;234;84;108;123;80;71;81;80;84;88;204;80;158;66;74;71;108;97;80;80;108;327;204;59;123;100;97;83;188;179;108;152;123;123;97;105;115;218;95;204;191;153;236;97;171;62;80;85;153;190;100;87;87;91;100;91;71;97;115;91;87;158;100;79;108;100;74;100;100;87;100;158;74;357;280;136;99;158;92;108;92;90;106;100;59;64;151;67;123;100;160;77;67;123;84;105;69;66;158;114;87)
seed_2_level_2-1,1613,30328.288336277008,52465149,8244,(251;100;80;71;45;43;100;97;42;158;108;67;123;134;108;69;210;43;190;100;66;100;100;252;100;69;91;87;100;90;100;87;78;87;100;123;63;87;100;100;100;310;92;66;70;97;108;87;87;158;88;310;97;310;71;88;105;87;84;100;88;128;108;66;104;204;91;317;204;62;97;100;93;110;95;94;74;57;110;60;204;97;114;135;123;87;158;51;87;108;91;123;204;59;267;117;139;119;224;119;149;73;73;117;62;100;100;42;146;88;204;147;92;89;204;130;93;89;124;204;327;145;89;123;123;89;151;100;80;151;68;182;123;96;87;204;100;71;97;204;123;200;153;191;123;109;100;207;204)
seed_2_level_2-1,1613,30930.18337535858,53939897,8393,(251;43;64;69;62;43;71;43;71;158;43;88;43;91;80;108;43;252;83;214;87;86;87;87;51;76;123;90;100;90;100;136;158;78;100;87;123;100;123;357;100;97;54;86;102;158;258;123;204;64;113;100;158;97;210;158;42;114;100;87;100;94;204;204;85;310;310;87;123;84;80;204;71;219;71;205;158;100;92;158;158;204;84;123;92;71;108;272;84;123;71;108;267;148;158;79;132;143;108;145;63;123;204;80;204;90;108;204;109;118;141;83;74;158;88;158;80;158;100;327;151;158;108;310;158;204;80;123;83;97;151;204;91;82;163;123;185;175;89;123;123;100;80;123;148;123;204;87;123)
seed_2_level_2-1,1613,31503.82212328911,55119074,8543,(224;59;77;188;158;97;97;42;84;100;42;86;100;61;123;69;43;108;86;62;252;83;91;158;100;87;88;130;100;80;158;74;87;100;87;97;84;80;88;104;87;108;100;76;83;100;43;357;172;84;96;59;108;89;255;103;88;123;76;123;71;158;86;130;64;85;71;123;87;87;89;71;111;97;123;102;109;91;72;272;59;97;198;108;68;88;158;108;158;87;108;69;97;158;182;100;102;97;82;97;71;97;97;123;97;80;80;84;80;97;80;158;61;137;327;158;100;204;121;100;123;80;119;154;82;204;62;84;231;80;123;153;158;164;187;154;123;123;180;159;196;97;186;123;158;80;239;123;123;91)
seed_2_level_2-1,1613,32073.315940856934,56249581,8692,(251;42;124;116;61;43;42;87;108;42;97;43;77;180;158;158;42;108;71;89;42;252;158;100;87;100;158;100;87;213;100;85;75;100;114;87;129;76;100;80;87;158;111;100;87;90;100;47;85;272;97;130;132;123;100;80;80;97;91;123;71;80;96;59;134;100;80;158;72;80;80;84;97;84;123;84;83;80;123;108;89;357;97;99;105;97;100;85;89;109;90;316;83;87;204;69;109;94;69;177;91;109;158;158;81;127;91;116;67;100;105;80;327;100;82;97;123;158;158;84;110;110;123;184;59;77;98;97;204;162;123;158;123;100;159;90;100;100;158;81;97;204;153;82;158;80;158;100;100)
seed_2_level_2-1,1613,32660.307005643845,57521690,8842,(204;100;123;71;79;97;97;97;87;123;158;119;84;106;84;43;71;100;108;97;108;79;213;84;123;115;79;158;105;100;158;145;86;123;42;126;71;87;88;204;85;158;64;204;91;88;63;74;158;123;99;272;80;123;204;84;158;84;123;101;80;123;158;84;75;97;97;97;80;80;108;59;62;158;97;87;123;84;158;95;84;87;327;62;87;97;197;91;85;95;123;100;158;123;123;123;158;123;156;89;158;245;100;204;118;100;159;158;93;204;100;123;84;249;100;45;208;357;74;63;75;140;126;204;101;158;80;123;141;84;204;102;158;99;80;123;88;86;144;97;80;235;158;97;100;97;258;100;108;123)
seed_2_level_2-1,1613,33225.79631757736,58526822,8992,(272;89;62;97;89;84;158;59;84;80;91;100;88;71;91;97;91;132;62;71;59;87;204;100;97;89;108;93;100;158;89;71;59;100;102;85;123;63;108;100;90;87;123;88;78;130;74;106;85;95;99;87;63;100;115;76;100;87;103;97;87;123;62;100;123;85;85;71;66;88;317;62;85;158;105;108;83;123;63;100;99;97;100;72;81;123;80;67;204;100;87;254;100;61;62;109;75;98;123;100;92;62;115;77;158;62;100;100;97;327;158;232;71;123;123;170;83;97;154;123;100;123;158;100;121;123;97;123;62;123;128;62;84;123;89;158;71;156;123;123;209;123;171;204;59;96;123;123;98;65)
seed_2_level_2-1,1613,33787.7582654953,59549241,9141,(357;62;71;224;99;97;88;42;158;81;108;90;42;87;55;90;89;81;42;123;42;97;82;42;108;78;51;76;59;88;286;71;71;105;77;143;115;78;100;52;74;51;95;100;100;190;91;100;87;54;204;91;130;76;87;87;115;88;42;97;100;100;106;87;101;123;158;76;69;123;272;108;80;84;67;123;123;92;80;97;97;108;140;283;117;80;69;72;91;87;88;71;71;97;97;87;123;97;71;100;108;80;97;69;141;108;327;97;123;204;93;123;204;42;100;59;92;80;204;83;97;95;93;97;158;80;100;86;84;123;102;158;204;59;158;97;83;42;84;84;80;97;158;87;158;106;123;168;158)
seed_2_level_2-1,1613,34366.714463472366,60694369,9291,(357;116;93;67;88;100;99;90;158;42;106;87;111;158;100;138;123;108;100;245;123;93;98;93;61;100;100;123;88;100;71;123;93;100;87;204;70;82;74;97;158;80;83;108;84;108;158;90;87;100;87;158;87;100;87;123;100;172;100;87;93;100;158;100;100;158;108;100;123;82;272;108;97;100;100;88;108;131;84;53;84;80;97;204;100;93;97;59;158;84;84;158;100;100;84;100;158;69;100;71;97;158;204;80;97;97;80;80;327;151;84;158;158;123;80;97;123;62;80;82;100;110;108;157;172;100;89;123;90;87;100;226;108;97;43;310;98;100;133;42;96;212;196;100;80;76;123;100;204;100)
seed_2_level_2-1,1613,34933.642233371735,61780968,9441,(204;86;62;92;100;100;70;97;97;102;94;158;69;91;84;86;59;80;96;86;100;57;84;158;100;100;100;154;70;70;123;91;123;79;272;80;100;158;100;158;100;100;91;84;158;97;158;71;71;115;100;97;68;97;84;100;59;87;100;158;89;80;97;123;88;132;80;108;84;91;106;108;317;165;71;158;87;91;87;100;73;97;204;116;158;158;105;97;69;87;114;96;84;71;151;108;126;103;76;93;258;108;143;93;204;68;84;80;327;152;80;59;62;158;158;88;158;80;102;59;158;80;83;204;59;204;123;123;110;80;123;158;140;144;71;97;80;92;97;158;91;71;153;156;179;158;158;59;97;85)
seed_2_level_2-1,1613,35509.055344581604,62991213,9591,(204;100;97;63;59;54;100;64;158;97;47;123;59;100;123;42;84;108;47;42;47;141;62;71;88;97;71;97;87;100;133;108;97;102;63;74;123;71;47;97;327;98;79;166;125;123;204;133;158;100;120;87;152;242;204;158;158;97;85;123;204;158;80;244;158;80;85;180;177;165;204;123;97;53;169;92;80;100;158;97;158;100;59;59;59;152;97;80;249;204;158;188;109;83;59;204;317;99;116;123;85;43;91;71;84;95;310;123;226;87;92;92;88;90;127;97;98;108;108;76;97;74;88;116;87;108;114;183;150;75;88;85;158;120;64;99;100;63;100;69;84;75;158;90;123;123;255;84;123;97)
seed_2_level_2-1,1613,36077.27994656563,64072751,9741,(204;158;153;54;59;100;123;141;100;123;100;69;158;108;100;105;118;69;100;65;62;70;65;96;74;89;123;100;62;141;49;87;87;123;80;59;280;317;123;72;97;161;80;126;110;80;85;84;152;100;97;84;80;100;100;100;88;87;85;96;158;97;84;158;138;108;97;105;137;158;123;103;78;87;100;204;85;95;123;89;117;97;78;85;85;108;94;59;100;84;149;71;327;62;59;100;164;204;158;65;172;69;310;123;204;102;68;100;158;71;80;158;74;111;97;97;97;60;108;183;158;65;158;87;145;59;99;76;59;204;62;92;100;80;123;158;123;105;99;90;108;62;110;158;161;61;123;80;80;99)
seed_2_level_2-1,1613,36648.65750217438,65223366,9891,(280;66;225;158;123;97;117;105;97;71;62;92;100;93;204;100;149;158;85;97;100;76;158;158;100;158;83;75;181;63;80;204;97;108;88;100;158;42;72;257;108;317;100;100;87;109;62;108;84;87;43;66;81;158;61;90;80;91;158;158;130;125;99;84;123;93;100;150;87;100;92;204;80;96;108;105;63;107;95;75;100;208;241;100;95;99;75;97;97;116;99;115;62;111;327;123;80;80;98;97;125;97;71;98;189;99;59;81;61;81;83;152;98;123;158;158;158;97;82;123;59;158;60;123;65;91;218;204;80;126;99;98;63;204;80;108;97;153;204;83;60;123;158;110;123;82;84;80;100;59)
seed_2_level_2-1,1613,37229.88402843475,66502388,10040,(267;74;99;100;108;71;83;172;100;100;87;97;91;85;100;123;74;71;158;123;93;97;87;100;97;87;65;90;100;99;71;62;108;100;115;123;97;123;158;97;97;84;100;80;68;357;158;135;129;88;75;74;96;123;92;98;101;100;147;84;76;97;80;77;108;100;77;71;100;100;142;158;100;97;87;121;204;97;108;92;119;97;239;123;87;84;61;85;100;196;239;204;158;87;108;158;327;91;158;204;252;94;123;158;86;99;123;123;80;204;123;123;158;192;183;97;310;82;80;123;158;204;97;123;151;164;123;82;100;82;123;158;92;158;80;158;100;85;226;158;158;80;158;123;82;158;123;158;123)
seed_2_level_2-1,1613,37817.586685180664,67835231,10189,(280;87;100;69;143;161;100;99;66;59;100;91;108;62;83;123;176;99;62;147;175;252;204;87;71;158;158;123;74;74;160;87;87;95;204;108;204;108;205;97;74;62;357;231;97;82;122;123;97;204;86;88;108;123;147;71;88;88;101;87;111;123;77;86;65;108;123;123;88;97;108;100;97;204;88;79;79;74;211;83;121;310;74;123;99;89;98;246;100;124;105;117;132;97;327;204;87;96;150;91;190;100;169;192;97;83;108;123;98;80;59;81;100;158;92;158;80;294;97;123;158;93;84;85;77;158;100;87;158;164;80;158;82;97;110;87;170;123;100;84;110;80;163;204;90;204;134;86;123)
seed_2_level_2-1,1613,38397.67287349701,69046564,10339,(266;59;84;187;100;97;87;108;108;71;83;99;123;76;75;100;108;84;100;97;123;42;65;109;87;123;87;71;74;112;123;226;97;71;158;158;152;100;94;123;97;97;100;63;68;100;158;80;71;123;92;59;83;71;108;158;62;168;97;59;123;71;90;95;100;71;59;128;327;82;92;72;80;204;83;80;85;84;98;100;123;123;84;72;99;108;204;84;234;97;80;97;60;158;123;176;115;98;170;123;165;158;97;310;152;84;99;117;99;158;158;110;158;42;104;158;204;158;113;142;158;191;158;80;158;80;124;149;99;158;157;173;80;80;184;80;100;81;204;123;204;123;97;154;123;204;204;196;96;108)
seed_2_level_2-1,1613,38978.40224003792,70231543,10489,(203;92;103;88;51;83;136;100;74;97;61;123;123;211;143;87;71;100;100;43;123;123;92;71;158;74;80;100;91;158;158;97;100;74;74;80;105;62;204;164;87;101;123;71;84;158;168;100;204;84;80;62;158;102;83;100;83;100;123;62;159;74;123;74;123;204;71;327;123;71;128;97;97;181;105;59;80;97;158;97;108;71;91;59;151;108;97;158;158;204;80;97;97;189;59;145;158;71;98;158;158;181;97;42;204;97;151;86;80;76;123;204;158;217;82;97;123;123;91;123;195;156;61;91;180;88;80;144;112;62;101;59;253;204;204;90;62;104;204;80;204;81;158;100;204;83;97;92;83;123)
seed_2_level_2-1,1634,39566.403367996216,71930055,10639,(280;123;97;71;158;108;71;91;100;97;97;112;100;74;97;204;83;204;71;83;100;84;71;204;97;123;123;90;74;71;100;123;123;59;62;145;108;42;97;123;71;71;84;62;158;71;173;74;71;123;76;69;147;204;100;71;148;123;123;91;71;100;87;71;99;78;105;123;327;97;123;204;93;98;123;123;100;62;112;74;104;80;151;170;204;143;119;158;99;204;158;100;113;80;204;158;100;99;123;158;100;59;123;204;212;80;158;204;108;137;100;310;158;110;100;254;204;1001;82;91;91;82;157;82;80;92;89;87;80;157;91;80;96;91;91;59;176;99;160;80;91;59;177;195;59;59;157;157;122;89)
seed_2_level_2-1,1634,40150.70596861839,73235093,10789,(203;122;83;146;195;91;205;91;117;157;91;59;99;87;91;157;71;163;132;302;167;71;54;75;80;87;162;99;122;91;91;99;80;84;205;157;77;42;172;91;122;157;157;74;157;122;74;157;99;84;78;157;51;87;87;71;54;62;122;99;146;108;157;91;145;91;157;230;122;91;192;87;91;84;157;184;91;71;157;171;122;142;89;157;157;139;93;157;205;122;71;82;95;93;91;205;80;89;62;91;89;128;157;84;84;205;80;88;61;86;91;89;213;91;205;205;157;91;104;91;157;205;122;168;122;90;98;238;88;122;213;84;91;157;173;91;80;157;80;237;303;91;91;91;68;205;143;157;157;99)
seed_2_level_2-1,1634,40724.840630054474,74403069,10939,(302;43;91;59;62;87;62;73;156;152;91;121;91;91;157;54;71;205;157;51;157;248;71;122;91;91;74;75;91;87;96;157;91;91;87;157;122;78;157;115;91;87;87;115;91;122;92;62;70;157;91;122;88;83;51;91;166;63;91;162;91;74;205;96;75;87;164;157;303;87;122;91;151;122;91;91;122;122;80;157;93;91;153;205;96;80;87;174;69;122;101;205;61;162;122;84;122;122;42;85;157;87;151;219;91;91;115;207;80;91;153;154;104;122;160;157;122;91;59;122;91;99;214;175;80;91;151;91;122;127;157;96;90;157;92;157;122;157;157;182;157;157;91;91;80;205;59;91;92;91)
seed_2_level_2-1,1634,41286.595270872116,75516228,11089,(302;79;122;66;157;91;74;87;157;75;157;78;87;95;77;90;59;87;167;78;91;74;51;122;87;52;69;98;66;71;91;91;90;122;91;144;87;91;91;70;91;67;88;157;91;91;91;78;91;91;91;91;110;87;74;91;91;99;54;43;88;91;122;157;56;91;91;91;78;303;157;255;157;80;91;80;157;91;42;205;95;91;91;91;231;84;173;85;205;82;157;91;75;62;205;92;122;319;332;205;91;61;80;85;222;122;122;122;102;86;104;110;94;122;88;91;157;80;122;157;157;59;80;122;76;89;205;80;157;80;71;230;84;86;122;89;157;83;84;91;122;122;42;144;50;100;87;91;170;122)
seed_2_level_2-1,1634,41861.43257188797,76661008,11239,(302;91;91;157;91;71;87;85;122;87;91;153;122;91;54;91;91;59;84;77;91;94;157;260;91;205;48;91;122;205;88;72;91;122;122;150;87;157;157;99;91;91;92;101;91;94;68;77;79;42;122;91;122;115;91;84;87;91;51;91;91;87;87;157;91;91;80;319;91;84;81;153;235;172;91;122;157;91;157;91;91;157;91;91;122;91;205;91;84;157;207;122;223;237;159;83;148;157;91;91;91;157;99;80;122;91;84;91;91;91;122;87;91;80;80;85;91;80;80;91;155;91;157;205;95;151;59;89;91;85;91;91;122;69;157;122;122;205;205;99;86;91;122;91;205;85;204;91;157;82)
seed_2_level_2-1,1634,42428.576568603516,77845489,11389,(302;91;91;91;157;205;91;78;82;122;122;145;122;74;91;91;78;88;154;157;122;91;91;91;157;91;94;154;122;91;91;81;86;66;157;96;91;99;88;91;62;92;91;91;122;162;91;157;59;91;91;122;91;91;168;59;205;91;66;87;71;66;91;234;94;91;75;68;332;91;157;85;122;122;91;122;159;157;157;122;145;91;91;179;87;85;86;157;205;91;91;71;72;59;91;122;205;80;91;80;157;91;62;91;91;239;157;94;151;99;84;157;165;59;94;59;122;99;91;91;86;155;160;74;157;91;94;91;91;91;179;93;205;91;59;91;114;87;319;205;319;43;99;122;157;91;91;141;85;91)
seed_2_level_2-1,1634,43005.67523407936,79012172,11539,(302;205;64;145;91;87;65;86;78;122;91;74;91;91;91;157;76;91;122;87;66;91;72;180;91;91;194;91;87;157;91;122;91;74;91;91;205;157;107;157;157;69;70;177;78;91;178;157;91;87;147;157;91;122;122;122;69;122;166;157;91;74;91;43;79;89;91;76;157;319;91;157;91;91;91;89;122;42;91;99;91;157;179;87;91;90;59;91;91;89;84;319;157;91;86;91;157;122;122;91;91;96;205;157;59;87;91;189;63;205;91;84;85;122;91;122;122;62;122;88;91;122;205;99;59;91;91;91;84;122;91;134;205;91;109;122;80;91;122;99;122;157;91;213;122;122;296;122;91;122)
seed_2_level_2-1,1634,43570.3365175724,80101812,11689,(302;96;57;94;66;155;91;157;69;94;52;157;74;91;71;62;122;205;91;87;162;215;52;193;62;74;87;139;74;157;91;89;91;153;122;189;122;91;91;66;205;122;150;122;91;91;99;157;91;115;144;87;122;91;91;91;122;91;91;69;157;74;51;91;205;71;91;70;92;157;157;296;205;122;85;124;87;157;167;122;42;91;78;91;157;157;91;59;122;91;114;91;91;91;157;122;217;91;91;91;84;122;99;122;84;91;218;92;152;122;122;157;122;122;91;122;91;91;89;91;81;91;70;91;122;91;91;117;91;74;142;205;91;157;50;91;122;122;85;122;91;157;88;91;91;77;122;157;85;84)
seed_2_level_2-1,1634,44148.41727590561,81327629,11839,(296;157;80;64;319;173;91;232;157;232;232;122;91;91;91;80;160;205;122;96;157;85;205;193;111;157;151;122;122;122;84;91;91;91;122;91;80;114;56;85;157;122;122;205;122;134;91;61;59;122;91;127;91;122;91;149;157;98;163;122;61;93;96;91;91;94;71;122;86;91;91;154;91;91;122;122;302;62;205;91;122;157;91;157;46;159;149;84;157;91;91;91;75;122;157;186;91;91;157;91;157;74;62;122;91;91;87;157;68;63;91;100;122;91;157;68;91;190;157;159;99;157;91;205;122;144;91;159;65;59;95;91;62;91;91;91;91;91;74;122;192;122;87;153;62;91;91;139;91;91)
seed_2_level_2-1,1634,44716.421290159225,82494356,11989,(302;69;99;96;122;91;157;71;49;87;122;91;63;91;91;69;71;87;91;205;91;73;62;99;91;79;91;66;87;122;87;91;91;71;94;77;91;63;178;74;87;157;91;91;91;157;157;94;122;91;99;141;74;91;71;91;91;91;71;91;163;91;84;74;172;91;91;157;91;75;209;157;62;296;144;122;243;178;122;90;91;71;205;92;91;83;157;114;84;134;59;91;122;157;83;97;122;122;87;91;91;71;96;157;102;154;319;91;80;128;122;152;157;81;91;47;150;122;63;205;157;205;205;139;157;119;84;91;91;85;87;122;91;91;89;162;91;205;154;319;117;91;87;157;157;43;190;62;104;122)
seed_2_level_2-1,1634,45279.77295041084,83655031,12139,(302;87;91;154;68;91;205;205;75;178;122;91;87;91;84;96;91;91;65;91;74;157;91;77;205;99;145;91;100;132;91;91;91;82;66;157;91;44;91;91;91;61;78;71;74;91;157;87;78;72;87;74;159;99;91;78;157;91;154;183;91;157;122;68;83;62;122;66;91;225;296;63;157;85;91;157;158;91;91;91;157;157;159;70;91;205;78;132;85;151;157;157;85;91;235;80;79;91;94;133;122;157;42;92;122;71;44;160;91;91;122;122;174;179;122;91;122;167;205;71;91;122;64;122;92;91;91;122;157;191;122;328;74;91;150;91;85;157;83;157;167;84;122;122;96;144;56;81;122;77)
seed_2_level_2-1,1634,45857.006138563156,84799749,12289,(302;96;91;87;122;157;91;143;122;91;157;162;91;71;91;70;91;87;91;99;107;65;122;216;205;91;62;91;205;87;106;186;62;91;91;145;96;74;166;91;157;131;65;91;66;122;86;122;195;87;122;139;122;91;122;62;205;99;66;122;91;62;205;74;91;91;122;86;87;91;122;205;234;194;80;122;226;42;122;74;71;64;169;122;171;91;122;91;167;99;110;171;70;71;157;85;91;157;122;100;91;76;99;122;87;122;205;157;122;157;92;122;82;157;144;83;163;72;194;122;75;91;122;148;91;99;94;77;205;75;181;162;157;122;122;99;91;83;91;122;91;80;99;91;87;85;122;122;80;108)
seed_2_level_2-1,1651,46423.909826755524,86025092,12439,(302;62;93;106;62;319;155;91;87;99;78;91;91;91;91;62;155;91;74;186;78;122;157;91;91;157;91;122;75;263;91;157;157;91;146;78;157;91;91;166;111;157;164;95;147;122;145;157;99;87;91;91;122;91;99;191;62;84;71;122;62;91;91;75;71;50;122;91;91;205;88;91;122;234;91;91;59;80;122;91;80;146;122;129;268;91;91;122;91;141;80;91;188;75;99;122;91;91;182;91;205;157;99;83;61;80;91;91;91;219;72;85;91;94;94;91;91;157;157;89;91;319;91;231;101;99;71;122;99;99;86;43;99;76;157;91;84;91;91;246;91;91;95;80;88;334;84;107;161;167)
seed_2_level_2-1,1651,46980.30423235893,87088200,12589,(302;96;107;107;96;96;96;156;79;68;78;91;96;90;205;107;96;69;96;96;107;91;75;96;62;107;74;101;107;62;116;88;107;107;96;107;90;143;182;74;216;96;96;96;96;67;96;96;96;107;111;62;92;87;205;148;115;104;122;86;72;59;96;167;61;167;107;107;96;71;104;96;285;96;167;71;88;285;74;76;107;96;80;167;91;107;92;96;78;96;205;74;96;96;183;71;96;71;96;107;96;107;96;96;59;107;96;107;95;99;59;205;80;109;149;96;224;96;167;82;115;96;73;61;107;87;167;96;71;96;111;96;96;165;107;107;96;107;107;92;96;205;285;239;107;96;87;96;96;96)
seed_2_level_2-1,1651,47531.76775813103,88245178,12739,(302;96;87;71;107;96;107;67;88;119;96;96;141;205;66;90;107;92;96;96;96;66;96;107;91;96;162;205;96;69;96;62;96;107;107;96;71;107;153;96;96;96;96;96;96;107;96;107;96;114;66;62;96;104;96;99;96;115;107;71;108;70;96;69;107;163;167;96;107;76;285;96;169;96;99;83;107;205;108;138;87;74;87;96;107;77;205;107;106;76;154;107;296;83;167;285;71;98;74;81;96;96;78;97;97;285;107;101;206;109;112;132;62;87;93;107;103;107;107;225;83;96;107;71;167;167;96;142;96;76;85;85;205;144;167;205;96;96;96;205;107;96;96;86;205;107;167;61;96;205)
seed_2_level_2-1,1651,48083.05887269974,89342558,12889,(302;96;96;96;96;96;87;79;76;62;96;96;96;142;165;96;96;91;98;73;66;101;166;66;87;64;71;100;107;72;96;96;205;154;107;146;75;62;96;87;96;167;105;66;96;96;96;96;215;97;107;96;65;107;96;205;69;96;296;78;107;104;122;96;87;66;107;96;61;285;107;205;96;71;107;96;107;167;92;96;107;83;107;167;154;205;96;96;77;71;107;107;104;96;205;87;130;228;96;85;107;96;149;96;169;108;89;71;205;84;145;205;107;187;167;107;107;72;87;78;96;96;91;205;96;88;104;84;107;64;107;104;79;107;107;101;96;130;87;157;104;65;76;107;240;83;167;73;107;84)
seed_2_level_2-1,1651,48621.04577541351,90320903,13039,(302;167;138;96;96;122;69;160;71;96;87;167;85;88;96;96;107;87;62;96;104;93;91;96;69;96;87;96;86;96;90;90;59;82;96;96;116;96;107;107;167;96;167;61;87;69;107;87;76;69;61;71;107;96;59;96;96;96;107;71;87;107;153;66;296;96;85;71;71;84;96;215;80;107;167;167;96;84;108;167;74;66;86;107;205;96;96;96;71;74;107;205;96;107;96;84;68;87;205;80;66;146;42;107;164;96;59;76;71;71;96;107;156;63;87;107;83;285;71;83;96;96;223;107;80;84;104;205;67;167;86;82;87;101;104;96;205;80;104;96;91;85;87;236;99;71;96;71;66;84)
seed_2_level_2-1,1651,49172.34205031395,91330208,13189,(302;79;96;75;87;96;96;87;97;74;167;96;87;107;96;87;96;96;96;107;167;87;96;96;167;113;167;66;104;91;96;96;167;96;96;167;96;62;96;167;167;118;96;96;167;87;96;87;96;91;87;96;147;91;87;167;91;96;74;66;65;90;96;71;78;96;96;64;296;101;80;78;86;167;87;219;107;225;88;74;91;93;96;84;222;87;96;144;71;104;205;107;84;167;42;121;94;132;59;205;83;108;110;71;96;71;167;93;84;66;77;92;225;92;110;167;106;96;71;54;87;96;205;89;64;113;96;83;107;108;96;108;107;96;107;80;132;96;96;92;80;87;75;167;160;107;69;96;126;96)
seed_2_level_2-1,1651,49720.05015540123,92321919,13339,(302;64;116;107;96;96;61;107;85;96;153;159;96;75;75;96;105;96;167;94;205;88;101;69;96;96;65;90;167;87;63;96;86;107;96;96;167;107;75;96;96;107;91;85;85;87;107;96;101;75;107;96;72;96;96;69;62;87;107;96;79;91;66;96;96;87;153;74;77;96;296;96;108;92;205;113;84;92;84;110;80;73;73;108;107;73;87;167;80;107;108;80;96;88;96;145;96;108;153;80;96;87;96;100;84;84;229;87;205;107;96;205;66;96;107;85;107;62;105;71;96;80;96;59;71;96;116;96;107;87;107;227;212;96;107;134;142;312;84;96;87;142;205;107;96;96;107;84;96;96)
seed_2_level_2-1,1651,50265.611869096756,93294164,13489,(302;151;91;96;96;205;167;96;65;87;96;96;91;110;96;96;87;205;100;96;96;107;116;85;87;96;107;111;96;96;107;65;75;96;104;62;205;116;168;96;96;167;167;96;96;96;168;96;100;101;71;96;96;107;96;90;87;74;96;102;153;79;96;107;96;96;84;71;115;80;84;107;96;84;222;135;77;83;87;107;96;105;107;87;96;96;100;59;107;78;205;75;107;96;96;107;96;96;101;43;88;84;107;92;110;167;158;104;71;167;71;107;96;96;87;96;107;107;103;205;71;96;96;104;167;107;84;72;70;96;92;107;237;96;89;107;96;205;131;104;167;88;96;84;205;96;75;96;71;95)
seed_2_level_2-1,1651,50811.179782390594,94309064,13639,(237;101;96;96;88;71;96;96;96;121;96;107;85;107;66;167;96;107;96;96;84;96;96;84;167;96;90;285;96;99;96;93;110;167;96;167;96;107;96;167;205;84;165;96;96;96;84;83;96;96;87;104;167;84;96;80;84;80;285;84;111;96;167;205;167;107;96;96;88;108;167;71;96;107;145;96;86;96;84;107;302;87;76;96;84;102;87;96;116;96;96;107;84;107;87;153;109;96;96;101;85;91;96;107;96;78;107;107;107;107;85;96;76;205;90;96;96;167;167;107;96;79;96;96;65;96;91;96;170;88;96;104;110;96;79;96;151;96;95;96;96;107;166;96;96;71;166;87;96;96)
seed_2_level_2-1,1651,51362.46812438965,95394207,13789,(302;87;96;96;96;96;164;62;94;167;167;52;96;167;96;114;96;96;101;115;87;96;96;110;75;83;83;74;71;102;91;95;107;87;165;127;96;96;74;74;110;111;167;109;96;93;167;96;88;96;107;96;255;107;53;167;158;115;74;96;62;96;96;94;107;107;96;79;79;111;87;317;96;161;96;86;81;87;96;96;96;84;96;96;96;96;84;106;96;96;246;205;96;96;71;107;107;96;104;86;61;96;84;205;96;96;159;107;86;61;108;167;144;108;104;167;96;159;167;107;107;205;70;205;96;205;84;104;248;124;108;84;83;87;168;96;129;71;167;96;81;104;107;96;107;167;116;96;59;96)
seed_2_level_2-1,1651,51914.55044794083,96471659,13939,(302;75;64;66;87;96;96;96;87;87;79;94;71;96;96;77;96;96;96;86;107;91;66;94;96;167;107;96;185;96;96;62;77;167;76;96;96;63;96;96;107;87;102;95;167;164;109;68;90;87;96;43;96;96;96;84;107;71;232;96;68;96;96;114;107;96;87;87;96;96;104;118;317;71;93;167;181;167;104;97;205;218;71;107;142;96;167;142;107;107;84;84;96;96;111;107;104;285;167;96;96;96;96;128;167;158;104;96;77;205;144;107;85;96;71;107;167;96;75;117;237;84;154;167;96;96;160;103;167;96;104;84;84;96;107;96;129;167;104;107;205;96;107;96;71;96;71;107;71;78)
seed_2_level_2-1,1651,52451.648164749146,97451522,14089,(302;96;167;65;104;107;115;78;107;220;148;94;87;162;96;74;96;65;167;96;162;78;90;86;66;63;76;122;96;96;75;87;66;79;96;107;62;69;96;121;104;75;99;53;71;80;79;75;62;96;96;167;88;86;62;96;96;96;78;104;74;74;78;58;99;62;96;96;75;68;87;317;91;96;96;96;285;107;90;96;89;96;80;285;98;79;205;96;96;107;96;93;67;67;167;71;107;96;205;59;96;84;96;96;96;96;96;91;108;71;84;71;107;129;76;96;96;108;96;107;87;96;96;96;96;96;105;83;245;91;74;80;71;107;87;107;107;107;111;167;167;71;167;96;96;71;80;83;167;280)
seed_2_level_2-1,1651,52992.88942694664,98470663,14239,(302;76;96;96;76;96;96;96;71;96;96;78;96;107;149;62;107;152;87;87;96;100;205;90;167;96;107;96;61;42;87;86;79;96;66;212;63;96;176;107;96;96;96;96;96;96;74;78;113;100;96;87;108;87;85;76;107;66;163;91;86;129;107;96;96;78;205;96;96;96;285;71;96;71;62;96;96;96;96;74;96;86;230;166;96;143;167;80;96;96;96;80;96;96;96;96;107;110;99;167;96;167;87;96;61;77;108;96;80;107;109;80;167;107;96;87;96;205;205;84;96;84;104;87;86;96;89;104;59;156;96;96;91;92;205;264;168;96;167;205;96;92;104;116;80;179;107;96;107;107)
seed_2_level_2-1,1651,53549.749522447586,99614889,14389,(302;96;96;96;96;96;66;160;181;74;107;147;65;104;107;87;167;143;64;107;150;87;96;72;42;62;104;77;75;107;107;90;96;75;78;61;104;96;77;167;96;89;147;87;87;104;107;107;74;79;96;178;104;78;167;92;96;167;107;234;96;96;70;96;103;96;75;96;87;167;95;317;85;189;167;224;80;96;205;208;84;144;96;84;96;107;108;96;104;104;90;96;92;167;96;285;167;84;107;96;91;75;160;96;142;205;96;158;108;96;107;89;59;96;96;150;150;84;96;92;167;96;205;96;96;108;96;77;167;110;96;107;147;107;167;61;84;96;107;205;42;107;96;86;96;107;205;205;96;96)
seed_2_level_2-1,1651,54088.36370372772,100712705,14539,(302;135;96;167;93;96;65;107;71;78;116;107;94;107;94;96;131;96;62;107;87;87;107;205;107;96;107;87;87;205;88;167;96;104;96;107;107;52;87;74;87;96;65;190;69;87;96;87;162;96;112;113;96;87;87;71;63;66;87;96;122;107;87;99;96;96;87;87;104;99;285;93;78;96;96;96;96;71;92;96;86;159;96;157;71;96;107;110;205;96;96;285;167;59;85;71;85;96;96;95;107;96;107;205;161;84;115;205;205;107;107;107;59;92;147;65;107;84;95;93;107;86;96;101;107;167;142;143;96;61;142;96;96;96;109;96;263;167;285;107;112;167;205;96;161;87;96;62;84;167)
seed_2_level_2-1,1651,54636.24462509155,101805605,14689,(302;67;107;78;75;107;158;69;94;96;71;96;74;66;167;205;107;104;96;87;153;109;108;96;78;69;113;167;113;109;107;98;109;96;87;49;87;79;167;107;96;79;94;71;50;104;107;96;96;108;69;70;96;96;107;96;87;190;71;104;96;104;107;96;62;167;43;74;107;86;96;285;96;59;65;107;167;67;96;59;119;96;176;107;96;78;96;124;107;205;205;205;104;84;142;96;80;107;62;84;107;96;80;104;96;107;96;205;81;77;205;205;107;107;190;130;80;205;86;116;205;205;81;107;83;96;164;150;96;87;104;87;59;153;96;167;96;205;219;67;85;167;80;96;242;114;88;112;82;92)
seed_2_level_2-1,1651,55182.50560045242,102918348,14839,(302;96;87;110;89;75;107;167;93;96;87;104;70;96;144;79;107;107;87;77;96;107;107;96;167;159;74;96;96;88;71;205;161;87;62;126;96;108;87;68;107;77;114;87;103;96;115;167;96;96;87;96;154;70;92;75;87;206;96;75;201;167;94;84;96;91;87;87;91;285;91;74;107;90;92;96;96;107;107;107;205;96;107;74;61;83;107;107;107;104;107;151;96;96;107;74;66;167;107;205;155;111;59;91;96;189;96;87;205;104;167;107;96;96;96;108;205;87;205;105;96;80;205;75;84;96;96;144;83;107;145;205;87;85;154;205;107;205;96;205;226;107;107;85;87;83;96;119;167;87)
seed_2_level_2-1,1651,55751.80551981926,104295566,14989,(285;107;107;96;92;216;226;87;167;87;84;96;107;167;96;98;96;107;107;96;205;87;107;96;43;167;109;96;137;96;65;107;107;115;151;107;167;42;107;84;205;205;80;87;167;205;107;215;131;107;96;62;205;205;96;96;61;205;218;167;83;96;205;42;91;74;167;59;80;107;96;167;235;205;113;107;226;148;133;167;167;64;85;129;101;167;145;205;77;87;118;163;116;78;74;194;90;167;285;138;167;107;85;88;116;167;167;167;107;93;66;167;87;92;93;111;167;167;71;108;87;65;87;107;131;92;104;205;107;152;96;73;75;107;150;167;205;105;103;285;167;107;87;74;167;108;167;87;96;42)
