seed_18_level_5-1,707,522.2881398200989,720635,150,(28;33;31;50;25;56;23;31;36;31;1001;30;23;26;54;42;56;50;168;47;19;18;18;42;25;54;63;50;35;37;168;31;32;30;42;31;44;16;31;41;21;36;47;36;42;30;21;41;26;21;30;30;42;14;42;53;36;26;18;26;30;23;35;62;168;54;168;42;26;56;88;59;14;53;28;42;117;42;61;84;47;31;51;41;122;23;20;32;42;30;24;27;31;26;31;22;24;49;109;47;26;49;29;30;41;31;60;42;81;16;42;159;77;77;39;42;57;29;45;13;58;42;39;41;24;28;58;40;43;20;53;43;16;23;16;21;45;22;16;42;159;122;21;89;27;39;45;47;15;31)
seed_18_level_5-1,819,1070.2363057136536,968611,309,(42;42;42;42;42;42;39;43;21;42;42;24;42;38;43;42;115;58;47;47;45;42;35;47;50;32;51;18;135;85;27;47;22;37;53;19;31;52;31;21;56;18;49;25;33;57;35;141;26;81;19;55;54;32;28;28;49;21;34;20;57;41;53;32;17;19;36;25;40;54;29;48;30;30;22;40;16;28;93;57;82;182;31;57;36;22;18;17;110;25;77;29;25;162;162;23;21;39;21;28;14;30;36;59;34;35;15;32;25;19;51;29;48;52;48;58;37;16;56;51;50;54;25;27;133;58;86;50;50;47;23;61;50;47;92;18;26;30;105;22;26;34;60;84;33;162;58;83;32;25;27;49;42;60;21;20;41;122;105)
seed_18_level_5-1,819,1594.2790582180023,1242695,462,(42;42;42;42;42;42;42;42;42;42;42;56;41;43;45;47;47;42;47;59;24;42;33;56;51;57;57;14;25;34;37;57;15;36;28;50;57;25;48;27;43;22;19;36;30;16;15;162;32;31;33;16;22;28;51;26;31;16;44;35;17;51;25;47;49;32;24;29;24;47;17;162;88;40;162;162;57;17;85;24;22;17;25;50;85;26;21;30;29;80;21;31;41;26;25;16;21;27;28;28;54;36;23;30;24;24;19;31;36;59;60;79;53;162;25;50;54;74;47;53;57;33;51;162;100;46;40;162;34;47;25;25;83;28;30;88;36;24;54;42;29;35;46;47;23;36;80;47;109;162;66;206;162)
seed_18_level_5-1,819,2248.4577357769012,1506784,657,(42;39;42;41;42;42;42;42;42;42;42;42;43;66;42;55;47;63;47;47;47;45;52;42;55;42;43;42;58;21;44;21;42;66;29;26;57;34;49;29;17;20;47;38;23;21;52;56;52;58;38;63;37;38;24;58;19;38;15;33;14;39;17;26;17;41;57;21;21;19;21;38;32;32;25;32;109;24;17;22;25;19;28;32;25;35;29;26;36;27;44;26;24;26;28;34;25;16;29;19;32;48;48;43;27;24;16;19;38;48;27;16;30;83;24;62;35;30;26;100;53;39;22;36;20;30;16;43;25;63;35;47;29;162;60;28;54;87;47;105;40;18;19;34;32;47;128;19;47;190;162;134;109;32;21;24;56;39;49;85;55;33;43;35;54;56;43;59;14;22;20;50;26;51;43;50;19;82;53;162;55;162;137;34;57;26;31;30;29;33;33;50;43;36;60)
seed_18_level_5-1,819,2786.5118279457092,1708057,818,(42;42;42;42;42;42;42;42;42;42;43;42;43;45;44;51;59;43;47;47;47;51;58;53;49;39;33;79;48;29;21;29;36;29;13;31;60;55;55;29;25;21;58;80;31;17;24;63;26;45;41;38;16;45;24;70;21;33;32;69;27;33;57;50;22;37;49;31;50;47;68;122;47;113;26;42;52;30;25;84;41;56;31;33;40;38;16;23;13;17;18;25;35;25;19;34;15;29;48;99;58;16;38;16;28;27;60;17;80;162;24;162;33;40;41;37;30;28;57;80;29;47;15;27;53;59;54;79;31;35;107;35;43;24;34;24;36;38;40;32;28;37;54;32;26;37;33;51;27;36;54;19;20;105;47;46;33;23;43;133;113)
seed_18_level_5-1,819,3312.9516158103943,1938452,973,(42;42;42;42;42;42;42;42;42;42;42;42;43;43;40;42;40;38;45;47;51;65;51;41;52;56;19;37;24;19;77;17;83;42;25;42;33;24;42;57;29;31;23;162;51;18;18;45;42;22;28;58;32;36;50;18;105;57;29;31;35;32;57;22;108;24;35;29;28;31;33;34;37;27;33;114;129;21;22;22;38;17;31;14;21;15;26;30;55;39;29;38;78;52;29;36;190;28;21;26;54;19;25;34;123;28;17;35;24;59;39;25;38;58;19;25;36;19;31;27;25;28;53;27;45;41;37;35;32;57;53;28;35;89;53;31;47;31;24;26;162;18;23;162;56;162;36;134;24;162;35;31;37;30;15)
seed_18_level_5-1,819,3861.6346533298492,2186002,1130,(42;42;42;42;37;42;42;42;42;42;42;43;47;15;42;42;43;31;47;45;65;47;51;74;56;34;50;50;17;31;32;23;82;56;36;42;59;27;37;18;57;22;25;58;18;18;20;29;48;124;21;26;22;19;24;26;13;14;59;31;19;40;21;19;20;19;21;18;14;58;19;18;16;17;24;41;51;91;77;20;63;21;50;16;42;26;33;17;18;24;39;75;80;20;162;50;41;55;33;25;42;18;17;34;58;36;35;88;55;15;31;33;31;108;23;15;26;41;79;38;28;38;25;25;41;44;80;57;57;30;54;55;162;79;80;162;55;134;38;162;43;44;121;77;20;79;19;27;40;162;77;162;32;108;50;47;47)
seed_18_level_5-1,1410,4425.5610427856445,2930443,1288,(42;42;42;42;42;42;42;42;42;42;42;34;115;43;42;42;42;47;68;45;48;35;63;79;162;18;51;42;23;48;30;16;24;36;18;53;162;23;15;60;24;34;57;80;20;37;35;32;17;23;50;59;14;60;27;33;31;46;30;28;21;71;37;25;24;31;54;18;14;20;53;66;32;30;21;16;18;34;80;24;24;33;46;22;37;19;31;17;17;36;13;30;33;30;34;20;47;38;27;47;39;44;44;36;16;60;56;74;40;59;1001;27;28;87;114;31;52;54;24;25;21;61;38;48;85;57;30;47;59;50;150;163;42;88;30;133;41;32;50;31;101;56;27;33;56;77;163;29;163;42;29;89;49;30;33;30;83;108)
seed_18_level_5-1,1410,4960.591319322586,3192524,1443,(42;42;42;42;42;42;42;42;42;42;42;43;42;42;42;46;47;46;47;48;50;27;51;33;43;27;35;76;50;16;25;18;16;47;42;14;26;27;17;34;36;58;34;41;70;52;54;18;81;58;24;33;19;42;25;67;67;24;53;59;34;14;41;17;32;31;57;57;54;27;56;50;19;62;37;24;28;23;53;31;23;22;25;35;35;72;21;25;163;24;17;95;163;29;37;25;34;32;57;59;26;73;24;29;16;33;31;35;22;15;109;44;27;87;53;50;53;27;35;163;49;35;28;30;28;16;47;49;80;34;51;29;145;160;163;49;163;39;27;57;79;24;85;54;46;77;98;36;32;110;91;121;163;32;34)
seed_18_level_5-1,1410,5649.6302008628845,3556882,1640,(42;42;42;42;42;42;42;42;42;42;42;42;42;29;56;42;40;19;22;46;44;97;46;44;50;51;48;62;47;20;27;22;18;42;19;32;20;37;15;59;38;26;79;25;32;48;198;43;19;58;26;27;61;58;39;53;60;163;54;34;76;33;34;42;16;61;47;21;19;22;58;82;31;45;38;29;18;28;48;26;44;21;28;23;28;25;41;23;20;37;163;58;29;42;29;47;16;30;21;15;115;20;55;55;22;21;59;56;38;28;33;19;20;30;31;62;50;116;22;22;37;163;35;34;48;51;80;23;20;34;63;60;53;30;84;35;33;58;41;39;39;17;27;118;89;41;24;32;31;35;29;76;35;41;47;29;55;42;30;13;135;30;56;163;54;36;35;99;163;76;42;113;28;50;22;47;26;108;76;163;49;37;57;20;26;170;26;18;32;109;80;163;131;80;163;54;83)
seed_18_level_5-1,1410,6294.573375940323,3832063,1825,(42;42;42;42;42;42;42;42;42;42;42;37;35;31;43;42;36;46;44;37;50;85;51;42;40;58;59;34;53;15;25;32;42;18;23;28;22;16;35;31;35;31;19;58;18;32;27;26;50;26;23;79;24;21;32;54;54;68;30;18;34;33;14;27;57;56;57;34;48;54;50;25;31;47;163;35;34;39;42;18;19;22;28;49;31;114;108;33;19;13;38;56;36;36;28;29;47;34;22;25;29;44;15;26;14;77;25;95;30;20;34;29;48;17;23;47;31;58;57;49;47;84;62;25;36;60;47;38;19;51;24;41;54;52;77;47;50;36;200;25;83;59;52;97;46;46;25;34;26;80;90;29;50;212;39;21;58;20;48;49;53;27;24;163;46;80;16;47;54;57;22;132;50;26;163;17;54;38;36;47;77;133;15;23;42)
seed_18_level_5-1,1410,6840.012884378433,4059900,1985,(42;42;42;42;42;42;42;42;42;42;42;42;42;46;42;82;43;46;85;46;46;83;41;50;43;52;58;46;19;56;31;17;84;42;22;36;92;58;34;29;39;19;41;85;23;15;163;32;35;35;14;16;64;58;116;46;31;28;165;22;49;26;38;41;57;18;21;16;17;30;53;25;87;44;37;27;36;38;31;27;18;24;59;57;29;40;40;54;27;58;28;39;40;16;54;17;24;27;25;18;32;34;22;47;33;27;18;24;19;54;15;57;78;16;48;34;29;50;57;25;39;28;54;56;62;57;25;47;43;31;86;41;19;111;18;16;77;108;47;45;15;26;59;163;27;120;54;20;57;149;54;35;163;30;30;34;19;30;48;32)
seed_18_level_5-1,1410,7388.5905702114105,4341482,2142,(42;42;42;42;42;42;42;42;40;42;42;42;33;43;46;43;43;76;36;46;44;43;66;45;42;17;56;39;28;18;28;15;35;39;41;19;37;38;21;67;26;30;19;28;60;49;28;53;22;77;41;34;24;21;53;52;24;19;59;25;32;23;25;37;67;31;26;27;33;29;26;27;19;18;39;47;20;163;25;48;36;14;219;29;31;53;15;163;22;62;31;31;153;30;41;37;18;22;50;22;19;21;57;40;23;29;40;25;25;37;14;24;38;16;36;55;38;111;79;58;50;48;84;41;23;57;54;54;109;221;115;47;54;105;31;50;49;71;163;47;27;39;32;35;29;40;57;43;50;32;57;38;79;163;163;163;15)
seed_18_level_5-1,1410,7911.479759693146,4590232,2297,(42;42;42;42;42;42;42;42;50;42;42;21;58;43;42;43;46;46;46;42;50;59;55;39;62;50;34;78;29;48;46;58;69;24;42;27;20;30;42;77;72;46;53;13;39;19;32;59;51;24;27;15;30;18;34;26;49;50;16;23;25;51;25;20;61;27;84;23;29;22;40;23;34;24;37;54;28;23;52;31;33;64;36;33;49;67;38;73;85;24;25;163;43;23;42;43;47;32;52;49;24;24;27;41;24;40;34;46;19;31;55;32;15;35;38;28;28;24;66;122;83;53;55;54;83;57;35;39;30;78;23;48;27;47;23;68;42;29;84;139;24;77;163;39;77;108;163;163;163;23;42;80;163;54;54)
seed_18_level_5-1,1410,8429.62861418724,4778931,2450,(42;42;42;42;42;42;42;42;42;42;43;42;48;43;34;70;55;44;47;46;42;50;62;32;98;25;21;27;27;32;25;29;20;42;56;31;77;34;25;59;23;13;16;163;57;39;17;24;23;40;25;19;42;32;32;38;54;57;34;21;54;42;38;16;23;46;19;129;24;57;19;35;27;14;23;30;20;38;41;45;50;32;53;24;30;26;24;59;35;77;17;25;23;26;21;39;18;23;39;16;53;47;24;33;21;21;57;31;38;52;26;97;21;40;27;96;47;36;46;57;53;81;18;15;32;54;86;40;39;47;54;42;57;17;28;39;25;77;85;17;97;56;49;41;77;84;47;143;57;30;163;50;59)
seed_18_level_5-1,1410,8949.013866186142,4958148,2604,(42;42;42;42;42;42;42;42;42;42;42;71;46;46;50;42;42;46;46;42;70;50;30;64;43;58;22;43;26;28;37;42;36;22;28;65;54;75;22;21;17;29;17;41;34;30;27;25;61;14;43;29;20;30;24;26;25;33;28;18;26;26;21;60;18;30;163;36;23;42;37;36;37;34;17;49;33;42;36;26;19;24;30;27;25;15;27;74;24;18;51;34;38;59;47;46;25;32;31;55;34;28;38;29;18;35;19;25;17;121;24;29;67;51;65;17;18;36;57;16;29;34;53;82;38;28;16;83;36;57;23;23;47;48;16;163;33;41;42;65;29;34;77;18;107;59;105;163;36;108;53;50;21;16)
seed_18_level_5-1,1410,9566.849531650543,5245570,2784,(42;42;43;42;42;42;48;42;46;42;43;91;38;45;16;84;26;38;33;25;21;24;28;29;31;33;41;20;24;31;16;24;42;50;31;67;25;21;31;40;33;42;37;20;19;22;86;38;33;25;19;44;16;33;36;29;54;35;52;15;31;32;44;163;81;61;76;30;33;40;70;67;115;26;55;163;42;54;28;32;33;40;17;23;33;19;19;38;30;30;33;20;26;76;38;33;163;31;37;39;61;96;154;33;50;34;39;41;35;57;15;160;33;105;21;19;23;33;30;22;34;79;18;37;30;21;50;48;29;18;26;42;19;35;51;50;41;46;53;18;54;55;33;71;31;68;163;21;34;79;97;39;58;30;41;29;25;23;38;125;69;30;80;57;34;18;83;54;77;35;33;87;77;109;22;43;163;15;163;49)
seed_18_level_5-1,1410,10146.803664445877,5550051,2951,(42;20;34;48;19;41;46;58;67;65;78;78;17;30;58;17;25;42;16;34;15;60;35;28;50;87;20;24;30;60;39;14;30;61;29;60;34;34;37;23;23;40;29;54;26;25;51;21;37;40;28;23;20;31;163;14;18;44;23;163;18;17;30;25;32;16;34;20;35;75;74;57;19;19;43;25;47;78;16;22;23;17;24;47;28;111;78;42;31;24;32;39;18;14;30;50;24;17;24;17;77;39;33;77;24;28;79;47;18;66;47;60;46;69;66;112;49;40;57;80;27;42;42;108;37;21;77;26;182;163;163;42;132;31;41;26;170;34;125;31;50;26;163;71;89;163;31;31;49;84;28;81;42;35;35;109;42;48;77;105;30;33;115;30;41;57;31)
seed_18_level_5-1,1410,10727.5630569458,5818159,3119,(27;42;66;27;81;46;41;79;43;111;21;27;19;52;51;25;57;38;25;21;21;56;24;24;31;34;45;16;51;40;15;43;27;23;16;35;67;56;67;47;32;34;58;17;26;26;24;18;39;21;34;60;29;17;19;18;24;77;17;19;97;61;82;57;65;29;38;42;24;23;27;61;22;24;50;48;57;28;38;31;36;21;34;59;32;49;64;40;116;28;26;24;42;25;16;163;24;24;69;33;24;28;79;24;78;26;26;29;23;39;26;56;31;20;28;59;55;30;27;85;82;21;84;36;57;32;50;24;47;20;193;27;37;23;163;23;32;31;77;47;26;29;30;46;51;163;105;47;163;34;33;85;42;53;42;42;163;47;42;15;108;36;163;50;91;54;33;35)
seed_18_level_5-1,1410,11265.436838626862,6102630,3275,(42;27;192;44;42;46;58;43;63;42;17;84;70;27;25;80;28;30;18;33;107;14;50;18;26;38;22;52;24;54;22;31;16;16;13;27;20;27;16;24;57;25;29;24;27;31;36;16;25;20;29;34;30;46;86;17;124;29;57;18;15;14;57;50;25;21;28;31;55;31;27;37;149;76;110;57;58;34;18;47;56;163;42;42;35;31;36;18;58;77;33;37;57;34;27;62;42;110;47;31;18;32;52;52;62;209;31;54;25;33;51;37;31;163;15;39;35;106;18;21;54;17;77;33;47;26;40;24;66;27;33;201;163;25;42;116;24;57;18;40;38;58;82;50;47;33;42;77;70;58;82;29;47;82;24;142)
seed_18_level_5-1,1410,11784.243962049484,6355481,3425,(44;42;42;44;61;31;30;18;31;28;48;36;25;22;55;26;77;60;21;47;52;24;27;31;27;163;20;15;32;33;28;18;51;61;34;26;22;47;36;37;36;31;23;56;33;33;57;24;35;23;34;37;27;32;29;32;31;105;35;25;14;13;48;21;74;34;50;23;36;79;19;54;85;86;24;37;49;57;163;41;105;77;26;125;147;87;50;34;47;17;18;47;36;57;59;28;77;83;163;22;41;24;163;36;77;16;22;20;45;22;35;62;43;47;32;29;15;84;24;26;30;110;33;14;27;47;26;42;56;66;96;163;63;163;78;23;27;27;81;25;17;16;35;23;28;26;23;78;97;111)
seed_18_level_5-1,1410,12314.02511048317,6591384,3576,(42;42;44;81;32;60;46;38;25;163;74;43;21;29;35;25;30;42;42;90;45;28;37;84;25;20;24;37;22;19;36;25;42;48;43;31;21;29;64;22;43;113;31;31;24;24;29;30;13;17;15;26;24;24;64;24;20;80;23;86;110;15;33;52;46;25;25;31;27;30;27;23;84;57;39;24;81;30;77;36;46;23;33;50;32;110;22;17;57;126;54;57;45;19;57;21;163;25;58;16;19;163;17;57;38;79;65;22;52;35;32;64;78;118;48;52;28;43;118;47;47;26;24;83;27;79;47;105;71;64;59;135;16;29;28;15;21;32;51;42;47;49;47;25;22;90;77;77;84;51;47)
seed_18_level_5-1,1410,12798.50829410553,6832903,3718,(33;72;46;53;72;33;21;27;27;33;53;48;50;20;23;28;24;23;31;29;33;33;77;30;30;31;34;28;42;42;32;22;27;40;26;16;57;54;57;37;40;26;27;24;76;24;26;50;33;18;77;34;133;38;31;21;79;32;56;33;40;29;18;57;163;14;15;31;20;20;16;31;53;42;86;59;47;27;28;59;26;57;50;47;163;50;32;220;30;158;51;69;52;54;57;56;25;28;34;77;39;70;41;22;42;82;38;24;33;14;54;29;52;15;28;36;25;35;27;50;47;40;105;30;62;47;163;86;26;156;18;38;32;68;115;37;82;151;24;27;57;32)
seed_18_level_5-1,1410,13317.853320121765,7047285,3870,(99;43;43;27;88;25;29;16;39;18;28;27;77;79;20;25;39;36;26;33;16;19;36;28;16;34;33;34;26;42;31;38;15;163;32;77;66;42;21;14;67;50;24;57;74;34;83;38;23;33;41;27;42;16;24;22;163;29;58;29;58;16;36;33;32;37;89;29;39;33;69;57;70;93;53;17;18;24;25;22;24;40;86;21;56;63;28;57;81;50;34;30;41;54;31;22;17;54;32;36;36;42;47;37;33;55;51;147;24;33;34;28;57;47;22;33;118;35;35;111;40;24;114;44;28;33;84;52;34;26;47;26;50;47;25;19;31;27;35;50;81;43;114;54;66;60;40;163;54;26;33;18)
seed_18_level_5-1,1410,13817.711038351059,7347475,4012,(50;22;26;22;35;55;25;19;52;34;39;14;24;15;48;15;16;163;32;19;14;80;14;22;32;19;57;50;53;26;17;109;163;64;40;41;29;28;32;49;42;44;68;36;28;26;28;56;25;40;47;24;31;38;34;24;53;48;79;163;19;23;30;27;56;43;54;82;53;54;87;50;50;27;26;47;34;27;54;39;25;190;37;47;47;23;94;106;44;34;29;46;33;22;115;116;113;51;26;24;27;50;163;57;124;27;163;77;19;34;18;27;47;163;20;163;163;118;17;44;58;33;57;146;23;37;20;32;37;54;31;31;88;49;16;54;51;42;163;50;31;42)
seed_18_level_5-1,1410,14299.61689400673,7591082,4151,(31;41;21;37;48;18;23;27;47;32;33;25;26;32;54;44;27;16;24;24;79;56;24;21;34;33;22;45;61;64;61;57;57;30;17;52;43;33;79;34;35;17;17;28;20;30;57;19;144;50;19;30;50;59;33;32;24;38;33;38;47;24;50;38;33;44;37;38;32;33;16;21;53;64;30;26;60;17;90;45;30;34;24;79;33;21;50;55;85;42;47;70;53;30;145;77;27;29;82;30;61;163;27;108;47;120;84;57;84;109;17;49;18;43;146;47;98;43;163;28;24;17;163;83;55;54;36;30;59;42;34;109;82;46;30;113;59;163;36)
seed_18_level_5-1,1410,14794.874021291733,7819354,4295,(70;42;60;34;42;25;42;17;16;26;30;56;21;29;32;47;41;16;44;163;29;54;58;31;31;57;57;18;30;42;27;25;30;15;13;55;48;62;18;22;14;15;21;25;34;29;32;21;30;27;94;45;33;18;21;163;36;18;116;44;33;50;36;80;69;163;36;26;24;34;42;39;50;24;47;19;24;18;19;30;55;36;31;18;106;54;36;32;47;38;34;163;35;17;29;45;37;62;88;57;27;40;33;34;57;42;47;49;50;15;28;163;58;29;50;16;77;80;93;113;14;31;35;19;51;32;30;107;31;50;31;40;43;32;132;35;87;83;50;163;41;46;40;42)
seed_18_level_5-1,1410,15284.872743368149,8017921,4436,(48;35;14;20;46;46;42;16;32;16;32;21;31;28;23;32;76;27;163;40;109;32;42;26;98;62;94;32;30;35;16;16;27;35;27;30;32;18;56;15;25;28;86;51;14;118;47;47;47;79;49;52;80;23;22;22;32;49;34;21;83;52;16;64;28;163;17;51;33;16;26;39;28;27;28;35;57;52;28;51;31;55;42;34;31;77;163;30;19;25;52;18;54;33;84;47;163;30;36;35;45;50;19;16;50;50;25;81;16;30;19;47;57;27;28;37;30;18;25;47;50;16;25;84;65;77;28;27;64;38;58;49;29;90;51;95;19;47;68;67;17)
seed_18_level_5-1,1410,15796.474214076996,8226697,4589,(27;46;42;26;38;36;26;28;39;36;83;34;47;21;20;15;23;30;41;28;27;52;29;59;57;35;32;42;21;30;40;78;110;20;25;58;48;27;31;54;45;33;25;23;163;20;56;42;69;64;58;31;58;22;42;18;31;28;16;21;47;21;25;80;32;36;37;34;33;51;181;79;52;52;18;52;83;17;26;23;17;58;17;19;20;34;137;32;52;163;24;87;32;163;35;22;27;49;77;17;23;39;16;42;144;67;50;22;38;54;35;21;35;22;27;58;41;33;41;36;27;32;40;44;64;60;29;32;81;42;17;27;50;55;23;22;84;13;49;63;46;42;62;44;70;32;33;33;31;16;25;37;26)
seed_18_level_5-1,1410,16308.739005327225,8502208,4736,(43;53;51;58;17;42;19;32;27;42;24;34;47;83;36;136;86;163;32;30;17;23;77;25;26;77;113;29;21;30;32;27;51;31;47;87;56;41;35;42;25;15;24;32;29;32;54;49;28;81;77;149;26;24;38;40;20;29;28;78;110;36;163;67;37;38;104;25;18;46;57;43;48;94;60;30;29;32;81;41;64;42;35;20;25;31;47;49;50;22;110;108;44;119;163;34;33;107;22;43;24;42;163;28;21;50;80;50;58;19;163;42;32;28;68;27;47;47;76;74;26;48;43;105;24;54;21;32;63;33;40;54;50;26;14;77;48;61;109;31;51;33;27;23;57;108;15)
seed_18_level_5-1,1410,16804.550245523453,8781682,4879,(43;18;42;51;59;23;42;29;19;22;42;34;35;23;28;36;37;27;48;31;27;26;25;57;29;52;37;24;56;42;78;38;42;54;50;54;31;62;71;34;120;53;18;31;25;34;33;35;20;28;163;32;50;56;163;25;38;35;13;106;58;106;112;28;33;163;17;20;26;60;26;79;163;42;73;49;36;87;155;21;47;24;24;55;24;29;42;28;23;22;163;34;48;22;49;33;31;19;16;79;163;35;50;84;47;47;47;35;30;31;70;140;33;65;29;19;19;36;57;56;86;84;21;15;37;84;163;66;26;77;66;30;77;47;77;110;38;79;26;79;105;47;34)
seed_18_level_5-1,1410,17298.968754529953,9071270,5024,(57;20;16;37;27;14;37;48;27;26;39;85;163;22;34;42;110;29;49;20;24;23;16;19;36;18;47;25;23;17;51;42;120;60;39;163;18;47;37;37;18;42;27;25;27;26;25;27;71;53;43;37;27;163;80;35;111;26;88;50;110;96;30;39;21;42;67;55;56;40;170;48;80;84;34;47;22;47;47;33;33;19;20;33;34;49;145;108;28;62;56;37;19;163;33;31;26;29;20;163;18;35;55;163;67;27;56;54;84;52;37;54;50;40;54;40;33;21;106;18;41;54;52;87;47;47;89;23;51;110;53;50;27;47;83;50;109;55;39;84;112;64;47;33;57)
seed_18_level_5-1,1410,17841.174015283585,9368665,5176,(19;33;77;42;40;48;58;16;21;23;43;26;18;50;33;24;25;34;23;19;31;20;36;163;42;42;120;27;65;41;31;30;37;54;77;50;16;59;36;18;49;35;37;88;32;81;107;19;47;32;64;137;39;37;163;42;36;32;38;28;140;163;17;50;47;23;20;105;49;22;46;47;119;61;51;60;41;141;53;55;27;77;14;63;25;16;79;57;37;50;24;24;19;47;26;58;20;117;27;163;69;149;54;16;88;48;22;49;57;67;28;66;82;43;43;60;49;94;37;144;84;57;54;24;47;54;54;31;36;19;77;17;57;163;50;34;19;39;80;22;57;31;50;62;32;51;39;51;63;62;50;83)
seed_18_level_5-1,1410,18349.42360138893,9658311,5323,(19;23;15;37;54;40;50;37;30;15;108;47;107;28;31;38;38;163;51;108;55;43;57;20;75;58;46;33;34;50;19;43;30;56;80;40;27;50;57;19;83;20;21;29;46;163;37;165;49;26;32;28;77;67;46;55;116;48;30;163;87;53;26;21;108;35;87;58;47;34;25;47;77;77;58;105;20;29;47;77;113;21;24;47;50;47;163;20;24;37;36;39;88;77;47;14;47;26;30;30;50;14;16;110;23;79;32;25;37;42;108;32;54;57;88;41;31;45;36;38;27;107;77;163;25;85;34;24;40;28;24;17;35;37;16;47;17;110;16;65;168;61;42;47;24;42;24)
seed_18_level_5-1,1410,18871.890634298325,9957135,5474,(99;58;39;73;29;22;44;39;60;41;34;38;113;53;121;164;24;15;28;18;36;40;32;44;33;42;29;27;26;29;163;24;62;19;105;34;51;82;40;105;47;49;69;53;47;74;34;32;33;37;163;25;30;31;19;57;81;30;33;50;33;18;18;20;42;66;17;30;31;50;46;26;30;19;19;28;16;27;53;47;30;33;28;31;163;47;28;54;81;13;47;18;54;38;47;34;41;31;30;50;30;163;43;32;89;39;26;26;163;20;33;59;129;31;38;49;52;54;28;36;80;32;163;193;27;77;21;78;56;19;77;29;77;105;105;163;27;22;47;42;31;19;36;23;17;111;14;17;49;96;26)
seed_18_level_5-1,1410,19384.773718595505,10350938,5618,(31;58;36;18;36;54;49;163;23;50;163;24;45;35;24;158;44;115;43;113;52;53;17;108;47;29;34;34;32;31;33;35;84;55;35;47;32;47;77;27;140;132;144;26;23;26;29;54;163;17;163;33;34;56;54;35;106;53;32;27;30;25;42;28;18;15;79;37;37;22;52;37;24;26;163;26;26;88;41;163;77;79;46;31;47;126;78;81;107;163;18;139;25;47;47;20;18;76;36;77;81;132;89;25;27;30;35;50;32;82;90;79;35;33;77;23;31;33;47;32;37;26;47;29;81;163;43;29;35;130;16;105;110;163;18;26;54;148;167;54;163;27;32;45)
seed_18_level_5-1,1410,19900.180989980698,10683324,5764,(33;25;54;54;21;25;50;31;42;36;42;60;19;49;33;36;32;23;163;23;79;163;18;47;17;13;163;40;52;47;25;25;26;31;47;63;54;24;17;20;39;139;163;82;81;61;47;163;163;32;54;28;49;23;66;26;54;25;38;18;61;163;88;25;88;53;27;84;113;36;62;110;80;30;28;27;47;57;52;24;131;26;163;132;141;55;53;79;47;111;30;47;47;15;30;15;21;60;30;31;57;47;57;132;44;24;105;31;19;41;63;85;37;30;46;41;105;47;23;18;56;54;21;24;26;128;25;134;37;52;32;24;47;75;24;38;22;118;51;77;25;24;52;111;38;19)
seed_18_level_5-1,1410,20439.805283784866,11094842,5916,(42;44;45;25;143;62;14;51;32;33;163;62;82;34;63;53;29;51;57;57;57;57;32;40;34;47;54;42;36;19;85;112;48;110;17;22;82;20;47;34;42;77;19;30;163;24;25;23;143;163;51;163;28;47;32;38;25;20;58;39;26;21;163;42;28;59;134;65;163;163;50;41;28;22;30;39;32;82;32;51;23;28;139;67;90;28;108;31;19;105;31;52;32;48;163;27;54;33;41;57;57;33;23;57;29;19;24;54;50;51;36;60;31;26;163;52;58;163;63;118;82;16;27;54;113;83;28;33;116;56;56;163;59;99;77;30;163;110;163;22;77;135;23;84;57;27;33;31;47;126;31;21)
seed_18_level_5-1,1410,20952.385342121124,11384080,6064,(18;63;28;125;36;33;68;57;30;31;29;31;26;17;54;50;57;163;44;55;25;163;30;23;22;163;31;23;25;84;47;34;77;31;34;50;38;23;22;113;32;65;27;30;132;58;21;61;54;25;29;20;26;49;33;49;29;35;30;39;34;50;61;58;153;52;42;112;31;36;56;31;43;46;46;51;76;44;31;18;63;163;77;21;47;53;15;21;23;24;24;145;82;101;18;34;83;30;54;47;21;54;31;63;33;163;57;97;26;40;128;49;77;19;32;25;34;33;163;16;34;50;29;24;57;47;30;50;113;50;83;28;27;29;33;163;34;63;26;64;34;23;42;87;23;21;24;40)
seed_18_level_5-1,1410,21473.443824529648,11727900,6214,(48;59;42;32;46;64;38;56;134;35;67;47;42;57;35;26;54;32;25;83;28;57;26;28;19;28;29;55;21;17;53;34;34;163;38;139;27;163;31;29;30;36;134;51;163;39;115;32;132;30;18;17;24;17;33;40;57;32;50;37;163;31;89;24;64;24;61;53;121;35;87;20;35;61;17;26;47;163;21;124;25;37;51;33;32;73;56;36;54;80;37;80;43;36;24;37;36;26;24;16;58;52;43;27;104;30;125;84;47;48;88;49;34;163;163;33;64;19;32;36;89;40;118;38;25;105;22;47;59;163;21;54;24;32;32;163;28;30;33;25;25;16;47;27;57;50;93;137;133;32)
seed_18_level_5-1,1410,21999.863849163055,12126102,6362,(28;30;55;25;40;54;47;27;48;29;87;35;163;41;28;20;26;33;83;163;53;24;52;45;48;47;29;49;81;17;90;79;64;65;57;23;83;30;29;28;57;29;30;58;67;52;42;25;46;101;42;53;22;34;55;61;56;26;52;163;85;55;37;138;118;33;24;65;29;163;130;140;40;57;58;21;109;16;50;25;37;16;149;50;28;109;30;109;26;163;50;87;27;47;84;120;29;25;68;32;163;163;163;40;165;163;32;27;53;106;163;88;57;18;163;18;23;26;29;55;34;35;79;115;21;30;46;25;30;49;29;44;23;23;33;37;21;51;58;30;40;163;32;69;131;21;33;77)
seed_18_level_5-1,1410,22521.567629098892,12430009,6512,(29;25;33;32;26;163;66;26;93;30;56;23;46;57;29;67;33;59;38;28;50;19;124;23;58;46;46;24;86;41;42;79;40;33;39;47;20;22;79;39;58;56;30;43;47;161;57;65;25;24;35;57;40;58;56;80;35;22;57;57;37;28;17;35;163;64;22;33;54;84;23;35;29;55;44;51;44;17;55;46;87;28;29;57;105;22;105;31;57;29;81;25;19;24;32;50;28;81;109;50;50;163;17;15;22;163;163;49;50;25;55;32;48;24;47;39;32;156;110;24;26;52;30;66;50;52;38;31;163;23;54;29;37;173;106;25;34;42;140;22;62;50;23;65;79;36;79;49;32;33)
seed_18_level_5-1,1410,23083.15726661682,12942060,6664,(163;24;163;79;34;54;47;55;22;185;49;152;103;26;113;26;105;24;56;57;163;52;24;86;115;57;31;89;37;62;31;27;24;36;148;115;24;163;36;59;87;84;65;27;24;59;26;38;31;64;111;57;18;25;57;71;163;80;163;30;25;50;47;22;142;59;34;105;77;28;115;84;215;84;17;163;52;90;58;49;58;80;109;21;28;27;50;163;147;27;81;57;53;52;53;24;87;53;58;27;32;17;19;63;29;26;36;24;62;25;185;25;42;18;64;57;36;163;45;18;159;27;40;34;33;29;116;87;54;87;18;58;31;31;17;34;42;28;163;163;53;47;53;163;163;50;26;32;163;163;47;25)
seed_18_level_5-1,1410,23627.31035375595,13412455,6814,(50;26;53;35;56;21;81;86;86;25;146;23;38;18;30;61;79;109;52;26;33;163;31;14;54;37;59;30;59;22;57;56;32;89;77;69;37;147;89;163;28;108;58;38;32;38;47;36;36;75;276;113;163;61;88;54;74;15;27;39;34;26;73;28;51;29;61;43;53;82;42;31;72;163;31;163;31;87;35;33;163;211;50;163;26;36;58;129;51;17;50;19;163;57;18;57;110;50;163;105;53;47;20;54;106;163;59;163;27;47;17;24;32;77;83;84;90;134;24;23;84;40;28;55;42;81;54;35;16;31;25;70;108;30;80;136;47;23;85;47;37;58;163;47;113;47;19;22;47;37)
seed_18_level_5-1,1410,24144.121161460876,13785584,6963,(36;31;30;40;80;118;33;43;32;31;36;86;57;36;69;62;18;31;163;52;62;28;39;62;42;145;24;32;62;33;22;30;163;26;24;14;61;20;76;29;69;57;25;39;51;34;28;25;116;31;37;46;40;26;83;28;58;32;36;71;66;29;163;50;50;51;30;109;27;30;26;27;163;180;19;36;163;22;163;50;35;54;163;28;18;24;34;49;47;32;41;30;36;27;83;26;52;144;116;63;55;42;34;63;42;100;42;66;42;42;61;28;42;163;50;38;48;46;163;30;27;163;14;57;50;47;163;14;19;27;79;45;86;56;60;41;57;19;17;163;163;69;85;33;30;38;39;115;18)
seed_18_level_5-1,1410,24671.096121549606,14186296,7112,(65;24;54;30;19;37;54;74;23;25;144;30;47;50;102;42;42;34;75;31;42;46;54;27;50;50;26;163;79;31;16;22;25;163;163;18;163;109;47;47;40;38;37;35;57;24;54;36;47;37;189;90;24;191;62;52;76;163;20;42;24;19;30;80;28;17;35;19;140;38;50;21;54;115;88;54;28;86;27;66;82;111;83;24;66;139;217;17;33;29;163;87;28;60;143;53;18;65;28;18;30;31;163;50;163;108;24;109;129;29;24;105;40;34;40;63;14;84;17;37;31;57;35;34;113;24;20;22;31;32;81;27;17;50;69;17;22;50;57;19;26;86;29;18;163;51;21;51;51)
seed_18_level_5-1,1410,25203.29431247711,14597148,7264,(21;57;22;23;41;28;84;37;26;40;42;39;57;20;35;45;50;74;51;32;31;19;24;77;87;50;26;163;50;50;22;80;52;25;36;80;109;50;81;110;41;84;163;163;51;50;56;25;40;18;51;49;24;63;24;27;121;39;37;38;116;22;62;34;106;163;23;31;33;22;31;22;61;85;43;17;84;28;54;34;109;24;31;87;163;163;31;38;140;24;83;25;189;57;23;34;149;17;25;34;35;80;163;46;50;36;40;35;163;163;80;19;163;30;35;35;28;108;163;19;54;29;47;25;159;19;105;41;50;163;163;47;60;24;55;57;35;21;24;26;26;24;26;24;25;163;31;57;32;15;80;47)
seed_18_level_5-1,1410,25745.23202943802,15097518,7414,(52;23;42;83;25;56;19;31;143;163;26;53;56;40;60;87;45;57;106;42;58;67;125;178;30;24;22;106;16;163;18;24;81;155;38;47;113;31;15;109;193;56;55;89;141;24;34;119;76;47;122;22;39;93;39;128;119;77;30;60;53;110;20;50;20;17;31;30;37;31;30;54;42;30;15;46;31;31;31;163;109;163;163;29;129;24;163;163;19;17;34;26;105;34;163;163;105;113;28;34;51;17;33;108;189;116;36;27;87;36;26;160;22;54;108;19;54;154;34;132;24;56;57;54;113;38;163;50;50;163;18;109;51;38;50;19;25;54;17;57;57;23;24;53;55;38;17;50;29;113)
seed_18_level_5-1,1410,26278.507947206497,15500562,7565,(163;49;31;49;19;15;43;34;50;57;37;31;16;26;42;51;86;91;87;46;17;43;161;44;53;60;36;85;27;80;30;38;22;27;35;20;27;35;93;54;229;65;26;32;27;54;19;50;24;80;50;36;17;109;28;163;51;77;83;67;28;50;109;50;36;57;62;25;25;54;57;18;108;24;20;108;163;128;26;147;37;36;39;33;129;37;24;197;22;32;47;161;115;57;64;38;77;59;19;59;163;59;49;54;59;34;28;191;47;55;28;81;105;40;17;38;131;28;47;41;22;58;30;17;19;27;50;61;65;56;17;163;26;77;54;80;29;26;13;163;28;37;23;29;24;79;163;163;22;14;51)
seed_18_level_5-1,1410,26816.52896618843,15950770,7714,(51;47;39;43;40;14;32;34;70;34;31;42;30;21;65;35;163;21;73;105;26;29;57;41;18;32;27;163;25;25;116;33;49;16;39;17;67;24;23;24;13;57;53;41;27;163;50;35;163;31;60;30;163;29;22;81;29;47;87;29;163;30;32;30;106;109;108;26;105;18;163;111;163;17;53;113;18;163;50;85;18;18;50;47;109;55;56;163;163;163;88;21;109;50;109;24;21;109;50;122;163;57;40;15;108;34;57;29;37;34;16;109;47;53;47;53;23;25;28;24;34;27;126;23;22;47;163;47;136;47;28;79;142;23;47;50;121;61;77;58;134;163;47;62;163;18;24;48;108)
seed_18_level_5-1,1410,27357.64373445511,16456358,7864,(23;29;34;33;38;21;30;21;49;81;47;23;43;32;61;24;163;199;51;32;54;163;80;87;29;25;57;31;83;34;34;139;28;80;53;27;54;29;57;41;137;78;32;108;47;31;84;39;87;58;28;83;34;53;61;39;109;25;24;105;163;163;48;163;43;35;25;163;15;29;17;24;163;18;21;27;49;56;27;25;36;47;14;51;53;20;27;37;163;14;50;47;21;25;105;79;17;27;163;192;47;47;87;31;56;77;126;47;163;139;31;105;63;18;109;47;47;39;115;163;80;52;48;108;22;30;36;163;108;19;163;56;27;109;163;105;48;163;108;21;163;109;17;24;106;163;26;19;163;50)
seed_18_level_5-1,1410,27914.87848687172,17083889,8014,(109;31;33;163;28;29;100;23;59;29;237;33;17;88;82;44;71;75;34;104;57;93;205;39;24;50;65;19;163;30;26;33;149;29;80;52;56;38;109;56;19;16;141;30;163;86;108;15;163;57;77;55;30;34;47;84;54;163;19;36;58;116;50;58;49;45;163;37;54;22;31;163;30;30;59;163;129;105;61;59;53;25;121;23;43;15;163;24;26;49;181;144;42;145;118;105;163;47;132;32;85;50;56;163;17;105;19;109;52;14;163;105;163;109;25;105;58;21;19;109;47;79;37;163;42;16;21;163;47;19;122;163;109;51;50;78;108;163;163;49;17;90;50;54;28;163;163;64;22;163)
seed_18_level_5-1,1410,28465.203938245773,17579467,8164,(26;33;54;58;31;66;50;25;19;115;57;42;96;87;108;21;33;148;29;163;115;25;29;58;52;163;57;24;112;53;34;16;58;163;163;23;108;20;47;19;42;48;87;29;25;163;31;31;54;163;47;24;32;134;25;32;112;108;17;56;57;147;129;153;163;79;77;115;55;141;121;18;24;76;37;21;107;163;26;115;115;91;22;38;62;77;18;54;142;40;38;27;84;40;26;83;148;163;26;44;27;22;47;77;18;110;79;28;109;51;16;25;163;47;108;20;47;18;134;17;49;163;163;27;50;16;18;28;109;129;27;17;50;79;27;22;24;163;131;22;26;150;17;29;27;50;28;25;50;29)
seed_18_level_5-1,1410,29005.223571538925,18119492,8315,(34;51;29;32;36;106;20;75;41;25;30;55;28;49;54;16;54;35;61;163;27;135;18;163;71;26;47;30;139;163;52;50;28;31;84;25;79;17;47;37;108;40;37;32;29;18;50;116;24;50;50;160;28;86;51;16;25;163;79;28;112;51;60;17;109;109;49;84;19;21;79;50;134;17;163;18;163;32;14;29;87;79;163;87;35;16;113;53;189;191;80;77;23;29;79;53;80;193;38;26;31;77;77;163;35;29;109;252;40;141;163;35;163;17;163;163;169;47;109;54;60;34;40;129;57;49;27;54;50;47;163;48;29;27;38;43;163;34;47;33;105;22;32;25;54;46;37;47;164;27;22)
seed_18_level_5-1,1410,29555.155728816986,18645480,8466,(54;36;27;36;140;83;163;79;52;179;50;30;143;84;19;131;54;79;54;26;40;27;25;33;70;18;30;25;79;25;18;34;22;163;28;163;71;163;50;23;29;27;50;137;31;18;23;42;29;27;27;27;163;108;29;109;74;29;35;29;28;79;50;35;24;131;80;159;16;25;29;29;61;22;61;24;163;17;40;25;114;30;141;26;105;54;108;17;27;80;163;29;47;28;141;29;33;163;20;59;40;23;105;50;26;29;29;59;15;47;26;41;34;22;77;33;53;30;116;126;163;74;58;80;34;16;163;51;163;29;163;163;195;196;79;34;35;163;25;163;115;22;118;57;54;53;108;159;15;34;136)
seed_18_level_5-1,1410,30090.074645996094,19101879,8616,(179;30;113;37;24;86;32;84;16;54;55;28;52;21;42;32;17;17;57;14;42;35;124;53;112;24;70;42;21;18;163;133;23;54;16;26;55;30;163;24;22;29;31;109;163;23;50;51;77;27;109;34;25;82;29;19;50;37;57;163;22;77;82;163;18;79;17;109;163;84;105;50;106;50;50;31;33;80;56;29;25;105;54;129;89;20;128;109;55;163;56;27;32;126;38;81;23;32;19;28;17;27;25;53;34;81;57;28;19;38;27;34;105;47;28;26;34;32;53;57;37;15;182;120;163;32;77;189;25;30;57;198;29;47;27;139;115;57;192;30;28;83;163;163;49;18;30;37;16;26)
seed_18_level_5-1,1410,30630.449908733368,19598725,8766,(163;136;49;42;33;45;163;42;105;54;112;16;24;25;32;18;152;47;50;30;33;49;54;50;19;31;21;26;29;27;77;31;27;25;77;39;16;163;21;16;145;60;33;34;31;35;24;47;139;31;34;21;163;30;57;109;18;59;17;57;31;29;81;133;41;32;198;83;54;33;32;77;105;139;195;61;29;26;47;18;34;131;26;54;105;109;51;57;20;218;25;32;134;17;25;25;163;54;35;18;55;54;50;79;163;33;18;20;90;136;50;88;60;85;84;16;14;163;64;163;47;54;27;47;57;26;57;110;163;33;59;18;163;108;23;163;163;121;57;32;17;27;170;163;50;57;26;28;29;51)
seed_18_level_5-1,1410,31164.783744573593,20025974,8917,(25;63;33;35;14;87;163;35;30;54;31;139;36;57;51;17;58;56;23;54;31;33;132;26;191;34;38;57;54;28;59;58;24;157;34;19;115;47;88;27;87;163;34;189;25;57;61;18;134;163;38;86;63;79;37;32;54;54;33;182;40;30;55;38;24;25;57;43;105;24;25;24;33;113;51;24;30;50;163;163;24;81;23;18;27;21;31;21;37;30;39;105;47;77;58;86;22;105;34;85;26;31;51;48;29;163;29;26;163;54;111;48;163;22;30;19;77;105;59;27;28;60;17;108;25;87;50;22;30;109;134;56;40;17;163;31;26;16;163;26;105;50;29;28;109;15;79;107;21;47;108)
seed_18_level_5-1,1410,31693.33852815628,20449951,9067,(39;24;18;28;54;114;32;76;29;26;82;47;14;49;48;65;29;92;178;18;57;63;29;26;61;60;16;151;30;163;54;39;57;31;38;163;33;63;88;54;54;60;14;18;48;54;163;18;24;56;39;54;163;46;108;24;38;110;53;144;17;41;77;42;77;26;84;53;57;35;47;54;61;36;81;32;163;132;51;153;60;78;26;85;31;27;25;39;163;24;27;77;32;77;184;149;80;50;29;47;50;80;21;83;24;26;56;56;163;15;105;27;158;23;61;19;35;27;30;50;22;16;24;17;21;18;41;50;30;163;58;23;51;30;56;17;79;54;131;28;163;108;15;122;163;16;17;22;163;28)
seed_18_level_5-1,1465,32263.6327252388,21592767,9218,(23;32;82;83;69;25;47;35;25;42;92;24;30;23;163;57;40;35;137;163;54;42;47;54;72;77;24;29;33;17;63;54;56;163;56;36;111;34;26;47;136;24;140;1001;141;36;80;27;189;43;25;17;29;58;51;39;22;24;27;189;189;50;47;23;20;26;79;22;189;51;41;17;18;57;189;21;163;32;18;108;21;32;189;85;189;189;20;109;57;22;28;30;106;33;55;135;18;184;25;50;58;189;208;19;144;23;31;25;137;145;26;30;27;189;192;144;35;77;34;36;19;82;36;113;189;29;57;57;47;122;189;27;25;194;189;53;105;27;36;51;193;26;51;54;33;189;153;84;33;26;47)
seed_18_level_5-1,1465,32790.12428212166,22106783,9367,(88;26;54;40;101;83;24;58;63;228;31;17;25;105;83;24;55;214;34;16;144;49;40;189;32;31;106;24;24;87;21;41;40;43;30;83;14;39;83;47;22;151;37;79;35;37;22;40;21;50;79;26;14;22;31;22;34;189;94;91;51;35;189;18;35;20;49;23;24;50;79;189;38;26;18;54;51;50;20;36;15;31;45;30;88;29;52;80;79;50;84;189;52;58;144;189;33;24;197;24;57;66;27;47;105;200;88;58;32;13;23;24;55;197;41;189;57;26;189;54;21;54;41;16;52;68;24;26;36;86;34;194;77;40;87;54;61;27;54;189;150;201;15;32;42;59;18;29;25)
seed_18_level_5-1,1465,33353.31499528885,22852346,9518,(21;49;22;50;79;83;25;24;87;80;37;189;21;77;54;36;22;58;86;17;34;109;28;58;26;189;19;50;40;29;79;27;156;29;17;18;49;23;21;32;16;57;35;70;189;54;22;61;77;84;54;40;57;54;23;38;246;54;43;33;113;25;31;38;191;164;189;106;41;136;113;109;47;62;47;27;139;54;30;27;32;83;23;25;119;27;49;54;147;41;37;31;173;190;189;212;57;52;184;32;107;142;44;189;33;48;61;145;78;33;148;24;32;42;92;78;21;59;24;40;153;54;15;53;116;30;369;24;96;15;84;240;201;116;18;33;189;47;106;206;185;25;108;22;35;27;34;284;54;189;35)
seed_18_level_5-1,1465,33908.70501112938,23494876,9669,(189;57;24;47;80;47;20;21;22;18;28;24;86;30;40;88;17;31;27;19;28;27;24;22;49;23;22;189;37;15;51;48;32;35;54;35;189;137;26;29;49;79;54;57;17;89;47;82;80;79;19;53;189;30;51;14;135;22;23;189;20;216;24;30;144;105;86;53;30;133;40;83;45;34;83;181;205;39;22;54;34;189;14;86;213;24;137;18;30;91;53;36;53;281;86;217;53;32;186;194;211;24;190;32;151;22;47;34;16;58;54;27;40;77;26;189;35;31;127;193;60;57;202;144;23;43;24;50;191;28;77;54;54;61;80;24;76;28;57;30;57;77;54;83;29;84;39;23;59;114;148)
seed_18_level_5-1,1465,34466.07736611366,24239305,9819,(19;21;40;37;21;37;19;17;51;18;79;14;189;30;136;33;55;105;189;57;18;27;31;80;30;18;47;43;16;21;50;50;37;132;28;43;30;161;50;17;150;25;21;30;17;42;185;87;17;189;189;189;36;196;28;189;68;17;31;15;31;129;141;24;54;36;23;57;52;35;57;105;60;31;34;35;189;84;47;220;56;51;154;81;14;26;105;97;55;83;281;48;218;35;20;26;189;31;34;19;29;121;283;15;14;80;47;189;189;108;189;18;34;22;77;77;40;49;113;78;38;34;52;29;79;39;35;189;189;47;26;58;265;190;112;36;41;34;86;111;50;185;187;16;38;189;22;189;59;36)
seed_18_level_5-1,1465,35007.60931611061,24850973,9969,(27;57;136;25;34;14;79;105;137;189;25;189;23;15;32;136;58;24;33;108;189;32;57;16;55;28;25;79;57;37;26;45;25;83;27;19;105;123;106;26;34;82;113;189;22;25;29;52;33;39;32;147;25;31;113;112;28;189;149;56;37;46;50;32;47;106;189;31;14;40;28;142;17;15;36;35;58;28;14;190;76;26;149;21;51;43;14;189;19;40;110;77;45;26;34;26;54;40;48;33;131;47;27;24;204;185;64;50;185;23;30;140;25;105;33;58;37;33;15;33;54;189;27;118;190;113;37;186;47;18;38;40;20;189;145;34;82;55;201;204;40;21;47;29;33;23;86;189;189;40)
seed_18_level_5-1,1723,35583.95051407814,25673634,10119,(85;22;24;17;210;162;112;67;54;33;14;77;24;61;189;42;189;89;189;47;83;120;62;86;25;112;36;57;51;189;24;50;42;57;136;154;39;61;43;26;57;137;148;87;84;96;189;23;44;43;122;189;189;50;16;118;86;26;55;24;25;86;36;108;189;24;15;27;57;118;14;36;57;189;189;27;54;106;59;47;20;18;49;28;27;96;142;21;28;18;127;120;25;31;81;189;17;129;191;189;51;24;47;105;136;194;79;201;238;219;53;40;49;41;189;85;86;50;139;51;21;17;200;77;105;133;77;105;22;23;189;78;118;79;333;193;106;53;63;89;16;14;77;34;21;30;27;200;28;36)
seed_18_level_5-1,1723,36163.12434244156,26377005,10269,(27;37;159;140;47;76;157;24;31;113;157;113;23;18;50;45;84;38;157;51;157;171;53;157;18;157;21;54;44;157;25;157;25;61;57;61;35;30;59;57;88;64;122;145;84;25;95;87;29;157;44;49;36;136;54;51;157;157;40;139;77;23;157;38;27;26;37;157;16;39;216;117;81;84;56;34;150;185;49;82;33;189;111;47;144;157;23;84;58;36;29;150;195;157;18;29;24;56;188;157;157;23;87;78;109;113;54;25;157;105;47;63;62;83;106;30;31;48;40;34;47;114;217;77;85;29;82;190;110;157;24;27;54;142;53;53;31;136;29;51;147;31;30;30;19;29;60;29;20;157)
seed_18_level_5-1,1723,36699.504979133606,26884728,10419,(56;152;26;23;36;55;47;35;49;161;136;57;61;22;27;50;64;139;51;157;157;157;28;184;82;31;157;54;140;39;49;31;58;78;26;26;50;157;26;140;38;79;115;58;29;32;35;38;16;45;29;17;41;38;26;139;32;140;51;53;54;64;33;110;157;50;63;39;108;59;21;61;58;34;38;36;116;157;61;136;191;152;44;22;47;20;147;34;50;153;48;87;25;61;106;61;32;93;19;14;36;136;20;77;180;157;37;45;88;24;77;59;138;34;205;31;93;25;56;181;54;59;105;25;43;18;77;37;25;38;77;87;22;84;23;54;83;27;49;121;19;44;34;47;15;24;28;35;76;30)
seed_18_level_5-1,1723,37244.66773700714,27482123,10569,(199;53;186;19;55;44;157;15;157;113;59;157;189;23;31;34;191;77;47;86;25;47;105;77;157;42;157;77;133;47;157;129;45;18;37;23;49;28;178;113;189;28;65;88;91;35;152;38;144;32;118;50;30;26;56;69;47;58;35;77;157;30;77;78;28;30;138;149;157;28;50;89;116;26;147;24;49;65;42;19;160;29;27;53;41;29;26;31;39;34;157;157;41;49;139;25;61;80;133;24;53;50;121;51;51;54;31;38;134;27;18;45;87;140;23;69;113;165;58;33;54;32;54;51;152;157;51;115;19;124;39;81;54;84;84;18;30;113;54;26;54;34;113;47;83;113;33;36;57;77)
seed_18_level_5-1,1723,37797.996418476105,28112474,10719,(160;135;47;40;25;24;83;19;26;133;50;61;16;157;27;21;29;17;38;83;54;32;50;16;57;24;54;57;47;24;141;50;39;26;84;50;84;16;61;54;17;184;23;113;113;157;80;57;28;114;47;47;47;26;47;24;35;54;17;166;112;93;50;18;23;33;30;15;60;57;21;196;28;61;84;30;26;23;60;40;47;24;27;56;33;54;38;105;50;24;83;35;31;157;80;249;157;134;113;138;88;15;34;20;51;58;131;24;134;185;36;22;24;309;33;57;77;17;25;138;157;57;157;27;86;24;53;24;113;15;138;157;192;57;80;47;32;332;54;25;77;185;99;35;108;152;33;128;141;147)
seed_18_level_5-1,1723,38359.858448028564,28802943,10869,(151;32;25;79;22;113;25;109;47;29;86;157;52;157;124;58;30;31;29;22;33;80;157;19;149;29;22;157;110;50;29;21;47;157;157;17;47;135;95;28;81;25;14;34;50;35;52;26;57;15;18;87;21;109;24;139;23;24;60;140;82;47;35;84;105;157;15;149;188;105;185;59;157;80;33;88;134;47;157;124;185;105;23;58;88;132;17;71;18;32;157;105;31;120;27;30;79;65;27;61;157;185;113;34;15;36;77;24;91;44;157;149;43;157;34;26;105;28;132;137;77;47;77;145;185;32;21;157;24;157;187;120;133;152;48;77;24;157;152;57;38;40;89;33;93;157;16;47;157;157)
seed_18_level_5-1,1723,38937.10979437828,29617241,11019,(127;23;56;60;83;134;24;134;24;143;24;157;47;57;25;152;18;19;57;54;115;40;144;112;157;157;54;140;24;29;40;132;182;89;25;50;77;113;58;137;157;26;131;105;34;31;51;35;19;34;24;77;40;16;193;54;54;116;157;140;162;51;30;33;22;139;114;88;188;31;52;306;157;87;47;108;47;146;144;25;157;52;25;34;77;43;24;28;51;25;157;147;30;133;24;152;54;113;157;157;47;33;16;56;24;105;131;77;30;16;193;157;18;133;47;36;19;157;189;47;85;58;47;133;157;185;105;133;86;50;77;77;185;105;157;15;157;57;211;65;151;188;24;29;83;76;133;187;80;18)
seed_18_level_5-1,1723,39500.71586537361,30458924,11169,(81;33;63;14;17;152;125;135;164;116;26;35;67;157;23;31;83;33;84;54;157;112;25;26;54;28;140;27;157;22;81;115;157;157;17;110;22;20;157;31;62;65;50;24;38;25;24;30;36;157;18;36;28;38;86;86;29;15;24;33;38;47;81;15;24;34;83;36;269;82;152;33;24;26;51;77;24;17;128;57;31;34;36;149;149;188;34;29;33;142;29;142;26;133;157;157;47;88;320;47;133;50;192;54;54;77;185;16;17;61;58;157;47;24;113;35;185;157;133;271;77;186;93;148;194;59;143;152;105;187;47;54;157;133;21;193;157;186;157;47;37;136;180;110;31;51;183;52;30;187)
seed_18_level_5-1,1854,40061.397203445435,31136531,11319,(157;77;41;54;132;25;57;25;17;153;64;57;57;31;57;40;19;113;40;157;57;53;31;22;35;84;18;27;58;110;26;19;29;183;82;142;19;47;28;27;27;157;136;25;38;54;25;78;47;33;26;77;31;157;47;36;50;57;27;59;57;33;24;19;38;26;157;53;53;16;23;53;21;31;19;29;31;157;25;14;54;26;157;14;182;188;32;120;88;24;180;31;57;185;195;152;26;86;77;192;34;77;33;38;88;146;22;180;188;157;47;157;86;133;16;14;53;194;157;36;133;87;77;147;33;77;113;105;15;31;30;25;157;23;133;188;78;157;57;54;113;13;360;32;54;33;77;133;77;155)
seed_18_level_5-1,1854,40616.380432128906,31828401,11469,(17;30;54;57;78;28;38;29;29;38;57;25;123;32;41;54;33;18;54;40;22;23;155;21;24;39;35;155;36;34;155;86;24;138;22;56;191;57;39;28;132;54;47;54;116;27;47;19;54;14;23;136;33;57;155;32;39;40;105;55;53;155;137;154;155;113;113;113;116;61;149;24;138;36;155;57;54;360;16;155;59;25;155;34;155;155;182;19;23;53;171;180;48;33;133;24;32;182;56;195;29;54;35;53;53;126;110;105;155;155;187;27;142;87;34;19;133;155;36;105;89;34;131;24;36;17;62;188;77;60;23;26;18;14;155;29;78;51;21;16;58;155;31;17;189;185;58;33;29;23)
seed_18_level_5-1,1854,41178.77083897591,32612025,11619,(17;132;154;140;155;40;155;29;34;116;113;105;139;35;155;47;149;54;24;32;128;77;31;24;54;49;168;24;25;32;26;31;21;24;41;51;54;54;155;26;38;105;155;35;113;155;166;77;57;77;47;36;155;22;18;164;89;23;15;22;21;144;32;47;39;82;113;84;31;190;155;142;113;20;110;37;155;109;29;31;65;80;155;155;28;149;141;155;37;54;155;34;155;80;89;152;149;138;142;21;15;40;142;77;33;48;154;115;85;31;136;30;20;37;53;155;139;155;105;133;18;31;23;25;32;135;77;133;33;55;17;147;155;33;36;132;187;155;144;82;113;30;155;113;50;155;19;155;31;318)
seed_18_level_5-1,1854,41737.460126161575,33341471,11769,(32;155;155;115;58;84;132;140;155;37;39;57;50;140;77;15;34;50;155;50;149;87;155;134;25;30;80;169;26;58;54;32;140;40;54;115;18;40;31;30;30;131;80;25;58;21;22;53;65;77;26;26;23;30;26;57;38;82;31;54;155;81;35;57;31;155;155;57;57;41;110;17;50;83;57;14;26;35;105;83;33;14;31;54;116;155;155;23;271;139;54;113;23;30;139;155;23;113;18;133;23;40;29;47;53;20;54;140;155;30;77;139;144;38;152;129;187;22;144;155;54;188;24;19;54;113;83;61;47;155;133;145;28;155;155;185;36;155;155;178;77;155;155;60;81;24;155;155;57;178)
seed_18_level_5-1,1854,42291.29814815521,34028350,11919,(47;33;42;67;36;114;112;32;182;37;58;90;33;38;31;33;14;25;25;24;28;17;47;30;17;26;47;19;47;142;77;30;27;54;155;105;110;155;47;30;149;29;178;111;116;48;24;113;31;49;164;39;28;29;77;47;133;28;107;77;26;53;61;167;155;26;35;40;102;20;31;155;53;155;106;35;155;49;128;181;113;47;41;31;29;157;168;24;57;190;59;57;54;105;16;58;155;118;108;146;155;180;185;86;77;81;61;155;23;21;116;155;204;155;53;180;84;149;16;155;53;146;35;34;121;38;34;15;133;185;47;185;97;126;39;152;24;54;77;16;38;155;32;109;21;35;54;133;22;58)
seed_18_level_5-1,1854,42848.5037252903,34848645,12069,(182;155;19;47;24;16;139;28;105;28;28;155;79;47;37;54;189;115;84;35;30;113;54;30;155;155;31;16;77;136;32;19;32;77;142;14;29;33;80;142;147;30;65;161;29;88;142;47;114;32;53;64;26;171;22;38;155;31;57;49;112;114;155;155;132;54;47;56;24;55;94;159;27;77;38;142;24;34;113;42;66;156;40;24;65;78;155;22;156;39;105;40;31;57;39;61;77;36;54;34;27;136;188;36;155;33;212;185;39;35;136;210;54;146;233;77;33;77;155;155;177;34;77;25;77;47;47;185;348;194;18;133;77;22;188;133;31;207;39;37;131;77;152;47;145;77;50;177;29;53)
seed_18_level_5-1,1854,43394.43342471123,35526707,12219,(155;47;51;155;57;155;77;138;54;87;34;155;23;140;87;15;47;84;155;38;83;139;35;155;61;56;24;25;27;80;22;40;121;26;77;87;182;55;25;23;28;139;58;132;65;53;59;39;53;117;50;31;113;77;76;24;84;26;57;116;29;51;38;36;88;26;26;51;56;58;66;77;50;47;54;77;26;52;60;61;57;47;55;139;88;47;53;54;54;49;269;25;176;32;185;110;178;33;113;155;47;50;32;155;144;24;37;77;35;33;260;187;47;31;31;144;105;155;155;54;185;53;77;85;56;148;47;155;38;30;20;31;318;180;33;32;58;47;146;54;155;32;55;45;25;14;155;31;30;31)
seed_18_level_5-1,1854,43953.48906612396,36278270,12369,(155;84;91;49;77;113;22;58;129;85;79;155;106;17;34;54;50;33;26;21;106;30;47;132;87;32;30;47;155;126;53;41;83;37;22;105;33;155;35;41;155;132;132;32;185;116;139;36;27;24;58;24;83;138;112;139;25;54;26;27;112;138;61;132;35;26;142;24;41;55;31;84;140;113;155;38;155;139;155;194;24;36;36;155;142;77;142;25;53;47;31;318;105;155;63;16;105;47;155;66;57;185;40;54;24;25;155;25;155;77;185;146;57;31;35;15;29;150;244;187;47;77;84;105;185;136;16;31;105;30;27;53;30;18;57;148;136;53;77;185;42;31;47;41;155;31;155;105;66;26)
seed_18_level_5-1,1854,44524.611795425415,37109886,12520,(140;35;118;54;79;17;85;134;24;318;32;50;178;76;29;50;47;155;87;53;25;105;30;25;24;139;77;47;15;58;155;140;16;53;54;155;29;47;141;15;59;178;33;39;31;53;161;155;135;28;35;35;47;139;38;155;51;148;137;57;33;156;57;31;24;142;155;31;126;25;83;24;139;23;23;24;22;22;155;29;57;16;142;155;31;57;34;142;41;21;57;82;19;188;17;318;133;14;155;16;22;57;54;18;269;155;47;191;77;58;54;15;155;188;139;155;77;191;47;138;77;105;29;180;32;31;47;155;77;32;105;19;155;106;105;47;31;77;153;57;105;77;185;55;113;188;16;155;47;50;185)
seed_18_level_5-1,1854,45092.868591308594,38214532,12669,(28;140;36;36;54;54;109;37;40;22;24;38;163;54;113;164;155;24;33;112;144;26;50;17;32;137;129;30;25;57;155;24;164;40;139;31;58;277;113;60;139;63;139;38;161;139;105;139;51;41;155;115;64;165;155;48;51;40;47;35;79;34;155;17;32;141;140;155;26;77;113;32;113;23;24;141;58;133;111;49;23;155;60;57;47;16;57;50;155;26;155;269;35;187;318;105;47;30;269;57;30;16;47;185;185;365;185;180;190;113;25;202;33;185;25;155;187;377;47;22;190;105;105;190;31;47;27;24;39;41;185;29;17;77;144;47;35;191;318;30;47;185;185;54;29;28;25;125;188)
seed_18_level_5-1,1854,45673.434042453766,39305951,12819,(54;77;142;81;106;57;49;37;41;42;47;51;38;77;39;36;34;25;57;23;48;36;57;134;60;143;16;131;61;135;25;41;28;26;155;51;57;105;24;36;25;61;31;114;79;189;37;29;161;54;155;221;140;111;155;23;30;57;155;57;155;134;28;169;24;80;51;140;31;21;47;164;181;26;31;14;155;84;142;57;29;163;16;57;54;54;25;192;29;36;269;31;25;57;186;146;32;318;136;27;185;32;105;31;30;188;318;175;105;47;265;155;144;30;31;318;77;54;26;47;30;185;136;50;185;180;185;77;155;77;105;47;318;200;84;79;77;155;53;105;155;155;155;146;33;105;318;105;18;318)
seed_18_level_5-1,1854,46232.49269914627,40221901,12969,(49;155;115;23;47;14;16;34;69;135;16;14;59;77;23;37;22;16;108;59;85;28;54;132;57;33;58;116;47;34;27;140;79;77;142;140;42;35;221;47;155;57;25;113;24;161;42;40;126;165;192;84;140;54;24;110;30;24;155;25;34;49;139;34;26;142;116;26;51;194;40;26;32;28;126;24;156;113;25;84;35;54;54;51;27;15;16;89;32;35;190;155;190;33;185;29;180;29;133;77;32;15;86;48;34;30;318;185;318;105;269;29;155;180;180;47;36;180;47;185;191;105;185;18;134;32;47;22;34;37;36;27;79;85;318;133;80;28;21;155;27;77;31;147;47;47;265;47;318;54)
seed_18_level_5-1,1854,46817.11064171791,41465673,13119,(61;132;26;25;107;50;48;155;15;139;22;24;47;54;49;23;72;76;35;56;25;139;24;43;50;33;79;132;68;47;73;48;27;20;58;132;25;38;122;58;34;24;142;35;161;42;221;32;30;58;156;32;31;26;30;54;140;57;58;36;25;155;26;194;60;25;28;38;166;40;25;113;83;155;135;155;155;141;155;29;54;31;47;25;35;139;57;318;47;47;318;77;145;37;180;24;190;113;265;55;38;195;37;269;33;47;39;32;265;178;141;47;47;133;133;53;185;180;155;269;241;236;105;20;318;51;47;155;180;180;180;139;318;265;59;18;33;271;30;34;241;318;15;195;185;135;318;77;155;30)
seed_18_level_5-1,1854,47401.403735637665,42533713,13270,(30;34;35;30;155;32;47;69;20;137;138;33;42;136;27;87;25;53;114;37;31;47;69;48;31;48;51;143;19;30;15;14;49;25;164;35;144;38;140;28;25;168;157;155;156;155;155;161;54;24;33;37;140;169;165;29;57;60;30;57;54;54;31;194;34;24;31;140;61;112;31;225;142;84;54;35;86;54;43;318;133;124;318;185;35;22;77;17;200;155;133;180;186;47;43;115;265;318;29;185;31;185;28;188;155;47;155;16;18;77;30;29;155;18;262;33;120;47;270;200;105;54;88;47;148;51;34;222;57;35;145;16;107;133;77;106;200;25;182;133;105;34;47;133;47;13;180;318;133;133;20)
seed_18_level_5-1,1854,47990.25583744049,43631999,13421,(32;14;23;149;155;16;64;15;42;17;155;133;132;49;22;47;15;54;47;32;155;31;16;132;137;38;136;132;34;21;16;20;29;169;45;31;133;194;161;34;53;163;84;24;161;132;24;132;31;26;161;30;155;142;170;168;137;58;166;116;223;25;31;155;200;176;155;26;54;57;41;168;57;31;86;139;140;165;57;82;57;29;22;133;316;155;152;133;266;48;36;77;77;47;155;34;152;77;47;84;19;28;30;32;47;318;35;32;155;57;155;188;47;15;133;269;32;187;20;50;202;47;145;47;145;31;77;77;22;47;149;55;28;143;25;318;139;77;185;25;82;30;150;318;190;318;77;107;133;52;33)
seed_18_level_5-1,1854,48561.61199140549,44483611,13572,(132;192;15;13;34;24;29;29;50;15;89;132;16;16;27;22;31;23;18;132;155;15;21;106;34;132;26;29;21;132;155;48;24;16;31;25;46;55;54;113;58;26;90;155;133;191;28;168;87;140;57;33;223;58;38;155;154;163;160;58;40;57;155;88;29;58;84;19;57;156;116;34;182;155;154;168;55;32;223;116;61;30;57;155;155;155;31;155;155;155;137;34;24;180;36;155;105;225;24;47;47;105;51;144;121;40;122;53;105;89;47;200;186;36;21;188;144;13;185;105;29;134;155;108;32;26;47;47;179;40;189;25;53;65;14;84;133;31;131;23;77;32;33;53;318;155;47;155;19;19;30)
seed_18_level_5-1,1854,49112.41086816788,45308957,13722,(15;132;47;32;132;155;47;135;27;105;155;27;26;87;132;14;47;28;136;82;26;132;105;68;28;132;35;132;32;25;155;132;28;133;185;27;47;47;105;105;59;133;318;47;184;77;110;54;180;57;55;183;35;27;30;18;105;105;27;77;200;121;202;26;19;34;28;200;155;31;105;33;47;105;115;269;47;34;14;189;47;47;47;21;23;190;186;200;34;318;105;47;33;32;61;155;88;140;155;29;27;41;194;32;32;27;113;32;60;113;40;155;29;57;30;27;58;26;40;32;25;39;54;54;88;26;31;54;56;58;161;113;54;58;168;155;23;155;54;113;31;24;77;251;54;25;33;113;140;27)
seed_18_level_5-1,1854,49680.68917489052,46375427,13872,(170;16;155;36;84;54;58;27;171;37;239;57;18;194;163;30;57;57;41;24;36;25;54;31;54;191;24;161;155;170;54;83;59;27;29;155;181;31;164;25;33;164;155;246;28;29;61;40;81;139;18;141;132;26;77;28;142;32;14;134;32;118;22;26;24;89;26;47;148;77;22;15;56;169;132;18;132;14;24;132;26;118;23;16;57;17;132;47;26;15;318;105;269;269;40;155;187;31;200;265;32;177;47;77;77;265;35;30;16;105;26;41;271;38;53;77;28;193;155;19;144;27;53;47;25;47;30;22;200;80;185;155;47;28;318;189;47;196;77;25;77;318;29;26;14;200;32;47;155;269)
seed_18_level_5-1,1854,50244.923659324646,47367574,14021,(155;16;47;28;49;15;60;28;132;31;132;47;132;56;173;59;143;14;23;134;23;28;132;20;132;24;132;112;21;155;132;132;20;132;155;25;15;26;53;246;38;29;155;140;164;32;39;57;26;57;165;47;40;54;54;25;31;31;24;57;27;54;39;29;60;137;32;139;26;25;128;161;31;155;54;189;168;57;58;130;116;164;179;39;24;54;39;242;155;24;147;133;38;42;77;19;241;185;23;35;188;32;77;21;47;18;25;155;133;318;138;105;47;318;318;15;105;31;200;180;56;259;23;58;32;318;133;149;31;31;55;35;42;144;306;47;155;25;26;15;77;77;114;105;155;133;77;54;14)
seed_18_level_5-1,1854,50816.37348651886,48368691,14171,(24;57;139;15;132;22;53;16;32;24;50;57;87;155;33;15;57;132;54;23;18;26;24;35;47;24;19;23;139;32;172;57;85;48;155;13;21;20;47;14;172;47;243;87;77;57;25;109;25;13;54;20;142;15;220;156;155;140;25;54;29;87;14;40;30;30;165;152;23;37;25;54;31;113;57;60;47;57;26;150;155;155;58;115;54;27;50;32;132;318;105;51;78;185;144;318;185;318;121;86;155;34;185;185;32;318;105;19;43;149;54;19;52;14;30;147;47;42;318;30;105;77;105;56;133;77;53;47;77;42;33;77;318;77;119;306;41;15;265;47;53;105;53;318;188;35;21;131;31;49)
seed_18_level_5-1,1854,51416.9734621048,49840398,14321,(246;34;140;27;34;186;36;155;83;28;137;54;194;155;24;25;26;57;165;155;193;155;215;155;14;155;143;57;54;22;24;113;35;189;105;25;25;24;155;26;155;34;23;30;57;51;113;138;155;29;54;36;155;155;34;38;161;54;41;40;54;169;169;57;318;22;26;155;318;135;77;24;144;319;113;21;22;185;47;318;271;19;121;200;318;24;24;77;35;318;54;133;77;105;16;47;47;318;280;47;318;155;187;193;32;48;376;180;155;33;53;77;16;119;54;187;318;25;54;27;105;21;191;187;185;24;54;49;47;318;54;33;155;47;57;33;20;77;134;86;84;181;47;18;42;318;131;155;155;34)
seed_18_level_5-1,1854,51998.858224630356,51031427,14471,(191;30;139;35;116;142;139;24;155;54;155;31;169;17;33;113;155;28;140;35;23;77;88;113;156;31;155;142;36;222;212;33;29;28;126;26;25;23;24;155;60;34;169;88;30;30;169;54;54;60;54;155;140;246;155;35;54;155;192;155;54;25;25;25;25;61;155;31;16;77;37;25;47;110;155;105;36;47;35;41;152;35;318;77;233;36;155;318;105;318;18;155;155;53;38;105;144;47;47;190;136;43;15;193;24;119;19;155;86;47;42;155;47;26;42;51;119;318;133;318;15;193;318;29;41;318;84;47;113;32;121;29;155;141;155;155;15;155;53;155;25;29;155;60;81;155;18;29;22;318)
seed_18_level_5-1,1854,52570.274163007736,52082297,14621,(54;28;140;30;24;28;128;35;83;31;31;84;54;25;83;20;39;155;57;54;189;24;223;32;177;191;57;24;32;194;215;30;108;41;30;50;80;54;30;161;109;24;133;60;140;161;140;171;24;19;155;37;140;155;32;30;61;26;57;57;60;18;57;29;26;155;88;57;155;22;155;155;42;77;42;133;77;51;32;77;47;45;54;68;136;32;269;23;155;49;31;136;318;318;54;17;42;18;77;202;155;42;30;47;155;115;61;43;201;78;56;38;155;318;308;47;131;109;177;47;26;106;307;133;42;77;146;21;193;34;193;57;271;47;155;29;22;42;35;175;23;155;149;43;32;318;121;15;25;43)
seed_18_level_5-1,1905,53166.26337456703,53346003,14771,(159;170;161;30;31;170;158;25;15;192;155;140;129;140;155;215;35;221;18;34;246;155;54;24;170;248;25;53;50;32;109;24;140;161;128;161;29;24;31;24;54;149;26;54;54;41;84;31;38;180;41;27;31;140;189;41;24;30;29;116;161;58;186;19;170;24;61;140;16;31;133;57;183;268;121;54;189;23;122;51;193;129;135;16;135;265;135;241;121;43;155;29;55;77;34;43;318;37;139;135;200;200;18;42;29;54;16;50;16;49;155;318;27;155;356;38;142;23;42;155;77;189;313;51;24;155;141;149;18;28;190;14;155;53;200;147;113;14;34;188;155;73;77;24;47;135;313;19;53;155)
seed_18_level_5-1,1905,53759.95561671257,54525273,14921,(191;57;26;57;61;113;155;189;37;310;189;39;143;168;54;29;170;155;111;140;40;24;31;166;58;140;57;140;249;25;31;30;42;155;61;193;155;189;31;27;61;30;142;47;155;31;42;161;26;26;39;31;155;161;31;155;84;31;57;26;26;54;30;54;38;54;189;28;34;25;313;202;18;59;17;25;243;123;36;28;81;57;31;14;183;16;313;189;105;144;25;57;133;203;180;188;63;155;133;313;155;190;50;25;136;47;57;54;35;61;155;180;313;77;15;119;17;47;79;155;203;155;121;195;144;30;40;21;53;51;144;47;63;32;265;155;133;131;185;23;55;186;34;35;313;34;25;16;24;77)
seed_18_level_5-1,1905,54367.44030499458,55992311,15071,(24;136;54;142;29;155;192;84;43;189;57;140;250;155;221;35;139;139;168;83;155;39;52;28;29;34;313;140;192;35;166;192;23;191;57;221;115;155;57;58;26;170;146;33;161;139;39;51;54;190;142;18;170;191;36;155;164;57;245;155;30;35;33;25;206;54;38;161;167;77;47;42;17;77;20;133;185;189;202;47;180;39;265;34;53;265;313;47;47;200;200;38;58;54;155;42;195;155;142;121;313;155;61;77;313;313;61;77;313;119;219;57;155;13;155;34;313;16;24;75;18;51;34;33;14;25;308;31;24;155;191;77;135;155;63;18;121;31;113;57;32;77;36;185;155;313;77;35;50;36)
seed_18_level_5-1,1905,54976.11763072014,57415356,15221,(198;313;313;189;27;155;52;49;54;22;200;54;105;155;15;47;47;77;105;33;155;77;27;63;32;85;155;313;25;155;19;58;25;155;47;32;313;55;313;135;24;313;313;313;23;33;54;80;42;33;47;202;50;180;119;51;188;105;37;29;42;77;47;105;51;26;155;85;30;189;22;185;52;53;155;196;105;255;313;31;24;83;221;140;183;142;184;57;40;30;221;30;192;57;77;192;57;87;29;25;116;142;29;129;88;155;169;84;24;54;41;140;170;57;57;54;24;222;174;54;223;111;28;180;40;139;24;54;28;54;305;61;27;313;25;182;54;169;224;194;29;192;183;61;30;29;60;155;128;164)
