seed_30_level_4-1,1308,519.9528486728668,723860,150,(562;49;97;55;97;97;97;97;97;97;97;97;42;97;97;97;97;54;61;98;59;98;42;42;47;98;98;42;98;98;98;43;98;57;98;98;63;99;99;67;99;77;60;99;52;78;44;99;78;47;99;44;99;44;65;50;249;42;106;106;62;42;118;106;106;96;43;106;47;42;106;70;57;56;42;45;106;106;55;104;102;106;43;106;100;106;106;106;106;42;106;47;114;106;65;236;42;43;42;42;43;85;42;106;60;45;42;106;106;106;106;106;106;106;83;106;106;42;53;106;106;85;51;42;91;106;106;106;53;42;47;106;106;42;106;51;43;42;106;71;106;84;106;106;106;43;56;67;106;106)
seed_30_level_4-1,1326,1054.8731892108917,1336073,302,(42;42;43;42;42;43;43;42;42;42;42;42;42;42;42;42;42;42;42;42;42;43;43;42;42;42;43;42;42;47;47;45;46;45;47;55;49;51;51;51;53;53;54;55;55;55;51;56;59;60;61;47;69;70;83;84;83;85;85;83;85;96;106;106;106;106;106;106;106;106;103;106;106;106;106;106;106;106;106;106;106;106;106;106;106;106;106;106;106;106;106;106;106;106;106;106;106;106;106;106;106;106;106;106;106;106;106;106;103;106;106;106;106;106;106;106;106;106;106;106;106;106;106;106;106;106;257;106;106;106;106;106;106;106;106;61;60;99;59;106;62;66;79;106;106;106;100;104;70;236;113;83)
seed_30_level_4-1,1326,1579.2247445583344,1968052,454,(42;42;42;42;42;42;42;42;42;42;42;42;42;42;42;42;42;42;42;43;42;42;43;43;42;43;42;42;42;46;46;48;46;48;46;64;48;52;52;58;52;54;53;56;57;57;48;48;57;61;62;63;71;72;84;84;85;85;86;86;87;98;80;103;108;108;108;108;108;108;108;108;108;108;108;130;108;108;108;108;108;108;108;108;108;108;108;108;108;108;97;108;108;108;108;108;108;108;108;108;108;108;108;108;108;108;108;108;108;108;108;108;108;108;108;108;108;108;108;108;108;108;108;108;108;108;108;108;108;108;108;108;108;226;108;92;64;62;60;63;95;65;96;108;108;99;100;104;108;108;257;108)
seed_30_level_4-1,1326,2118.7268998622894,2677468,606,(42;42;42;42;42;42;42;42;42;42;42;42;42;42;42;42;42;42;43;42;43;43;42;43;42;43;43;42;42;46;48;46;48;46;48;48;48;48;52;52;52;55;54;55;57;58;57;52;61;62;63;48;71;72;86;85;85;85;86;86;87;98;108;108;108;108;108;108;108;108;108;108;108;108;108;108;108;108;108;108;108;108;108;108;108;108;108;108;108;108;108;108;108;96;108;108;108;108;108;108;108;108;108;108;108;108;108;108;108;108;108;108;108;108;108;108;108;108;108;108;108;108;108;108;108;108;108;108;108;108;108;108;71;228;236;64;239;60;63;65;108;91;95;108;57;99;100;226;257;48;226;108)
seed_30_level_4-1,2408,2678.461396932602,3669897,762,(42;42;42;42;42;42;42;42;42;42;42;42;42;42;42;42;42;42;42;43;43;43;42;42;43;43;42;42;42;48;48;46;48;48;48;50;57;57;64;52;52;58;52;54;53;55;57;57;57;61;62;63;71;72;85;85;84;86;86;86;87;98;103;108;108;108;108;108;108;108;108;108;108;108;108;108;108;108;110;108;108;108;108;108;108;108;108;108;108;108;108;108;108;108;108;108;108;108;108;108;108;108;108;108;108;108;108;108;108;108;108;108;108;108;108;108;108;108;108;108;108;108;108;108;108;108;108;108;108;103;103;108;108;64;108;67;57;105;227;92;242;108;60;100;257;108;242;108;228;653;236;135;65;135;253;135)
seed_30_level_4-1,2408,3258.0808534622192,4667353,920,(43;43;43;43;43;43;43;43;43;43;43;43;43;43;43;43;43;44;43;43;44;44;43;44;44;44;44;44;44;46;45;45;45;46;45;47;49;49;50;50;51;51;52;53;52;47;53;53;55;55;56;57;61;61;72;72;72;73;71;73;74;85;135;135;135;135;135;135;135;135;135;135;155;135;135;148;135;135;135;135;135;135;135;135;135;135;135;135;135;135;135;135;135;135;135;135;150;135;135;135;135;135;135;135;135;135;135;135;135;135;135;135;135;135;135;135;135;135;135;135;135;135;135;135;135;135;135;144;102;226;57;135;104;135;60;135;60;57;135;63;135;103;100;226;63;149;135;236;135;61;135;67;135;95;258;362;43;60)
seed_30_level_4-1,2408,3827.2454466819763,5854939,1074,(43;43;43;43;43;43;43;43;43;43;43;43;43;43;43;43;43;43;43;44;43;44;43;43;44;43;43;44;44;45;45;45;46;46;46;47;47;49;49;50;51;51;51;52;53;53;52;53;55;55;56;57;61;61;71;72;72;72;73;73;74;79;135;135;135;135;135;135;155;135;135;135;135;135;135;135;135;135;135;135;135;135;135;135;135;135;135;135;135;135;135;169;135;135;135;135;135;135;135;135;135;135;135;135;135;135;135;135;135;135;135;135;135;135;135;135;135;135;135;135;135;135;135;135;118;64;112;135;103;264;60;597;135;96;227;62;157;179;150;257;60;135;111;100;226;362;157;60;81;135;135;43;71;247)
seed_30_level_4-1,2408,4400.059655189514,6765623,1230,(43;43;43;43;43;43;43;43;43;43;43;43;43;43;43;43;43;43;44;43;44;43;43;44;44;43;44;43;43;45;46;46;46;46;46;48;53;49;49;50;51;51;52;52;52;52;53;49;55;55;56;57;61;61;135;73;72;72;72;73;73;74;110;156;90;135;135;135;135;135;135;135;135;135;135;135;135;135;135;135;135;135;135;135;135;135;135;135;135;135;135;135;135;135;155;135;135;135;135;135;135;135;135;135;135;135;135;135;135;135;135;135;135;135;135;135;135;135;135;135;135;135;135;135;91;59;103;154;114;60;97;63;135;135;150;148;135;135;155;135;169;96;100;62;71;239;67;135;257;67;104;226;72;64;60;135)
seed_30_level_4-1,2408,4951.4524974823,7705593,1383,(43;43;43;43;43;43;43;43;43;43;43;43;43;43;43;43;43;44;44;43;44;43;44;43;44;43;44;43;44;46;45;46;46;46;46;47;49;49;49;50;51;51;51;52;53;52;53;47;55;55;56;57;61;61;72;72;71;73;73;73;74;62;90;135;135;135;135;135;135;135;135;135;135;135;135;135;135;135;135;135;135;135;135;135;135;135;135;135;135;135;135;135;135;135;135;135;135;135;135;135;135;135;135;135;135;135;135;135;135;135;135;135;135;135;135;135;135;135;135;135;135;135;135;154;135;135;103;60;60;362;65;63;80;135;157;131;155;150;135;135;80;103;135;135;96;79;100;178;97;226;135;243;135)
seed_30_level_4-1,2408,5527.196357250214,8847814,1537,(43;43;43;43;43;43;43;43;43;43;43;43;43;43;43;43;43;44;43;43;43;44;44;43;44;43;43;44;43;45;46;45;45;45;45;48;53;49;49;49;50;51;50;51;52;53;47;53;55;55;56;57;61;61;72;72;72;73;71;73;74;85;135;135;135;135;135;135;135;135;135;135;135;135;135;135;135;135;135;135;135;135;135;135;135;135;135;135;135;135;135;135;135;135;135;135;135;135;135;135;135;135;135;135;135;135;135;135;135;135;135;135;135;135;135;135;135;135;135;135;135;135;133;135;159;135;135;135;135;135;96;60;597;236;247;102;227;157;135;179;149;148;257;64;103;103;57;100;226;135;61;103;135;135)
seed_30_level_4-1,2408,6097.130751132965,9851414,1693,(43;43;43;43;43;43;43;43;43;43;43;43;43;43;43;43;43;43;44;43;43;43;43;43;44;43;44;44;43;46;45;46;46;46;46;47;48;49;49;53;50;50;51;51;52;52;53;52;55;55;56;47;61;61;73;72;72;72;73;73;74;85;135;226;135;135;135;135;135;135;135;135;135;135;135;135;135;135;135;135;135;135;135;135;135;135;135;135;135;135;135;135;135;135;135;135;135;135;135;135;135;135;135;135;135;135;135;135;135;135;135;135;135;135;135;135;135;135;135;135;135;135;130;135;135;92;117;135;135;362;60;57;258;135;149;103;112;155;135;104;103;103;57;100;257;43;226;135;158;78;62;135;227;50;60;135)
seed_30_level_4-1,2408,6662.826419591904,10857777,1848,(43;43;43;43;43;43;43;43;43;43;43;43;43;43;43;43;43;43;43;43;43;43;44;44;43;43;44;43;43;45;46;46;46;46;46;53;47;47;49;49;50;50;51;52;52;53;53;47;53;55;55;56;61;61;72;72;72;73;71;73;74;79;135;135;135;135;135;135;135;135;135;135;135;135;135;135;135;135;135;135;135;135;135;135;135;135;135;135;135;135;135;135;135;135;135;135;135;135;135;135;135;135;135;135;135;135;135;135;135;135;135;135;135;135;135;135;135;135;135;135;135;135;91;169;135;135;135;60;64;60;57;57;135;150;155;154;173;135;62;103;135;103;114;100;257;47;227;229;135;60;156;135;135;362;274)
seed_30_level_4-1,2408,7239.45673251152,11879202,2001,(43;43;43;43;43;43;43;43;43;43;43;43;43;43;43;43;43;44;44;43;44;43;44;43;43;43;43;43;44;45;46;45;45;46;46;57;48;47;49;49;50;50;51;51;52;53;47;53;53;55;55;56;61;61;71;72;72;72;73;73;74;135;85;135;135;135;135;135;135;135;135;135;135;135;135;135;135;135;135;135;135;135;135;135;135;135;135;135;135;135;135;135;135;135;135;135;135;135;135;135;135;135;135;135;135;135;135;135;135;135;135;135;135;135;135;135;135;135;135;135;135;135;135;154;148;135;135;135;135;226;60;231;96;57;104;247;157;155;150;92;236;135;64;103;135;64;100;257;51;229;135;362;43)
seed_30_level_4-1,2408,7822.598561525345,12921699,2158,(43;43;43;43;43;43;43;43;43;43;43;43;43;43;43;43;43;43;44;43;43;43;43;43;44;44;44;43;44;46;45;45;46;46;46;53;53;48;49;49;50;51;51;52;52;52;52;49;55;55;56;57;61;61;73;72;72;71;73;73;74;85;135;90;135;135;135;135;135;135;135;135;135;135;135;135;135;135;135;135;135;135;135;135;135;135;135;135;135;135;384;135;135;135;135;135;135;135;135;135;135;135;135;135;135;135;135;135;135;135;135;135;135;135;135;135;135;135;135;135;135;135;135;135;111;92;135;135;169;101;99;64;135;258;135;148;155;150;135;103;103;57;61;167;47;102;135;362;44;135;135;247;135;154;135;60;84)
seed_30_level_4-1,2408,8402.31236410141,13995229,2313,(43;43;43;43;43;43;43;43;43;43;43;43;43;43;43;43;43;44;43;44;44;43;43;43;43;43;43;44;44;45;46;46;46;45;45;48;49;49;49;50;51;50;51;52;52;52;53;47;55;55;56;47;61;61;72;72;72;73;71;73;74;79;257;135;67;135;135;135;135;135;135;135;135;135;135;135;135;135;135;135;135;135;135;135;135;135;135;135;135;135;135;135;135;135;135;135;135;135;135;135;135;135;135;135;135;135;135;135;135;135;135;135;135;135;135;135;135;135;135;135;135;135;135;135;135;135;135;96;155;135;135;64;57;100;135;108;149;179;150;236;97;135;105;135;135;99;247;66;362;43;157;414;135;135;135)
seed_30_level_4-1,2410,8976.623895406723,15240759,2468,(43;43;43;43;43;43;43;43;43;43;43;43;43;43;43;43;43;44;43;44;43;43;44;44;44;44;43;43;44;46;45;46;46;45;46;53;57;47;49;49;53;50;51;51;52;52;52;53;47;55;55;56;61;61;71;72;72;71;73;73;74;81;90;135;135;135;135;135;135;135;135;135;135;135;135;135;135;135;135;135;135;135;135;135;135;135;135;135;135;135;135;135;135;135;135;135;135;135;135;135;135;135;135;135;135;135;135;135;135;135;135;135;135;135;135;135;135;135;135;135;135;135;287;135;104;92;226;135;64;103;169;135;103;597;57;135;148;150;60;155;63;229;135;100;99;362;135;64;459;66;64;103;73;236;105)
seed_30_level_4-1,2410,9491.280585289001,16136707,2610,(45;44;44;45;45;49;47;56;57;49;257;74;68;103;93;70;45;99;103;44;103;103;103;103;103;101;103;103;103;103;103;102;103;44;103;103;45;45;103;45;235;96;70;103;103;103;103;63;57;63;356;103;105;103;103;103;106;103;225;63;103;116;44;103;103;103;103;103;103;47;231;103;61;103;90;103;103;103;103;99;60;99;61;106;103;103;103;103;103;103;226;103;103;226;322;103;103;45;103;229;47;103;48;103;49;84;64;51;118;103;103;103;105;103;103;103;103;103;103;103;102;103;65;103;103;64;227;241;103;44;103;103;99;103;103;122;84;103;105;103;54;103)
seed_30_level_4-1,2410,10070.002276182175,17443515,2762,(44;103;80;94;63;102;57;103;103;103;103;103;118;57;44;106;57;229;65;47;65;84;103;103;70;103;63;103;96;103;103;103;103;103;77;103;251;103;57;103;222;103;105;103;68;97;78;96;103;322;219;103;105;103;90;45;103;103;103;103;103;103;103;247;103;103;45;103;103;103;103;103;103;103;103;60;324;103;246;103;103;103;103;110;103;103;103;103;67;54;356;97;103;49;57;103;103;103;103;252;103;108;103;103;44;103;227;103;44;103;103;75;103;103;103;103;356;103;60;103;44;103;103;103;103;103;69;103;70;115;227;64;322;103;231;64;103;226;103;103;103;104;103;356;81;229;70;103;44;66;49;358)
seed_30_level_4-1,2410,10611.50315451622,18559179,2907,(45;103;80;44;103;82;226;105;103;113;80;103;65;92;103;103;103;230;103;108;103;73;103;356;104;66;44;81;89;103;103;103;103;103;103;103;103;103;103;103;103;103;103;103;49;69;227;44;103;79;103;233;103;103;57;80;45;53;103;103;138;247;103;103;103;103;65;68;103;104;103;103;103;103;227;80;77;225;69;103;230;103;103;103;104;82;103;103;325;44;103;44;71;44;103;59;143;99;103;229;103;103;103;103;324;44;228;224;103;103;44;103;103;45;103;103;103;103;44;80;103;103;103;103;322;63;103;94;77;104;81;104;69;108;64;49;323;103;103;103;64;103;117;103;100)
seed_30_level_4-1,2410,11198.616797208786,19822467,3061,(44;93;44;61;103;104;81;96;103;103;103;103;103;103;103;103;76;103;110;51;227;103;103;103;94;44;44;103;105;103;103;44;103;65;83;103;103;49;103;103;77;81;103;103;82;103;225;103;103;103;96;103;103;103;100;103;65;103;111;103;103;103;103;322;54;323;71;244;108;225;48;104;64;67;103;103;103;103;105;103;103;356;103;103;103;103;233;103;45;77;103;75;265;57;65;78;109;103;103;103;44;103;103;105;49;103;103;102;103;230;103;226;110;62;325;80;103;223;226;103;103;103;49;103;56;103;103;96;103;72;103;103;103;356;103;103;138;103;226;103;103;103;103;90;79;226;66;234;103;226;53;79;79;226)
seed_30_level_4-1,2410,11739.81233906746,20851417,3207,(45;103;44;104;77;103;103;65;103;73;103;104;108;115;66;103;103;103;109;244;88;103;103;103;103;105;103;223;103;103;103;103;103;44;71;103;103;96;44;45;103;103;230;103;105;103;122;103;109;62;103;96;94;103;76;103;103;103;103;61;103;103;103;103;233;71;103;49;104;103;103;54;103;322;103;103;104;49;103;229;103;225;244;83;101;103;103;226;103;356;103;103;103;103;103;103;68;103;101;57;230;103;103;103;103;103;99;103;103;103;100;103;56;103;103;53;103;103;82;103;72;103;323;65;103;103;103;76;69;104;103;139;103;103;114;103;103;101;100;103;103;103;79;107;103;118)
seed_30_level_4-1,2410,12313.579982280731,21946973,3360,(82;103;106;103;103;103;97;108;103;103;102;104;104;103;103;103;325;45;77;63;52;223;53;103;103;103;103;103;103;103;103;67;108;72;103;103;103;104;103;103;103;226;79;103;70;66;103;106;100;115;103;71;96;103;103;103;103;103;103;57;103;71;72;103;45;103;71;103;103;45;240;103;45;219;219;103;103;80;103;94;103;44;103;103;68;103;45;103;230;65;103;103;103;103;103;103;322;103;356;103;103;238;103;103;103;109;103;126;103;103;103;79;103;103;66;103;103;103;100;64;219;103;103;100;103;103;103;49;103;322;103;103;67;84;103;103;240;60;103;74;63;53;99;103;103;71;79;103;62;126;103;226;83)
seed_30_level_4-1,2410,12901.53711938858,23280721,3514,(232;103;44;103;103;62;66;103;66;106;107;103;94;96;103;103;103;235;106;103;103;103;103;103;103;107;64;103;80;49;117;135;48;49;103;94;58;57;226;103;103;103;103;94;105;70;226;103;77;103;226;54;103;103;103;103;103;322;54;103;229;223;103;244;103;103;103;224;103;226;102;239;103;71;103;103;53;108;103;103;103;322;226;103;103;226;103;103;103;318;81;103;70;96;103;82;108;75;102;103;225;103;322;103;103;103;103;103;44;106;226;82;103;103;44;103;103;103;103;66;103;103;103;103;103;99;103;103;356;228;228;103;57;226;102;103;104;103;103;57;104;110;103;103;103;103;103;103;44;61;103;103;103;103)
seed_30_level_4-1,2410,13471.104474782944,24267848,3666,(135;73;103;103;103;103;48;230;103;103;103;44;103;44;103;103;103;103;103;103;103;103;103;66;99;103;103;103;103;103;103;103;102;103;71;75;58;103;44;103;103;103;103;104;266;103;74;96;103;103;103;103;103;103;103;103;44;103;99;103;82;103;103;103;122;103;103;239;103;103;96;322;103;103;64;103;123;69;104;103;69;103;60;103;103;103;103;103;103;103;44;76;226;103;103;229;100;103;103;103;44;112;100;119;103;104;64;239;103;103;67;103;226;105;99;103;99;99;53;103;103;225;103;111;103;235;103;100;95;125;119;103;103;103;103;103;103;112;103;103;122;225;103;44;83;103;45;103;63;84;62;103)
seed_30_level_4-1,2410,14050.844050168991,25493428,3816,(110;54;262;103;103;103;103;103;103;103;61;103;103;108;61;59;103;103;103;103;68;103;103;81;103;47;74;103;103;103;223;44;102;100;103;226;103;92;103;240;64;103;103;67;44;104;103;103;103;75;230;103;103;103;57;103;103;103;103;103;107;103;121;103;66;100;119;122;95;226;103;125;103;122;103;103;103;103;122;264;322;103;116;114;103;108;103;103;116;103;103;109;102;103;103;103;322;103;118;62;56;103;103;266;103;44;103;103;247;103;103;62;69;103;103;113;103;103;103;104;122;103;103;117;117;226;103;58;103;235;103;103;103;103;103;103;227;103;103;320;250;96;103;103;226;103;103;103;103;222)
seed_30_level_4-1,2410,14625.483328580856,26841862,3965,(119;95;103;104;80;103;103;102;223;103;83;125;103;103;44;235;95;232;119;105;103;95;113;118;322;97;113;225;103;81;44;54;103;103;240;103;44;69;103;103;103;103;57;103;103;61;112;103;103;103;44;63;103;322;226;109;99;226;103;103;335;103;103;103;103;103;122;64;103;103;120;103;103;110;103;44;104;79;103;79;103;73;103;171;103;103;103;356;226;103;103;103;103;112;103;356;103;322;100;103;105;103;103;102;103;103;69;222;71;61;110;98;226;103;103;69;103;103;64;226;103;44;44;226;103;103;103;322;62;103;103;105;103;62;103;103;103;80;103;67;70;48;226;103;103;103;103;226;103)
seed_30_level_4-1,2410,15213.281678915024,28186814,4116,(112;55;103;103;103;108;201;44;107;98;154;167;104;103;56;103;103;110;103;103;103;57;103;72;103;103;223;103;109;103;98;237;69;103;103;103;104;102;100;103;103;44;103;95;227;79;103;103;103;104;103;103;226;103;105;103;111;103;356;62;60;103;99;124;103;227;103;44;226;226;103;103;100;229;104;322;103;59;76;103;103;103;103;103;103;96;57;103;100;103;101;99;103;83;103;103;112;128;104;322;101;103;103;103;103;226;103;356;103;227;103;356;230;103;103;103;60;103;103;103;103;103;236;104;103;59;103;103;103;103;65;103;106;102;231;103;61;107;106;64;106;101;103;103;103;103;120;235;103;228;103)
seed_30_level_4-1,2410,15770.758279800415,29273126,4266,(230;103;103;103;44;103;103;103;75;76;77;84;55;44;103;66;61;100;66;103;66;134;44;106;103;107;88;103;103;67;69;64;103;103;72;229;79;72;44;97;45;115;69;70;231;103;103;103;103;103;104;233;61;223;64;103;79;67;103;103;254;71;103;44;103;227;101;44;103;103;60;114;58;103;103;237;75;103;95;73;69;70;68;103;103;109;99;110;90;222;105;81;103;231;96;107;91;103;97;100;103;226;60;100;108;103;103;111;103;103;103;356;103;66;104;103;222;68;103;103;103;103;103;229;225;226;103;103;64;103;103;79;103;103;103;226;64;103;105;103;64;103;121;44;103;103;226;103;103;231)
seed_30_level_4-1,2410,16357.648039579391,30676622,4416,(103;71;103;103;103;103;103;103;103;103;103;105;235;71;109;103;103;101;103;103;105;84;103;103;103;103;227;224;224;101;61;103;103;103;103;103;69;103;119;239;226;322;254;98;82;103;103;103;258;103;51;227;44;113;68;79;102;79;119;44;78;226;230;103;103;118;103;103;103;103;82;226;116;103;57;103;103;228;103;103;103;103;62;226;105;103;103;226;103;103;103;103;103;103;103;103;103;103;103;66;103;104;103;103;103;103;54;103;62;222;67;103;322;103;67;103;103;103;222;103;103;103;103;71;232;103;103;231;103;103;103;103;224;103;106;105;64;103;102;103;226;226;103;103;226;226;357;226;103;103)
seed_30_level_4-1,2410,16959.783051252365,32304626,4569,(103;103;103;103;103;66;322;103;74;103;105;72;103;103;225;141;103;69;322;71;103;103;103;122;103;240;103;103;103;103;103;103;44;103;103;103;235;103;65;103;102;103;103;103;228;103;81;66;226;65;103;103;102;103;103;66;68;103;227;103;103;103;103;103;225;61;103;103;227;95;254;103;255;44;45;69;103;67;103;54;103;224;103;103;103;103;103;103;257;103;103;89;92;103;103;85;96;92;346;226;67;222;388;322;241;100;103;103;103;322;105;230;107;103;322;103;103;103;64;103;103;103;103;103;103;53;117;97;80;104;119;99;103;103;167;103;357;103;103;103;103;103;103;103;226;103;103;226;60;103;357;226;103)
seed_30_level_4-1,2410,17545.126484632492,33748433,4722,(103;223;81;103;114;103;79;103;103;103;230;103;61;132;103;103;103;72;103;103;261;120;126;57;103;83;72;245;107;64;226;103;103;68;103;103;75;103;103;227;100;103;103;225;64;103;103;100;103;103;224;103;103;103;103;94;219;81;103;103;103;103;103;236;67;103;103;103;103;103;103;103;103;72;103;101;222;103;100;103;103;104;68;103;101;45;103;322;61;103;120;103;103;111;103;103;103;225;82;241;103;108;103;100;103;108;227;103;103;103;103;103;103;103;102;103;103;101;103;357;103;103;103;318;74;91;103;101;93;103;103;95;103;64;103;388;240;103;103;229;103;103;226;103;103;322;227;96;228;99;103;103;226)
seed_30_level_4-1,2410,18138.63198018074,35488164,4872,(223;103;72;66;244;103;105;103;103;117;103;73;240;356;68;103;84;103;103;103;103;64;221;103;227;239;103;224;226;103;57;103;103;103;103;103;109;225;103;245;106;99;238;103;103;96;66;103;103;60;100;101;81;100;233;103;103;107;103;103;102;236;103;107;103;70;103;93;103;104;96;103;103;226;103;79;68;103;66;223;226;103;79;100;103;239;318;318;226;64;103;103;100;226;318;103;101;103;103;103;103;230;254;229;103;267;104;103;82;105;103;78;227;103;226;65;64;103;103;67;103;73;66;232;103;103;75;66;433;104;235;103;226;103;100;122;103;226;239;103;103;103;100;226;107;322;103;103;226;103)
seed_30_level_4-1,2410,18728.69497013092,37176225,5022,(236;76;67;114;103;103;44;65;103;103;103;233;98;81;225;103;120;226;103;104;103;79;103;58;103;122;115;100;69;100;105;103;115;103;103;226;74;103;103;103;64;103;226;227;83;226;227;68;79;103;103;236;103;103;103;103;103;103;103;103;101;45;103;226;245;103;65;103;103;125;60;103;117;103;66;103;100;102;101;322;103;103;103;90;103;225;103;103;227;103;103;103;64;254;103;99;44;79;103;103;98;239;103;98;103;103;103;103;104;103;103;103;103;103;96;79;331;239;103;236;103;103;103;60;103;103;356;103;226;320;103;318;103;318;103;103;103;103;64;356;226;322;64;103;226;64;226;103;322;357)
seed_30_level_4-1,2410,19318.747659921646,38891460,5174,(233;97;103;243;103;106;69;103;103;104;107;70;105;103;100;66;103;103;105;103;75;74;103;103;75;103;239;103;75;243;103;102;108;103;226;69;103;103;228;226;45;100;65;103;228;103;103;64;103;103;103;103;331;103;103;103;98;226;73;72;103;103;103;103;356;103;237;103;103;103;103;57;66;226;109;103;92;103;261;103;103;104;74;105;103;44;80;254;226;61;103;103;103;322;101;103;79;68;103;226;79;201;226;226;103;44;331;236;103;103;67;103;103;103;103;103;103;322;226;103;60;322;226;103;103;232;103;102;318;115;237;103;318;70;103;103;101;103;226;103;324;101;101;103;100;103;103;103;103;318;103;103)
seed_30_level_4-1,2410,19908.182885169983,40542844,5323,(74;74;103;103;237;106;103;103;241;230;74;103;226;103;104;99;44;83;103;103;103;239;67;79;76;219;103;82;103;103;103;100;236;66;103;104;67;103;103;103;103;240;103;101;224;103;226;103;103;103;103;60;105;103;356;103;239;103;105;104;103;101;103;44;103;103;103;228;103;95;64;65;112;103;100;103;138;61;101;106;115;57;85;103;226;103;322;239;226;103;114;103;64;85;103;105;254;103;103;103;103;103;103;228;103;331;67;64;356;356;103;103;103;226;103;103;329;72;103;103;322;66;103;103;246;103;318;103;226;103;103;103;103;103;232;103;103;103;318;237;103;64;103;103;103;103;103;103;103)
seed_30_level_4-1,2410,20513.584114789963,42337942,5475,(243;100;114;103;103;103;103;102;99;103;97;103;103;60;226;103;94;222;103;255;103;44;93;108;103;102;80;103;103;112;77;103;227;101;103;103;64;103;103;103;103;69;103;242;103;240;103;103;103;59;103;100;103;103;103;103;103;103;69;103;78;112;227;104;226;103;103;103;103;318;401;103;103;103;103;228;103;225;239;248;103;103;233;114;103;83;322;103;103;103;67;64;103;103;236;103;98;103;103;123;103;103;60;103;103;103;108;100;60;228;318;101;103;103;103;103;322;226;103;103;103;115;64;103;103;66;107;103;103;103;329;231;64;356;239;104;322;103;103;103;103;103;356;240;103;103;222;238;226;245;322;103)
seed_30_level_4-1,2410,21106.966168403625,44015460,5626,(240;103;103;103;103;103;240;103;103;103;103;100;103;227;228;103;70;103;103;103;240;60;107;103;65;103;248;230;103;243;115;110;103;103;96;103;103;103;103;103;96;97;103;226;69;103;86;103;103;103;103;242;226;70;105;44;103;103;103;318;226;103;107;103;226;226;103;103;103;103;226;103;103;103;227;103;103;103;103;65;105;80;235;103;103;65;251;81;322;103;227;239;102;104;60;104;147;98;83;401;239;103;63;99;103;103;63;318;103;103;103;103;103;103;103;103;90;64;103;103;105;103;103;322;103;229;98;103;245;79;226;103;103;113;235;222;103;70;67;103;103;103;322;103;103;60;103;103;226;226;238)
seed_30_level_4-1,2410,21701.484854221344,45747943,5778,(243;93;103;109;103;103;57;65;63;103;57;103;103;94;226;103;79;103;97;79;69;226;44;80;100;103;69;103;104;101;44;103;401;103;65;103;103;103;103;64;229;103;90;103;58;226;96;105;103;103;318;103;240;103;387;98;109;239;240;100;64;242;103;65;85;224;235;116;228;69;107;116;76;241;80;85;222;68;103;68;103;103;65;66;81;322;116;67;67;103;103;103;228;103;223;322;103;67;103;83;102;70;235;226;103;103;318;103;80;103;70;243;103;66;99;99;226;103;226;103;103;103;103;103;104;103;102;322;322;64;222;98;103;117;322;101;226;109;109;103;103;103;103;103;108;356;100;103;65;226;103;103)
seed_30_level_4-1,2410,22304.473976135254,47768862,5927,(243;261;103;103;103;65;108;122;100;103;238;267;122;97;103;103;110;66;103;106;97;117;103;103;65;120;103;103;99;103;255;122;240;103;318;103;71;103;226;103;226;103;103;103;64;70;103;69;103;103;237;226;226;238;103;401;103;108;104;103;103;120;103;103;103;322;91;395;103;103;107;245;103;103;64;103;92;322;82;114;119;239;103;222;59;318;94;223;109;57;103;104;230;226;235;103;103;95;95;103;356;103;103;92;103;243;322;322;103;228;243;62;64;241;236;243;228;103;243;103;226;98;107;228;57;387;103;101;103;322;103;103;103;103;101;61;103;78;103;103;103;103;112;103;103;103;121;103;224)
seed_30_level_4-1,3362,22919.690872192383,50366755,6077,(74;356;103;116;100;100;78;103;78;255;103;103;103;229;105;103;62;104;103;62;101;103;103;103;101;103;103;239;103;241;103;325;103;103;103;103;237;110;103;67;57;102;103;106;70;103;103;96;103;103;103;107;107;103;103;401;103;105;103;103;103;44;63;103;103;103;103;103;103;103;356;103;103;103;103;103;318;103;322;226;62;103;99;239;103;54;103;86;91;103;103;103;226;49;103;103;226;51;1001;83;226;226;230;105;105;233;226;231;227;223;79;323;105;223;120;103;105;105;229;105;87;226;358;226;333;101;365;323;81;323;81;323;67;243;57;323;105;85;105;246;64;105;105;323;103;108;105;358;243;226)
