seed_9_level_1-4,1227,526.4588904380798,502777,150,(57;54;65;100;54;100;100;90;100;56;100;100;59;56;54;100;100;100;100;53;129;100;52;56;52;100;100;100;52;54;100;58;55;109;52;62;100;66;100;100;100;55;90;100;52;100;52;53;57;52;52;100;100;100;100;57;217;91;84;100;100;100;54;52;100;52;53;56;100;90;100;100;58;58;59;106;249;100;54;100;53;52;65;100;57;100;100;52;83;53;100;63;57;84;59;56;57;100;55;56;53;85;52;55;100;100;53;100;53;100;100;57;51;100;53;57;53;59;79;100;54;62;100;52;62;55;53;100;52;52;52;107;53;52;53;54;55;56;100;100;68;100;53;55;100;100;57;62;100;52)
seed_9_level_1-4,1227,1057.7890388965607,1013029,302,(100;100;100;100;100;100;100;100;100;100;100;100;100;100;100;100;100;100;100;100;100;100;100;100;100;100;100;100;100;100;100;100;100;100;100;100;100;100;100;100;100;100;100;100;100;100;100;100;100;100;100;100;100;100;63;54;68;55;57;58;58;57;57;56;59;57;57;57;57;57;59;57;55;66;52;59;62;66;54;54;55;53;93;54;55;53;55;62;53;56;53;53;56;56;56;52;55;57;58;53;53;53;52;51;62;53;54;54;52;52;58;52;52;52;52;52;53;52;54;52;52;53;53;53;52;52;52;52;52;54;52;53;53;57;65;84;84;85;82;79;107;90;91;90;89;129;109;107;254;64;218;58)
seed_9_level_1-4,1227,1591.8898429870605,1528413,454,(100;100;100;100;100;100;100;100;100;100;100;100;100;100;100;100;100;100;100;100;100;100;100;100;100;100;100;100;100;100;100;100;100;100;100;100;100;100;100;100;100;100;100;100;100;100;100;100;100;100;100;100;100;100;63;55;68;55;57;59;57;57;56;58;57;57;57;57;57;58;57;57;55;66;52;59;62;55;65;54;54;55;53;54;55;53;55;62;53;97;56;53;56;53;56;53;56;56;56;52;53;57;58;52;55;62;54;53;52;52;58;52;52;52;52;52;53;52;54;52;52;53;53;54;52;52;52;52;52;53;52;57;57;65;84;84;84;82;93;78;90;91;107;88;89;129;109;109;249;100;217;57)
seed_9_level_1-4,1227,2122.864889860153,2039135,606,(100;100;100;100;100;100;100;100;100;100;100;100;100;100;100;100;100;100;100;100;100;100;100;100;100;100;100;100;100;100;100;100;100;100;100;100;100;100;100;100;100;100;100;100;100;100;100;100;100;100;100;100;100;100;63;54;68;55;57;58;57;53;56;58;57;57;57;57;57;59;57;53;58;53;53;66;52;59;62;55;66;54;54;55;55;54;55;53;55;62;53;53;53;53;56;56;56;56;56;56;52;58;58;52;51;62;53;53;52;52;58;52;52;52;52;52;54;52;53;52;52;53;54;53;52;52;52;52;52;54;52;56;64;85;84;84;83;79;53;88;91;106;53;88;90;129;109;109;249;100;218;84)
seed_9_level_1-4,1227,2647.9547810554504,2551801,758,(100;100;100;100;100;100;100;100;100;100;100;100;100;100;100;100;100;100;100;100;100;100;100;100;100;100;100;100;100;100;100;100;100;100;100;100;100;100;100;100;100;100;100;100;100;100;100;100;100;100;100;100;100;100;63;55;68;55;57;58;57;56;59;57;57;57;57;57;59;57;55;66;52;59;62;55;66;54;54;55;53;55;54;58;55;61;53;53;53;53;53;64;97;53;53;56;53;53;56;52;58;57;52;55;62;56;53;53;52;52;58;52;52;52;52;52;54;52;54;52;52;53;54;53;52;52;52;52;52;54;52;57;57;53;57;84;85;84;83;78;107;91;90;90;89;129;109;109;249;100;218;57)
seed_9_level_1-4,1227,3173.757239341736,3075090,910,(100;100;100;100;100;100;100;100;100;100;100;100;100;100;100;100;100;100;100;100;100;100;100;100;100;100;100;100;100;100;100;100;100;100;100;100;100;100;100;100;100;100;100;100;100;100;100;100;100;100;100;100;100;100;63;55;68;55;57;59;57;56;59;57;57;57;57;57;58;57;58;57;53;53;53;66;52;59;62;55;66;54;54;55;53;54;55;55;62;53;53;53;53;56;65;53;56;56;56;56;56;52;57;52;55;62;56;54;53;52;52;58;52;52;52;52;52;53;52;54;52;52;53;53;54;52;52;52;52;52;54;52;53;58;84;84;84;83;79;90;91;107;88;53;90;129;109;107;249;100;218;177)
seed_9_level_1-4,1227,3696.6339180469513,3588260,1062,(100;100;100;100;100;100;100;100;100;100;100;100;100;100;100;100;100;100;100;100;100;100;100;100;100;100;100;100;100;100;100;100;100;100;100;100;100;100;100;100;100;100;100;100;100;100;100;100;100;100;100;100;100;100;63;55;68;55;57;58;57;56;58;57;57;57;57;57;59;57;58;58;66;52;59;62;55;66;54;54;55;53;54;54;55;62;53;53;93;53;53;97;56;53;53;53;53;56;52;57;52;51;62;56;54;54;52;52;58;52;52;52;52;52;53;52;53;52;52;53;53;54;52;52;52;52;52;53;52;53;53;57;57;64;53;85;84;84;82;78;88;91;106;90;89;129;109;109;249;52;218;88)
seed_9_level_1-4,1227,4218.871482133865,4096781,1214,(100;100;100;100;100;100;100;100;100;100;100;100;100;100;100;100;100;100;100;100;100;100;100;100;100;100;100;100;100;100;100;100;100;100;100;100;100;100;100;100;100;100;100;100;100;100;100;100;100;100;100;100;100;100;63;55;68;55;57;58;57;56;59;57;57;57;57;57;58;57;57;53;58;66;52;59;62;55;66;54;54;55;55;54;55;55;62;53;53;58;53;53;53;53;56;53;65;58;56;53;52;57;52;51;62;56;53;54;52;52;58;52;52;52;52;52;53;52;54;52;52;53;54;54;52;52;52;52;52;54;52;53;57;84;84;84;83;78;93;106;91;90;53;90;89;129;109;107;249;52;218;62)
seed_9_level_1-4,1227,4732.209721088409,4610851,1366,(100;100;100;100;100;100;100;100;100;100;100;100;100;100;100;100;100;100;100;100;100;100;100;100;100;100;100;100;100;100;100;100;100;100;100;100;100;100;100;100;100;100;100;100;100;100;100;100;100;100;100;100;100;100;63;54;68;55;57;59;57;56;59;57;57;57;57;57;59;57;53;57;58;66;52;59;62;62;66;54;54;54;55;54;54;55;61;53;55;53;53;56;53;56;56;53;53;58;53;52;58;52;51;62;54;54;52;52;58;52;52;52;52;52;54;52;53;52;52;53;54;54;52;52;52;52;52;54;52;57;56;57;58;64;84;84;84;82;78;93;106;90;91;90;89;129;109;109;254;100;218;57)
seed_9_level_1-4,1227,5261.728949308395,5123234,1518,(100;100;100;100;100;100;100;100;100;100;100;100;100;100;100;100;100;100;100;100;100;100;100;100;100;100;100;100;100;100;100;100;100;100;100;100;100;100;100;100;100;100;100;100;100;100;100;100;100;100;100;100;100;100;63;55;68;55;57;59;57;56;59;57;57;57;57;57;58;57;53;53;53;55;66;52;59;62;62;66;54;54;55;55;55;54;55;62;55;53;56;56;97;56;56;64;53;53;53;53;57;52;57;52;51;62;56;54;54;52;52;58;52;52;52;52;52;54;52;54;52;52;53;54;54;52;52;52;52;52;53;52;53;53;85;84;84;82;79;53;106;90;91;88;90;129;109;109;249;100;218;57)
seed_9_level_1-4,1316,5775.747972726822,5659127,1670,(100;100;100;100;100;100;100;100;100;100;100;100;100;100;100;100;100;100;100;100;100;100;100;100;100;100;100;100;100;100;100;100;100;100;100;100;100;100;100;100;100;100;100;100;100;100;100;100;100;100;100;100;100;100;63;55;68;55;57;59;57;56;58;57;57;57;57;57;59;57;58;58;66;52;59;62;62;66;54;54;55;55;55;55;55;61;53;53;53;53;65;53;56;56;55;56;53;53;53;52;58;52;51;62;56;54;54;52;52;58;52;52;52;52;52;53;52;54;52;52;53;54;54;52;52;52;52;52;54;52;57;57;57;57;84;84;84;83;78;106;88;91;97;88;90;129;109;109;249;100;217;222)
seed_9_level_1-4,1316,6286.870027542114,6169989,1822,(100;100;100;100;100;100;100;100;100;100;100;100;100;100;100;100;100;100;100;100;100;100;100;100;100;100;100;100;100;100;100;100;100;100;100;100;100;100;100;100;100;100;100;100;100;100;100;100;100;100;100;100;100;100;63;54;68;55;57;58;57;56;59;57;57;57;57;57;59;57;53;53;57;53;55;66;52;59;62;55;65;54;54;55;53;55;55;55;62;53;53;53;53;53;53;56;53;57;56;56;53;53;52;58;52;55;62;54;54;52;52;58;52;52;52;52;52;54;52;54;52;52;53;54;54;52;52;52;52;52;54;52;56;64;85;84;84;83;79;106;91;90;53;90;90;129;109;107;254;100;222;55)
seed_9_level_1-4,1316,6803.091543197632,6682364,1974,(100;100;100;100;100;100;100;100;100;100;100;100;100;100;100;100;100;100;100;100;100;100;100;100;100;100;100;100;100;100;100;100;100;100;100;100;100;100;100;100;100;100;100;100;100;100;100;100;100;100;100;100;100;100;63;54;68;55;57;59;57;56;58;57;57;57;57;57;59;57;53;58;57;66;52;59;62;62;65;54;54;54;55;55;54;55;62;55;53;93;55;53;53;53;56;53;65;53;53;53;53;52;58;52;55;62;56;53;54;52;52;58;52;52;52;52;52;54;52;54;52;52;53;53;53;52;52;52;52;52;54;52;57;53;53;84;85;84;82;79;106;90;91;88;89;129;109;107;249;68;222;90)
seed_9_level_1-4,1316,7319.676890134811,7224936,2126,(100;100;100;100;100;100;100;100;100;100;100;100;100;100;100;100;100;100;100;100;100;100;100;100;100;100;100;100;100;100;100;100;100;100;100;100;100;100;100;100;100;100;100;100;100;100;100;100;100;100;100;100;100;100;63;55;68;55;57;58;57;56;58;57;57;57;57;57;59;57;58;57;55;66;52;59;62;55;65;54;54;55;53;54;55;55;61;58;53;53;53;53;97;53;53;53;53;53;56;52;58;52;51;62;54;54;52;52;58;52;52;52;52;52;54;52;53;52;52;53;54;54;52;52;52;52;52;54;52;53;56;53;57;64;84;85;84;83;93;78;107;90;91;88;89;129;109;107;254;55;222;249)
seed_9_level_1-4,1316,7834.331024169922,7733821,2278,(100;100;100;100;100;100;100;100;100;100;100;100;100;100;100;100;100;100;100;100;100;100;100;100;100;100;100;100;100;100;100;100;100;100;100;100;100;100;100;100;100;100;100;100;100;100;100;100;100;100;100;100;100;100;63;54;68;55;57;59;57;56;59;57;57;57;57;57;59;57;57;58;57;66;52;59;62;55;65;54;54;54;53;55;54;55;61;53;53;53;56;56;53;56;53;53;64;58;56;52;57;52;55;62;56;53;53;52;52;58;52;52;52;52;52;54;52;54;52;52;53;54;54;52;52;52;52;52;53;52;53;53;58;84;85;84;82;78;93;88;91;107;53;88;89;129;109;107;249;54;222;52)
seed_9_level_1-4,1316,8352.7085146904,8249290,2430,(100;100;100;100;100;100;100;100;100;100;100;100;100;100;100;100;100;100;100;100;100;100;100;100;100;100;100;100;100;100;100;100;100;100;100;100;100;100;100;100;100;100;100;100;100;100;100;100;100;100;100;100;100;100;63;55;68;55;57;59;57;56;58;57;57;57;57;57;58;57;57;57;55;66;52;59;62;55;66;54;54;55;53;54;55;55;61;53;53;53;56;53;56;64;53;56;53;56;57;53;52;58;52;55;62;56;53;54;52;52;58;52;52;52;52;52;54;52;54;52;52;53;53;53;52;52;52;52;52;53;52;57;57;53;84;85;84;83;78;53;91;106;88;90;89;129;109;109;254;107;222;100)
seed_9_level_1-4,1316,8872.72339105606,8818829,2583,(100;100;100;86;100;100;56;100;61;100;100;100;56;55;100;64;55;54;100;100;53;52;53;52;53;106;62;62;53;57;58;100;57;53;58;62;100;99;100;150;56;53;56;52;52;53;100;52;97;100;52;52;90;52;59;56;56;56;54;58;100;89;53;56;53;100;99;100;53;56;53;100;100;51;52;64;107;53;62;107;100;53;56;53;100;56;112;53;90;52;52;53;55;52;52;100;84;53;249;53;90;52;56;57;100;52;56;51;56;53;100;100;222;100;250;56;100;87;100;100;100;115;100;52;76;100;56;149;52;56;249;57;56;52;52;56;150;100;54;100;100;100;88;53;55;107;52;100;114;88;53;59;57)
seed_9_level_1-4,1316,9373.349796295166,9336965,2732,(56;100;100;53;100;61;52;56;100;100;61;100;54;55;57;100;56;55;56;100;100;56;57;52;91;88;88;52;100;53;57;94;88;100;57;57;52;100;55;53;88;76;100;56;56;56;52;91;53;53;99;52;84;100;100;100;59;103;57;60;57;52;89;54;92;52;54;57;108;61;52;52;56;55;86;52;108;55;100;62;100;108;58;51;61;57;49;54;99;93;53;100;52;61;57;100;57;53;275;103;60;52;52;53;52;56;56;150;53;52;222;52;57;52;55;52;184;108;57;100;100;55;100;100;107;52;53;220;62;100;106;249;53;57;55;53;54;57;88;52;57;57;52;57;53;57;59;57;57)
seed_9_level_1-4,1316,9882.39246416092,9911947,2883,(53;54;53;52;113;55;53;52;52;53;110;53;52;57;61;100;51;54;63;64;53;53;103;57;92;52;53;57;57;54;59;100;57;77;93;58;55;89;58;58;100;53;52;100;100;100;53;90;53;59;100;54;52;56;100;100;55;103;89;54;91;88;100;92;53;58;88;88;57;52;62;52;88;88;104;93;57;93;57;111;52;53;52;57;52;108;100;100;56;52;51;52;53;51;92;86;56;53;56;108;52;100;53;55;100;76;54;53;106;86;55;53;100;275;57;107;56;55;100;61;73;91;52;259;53;54;57;53;53;222;52;55;100;119;53;240;98;200;52;86;63;219;57;57;242;57;53;52;100;56;58)
seed_9_level_1-4,1316,10401.558626413345,10559281,3034,(53;52;54;100;52;100;54;57;100;93;100;109;93;100;51;57;52;100;100;54;124;93;88;54;107;100;100;59;57;57;57;54;97;108;55;52;100;86;52;59;51;52;52;57;53;52;55;108;56;52;57;87;52;53;100;50;52;52;100;58;59;109;54;52;69;52;52;108;52;50;52;113;100;63;100;52;134;86;52;102;53;95;53;52;52;66;244;92;100;95;56;53;53;51;54;104;106;53;57;53;57;53;55;53;56;56;125;52;57;91;52;259;58;100;150;53;100;100;53;57;52;57;250;203;102;57;57;52;53;222;217;52;53;52;100;52;254;239;100;134;181;102;53;95;61;53;100;58;76;104;57)
seed_9_level_1-4,1316,10943.688842058182,11372754,3186,(53;55;100;100;150;53;53;100;108;100;100;53;100;55;239;62;52;100;107;52;64;108;58;100;92;51;53;86;58;56;137;92;94;92;109;88;55;107;54;103;78;61;93;62;100;107;57;100;100;57;107;57;88;112;59;57;56;57;108;53;109;64;54;100;92;117;71;100;263;57;125;53;53;53;54;75;57;57;83;57;54;100;53;107;57;244;55;55;184;90;76;54;100;116;103;92;81;100;100;57;134;100;52;100;52;54;100;52;54;52;100;57;259;100;53;57;57;234;83;200;57;150;93;108;57;88;57;140;93;222;52;52;58;272;90;77;53;57;107;146;56;140;118;56;64;52;197;250;53;238;59;53)
seed_9_level_1-4,1316,11469.180880784988,12113608,3337,(134;100;100;61;61;55;57;100;100;100;150;52;100;150;100;100;130;53;100;125;127;68;88;57;100;59;57;57;57;54;100;100;107;53;57;100;108;57;103;59;131;57;58;53;240;238;63;107;52;53;52;55;57;52;53;52;109;52;53;57;61;89;57;53;53;116;57;57;137;52;58;52;52;76;87;56;214;83;52;51;53;88;264;100;100;58;55;56;54;57;259;55;54;55;100;244;88;53;100;52;54;58;93;56;122;100;100;122;100;88;112;234;57;57;77;58;185;53;57;88;100;112;53;58;135;52;53;53;53;222;52;100;57;54;59;52;56;53;249;57;54;52;86;57;54;53;240;129;53;55;61)
seed_9_level_1-4,1330,12007.812329053879,12959520,3487,(132;58;100;52;51;59;86;110;130;100;100;58;95;244;100;100;125;57;89;57;100;108;100;57;61;55;113;57;109;56;53;57;130;54;57;54;53;87;54;121;57;107;90;57;52;57;62;57;91;53;97;100;52;57;244;52;95;150;121;89;87;55;84;64;122;100;150;143;242;264;55;54;89;58;257;58;61;54;52;53;58;256;57;234;52;91;59;54;55;86;100;87;141;121;57;57;55;89;239;88;222;54;52;120;53;151;52;100;221;150;52;52;53;56;52;56;300;179;52;214;52;137;56;92;52;51;83;86;57;51;52;58;59;52;58;240;58;60;107;54;58;100;52;59;59;52;52;52;56;57)
seed_9_level_1-4,1458,12531.069328069687,13853967,3634,(107;100;57;57;57;112;53;57;57;58;90;62;244;59;53;89;100;58;100;93;100;125;52;54;107;57;110;80;57;60;107;107;132;56;55;55;100;100;52;100;123;107;239;100;100;53;52;52;56;54;53;52;150;86;57;109;56;52;89;116;53;91;89;51;53;53;53;214;86;58;54;58;52;52;94;62;52;52;52;100;52;57;234;92;103;52;57;53;53;57;143;53;99;57;107;350;131;57;264;58;350;55;88;92;241;93;225;97;100;53;100;59;57;242;100;56;53;52;86;55;100;87;90;246;100;250;93;100;95;300;150;53;59;56;52;100;52;52;238;53;52;57;52;52;55;56;52)
seed_9_level_1-4,1592,13064.896688222885,14800135,3782,(134;56;90;52;56;106;57;56;53;239;255;95;58;53;51;76;59;53;58;54;242;107;85;57;100;59;59;52;107;97;106;70;243;59;58;62;100;53;56;100;52;57;214;76;52;238;86;52;87;53;217;52;92;57;57;109;59;57;60;63;91;125;89;86;62;100;57;78;300;100;115;90;200;67;54;57;51;149;291;107;150;182;52;125;59;57;57;107;57;109;90;54;53;57;88;100;93;93;56;95;60;60;100;100;56;53;93;55;55;55;100;205;100;300;100;56;120;59;57;115;57;57;234;57;101;100;57;57;100;100;350;90;57;55;58;57;150;107;100;109;59;150;127;100;256;58;107;91)
seed_9_level_1-4,1842,13624.054881095886,15913677,3932,(205;53;100;234;120;57;57;95;93;100;56;96;59;244;114;100;100;100;56;251;200;59;56;59;125;108;106;58;100;104;59;93;107;57;100;57;109;57;116;88;53;52;57;89;59;54;57;84;132;52;52;86;131;93;51;100;53;52;107;88;89;52;88;107;57;100;97;57;100;88;350;116;181;100;78;56;57;53;57;100;89;57;56;107;67;350;100;54;97;57;300;100;213;114;150;53;110;135;100;53;266;94;240;57;53;89;53;53;191;58;59;100;121;53;100;100;54;217;52;52;95;57;59;55;59;89;55;51;58;185;100;51;52;400;65;100;54;100;58;100;54;57;100;242;400;108;209;53;100;53)
seed_9_level_1-4,1842,14168.12801027298,16953941,4080,(134;56;56;61;65;100;58;57;91;89;54;109;89;53;52;57;84;54;106;108;51;53;107;97;53;56;103;56;84;57;112;100;53;125;53;53;239;52;108;100;58;100;100;106;240;53;51;100;94;52;89;86;53;100;53;61;53;217;88;53;52;91;92;56;57;57;92;52;89;57;92;350;117;263;56;56;88;120;53;57;56;254;57;52;97;231;100;150;52;100;100;150;95;53;53;104;100;57;93;252;54;58;69;56;59;100;53;250;150;56;109;242;289;54;200;155;104;54;57;58;210;150;240;100;54;117;240;207;108;108;350;91;228;53;54;107;57;57;115;93;57;53;239;56;53;59;55;66)
seed_9_level_1-4,1842,14726.123222589493,18177418,4230,(134;54;113;58;56;106;52;120;100;100;234;100;93;240;57;54;56;300;217;53;221;107;240;88;77;52;52;52;239;53;134;53;59;91;107;100;57;53;57;53;59;101;92;57;59;53;114;53;100;141;139;100;52;59;200;100;100;52;109;54;57;62;53;57;53;53;59;52;57;52;217;58;52;90;87;52;94;53;197;92;56;53;100;241;242;56;100;100;108;59;97;89;100;109;58;52;240;350;209;136;59;98;58;54;58;253;212;100;57;62;57;91;150;212;300;57;100;300;150;150;223;54;103;121;100;89;58;100;106;53;289;59;58;210;57;57;63;100;85;200;248;55;100;54;121;130;240;100;52;219)
seed_9_level_1-4,1842,15277.211499214172,19109193,4382,(109;55;86;57;57;57;54;59;59;53;57;53;107;53;55;56;100;57;58;100;103;64;57;59;141;54;150;120;56;54;110;200;52;53;57;86;132;95;52;96;86;57;100;100;53;52;100;62;217;52;52;88;52;86;92;59;52;54;52;88;227;51;104;350;129;59;100;53;57;100;90;100;59;57;100;120;53;150;100;150;53;241;58;242;100;92;59;54;58;52;100;59;112;239;55;100;59;240;89;88;90;107;57;63;109;55;55;52;84;57;53;60;106;350;242;58;105;100;63;58;92;59;108;57;110;213;57;88;57;100;108;57;58;228;111;87;111;53;97;251;53;251;55;57;100;58;55;93;52;265;60;150)
seed_9_level_1-4,1842,15832.444900512695,20207330,4534,(107;57;106;92;52;57;56;57;57;58;57;109;57;52;103;53;91;59;85;52;53;53;134;100;92;56;52;117;100;53;236;55;52;350;52;57;53;90;55;61;136;53;59;56;79;88;52;57;141;107;100;104;150;137;100;53;57;59;100;100;59;107;240;107;52;250;106;52;96;57;54;55;59;53;238;98;54;58;103;242;100;57;110;53;116;115;252;59;59;89;52;57;52;55;121;115;217;52;220;214;100;52;181;53;100;106;238;225;205;61;62;52;52;350;273;57;120;88;54;88;54;125;227;113;110;54;112;57;55;59;93;143;300;150;53;115;55;150;57;290;100;53;104;236;90;57;89;55;92;104;91;92)
seed_9_level_1-4,1842,16402.452283859253,21409788,4685,(107;78;57;88;54;100;103;57;150;57;141;150;100;56;150;54;54;57;107;57;211;78;100;109;53;57;53;53;57;53;59;54;57;53;53;236;54;57;52;52;52;57;100;52;52;52;53;350;150;57;53;53;100;239;57;57;100;232;100;52;52;241;59;148;100;241;242;251;53;59;53;53;108;55;58;58;244;240;238;53;53;86;244;86;238;88;53;57;52;100;252;103;53;300;238;108;86;86;82;66;58;111;200;53;100;90;100;110;52;92;150;53;350;100;100;59;112;59;84;88;53;55;58;182;91;100;242;150;89;57;100;58;223;100;82;134;86;132;100;52;400;52;58;100;109;53;100;55;100;100;57)
seed_9_level_1-4,1842,16966.266286849976,22586064,4836,(109;62;100;103;54;54;54;57;100;54;100;236;100;56;53;84;92;100;92;59;90;106;107;57;53;57;97;89;57;58;58;91;57;211;93;100;100;150;100;53;100;500;100;57;57;100;107;350;90;212;116;54;91;99;150;63;100;59;54;300;63;240;95;214;231;53;52;100;100;88;53;86;52;100;52;53;52;229;100;100;53;350;58;56;88;136;53;53;57;100;57;100;53;52;90;52;300;100;254;150;52;56;108;89;57;75;58;54;150;58;53;251;53;55;241;218;60;59;58;94;57;54;91;59;54;225;100;221;56;55;100;112;240;256;57;59;104;57;150;120;57;59;57;106;53;57;90;52;86;53;91)
seed_9_level_1-4,1842,17535.830937862396,23706217,4989,(109;58;53;54;55;57;59;165;100;56;229;223;230;95;52;52;100;86;138;52;58;52;100;53;56;107;93;57;100;54;52;56;108;100;57;54;104;300;55;114;90;55;52;79;61;238;53;56;100;216;57;304;100;91;100;157;100;130;104;100;59;113;100;61;150;166;236;53;93;124;52;53;58;52;52;93;54;92;81;240;52;120;55;78;53;115;52;52;88;53;57;100;92;53;134;96;52;300;150;239;59;69;53;93;100;133;61;100;138;139;221;145;100;150;226;220;129;53;109;57;89;100;191;107;57;243;240;58;52;52;54;54;150;350;212;54;109;100;53;57;60;122;62;62;57;93;93;53;59;254;66;54;56)
seed_9_level_1-4,1842,18087.01149916649,24768230,5142,(109;78;58;59;100;93;100;100;56;107;100;100;60;53;100;56;57;59;57;57;240;91;52;69;58;52;87;52;103;58;92;56;59;190;77;52;236;96;54;100;100;52;52;100;52;52;100;55;100;102;350;62;57;184;96;100;53;57;150;53;88;95;62;100;117;219;240;59;304;57;95;111;120;53;141;232;57;56;57;112;191;57;155;93;229;56;100;200;88;100;69;52;53;52;52;55;62;52;52;89;300;56;207;60;52;55;56;100;56;57;100;264;100;56;100;228;55;55;56;238;203;55;116;191;53;215;53;53;53;206;102;59;253;225;57;57;88;100;100;53;91;52;212;55;54;53;57;53;109;59;54;192;53)
seed_9_level_1-4,1842,18658.36066222191,25895983,5295,(107;56;66;100;62;57;100;62;59;109;57;87;53;57;58;56;49;59;91;236;52;52;76;109;56;52;62;52;52;88;120;229;263;100;88;100;100;100;108;63;114;100;94;55;200;300;53;52;222;53;100;100;57;54;100;100;57;88;100;225;95;54;100;121;52;58;53;103;59;82;104;57;58;57;52;284;150;240;103;53;60;61;56;88;52;59;86;100;59;90;100;77;59;56;350;56;257;53;53;53;59;150;235;240;100;100;127;53;150;57;208;53;53;304;107;109;267;153;96;231;100;238;100;100;106;126;104;94;52;100;113;129;215;87;118;52;53;213;54;100;53;212;105;52;52;256;80;52;60;53;54;64;52)
seed_9_level_1-4,1842,19218.347321033478,26969261,5447,(107;100;57;64;52;57;57;52;109;93;58;93;52;97;54;57;58;86;75;350;121;100;57;233;107;86;133;57;59;53;108;100;239;103;53;58;59;57;96;88;150;53;76;100;53;100;86;229;100;108;57;63;100;100;86;56;64;87;93;53;136;125;236;53;110;100;92;95;53;52;52;108;87;52;53;87;225;55;237;56;58;54;58;102;59;264;53;56;53;100;53;95;53;214;244;54;59;111;54;113;88;213;244;100;57;61;53;53;103;79;54;244;350;57;57;60;100;130;59;57;255;240;121;150;57;57;100;187;242;59;115;108;304;57;93;100;57;150;62;100;53;90;58;118;132;104;64;144;62;53;55;109)
seed_9_level_1-4,2242,19764.859809160233,28064390,5598,(107;88;113;100;52;52;55;62;52;109;89;57;95;53;59;52;57;58;54;49;57;240;60;59;59;103;59;57;57;54;53;56;53;57;82;229;94;100;100;52;100;90;100;52;100;100;51;52;150;236;93;89;52;100;52;53;100;55;113;52;61;56;52;55;503;98;150;99;88;109;89;109;150;57;103;109;100;148;208;88;129;226;94;54;252;194;54;52;52;52;92;120;90;269;53;104;140;300;53;52;86;109;100;55;209;100;55;146;53;246;150;100;350;57;100;53;100;59;59;56;244;100;59;58;57;56;110;150;100;58;54;213;53;100;239;58;54;54;109;105;95;78;214;247;63;53;52;53;105;57;64)
seed_9_level_1-4,2262,20315.51175045967,29214330,5748,(229;53;61;63;210;133;57;53;94;58;104;53;109;56;59;53;57;54;53;57;62;57;52;107;150;57;107;57;57;52;57;59;92;240;51;59;58;104;52;103;109;54;80;52;91;54;236;100;88;58;52;52;100;135;55;55;52;52;90;55;350;59;57;59;59;57;100;150;58;300;300;108;57;55;150;58;300;52;100;220;52;93;55;238;198;74;53;53;53;100;53;90;214;124;54;54;53;141;58;54;54;76;63;100;215;53;76;100;241;109;243;225;59;100;117;107;59;222;100;59;85;116;59;100;55;125;52;54;53;100;550;100;58;64;96;224;232;59;150;53;109;100;98;53;57;100;124;56;105;96)
seed_9_level_1-4,2262,20884.437292099,30498606,5899,(109;54;54;52;52;95;57;52;57;109;107;240;57;57;57;57;84;57;110;84;88;236;55;92;54;87;54;53;58;114;52;63;52;100;226;200;53;58;91;52;56;55;54;262;58;53;242;100;59;52;100;240;57;57;131;102;53;52;88;54;66;58;102;52;106;350;59;134;108;255;59;150;57;150;93;57;225;100;59;243;57;58;350;57;138;154;100;55;52;100;55;240;55;52;239;55;51;55;285;304;150;90;89;106;150;85;100;57;114;57;258;261;89;58;121;57;150;213;229;100;100;100;52;55;234;238;100;213;51;100;52;52;100;213;52;86;58;240;57;60;55;253;53;240;64;63;54;104;63;244;53)
seed_9_level_1-4,2262,21449.065292596817,31690981,6051,(111;350;57;52;89;57;59;93;62;57;56;236;54;100;100;113;52;90;84;93;53;259;102;222;86;53;100;100;52;108;100;100;100;56;56;62;100;226;52;53;58;154;59;56;106;58;52;96;113;54;52;52;251;239;55;88;57;94;52;59;100;54;53;53;57;90;80;88;240;106;120;54;57;107;112;85;57;53;57;110;113;300;52;59;100;100;100;100;100;100;100;100;56;100;89;254;89;86;100;350;150;53;145;100;59;95;100;58;59;58;150;57;57;57;150;150;57;214;215;61;79;243;100;109;53;54;100;86;74;60;53;209;108;53;500;96;100;58;58;110;104;150;150;57;224;238;53;56;238;109;107;57)
seed_9_level_1-4,2262,22016.40251803398,32855332,6202,(222;52;77;52;88;114;53;100;61;52;227;90;350;88;150;90;53;53;100;56;100;100;91;264;56;53;239;55;88;97;59;58;90;57;100;118;59;111;191;58;350;119;92;94;100;100;57;60;57;249;59;150;100;257;57;69;350;90;87;57;53;58;57;102;100;58;116;52;111;226;58;98;59;195;90;57;59;89;59;121;54;224;54;52;236;93;58;52;93;77;81;53;96;52;57;52;90;59;240;58;57;53;107;57;53;150;62;124;57;88;57;59;91;214;53;53;52;63;54;53;80;100;256;214;196;64;53;89;100;246;64;304;158;150;52;201;122;246;57;100;54;56;57;63;124;150;150;57;54;52;108)
seed_9_level_1-4,2262,22573.16290140152,34070428,6351,(240;57;108;123;57;133;57;58;107;53;90;88;100;60;236;52;90;53;89;100;100;100;115;100;100;93;122;300;53;106;102;194;189;55;57;100;100;100;52;52;350;90;56;84;100;238;56;100;56;56;55;56;58;52;239;55;52;150;58;52;57;54;100;100;86;89;53;58;55;304;100;118;100;53;104;53;107;109;53;100;104;60;226;58;112;109;120;227;52;56;52;219;100;58;59;53;100;52;100;114;55;350;100;400;225;55;58;248;59;228;56;258;109;233;60;150;225;98;58;150;52;125;100;137;54;59;58;56;54;53;55;117;213;57;64;59;300;56;52;113;100;127;58;58;57;64;225;63;54)
seed_9_level_1-4,2262,23131.92840743065,35190385,6503,(239;100;59;52;52;52;86;58;53;88;55;88;100;59;236;100;100;52;52;89;57;93;57;100;93;92;52;219;93;89;90;100;52;54;52;114;58;256;100;52;52;225;242;54;55;112;52;150;53;88;112;58;52;117;58;98;53;350;52;53;53;56;52;52;53;53;58;108;75;87;104;116;59;240;122;53;59;56;116;57;53;101;60;57;61;116;53;107;56;300;145;52;63;52;194;57;244;62;59;54;64;95;54;89;54;59;54;63;504;239;95;103;58;127;96;64;251;123;60;57;150;100;57;156;153;100;109;53;400;59;58;100;108;59;59;150;57;59;57;91;94;108;108;256;211;58;55;58;100;53;118;54)
seed_9_level_1-4,2262,23690.73316168785,36368735,6653,(240;58;53;53;109;57;58;53;92;53;57;83;106;93;92;55;236;53;100;55;52;53;88;53;54;100;96;53;53;122;52;240;152;116;100;100;88;150;57;240;88;231;100;58;57;106;240;52;100;350;52;53;75;58;58;58;62;53;57;56;95;58;59;52;57;53;88;219;100;86;52;100;90;209;64;53;92;54;59;53;53;100;101;100;226;53;100;52;59;200;53;62;120;55;96;89;142;239;90;54;94;60;53;288;53;181;57;228;241;230;58;221;107;223;56;110;63;184;53;53;90;59;227;54;54;218;304;239;57;213;59;128;52;131;54;221;95;241;88;95;105;55;104;59;53;111;150;150;108;237)
seed_9_level_1-4,2262,24221.01127552986,37256734,6803,(236;55;100;59;120;137;100;52;53;59;52;59;51;52;350;52;113;52;56;59;53;52;79;58;102;52;100;53;100;53;219;90;182;100;86;53;61;52;52;59;52;54;53;56;87;52;239;62;87;58;54;103;59;100;107;57;57;242;96;100;57;225;141;60;53;53;57;53;59;92;52;53;59;53;55;58;58;58;53;231;114;58;57;239;125;57;116;250;56;88;56;52;56;107;192;121;107;53;57;304;56;88;57;57;224;100;55;59;90;53;100;109;57;100;57;109;57;150;100;57;54;58;99;55;400;224;58;91;54;223;88;56;58;55;90;58;54;109;53;53;55;55;57;62;57;57;57;53;56;109)
seed_9_level_1-4,2262,24768.08943772316,38267545,6954,(350;62;52;106;57;56;52;52;86;53;102;100;97;133;57;57;52;111;226;124;52;58;150;114;52;116;59;114;55;53;100;124;58;55;58;52;53;100;236;89;91;100;99;52;52;108;93;181;58;58;92;100;84;93;53;58;304;53;107;112;62;57;226;217;93;57;91;57;53;59;100;57;104;239;57;53;150;55;57;239;59;115;65;58;56;53;239;58;53;57;57;100;62;59;90;93;61;140;54;400;109;53;58;52;93;100;57;107;221;224;92;59;233;150;56;100;54;53;88;64;88;95;53;95;59;116;272;53;53;57;56;53;56;56;104;57;57;84;106;53;220;116;56;52;229;92;93;90;53;56;245)
seed_9_level_1-4,2262,25334.955563545227,39552235,7104,(226;226;58;104;53;100;56;52;55;52;55;100;223;53;52;52;90;58;223;52;100;107;350;52;53;51;86;56;100;53;210;53;52;53;173;63;100;56;72;116;90;56;76;236;52;127;120;100;110;106;100;52;52;92;108;114;56;100;52;100;90;55;100;58;90;400;57;115;54;300;59;57;90;93;53;221;242;116;109;54;251;85;192;62;57;228;58;226;53;55;56;100;211;222;222;53;53;101;58;114;254;260;59;53;55;150;106;56;146;53;232;113;107;260;53;60;56;53;53;59;90;52;53;304;208;226;150;57;57;53;232;57;57;57;226;104;53;57;135;53;53;68;107;57;107;155;109;300;100;57)
seed_9_level_1-4,2262,25889.699028015137,40647116,7254,(236;57;185;122;95;104;52;100;52;54;52;90;113;59;87;56;52;90;88;58;350;53;52;52;56;116;131;238;56;100;52;56;62;53;52;53;52;80;55;52;225;100;159;54;86;52;53;55;90;53;240;58;90;55;118;52;56;54;56;62;202;244;55;229;88;56;257;53;66;53;62;56;58;59;53;100;66;57;262;277;100;55;52;56;53;53;57;149;197;255;304;100;63;59;59;224;58;72;53;88;65;107;239;100;104;113;62;114;240;57;55;150;57;64;150;55;53;106;287;193;108;102;90;54;53;111;57;53;53;223;53;56;53;61;93;59;90;176;94;58;53;57;59;57;53;55;400;88;57;84)
seed_9_level_1-4,2262,26430.830669403076,41573386,7405,(350;55;52;54;59;100;88;52;54;74;53;52;52;53;62;86;52;59;88;88;52;236;93;53;118;122;52;53;124;53;90;86;91;52;52;57;55;178;52;93;90;102;93;304;100;109;100;54;150;62;53;150;57;57;107;57;111;57;101;241;57;247;92;57;232;58;57;203;111;100;229;100;63;104;57;55;62;100;54;107;53;55;106;54;53;56;53;53;54;55;88;58;53;56;56;53;226;109;63;52;56;54;224;54;242;56;240;82;58;104;52;100;54;56;56;118;150;88;52;56;59;281;106;93;125;52;52;56;56;240;52;52;53;53;57;206;100;59;114;100;90;53;54;54;229;108;88;58;226;57;87)
seed_9_level_1-4,2262,26994.34750699997,42805451,7554,(232;56;106;50;122;88;150;100;90;107;55;53;133;53;56;90;53;55;53;105;261;77;350;52;58;93;100;52;62;86;53;56;100;102;67;52;52;100;56;84;58;90;236;93;52;53;88;95;106;53;88;88;82;52;53;88;100;53;82;90;55;106;96;52;102;86;226;100;56;91;109;89;100;88;239;52;99;54;53;100;53;56;55;100;56;53;100;58;88;100;100;56;550;263;66;93;107;127;150;100;109;224;57;57;53;100;59;57;88;109;57;104;86;140;107;57;156;261;111;100;400;57;53;253;232;54;94;228;239;221;57;107;118;224;52;62;182;90;200;226;57;57;150;100;89;218;86;54;54)
seed_9_level_1-4,2262,27536.569411993027,43836895,7703,(226;58;58;58;90;95;53;90;108;93;55;242;53;52;56;105;56;55;53;88;53;228;350;52;52;53;100;88;75;92;56;102;100;100;82;56;100;121;57;52;52;236;76;53;59;72;57;100;107;52;52;109;53;88;92;102;110;54;112;52;88;53;52;52;229;79;57;90;56;53;59;54;53;90;88;58;97;88;106;55;88;118;56;52;104;53;55;304;109;100;59;149;53;106;300;103;241;53;104;100;57;135;100;463;134;219;112;53;134;59;209;53;126;57;100;204;225;253;58;58;88;125;210;57;54;89;57;53;54;108;54;212;93;59;88;53;59;100;53;57;53;53;247;87;52;57;58;57;53)
seed_9_level_1-4,2262,28104.122559547424,45043253,7852,(350;66;54;53;93;72;90;52;52;59;87;117;92;52;104;52;90;92;53;53;236;93;52;86;100;86;109;100;52;53;223;52;54;52;53;55;59;86;100;58;106;240;232;89;55;57;55;114;100;104;52;106;52;57;52;53;55;58;252;88;88;100;51;100;281;180;88;55;53;56;93;88;206;53;53;88;86;57;109;56;57;52;93;216;116;52;109;76;57;54;53;211;91;225;89;150;59;131;100;121;100;109;59;56;223;59;90;53;97;57;59;53;58;111;91;58;51;309;134;104;104;258;96;261;256;303;104;93;100;104;53;57;91;251;261;133;104;109;87;88;138;350;100;57;93;57;150;274;300)
seed_9_level_1-4,2262,28641.598358869553,45994382,8002,(229;52;239;53;57;97;55;56;57;57;57;62;53;57;53;104;53;53;88;106;57;50;106;53;53;350;104;87;52;52;56;53;52;107;122;52;52;52;53;56;52;59;50;84;52;56;52;52;58;223;100;86;90;90;88;53;104;88;87;53;53;52;100;90;57;109;53;95;53;100;177;58;90;57;78;225;190;57;90;88;113;57;250;52;51;53;116;52;239;61;100;116;87;88;95;59;93;177;52;55;214;53;57;100;86;214;87;58;400;57;182;57;57;94;100;255;150;90;100;100;89;54;98;107;93;78;88;99;104;234;59;136;117;61;88;52;100;101;59;80;54;106;91;313;107;52;66;200;54;130)
seed_9_level_1-4,2262,29192.810455560684,47078799,8153,(350;90;59;52;52;92;52;90;112;54;55;59;53;58;119;114;100;57;52;52;108;52;76;57;54;229;61;56;114;88;53;107;56;53;53;53;131;53;57;115;88;88;56;57;96;56;53;88;55;92;90;224;53;53;115;54;76;129;93;239;87;88;93;93;57;109;102;88;51;52;57;53;88;88;88;53;106;107;390;250;100;88;131;190;105;103;104;53;88;88;223;55;57;54;57;111;93;182;185;55;57;104;307;148;100;105;112;223;57;279;57;255;233;90;55;104;400;53;53;56;57;86;83;57;208;55;114;57;78;114;100;107;57;89;53;55;55;63;106;179;86;57;52;106;220;52;52;53;100;53;222)
seed_9_level_1-4,2262,29749.22798848152,48264042,8303,(350;54;89;52;210;89;57;52;93;88;59;100;58;81;53;89;52;52;53;57;57;57;115;56;232;107;100;239;56;88;90;57;53;88;56;55;56;115;53;104;52;53;260;56;56;53;53;52;53;281;100;53;300;91;60;100;53;103;62;100;244;58;57;52;60;55;54;88;109;238;103;57;49;57;53;57;225;53;56;57;100;224;131;223;104;52;90;113;86;236;88;53;87;54;53;90;90;88;107;88;104;54;57;118;208;53;52;55;208;52;400;245;104;132;58;132;88;181;104;104;87;53;100;109;54;107;222;87;54;242;104;90;105;66;140;106;183;57;53;212;102;150;181;143;255;238;57;102;107;214)
seed_9_level_1-4,2262,30313.46794295311,49438448,8453,(350;240;52;61;56;88;84;52;52;62;84;87;57;100;57;97;54;52;107;120;53;54;109;232;91;59;56;52;90;89;88;88;106;52;181;188;53;53;104;56;107;58;217;57;220;107;56;58;53;225;57;100;57;100;52;56;86;57;83;51;52;52;57;57;54;265;96;90;108;150;150;100;110;53;51;52;52;55;224;78;106;88;52;59;119;100;106;54;58;178;237;102;55;57;129;90;78;102;104;106;106;53;88;51;54;102;182;104;134;400;240;133;104;100;300;53;53;100;53;100;53;114;91;90;240;300;227;53;51;52;54;53;104;211;88;102;222;122;54;106;106;211;54;209;106;211;109;112;132;250)
seed_9_level_1-4,2262,30864.93561244011,50503384,8603,(400;53;54;57;52;57;52;95;55;53;88;220;57;53;150;51;52;52;51;57;86;109;100;100;88;100;53;53;55;220;55;232;53;57;100;90;88;53;52;104;112;88;52;56;53;88;58;58;52;181;182;59;55;52;55;53;84;57;220;95;53;56;105;239;224;53;106;76;142;100;100;107;53;93;90;88;100;53;100;238;51;53;106;77;95;104;90;240;106;240;130;87;59;53;52;106;99;53;89;86;88;117;400;100;100;106;104;104;88;86;54;52;106;104;105;245;52;52;184;52;181;52;53;56;222;100;185;141;104;57;104;213;106;150;211;57;240;57;224;121;102;106;53;52;106;52;106;88;53;53)
seed_9_level_1-4,2262,31439.993001937866,51889522,8752,(220;53;241;107;53;53;58;252;64;154;239;122;131;55;59;54;90;55;56;239;88;249;110;56;53;239;56;53;140;56;88;53;300;150;53;107;104;56;53;53;53;109;68;55;208;224;57;57;56;57;107;57;88;88;251;302;52;206;100;222;106;113;88;53;58;58;56;312;78;52;106;53;69;120;57;57;57;82;81;59;100;55;88;53;90;55;86;52;55;100;240;52;309;53;104;53;102;88;120;138;88;57;53;238;150;105;53;233;244;88;106;213;104;52;57;104;212;53;90;58;56;104;91;205;142;53;456;67;299;124;106;100;137;52;107;250;181;224;239;189;55;56;55;54;52;240;104;61;52)
seed_9_level_1-4,2262,31987.345257759094,53028450,8901,(302;52;53;92;52;104;55;222;52;87;106;53;78;57;88;86;102;76;57;104;78;52;106;52;53;59;53;53;78;102;75;88;52;54;54;102;100;52;102;59;100;93;98;245;233;56;223;56;100;239;109;52;100;53;56;56;88;53;55;56;90;88;56;269;52;56;100;100;263;56;53;231;249;55;52;98;107;400;115;56;53;242;56;56;88;140;100;54;255;263;52;401;88;240;109;93;53;64;104;93;53;53;100;133;53;86;134;90;84;85;86;88;58;64;53;104;57;135;107;52;107;56;100;104;57;99;212;53;87;107;88;100;55;275;63;86;53;61;57;112;104;179;134;144;186;235;100;58;52)
seed_9_level_1-4,2262,32534.886528730392,54220449,9050,(302;52;58;78;52;102;90;102;102;88;53;88;102;53;219;88;53;51;100;56;208;100;88;52;57;102;107;52;107;105;53;76;53;90;177;180;52;53;52;89;57;52;109;451;180;181;53;229;57;148;252;239;57;57;224;88;57;100;100;53;54;239;54;52;88;88;207;106;98;53;54;53;100;53;90;64;104;57;222;88;58;129;53;93;227;88;77;213;104;243;104;53;57;107;51;58;224;269;269;58;89;55;55;242;89;114;53;251;105;56;109;259;57;250;59;81;52;249;52;100;53;52;53;52;90;88;54;53;231;56;54;63;90;240;90;53;55;56;55;56;53;52;58;116;52;57;195;55;59)
seed_9_level_1-4,2262,33101.983778476715,55460187,9200,(302;102;57;55;52;53;222;104;52;117;52;53;53;52;102;52;86;86;238;100;86;52;57;106;51;56;53;100;208;52;51;57;116;62;53;92;57;86;88;52;88;52;350;55;299;92;88;109;102;61;303;52;114;241;212;154;240;59;58;52;109;57;53;89;239;54;135;241;181;57;254;132;62;109;88;57;107;89;58;107;181;109;116;58;53;109;56;100;89;53;241;251;59;394;57;104;57;218;58;57;57;222;107;130;93;93;57;73;97;53;53;57;53;97;53;57;53;53;88;100;104;102;53;100;150;239;179;150;84;104;301;93;53;94;52;54;53;55;57;57;70;88;274;120;86;114;119;150;57;224)
seed_9_level_1-4,2262,33670.62194490433,56815871,9350,(350;51;107;93;253;57;86;52;86;84;52;208;181;102;240;88;100;86;103;102;58;106;52;52;52;52;53;52;52;106;53;107;52;52;115;52;92;52;57;57;49;53;96;394;114;56;104;57;57;104;100;56;350;57;106;98;104;112;100;57;124;86;91;53;100;104;245;59;57;53;87;63;121;53;57;52;253;58;57;104;101;114;53;150;107;77;88;57;52;53;211;57;59;126;244;100;269;100;107;90;89;54;56;225;56;229;58;56;107;212;59;62;300;61;53;108;52;252;59;263;241;263;239;57;52;245;52;118;189;92;58;253;224;220;52;88;58;57;52;252;249;55;53;258;239;100;53;55;142;53)
seed_9_level_1-4,2262,34248.88114953041,58322343,9501,(350;52;57;51;90;58;86;265;106;57;53;50;87;51;208;90;88;51;53;106;100;90;57;77;179;53;76;77;53;57;52;57;53;55;53;55;109;240;57;107;53;274;52;51;394;57;100;53;238;93;100;242;240;53;109;57;53;100;118;251;112;208;140;88;57;198;111;116;269;54;100;104;100;107;299;70;112;52;88;104;107;90;100;54;52;57;100;53;132;88;115;212;104;299;89;250;107;54;53;58;252;198;131;61;242;264;251;89;53;53;251;262;239;53;300;239;54;52;265;53;57;250;62;99;89;90;217;58;56;56;100;54;58;88;58;57;57;239;58;217;219;52;249;107;52;57;59;239;53;105;53)
seed_9_level_1-4,2262,34803.82729148865,59606391,9651,(350;54;54;51;52;102;104;239;55;52;53;90;56;100;248;100;52;106;51;238;100;56;53;90;56;77;59;88;52;103;104;88;86;240;62;100;54;400;53;58;88;100;52;394;57;150;245;53;97;86;53;222;109;53;104;52;53;100;59;53;57;100;53;53;222;100;100;90;52;150;100;53;113;350;53;77;52;210;163;106;150;100;53;104;87;100;150;100;208;53;88;52;120;269;52;221;100;53;55;53;90;89;58;107;52;52;56;57;53;54;79;52;55;59;54;242;207;56;58;61;106;52;117;104;52;52;52;59;241;52;53;55;89;241;263;54;53;56;108;263;182;235;106;89;249;108;211;239;100;89)
seed_9_level_1-4,2262,35393.65111351013,61318342,9801,(400;103;52;107;52;57;107;52;57;144;59;76;86;104;108;90;52;52;106;154;53;107;88;56;102;350;102;192;52;55;52;56;52;90;256;53;54;114;238;238;252;86;300;102;100;401;77;103;52;102;57;56;109;107;113;52;52;128;53;57;223;52;88;129;205;53;104;53;95;52;57;54;112;225;143;55;256;57;108;53;111;112;88;53;113;200;150;200;104;57;88;55;52;150;269;109;231;154;231;58;303;53;108;90;223;56;54;300;264;58;58;106;135;88;55;89;56;261;231;133;107;233;108;57;274;240;150;302;59;54;138;300;135;300;89;219;53;229;58;56;107;239;143;239;58;107;206;90;300;143)
seed_9_level_1-4,2262,35965.67936658859,62890742,9952,(394;100;217;104;112;100;52;56;166;53;53;53;350;103;55;57;53;107;53;59;105;54;57;109;258;87;90;100;253;57;77;57;54;52;100;52;104;53;102;100;100;95;135;57;234;500;54;59;52;88;114;88;52;107;86;53;112;238;107;57;89;53;53;57;107;52;52;119;55;53;56;102;57;57;53;106;57;100;350;53;111;52;240;86;60;53;257;57;88;54;86;371;377;109;218;241;52;223;53;58;58;64;109;52;53;55;56;400;53;84;55;211;108;54;58;236;58;52;58;83;53;241;265;52;58;57;90;52;263;58;260;242;54;53;55;61;239;85;300;237;239;53;57;55;146;90;56;53;223;227;57)
seed_9_level_1-4,2262,36533.70520734787,64326318,10102,(400;100;55;53;53;52;223;90;102;100;52;52;52;89;52;52;107;53;210;57;51;106;52;56;52;49;206;102;102;52;53;66;52;180;52;256;130;238;53;223;100;52;86;100;86;394;100;109;182;57;57;57;319;115;53;107;59;100;57;104;109;53;132;211;92;100;93;88;104;100;90;107;56;57;50;57;115;120;55;57;147;100;253;104;88;56;102;57;88;287;56;54;423;79;58;53;108;58;219;58;53;54;55;100;100;53;239;227;109;53;249;52;56;251;200;181;97;239;209;55;350;53;52;53;53;59;58;299;303;53;52;56;55;100;58;54;107;52;301;221;133;52;58;53;55;57;246;53;217;52)
seed_9_level_1-4,2262,37105.07652783394,65990152,10252,(291;52;104;207;52;107;53;238;225;106;56;88;104;52;106;100;88;76;100;107;52;52;109;249;206;52;102;49;52;52;52;238;53;208;102;55;238;52;100;57;51;229;52;53;52;52;52;100;54;53;76;86;100;52;56;52;211;53;49;100;102;52;52;100;52;53;400;53;86;54;53;239;57;310;56;53;59;58;115;87;55;252;253;239;265;53;250;219;239;55;150;58;56;57;96;53;59;217;100;239;241;52;222;242;266;238;241;111;53;57;58;249;239;57;263;232;56;100;106;59;58;226;88;59;235;299;53;96;255;53;261;52;52;252;55;231;118;58;59;249;54;54;59;281;53;223;55;54;262;240)
seed_9_level_1-4,2262,37669.59397983551,67386686,10402,(400;207;86;57;106;104;107;55;52;238;238;88;106;56;51;52;56;107;53;51;238;61;59;238;76;52;102;100;238;52;212;52;86;238;79;104;52;240;252;100;52;224;86;53;49;55;100;56;52;88;52;102;100;52;54;52;100;51;49;54;53;100;51;292;88;100;271;223;231;54;52;100;58;244;55;239;251;56;52;263;53;63;108;53;146;59;57;55;230;52;56;57;239;57;86;239;56;57;53;55;90;111;187;231;57;61;442;53;53;150;56;107;53;55;148;88;58;55;56;58;58;100;53;107;54;57;88;57;60;90;52;58;239;100;58;88;56;54;58;150;350;53;140;254;242;213;54;56;251;56)
seed_9_level_1-4,2262,38227.70363116264,68653465,10552,(400;76;52;53;100;52;150;54;272;51;52;238;103;52;52;52;53;52;56;179;216;52;100;435;52;52;107;100;132;213;52;222;100;52;52;57;76;187;104;54;108;52;52;100;86;52;49;60;52;208;53;57;100;208;57;86;52;104;100;52;239;57;52;57;53;238;53;53;180;90;55;88;55;59;53;57;100;53;53;229;241;88;208;53;55;53;61;107;120;57;255;220;52;100;117;88;109;264;122;54;240;53;104;52;200;53;58;100;187;241;107;107;91;149;250;63;57;58;233;138;53;58;239;88;267;90;53;107;104;122;53;59;89;57;110;58;53;100;54;59;220;229;54;177;107;84;58;52;84;57)
seed_9_level_1-4,2262,38776.59563660622,69810859,10702,(299;54;90;143;89;88;56;100;241;53;52;86;55;102;51;51;52;78;252;52;57;53;52;57;52;51;52;55;55;52;52;54;52;97;209;53;57;86;52;86;112;53;86;65;86;52;102;109;111;52;61;53;57;57;51;76;57;249;53;52;51;106;52;53;86;49;52;49;52;270;244;131;131;217;61;90;57;270;264;107;100;231;254;58;88;251;100;87;55;109;53;100;55;56;104;100;261;112;52;86;110;57;52;53;100;239;300;53;300;88;141;57;226;56;217;52;52;88;116;100;180;241;100;100;54;94;54;100;54;53;228;262;100;223;52;55;53;93;105;53;100;52;52;209;243;107;112;100;52;64)
seed_9_level_1-4,2262,39331.91098380089,70978436,10852,(404;207;90;53;54;88;55;86;106;86;52;54;222;52;52;52;110;107;52;222;100;57;238;50;102;73;51;52;55;52;52;252;100;52;84;86;52;52;244;102;90;147;53;86;100;112;52;50;207;52;58;86;102;300;88;52;53;52;211;102;50;88;52;100;86;262;118;242;182;90;107;56;58;100;55;124;53;300;54;105;143;52;100;59;58;56;52;56;55;61;58;53;130;56;93;90;55;55;500;62;52;114;100;107;56;57;248;59;53;54;97;57;273;263;107;55;56;100;57;100;52;56;100;239;57;57;107;116;54;231;108;232;52;152;52;53;102;53;53;58;108;53;52;100;104;59;107;105;112;53)
seed_9_level_1-4,2262,39872.94896745682,71986253,11002,(308;53;91;107;236;55;239;52;57;57;105;261;57;53;107;127;52;59;57;108;57;100;224;108;104;56;59;85;52;57;52;88;52;108;106;57;220;227;100;222;59;58;57;59;110;59;61;53;51;62;107;53;91;57;106;92;63;53;52;212;57;93;224;53;240;230;118;88;100;235;53;210;100;181;55;56;57;54;299;52;55;102;49;52;52;102;222;210;52;55;102;52;250;248;112;52;102;53;86;76;52;52;211;57;52;49;52;52;52;57;52;52;52;52;52;222;141;108;53;90;54;52;52;100;52;86;52;52;221;222;52;207;55;53;52;52;52;114;52;52;90;55;52;52;102;53;102;53;106;52)
seed_9_level_1-4,2262,40440.53010940552,73384598,11152,(404;102;102;49;211;88;212;52;222;104;57;52;52;86;52;57;238;55;52;57;52;100;208;300;52;104;207;208;52;104;227;100;54;52;53;100;84;84;52;238;106;52;102;238;56;102;52;100;100;88;207;100;238;52;52;102;57;54;102;52;57;100;52;206;53;100;55;52;211;87;52;415;55;238;90;53;100;300;208;208;87;218;112;239;58;57;192;208;107;59;63;52;57;57;53;53;56;221;52;53;350;62;239;244;107;100;90;59;97;217;216;107;52;107;56;54;107;303;88;100;56;130;100;90;57;57;113;200;55;140;56;53;58;55;56;57;233;58;55;53;52;57;53;106;254;58;52;59;52;52)
seed_9_level_1-4,2262,41008.61191058159,74773061,11302,(299;86;52;86;240;213;53;55;52;52;102;59;52;89;51;52;86;52;238;102;54;52;52;102;76;56;52;100;102;255;62;52;52;228;55;52;52;53;52;103;86;102;103;211;52;54;52;52;86;106;103;102;76;222;52;59;52;212;52;52;102;53;52;53;102;207;102;100;52;52;84;111;452;107;240;350;87;62;113;107;53;209;53;240;52;218;216;100;264;107;100;239;52;56;106;84;236;91;239;53;53;327;57;231;62;57;53;57;88;53;58;100;53;221;88;287;88;107;106;174;89;222;109;55;235;242;100;231;53;52;86;62;57;88;208;52;88;57;88;57;240;106;57;53;250;109;93;210;56;107)
seed_9_level_1-4,2262,41592.490765571594,76490427,11452,(299;57;250;109;57;89;219;52;102;54;252;239;102;53;52;100;103;52;212;57;213;54;52;52;53;87;90;86;88;54;53;212;106;54;54;238;211;213;211;109;88;240;52;59;211;102;53;128;58;52;90;53;240;52;240;210;52;89;54;53;52;53;258;108;106;86;219;103;308;219;57;100;100;350;107;177;231;57;219;219;57;54;52;57;58;52;52;218;255;53;110;52;53;437;55;58;350;109;56;208;62;55;57;57;100;53;303;84;218;52;232;57;264;350;56;100;57;231;235;100;52;57;56;54;115;214;107;57;52;227;150;57;350;55;52;52;228;210;52;220;100;53;57;100;57;76;56;79;116;257)
seed_9_level_1-4,2262,42159.84237241745,78122052,11602,(425;279;61;107;57;90;350;53;242;219;57;53;53;53;57;56;248;224;150;105;52;134;89;220;57;88;106;54;97;100;53;221;53;232;57;239;100;217;53;300;57;221;57;239;100;87;53;107;57;57;250;53;249;53;57;250;222;400;56;53;55;115;221;239;57;134;53;53;245;240;57;105;52;53;234;100;88;53;526;106;88;112;67;212;54;100;88;207;52;52;52;78;107;54;56;52;62;60;52;103;62;86;213;52;87;108;112;52;224;54;100;53;52;94;53;52;102;53;100;53;89;213;52;52;100;58;120;52;392;52;52;95;133;57;54;208;207;221;52;87;212;59;52;53;89;238;52;54;64;59)
seed_9_level_1-4,2262,42724.80473065376,79683268,11752,(436;54;59;87;89;100;52;52;240;52;64;55;52;88;109;53;52;52;223;53;90;102;219;87;300;53;100;112;53;102;54;107;54;53;75;87;57;94;102;86;56;52;52;88;54;52;88;54;150;86;88;59;100;104;87;100;62;88;54;52;130;52;59;98;102;107;100;100;100;372;55;230;231;100;56;55;272;56;450;52;58;52;223;58;52;208;56;110;53;89;211;222;53;150;208;107;227;241;56;57;53;53;235;122;53;53;97;56;53;370;107;240;52;53;88;350;54;59;116;223;223;53;56;53;53;53;58;249;231;56;219;207;88;59;59;234;56;271;107;120;55;350;112;98;53;70;312;302;106;58)
seed_9_level_1-4,2262,43341.253828048706,82179296,11902,(440;53;53;52;100;107;213;250;100;100;52;54;100;213;53;100;63;58;52;88;213;109;86;52;223;87;53;213;58;65;109;59;55;55;148;87;100;239;64;54;100;103;52;63;84;224;53;239;213;58;51;106;299;230;350;208;228;328;444;100;118;53;300;242;228;304;106;52;400;300;57;299;240;53;222;231;58;272;300;308;226;58;228;106;57;131;59;249;224;200;240;224;116;370;300;53;350;108;100;223;116;53;88;229;212;53;60;57;88;231;87;274;424;208;233;108;244;53;87;53;235;270;200;225;58;88;53;53;87;114;52;58;300;208;240;54;55;300;239;207;54;53;90;292;53;53;53;236;58;52)
seed_9_level_1-4,2262,43951.59313201904,84424648,12052,(299;220;88;130;302;223;100;52;103;87;100;109;100;100;100;104;107;100;100;221;74;100;211;240;60;211;100;239;49;54;103;100;52;61;54;100;212;107;210;52;100;76;312;86;57;88;107;57;54;219;52;116;57;52;222;88;232;104;232;89;57;70;57;56;55;53;208;88;234;52;90;53;78;108;400;208;53;53;310;229;53;240;233;220;57;88;218;53;241;56;234;55;97;233;53;209;208;54;78;57;220;400;53;53;128;232;228;53;234;249;57;101;107;53;59;208;327;59;100;304;108;243;450;59;224;108;100;224;59;241;121;225;100;100;108;113;300;242;350;110;223;100;58;109;324;100;317;125;350;450)
seed_9_level_1-4,2262,44556.05857920647,86681088,12203,(436;103;54;210;114;55;100;100;53;52;53;100;282;58;100;54;88;51;52;238;88;221;111;54;114;52;103;78;212;58;53;58;54;86;100;107;239;100;58;53;240;384;231;238;53;53;100;53;302;59;121;53;97;53;58;81;54;53;57;235;59;200;57;133;209;57;57;237;55;53;59;53;53;300;116;53;116;130;262;88;88;52;229;235;208;53;57;224;300;400;53;239;208;124;100;115;223;136;225;52;97;279;57;450;58;53;133;57;350;285;109;250;110;350;100;300;240;180;220;320;57;100;91;109;400;107;87;109;229;59;100;100;350;236;172;100;110;100;350;150;235;149;111;57;57;100;240;350;58;54;300)
seed_9_level_1-4,2262,45159.44433259964,88998566,12354,(440;52;54;67;50;53;115;76;115;54;87;110;88;91;52;227;54;52;52;53;59;100;55;52;100;54;57;86;53;86;208;52;54;53;100;104;52;53;478;81;384;57;221;53;117;53;59;53;235;150;226;56;224;208;300;57;56;235;119;292;242;55;265;117;53;53;150;107;52;134;53;264;53;57;109;119;53;54;300;239;240;209;57;240;57;55;150;107;109;53;240;240;300;57;220;107;290;450;156;222;100;350;240;241;300;53;100;113;89;151;123;224;100;200;236;150;350;100;86;109;224;350;224;150;52;400;57;152;297;57;57;300;54;58;300;304;224;111;215;70;224;110;90;56;222;254;64;100;108;57;240)
seed_9_level_1-4,2403,45766.57048225403,91351795,12503,(470;51;100;100;54;52;49;224;238;260;239;104;54;52;52;49;57;206;222;52;86;100;55;52;114;53;50;52;102;53;49;52;102;105;100;52;600;122;115;240;57;53;262;108;57;57;59;150;300;57;53;314;107;209;55;53;315;54;229;56;264;57;238;93;59;56;229;304;238;115;244;210;57;122;300;89;229;58;245;108;100;57;57;78;237;53;55;300;279;232;88;53;302;225;242;250;53;100;226;58;150;55;100;59;350;52;58;58;244;112;100;223;58;350;58;57;240;107;108;125;300;220;450;222;150;100;109;100;111;223;58;111;235;268;58;55;108;57;130;221;400;100;107;350;59;130;58;303;100)
seed_9_level_1-4,2403,46396.4737970829,93834272,12653,(290;52;53;227;56;207;100;107;54;56;149;177;211;238;54;52;109;52;54;64;177;52;100;61;100;55;53;87;100;53;52;57;212;54;53;52;206;302;117;119;225;100;108;400;57;236;107;112;57;233;219;350;57;307;100;108;59;109;223;59;224;221;226;223;226;450;111;53;125;126;300;100;58;240;110;350;233;241;100;300;59;113;263;111;107;227;350;240;140;120;108;108;150;399;300;252;57;52;57;100;88;219;221;300;235;278;57;240;59;208;230;56;233;93;235;124;226;52;57;52;57;53;221;267;221;272;57;95;239;208;223;212;53;350;57;57;237;57;222;218;235;239;208;271;57;107;221;116;223;107)
seed_9_level_1-4,2403,46990.77168941498,96149399,12803,(420;52;52;208;141;243;100;52;218;55;49;58;115;228;53;61;55;224;52;148;52;60;100;55;53;53;53;213;52;57;199;53;244;221;100;450;225;100;90;59;119;59;59;54;350;350;75;56;55;57;200;134;53;57;110;57;59;400;100;350;57;59;134;57;93;88;300;57;108;88;59;225;307;130;89;59;100;228;107;100;100;246;350;54;111;146;135;107;113;57;57;108;400;53;235;53;89;221;208;233;237;113;225;100;250;89;58;287;119;224;88;100;107;203;53;52;63;88;700;53;53;52;303;117;117;57;53;53;53;52;305;108;239;235;235;134;104;300;218;244;267;52;107;197;54;107;237;231;231;57)
seed_9_level_1-4,2403,47601.178411483765,98504161,12953,(291;54;240;100;52;54;53;57;55;52;54;53;211;211;104;52;420;100;100;53;87;52;54;121;100;220;252;57;52;52;61;106;57;52;54;226;212;53;58;450;64;250;58;57;57;241;237;54;241;250;59;58;100;239;58;58;249;131;302;350;56;300;53;133;300;312;240;58;58;57;88;57;58;97;100;225;136;210;88;100;53;52;55;58;400;92;52;109;300;400;267;399;100;226;57;109;237;58;235;127;56;94;57;140;280;300;63;57;211;240;129;263;57;89;310;150;53;240;262;238;88;55;55;218;53;134;100;209;264;218;240;157;134;271;130;53;52;302;400;134;152;238;106;109;300;57;89;100;53;109)
seed_9_level_1-4,2403,48217.45753645897,101075486,13102,(301;87;100;59;220;100;400;155;100;54;52;53;224;238;208;106;212;100;52;91;58;58;100;56;52;52;52;450;51;100;238;89;222;66;53;100;269;145;450;143;55;350;77;200;90;137;58;350;57;110;129;52;139;59;100;59;59;58;300;56;109;59;58;58;59;350;311;66;57;299;450;58;400;136;114;241;133;57;56;143;59;57;300;59;307;350;107;59;59;450;54;400;57;129;53;245;235;57;55;300;53;57;56;135;55;206;62;55;450;208;88;450;121;150;53;209;239;213;266;100;53;100;53;52;118;300;115;52;112;239;53;100;228;240;100;107;132;450;52;250;53;59;52;194;53;53;53;134;300)
seed_9_level_1-4,2403,48811.14186787605,103061370,13251,(450;68;100;223;238;52;107;53;100;65;53;53;211;102;100;53;54;100;61;211;54;249;65;314;297;100;53;64;53;51;209;52;211;100;56;238;51;49;52;54;65;53;312;53;53;131;61;379;273;53;248;53;53;57;235;57;100;56;53;203;149;56;51;120;57;223;62;55;250;63;73;112;212;300;53;53;132;130;57;169;53;52;63;240;103;88;100;53;103;59;250;209;57;57;56;203;400;450;90;223;57;224;90;300;138;58;108;59;58;88;88;223;58;223;124;239;59;56;150;100;240;108;350;53;136;110;57;168;100;59;220;300;304;300;227;90;107;250;134;133;90;243;91;224;235;234;90;53;56)
seed_9_level_1-4,2403,49390.79578137398,104959662,13400,(450;49;52;238;227;141;206;53;100;53;49;52;86;76;51;238;53;59;150;53;107;52;53;76;54;150;400;60;129;53;52;238;76;52;253;53;57;303;52;86;55;283;239;53;107;107;57;251;100;235;57;57;264;52;241;241;57;57;55;52;58;57;57;57;88;56;106;57;52;59;221;88;53;90;55;300;57;107;56;100;56;106;100;240;250;88;57;200;58;57;130;54;53;450;114;244;57;109;300;100;100;261;58;52;239;58;266;144;134;300;142;59;90;90;56;53;131;56;57;54;133;91;90;301;450;350;256;58;114;90;350;240;350;109;100;150;109;64;108;250;58;59;53;54;89;54;243;59;100)
seed_9_level_1-4,2403,49983.48002529144,106961698,13550,(283;57;100;54;117;110;57;300;108;57;57;219;57;279;259;140;53;57;57;51;350;57;52;109;240;58;119;108;57;57;177;56;300;223;57;53;100;57;237;53;100;57;56;294;57;57;200;55;305;54;52;58;100;88;105;59;100;55;55;50;52;211;49;59;399;239;51;53;61;55;238;211;57;102;141;54;146;206;233;102;52;206;103;49;60;52;238;49;49;270;56;52;49;450;134;243;172;57;241;139;56;243;57;53;350;100;200;304;59;316;52;55;400;100;59;144;88;300;268;59;54;88;100;64;241;100;270;56;239;110;350;235;57;59;100;109;268;55;254;111;100;57;53;57;88;58;216;109;350;100)
seed_9_level_1-4,2403,50612.67856550217,109581190,13701,(294;54;53;56;88;114;54;53;249;100;57;100;56;200;107;300;100;263;100;57;300;300;57;237;235;131;53;240;300;235;250;300;239;57;101;53;264;150;270;100;277;131;53;250;53;236;57;500;239;49;55;102;53;213;53;54;49;149;54;52;213;54;53;51;210;52;102;235;300;221;54;87;49;54;147;76;213;54;58;52;144;55;107;54;280;102;206;104;55;54;52;105;104;450;100;226;100;240;57;134;283;53;350;84;100;251;291;54;259;239;266;239;132;238;67;132;100;146;303;300;79;350;107;130;90;54;223;92;251;109;90;156;303;269;57;239;100;53;350;100;450;76;131;350;58;146;59;316;350;250;88)
seed_9_level_1-4,2403,51255.6152985096,112386433,13851,(294;250;249;100;89;262;57;253;147;200;54;57;57;100;242;234;100;116;100;183;239;117;138;100;247;149;100;150;253;56;140;282;100;237;59;100;56;242;250;100;57;55;300;100;249;55;57;250;240;52;288;241;118;295;90;100;250;87;100;117;239;57;106;100;251;134;78;450;238;400;236;57;107;57;54;240;90;197;107;350;220;133;56;242;239;146;76;57;108;240;88;115;269;279;114;223;52;88;107;239;350;107;84;88;292;107;269;57;235;234;90;239;303;242;257;300;262;228;54;53;56;59;112;54;111;223;58;316;134;350;239;239;112;239;107;239;108;350;76;302;145;239;188;56;269;51;131;232;239;450)
seed_9_level_1-4,2403,51907.506913900375,115766299,14001,(450;89;150;100;134;105;129;100;105;134;52;100;100;242;264;57;100;262;53;53;250;229;272;53;117;150;52;100;57;100;250;57;150;300;150;100;100;400;54;236;288;100;150;251;55;100;100;57;100;100;58;100;57;100;58;89;57;92;57;323;57;300;57;160;58;450;450;300;53;239;239;297;100;260;100;57;100;262;112;350;350;107;239;305;53;240;240;107;226;110;133;400;57;109;450;266;450;253;300;228;450;100;88;500;239;57;302;59;53;52;301;56;178;240;239;242;240;76;90;107;59;350;306;239;300;222;235;239;53;450;249;100;110;58;88;350;107;213;239;57;88;240;53;58;350;251;130;400;350;162)
seed_9_level_1-4,2403,52547.72310137749,118642355,14151,(369;100;59;400;119;240;250;57;57;87;57;100;264;251;250;57;200;100;100;57;251;141;264;120;266;264;300;57;262;110;54;221;300;250;58;281;294;60;78;100;350;53;100;57;56;57;245;323;100;293;139;100;100;97;305;100;250;53;150;100;263;54;100;300;100;100;53;100;264;55;56;150;150;54;100;53;255;450;107;57;259;240;350;141;240;88;107;303;58;233;350;88;131;450;239;266;58;110;129;239;266;107;112;267;350;52;109;137;136;300;57;133;304;145;56;268;115;239;300;260;266;218;264;54;107;66;57;134;52;239;107;107;239;106;242;52;53;59;69;107;146;54;221;107;107;240;234;266;249;400)
seed_9_level_1-4,2411,53182.484637498856,121616200,14301,(100;150;323;100;100;107;196;322;150;300;100;100;133;305;100;250;57;53;53;150;112;264;150;56;265;291;300;56;150;62;100;150;100;183;150;282;56;134;105;240;253;222;250;100;100;100;255;600;100;291;91;100;140;54;100;131;90;57;91;100;350;289;150;100;56;400;222;600;100;300;250;54;52;100;67;57;57;57;100;57;100;238;100;450;52;58;53;239;89;200;307;59;139;240;350;350;53;88;57;57;109;153;113;240;110;88;240;107;300;251;131;241;89;100;450;108;57;53;88;252;53;450;57;62;57;240;107;244;252;240;400;240;250;88;54;350;88;250;59;57;100;59;309;239;107;52;243;107;88;222)
seed_9_level_1-4,2411,53826.71746087074,124620242,14451,(58;100;100;58;100;100;323;222;186;53;300;350;55;100;308;300;303;56;100;100;250;100;52;100;329;265;53;61;300;100;100;53;303;254;56;239;134;100;59;92;100;318;268;290;123;240;150;249;264;298;182;285;459;265;108;250;241;314;280;383;264;57;258;57;100;57;100;100;100;182;54;279;279;100;100;57;251;100;100;250;300;307;258;254;253;251;240;251;54;450;301;251;182;88;107;100;107;52;276;57;240;240;88;106;88;149;67;239;130;112;221;117;223;240;132;52;269;240;240;112;350;100;54;53;249;240;106;136;222;91;112;112;209;106;58;53;197;249;90;240;100;250;115;108;240;57;240;250;221;57)
seed_9_level_1-4,2411,54474.24597096443,127776906,14600,(397;57;100;104;82;290;56;53;90;350;303;56;122;291;249;304;100;251;61;150;120;58;250;55;235;51;300;250;150;250;55;272;325;53;350;224;100;239;250;54;269;272;190;100;450;250;222;350;266;312;51;57;141;141;111;123;107;90;88;107;241;100;59;132;240;53;202;88;109;88;107;234;235;108;131;90;400;62;221;88;240;132;240;106;266;250;311;261;222;90;254;121;241;88;200;59;239;108;278;250;288;253;250;241;266;403;100;150;255;240;150;100;249;57;278;100;100;400;322;53;142;375;100;250;211;236;150;100;251;150;59;150;229;249;280;100;100;226;100;150;222;251;250;60;57;57;251;57;264)
seed_9_level_1-4,2411,55101.63304686546,130600876,14749,(58;103;116;93;150;150;300;100;100;150;222;53;236;290;310;350;55;225;107;300;55;150;100;53;100;133;317;230;53;100;250;350;350;340;53;274;100;186;52;57;56;350;56;300;53;54;53;54;236;284;287;221;287;450;350;350;178;230;56;88;240;240;242;136;234;56;89;242;57;90;88;234;131;59;283;53;240;88;221;154;90;88;100;88;250;57;57;110;58;240;240;59;307;400;100;53;244;56;240;55;139;234;278;56;57;100;150;251;100;400;219;52;100;255;228;57;133;300;259;57;232;100;100;54;109;150;248;280;150;400;89;150;58;251;250;56;57;245;100;122;57;180;57;57;242;57;301;57;252)
seed_9_level_1-4,2411,55708.641857385635,133319442,14899,(222;58;53;57;57;53;115;57;52;57;350;100;99;58;56;57;118;52;58;150;400;100;52;100;251;56;100;257;53;239;262;60;100;100;261;512;258;400;100;239;100;56;240;265;250;255;254;100;53;100;228;100;100;150;100;57;222;57;100;57;53;60;450;90;56;57;88;89;117;118;240;59;223;57;88;414;112;239;100;350;240;226;88;57;350;300;54;228;243;57;59;57;134;224;100;144;90;241;79;54;350;59;107;241;58;88;57;228;350;272;56;350;56;53;300;302;123;244;53;150;53;55;53;53;117;54;55;132;200;400;300;119;400;56;53;400;269;350;223;89;150;263;263;54;53;52;302;150;239;117)
seed_9_level_1-4,2411,56314.230442762375,135911678,15049,(350;53;104;58;86;53;235;271;53;121;53;86;56;235;106;221;132;255;217;57;57;490;57;100;58;89;100;59;89;150;404;57;56;57;57;241;90;136;154;54;350;150;55;60;88;233;100;59;57;100;56;100;61;283;249;57;53;120;226;54;247;413;240;146;84;59;239;135;240;233;236;240;350;450;100;189;57;207;92;89;139;234;139;90;92;450;266;142;241;88;137;80;234;90;56;186;138;88;350;242;88;223;90;240;90;88;400;58;181;52;53;100;150;311;60;223;53;90;61;350;53;191;53;150;265;53;249;84;241;53;217;77;239;100;54;289;214;56;60;115;53;400;56;310;150;56;62;450;150;53)
