seed_6_level_1-4,1059,512.3876802921295,499607,150,(58;79;52;65;52;100;57;52;52;100;100;100;100;56;100;52;106;52;54;52;59;100;100;53;100;88;130;100;58;69;52;100;54;100;52;55;106;52;100;100;100;100;100;116;100;52;100;57;53;100;51;52;100;54;53;100;100;57;52;57;100;88;100;100;100;64;58;100;52;100;53;100;100;58;52;53;100;52;52;58;100;52;100;52;100;100;54;100;56;52;100;52;100;96;56;108;55;57;100;100;53;100;53;100;51;53;100;57;201;52;53;52;100;100;57;51;53;100;90;100;100;100;53;100;100;100;53;100;100;58;100;55;54;57;150;100;100;100;55;100;53;57;92;53;53;57;52;52;100;56)
seed_6_level_1-4,1059,1039.3965170383453,999177,302,(100;100;100;100;100;100;100;100;100;100;100;100;100;100;100;100;100;100;100;100;100;100;100;100;100;100;100;100;100;100;100;100;100;100;100;100;100;100;100;100;100;100;100;100;100;100;100;100;100;100;100;100;100;100;100;100;100;100;100;100;58;65;53;56;59;100;57;57;59;57;53;53;57;57;59;57;57;57;53;55;58;53;53;59;53;53;54;53;52;57;52;53;51;51;56;53;58;79;55;56;53;52;52;52;52;52;54;52;52;53;52;52;52;55;52;54;52;52;52;52;52;52;52;52;53;52;52;53;54;52;52;53;53;64;57;54;57;150;88;108;88;62;100;96;88;92;53;106;130;52;201;100)
seed_6_level_1-4,1059,1552.4312040805817,1508899,454,(100;100;100;100;100;100;100;100;100;100;100;100;100;100;100;100;100;100;100;100;100;100;100;100;100;100;100;100;100;100;100;100;100;100;100;100;100;100;100;100;100;100;100;100;100;100;100;100;100;100;100;100;100;100;100;100;100;100;100;100;100;58;65;56;58;57;53;59;57;54;57;57;58;57;57;57;57;53;56;53;55;59;58;53;53;55;53;55;53;55;100;52;53;51;51;53;53;51;62;53;56;58;79;53;56;52;52;52;52;52;53;52;52;53;52;52;52;52;53;52;52;52;52;52;52;52;52;53;52;52;53;54;52;52;53;57;57;64;54;150;93;108;100;96;90;88;92;130;150;201;55;104)
seed_6_level_1-4,1059,2064.342436313629,2014231,606,(100;100;100;100;100;100;100;100;100;100;100;100;100;100;100;100;100;100;100;100;100;100;100;100;100;100;100;100;100;100;100;100;100;100;100;100;100;100;100;100;100;100;100;100;100;100;100;100;100;100;100;100;100;100;100;100;100;100;100;100;100;100;58;65;56;59;57;59;58;54;57;57;58;57;57;57;57;53;57;57;53;55;59;58;53;53;55;53;55;53;52;55;52;56;51;51;53;53;62;116;56;61;79;56;51;52;52;52;52;52;54;52;52;54;52;52;52;52;53;52;52;52;52;52;52;52;52;54;52;52;53;53;52;52;53;53;53;64;54;150;108;88;100;96;93;88;92;130;54;104;201;53)
seed_6_level_1-4,1059,2575.189921617508,2519097,758,(100;100;100;100;100;100;100;100;100;100;100;100;100;100;100;100;100;100;100;100;100;100;100;100;100;100;100;100;100;100;100;100;100;100;100;100;100;100;100;100;100;100;100;100;100;100;100;100;100;100;69;100;100;100;100;100;100;100;100;100;100;100;58;65;55;59;57;58;57;54;57;57;59;57;57;57;53;57;53;53;53;55;57;58;53;55;55;53;55;53;52;52;51;51;53;53;62;58;53;53;56;79;56;55;52;52;52;52;52;54;52;52;54;52;52;52;52;53;52;52;52;52;52;52;52;52;53;52;52;54;53;52;52;53;57;57;64;54;150;108;100;96;88;88;88;92;130;109;53;106;201;100)
seed_6_level_1-4,1059,3087.8109645843506,3028453,910,(100;100;100;100;100;100;100;100;100;100;100;100;100;100;100;100;100;100;100;100;100;100;100;100;100;100;100;100;100;100;100;100;100;100;100;100;100;100;100;100;100;100;100;100;100;100;100;100;100;100;100;100;100;100;100;100;100;100;100;100;100;58;100;65;55;58;57;58;58;53;57;57;58;57;57;57;53;53;53;56;53;55;57;53;53;55;53;54;53;55;55;52;51;51;53;56;62;56;55;53;55;58;56;79;56;52;52;52;52;52;54;52;52;53;52;52;52;52;54;52;52;52;52;52;52;52;52;53;52;52;53;53;52;52;53;53;53;64;54;150;93;108;100;96;90;88;92;201;100;104;130;125)
seed_6_level_1-4,1059,3601.812243938446,3536321,1062,(100;100;100;100;100;100;100;100;100;100;100;100;100;100;100;100;100;100;100;100;100;100;100;100;100;100;100;100;100;100;100;100;100;100;100;100;100;100;100;100;100;100;100;100;100;100;100;100;100;100;69;100;100;100;100;100;100;100;100;100;100;100;58;66;55;59;57;58;58;54;57;57;58;57;57;57;56;53;55;57;58;53;55;53;54;53;55;52;51;51;53;62;51;116;55;53;53;55;61;56;79;56;52;52;52;52;52;54;52;52;54;52;52;52;52;53;52;52;52;52;52;52;52;52;53;52;52;54;53;52;52;53;53;57;53;57;57;64;55;150;108;90;100;96;93;88;92;201;62;104;130;108)
seed_6_level_1-4,1059,4114.561828374863,4030720,1214,(100;100;100;100;100;100;100;100;100;100;100;100;100;100;100;100;100;100;100;100;100;100;100;100;100;100;100;100;100;100;100;100;100;100;100;100;100;100;100;100;100;100;100;100;100;100;100;100;100;100;100;100;100;100;100;100;100;100;100;100;57;58;69;65;55;59;57;58;58;53;57;57;58;57;57;57;53;57;53;53;53;55;59;53;53;55;53;55;53;55;52;51;51;53;62;53;56;61;53;53;56;79;56;55;52;52;52;52;52;54;52;52;54;52;52;52;52;54;52;52;52;52;52;52;52;52;54;52;52;53;54;52;52;53;53;57;64;54;150;108;88;100;96;93;88;92;53;106;201;61;130;53)
seed_6_level_1-4,1059,4634.415669679642,4550301,1366,(100;100;100;100;100;100;100;100;100;100;100;100;100;100;100;100;100;100;100;100;100;100;100;100;100;100;100;100;100;100;100;100;100;100;100;100;100;100;100;100;100;100;100;100;100;100;100;100;100;100;100;100;100;100;100;100;100;100;100;100;58;100;65;56;59;57;59;58;53;57;57;59;57;57;57;57;53;56;53;55;59;58;53;53;53;54;53;52;55;55;100;52;51;51;53;62;56;61;51;116;56;56;79;56;52;52;52;52;52;53;52;52;54;52;52;52;52;53;52;52;52;52;52;52;52;52;53;52;52;54;54;52;52;57;57;53;57;64;55;150;108;100;96;90;93;88;92;130;150;106;201;100)
seed_6_level_1-4,1059,5145.903194665909,5047866,1518,(100;100;100;100;100;100;100;100;100;100;100;100;100;100;100;100;100;100;100;100;100;100;100;100;100;100;100;100;100;100;100;100;100;100;100;100;100;100;100;100;100;100;100;100;100;100;100;100;100;100;69;100;100;100;100;100;100;100;100;100;100;100;58;65;56;58;57;59;58;54;57;57;59;57;57;57;57;53;57;53;53;53;55;57;53;53;55;53;54;53;55;52;51;51;53;62;61;53;53;56;53;56;79;56;51;52;52;52;52;52;53;52;52;54;52;52;52;52;53;52;52;52;52;52;52;52;52;54;52;52;53;54;52;52;57;53;64;55;150;108;90;100;96;88;88;92;201;63;53;104;130;57)
seed_6_level_1-4,1059,5652.6067361831665,5552439,1670,(100;100;100;100;100;100;100;100;100;100;100;100;100;100;100;100;100;100;100;100;100;100;100;100;100;100;100;100;100;100;100;100;100;100;100;100;100;100;100;100;100;100;100;100;100;100;100;100;100;100;100;100;100;100;100;100;100;100;100;100;100;58;69;66;55;58;57;59;58;53;57;57;58;57;57;57;53;57;53;53;53;55;57;58;53;53;53;54;53;55;53;53;52;51;51;53;62;58;53;116;56;53;79;56;55;52;52;52;52;52;54;52;52;53;52;52;52;52;54;52;52;52;52;52;52;52;52;53;52;52;54;54;52;52;57;57;57;64;54;150;88;108;90;100;96;88;92;130;85;104;201;56)
seed_6_level_1-4,1059,6168.3890244960785,6053439,1822,(100;100;100;100;100;100;100;100;100;100;100;100;100;100;100;100;100;100;100;100;100;100;100;100;100;100;100;100;100;100;100;100;100;100;100;100;100;100;100;100;100;100;100;100;100;100;100;100;100;100;100;100;100;100;100;100;100;100;100;100;100;58;69;66;56;58;57;58;58;54;57;57;58;57;57;57;57;57;53;57;56;53;55;57;53;53;53;53;55;53;55;55;55;52;51;51;53;106;53;56;55;58;56;79;56;52;52;52;52;52;53;52;52;54;52;52;52;52;53;52;52;52;52;52;52;52;52;54;52;52;54;53;52;52;53;57;64;54;150;88;108;88;100;96;88;92;53;106;130;54;201;53)
seed_6_level_1-4,1059,6678.519200086594,6572226,1974,(100;100;100;100;100;100;100;100;100;100;100;100;100;100;100;100;100;100;100;100;100;100;100;100;100;100;100;100;100;100;100;100;100;100;100;100;100;100;100;100;100;100;100;100;100;100;100;100;100;100;100;100;100;100;100;100;100;100;100;100;57;58;69;65;56;59;57;58;58;53;57;57;59;57;57;57;53;57;57;56;57;53;55;57;53;53;55;53;55;53;52;52;51;51;53;53;55;116;55;55;56;58;53;79;56;52;52;52;52;52;53;52;52;53;52;52;52;52;54;52;52;52;52;52;52;52;52;53;52;52;54;54;52;52;53;53;64;54;150;88;108;106;100;96;88;88;92;130;189;106;201;52)
seed_6_level_1-4,1059,7190.917425632477,7093538,2126,(100;100;100;100;100;100;100;100;100;100;100;100;100;100;100;100;100;100;100;100;100;100;100;100;100;100;100;100;100;100;100;100;100;100;100;100;100;100;100;100;100;100;100;100;100;100;100;100;100;100;100;100;100;100;100;100;100;100;100;100;58;69;66;55;59;57;59;58;54;57;57;58;57;57;57;57;53;56;57;53;55;57;58;53;53;53;54;53;100;52;52;51;51;53;56;55;56;53;53;53;58;79;56;52;52;52;52;52;54;52;52;54;52;52;52;52;54;52;52;52;52;52;52;52;52;53;52;52;53;54;52;52;53;53;53;64;55;150;88;108;106;100;96;90;88;92;116;106;201;100;189;87)
seed_6_level_1-4,1059,7710.990679502487,7603028,2278,(100;100;100;100;100;100;100;100;100;100;100;100;100;100;100;100;100;100;100;100;100;100;100;100;100;100;100;100;100;100;100;100;100;100;100;100;100;100;100;100;100;100;100;100;100;100;100;100;100;100;100;100;100;100;100;100;100;100;100;100;57;58;100;66;56;58;57;59;58;53;57;57;58;57;57;57;57;53;53;53;55;57;58;53;53;53;55;53;55;53;52;52;51;51;53;51;53;56;56;58;79;56;52;52;52;52;52;54;52;52;53;52;52;52;52;53;52;52;52;52;52;52;52;52;54;52;52;54;53;52;52;53;57;53;53;64;55;150;93;108;88;62;100;96;88;92;53;104;201;100;189;62)
seed_6_level_1-4,1248,8229.792173624039,8141903,2430,(100;100;100;100;100;100;100;100;100;100;100;100;100;100;100;100;100;100;100;100;100;100;100;100;100;100;100;100;100;100;100;100;100;100;100;100;100;100;100;100;100;100;100;100;100;100;100;100;100;100;69;100;100;100;100;100;100;100;100;100;100;58;66;56;58;57;58;57;53;57;57;59;57;57;57;53;53;53;53;55;57;53;53;53;53;54;53;53;100;55;52;51;51;53;53;62;116;55;53;56;61;79;56;51;52;52;52;52;52;54;52;52;53;52;52;52;52;53;52;52;52;52;52;52;52;52;54;52;52;54;54;52;52;53;57;57;53;64;55;150;108;100;96;90;88;88;92;201;97;104;187;230)
seed_6_level_1-4,1248,8738.28053689003,8710488,2581,(100;100;100;100;100;100;100;100;100;100;52;100;100;100;100;100;100;100;100;100;53;52;100;53;100;85;52;53;88;57;53;58;57;52;56;100;58;56;56;53;53;53;56;97;52;52;53;57;53;100;52;60;58;76;107;57;100;54;53;57;113;53;93;52;76;93;57;52;52;61;55;57;251;58;90;88;100;53;100;116;56;56;59;104;56;56;104;61;53;100;53;57;57;116;57;59;57;100;53;54;79;201;100;100;57;60;100;54;150;58;57;60;100;96;100;100;52;131;53;100;100;230;57;56;53;57;51;55;52;53;53;53;58;52;54;53;51;56;148;51;58;122;52;254;150;152;53;150;82;52;55)
seed_6_level_1-4,1248,9240.252349853516,9231013,2730,(100;100;119;100;100;59;100;100;100;100;100;100;52;52;100;52;57;113;57;61;53;88;52;57;59;59;53;110;53;59;52;90;53;57;53;56;57;56;58;86;52;53;57;54;94;98;76;54;57;100;100;100;52;58;57;53;100;95;53;106;82;61;52;58;58;56;54;53;100;55;57;100;100;56;64;53;57;52;100;107;58;57;211;53;69;54;57;249;56;100;150;100;58;53;100;230;53;53;57;56;49;150;52;88;53;207;91;55;53;150;60;52;52;52;100;177;105;56;53;96;52;53;53;53;55;53;56;106;53;57;53;50;53;65;57;61;53;57;100;90;100;59;56;100;62;84;118;56;59)
seed_6_level_1-4,1330,9739.035036563873,9765583,2880,(100;58;52;150;100;100;78;100;52;53;53;52;52;52;52;52;100;52;52;97;100;53;100;87;52;55;53;53;57;58;59;57;57;100;54;56;115;53;88;53;53;53;55;87;96;54;56;57;56;52;53;53;93;59;64;57;52;53;113;53;58;56;57;52;90;52;53;57;187;53;57;52;52;53;57;52;115;55;119;56;100;117;100;300;257;71;67;54;90;57;100;57;230;52;88;52;53;53;53;250;57;57;150;53;88;58;52;53;54;57;86;53;91;57;53;61;55;56;56;52;57;51;56;57;53;211;54;58;56;53;59;53;59;53;53;53;100;58;53;209;57;58;59;57;52;58;93;58;57;100)
seed_6_level_1-4,1954,10248.111971616745,10413294,3031,(79;54;92;57;68;100;64;133;100;117;57;100;52;52;52;100;100;52;57;52;52;53;53;115;52;64;53;54;54;58;57;56;53;57;61;57;52;88;53;57;54;87;56;88;53;57;56;53;58;80;107;89;53;58;59;450;53;120;77;52;212;57;52;53;59;54;150;100;53;56;56;59;100;59;53;56;200;59;57;57;87;110;58;187;59;53;100;54;53;134;53;90;53;53;57;56;51;107;53;100;77;57;100;91;53;57;57;57;55;51;238;57;53;57;53;60;57;52;53;91;52;58;61;53;55;58;52;200;52;57;194;300;86;194;52;54;90;94;112;107;104;52;62;53;53;55;103;52;56;100;53)
seed_6_level_1-4,1954,10765.028992414474,11156564,3181,(52;55;52;52;52;52;52;52;52;52;52;52;114;53;64;57;100;52;90;100;53;52;93;57;54;100;100;90;95;212;53;54;57;54;54;100;150;57;58;57;57;59;53;57;56;59;57;59;57;116;150;100;100;150;60;100;53;100;90;100;53;100;58;238;88;104;59;92;53;57;95;58;52;102;52;53;52;77;57;120;100;53;52;54;86;100;84;51;53;57;214;52;55;57;69;103;55;57;100;54;200;104;55;119;53;59;300;52;350;57;52;88;180;54;52;57;56;113;59;54;52;52;112;102;112;53;87;56;450;53;52;53;101;56;133;52;52;108;53;56;53;56;106;52;53;252;64;53;55;103)
seed_6_level_1-4,1954,11281.676146745682,11954523,3331,(117;100;94;100;100;88;88;90;90;53;100;62;100;52;52;52;52;100;52;52;100;52;52;100;52;52;114;100;53;100;54;96;53;57;57;53;56;57;100;53;63;57;211;57;56;59;150;59;55;100;57;100;57;53;100;100;100;110;52;57;238;56;238;88;100;52;55;57;52;52;52;52;86;88;100;53;58;248;184;52;52;86;216;54;238;100;86;58;52;53;59;52;53;100;52;56;200;56;110;117;217;221;57;295;88;239;53;58;90;57;150;53;57;55;100;56;100;100;100;53;53;53;53;53;53;53;350;57;77;52;52;59;95;52;106;52;52;59;136;144;78;54;52;52;52;100;52;100;239;52)
seed_6_level_1-4,2047,11808.331160783768,12752226,3481,(52;52;52;100;100;52;52;52;52;52;52;52;115;54;61;97;88;91;51;88;58;100;57;61;53;57;51;117;121;54;100;98;100;52;100;55;54;58;100;58;66;100;211;57;55;53;88;51;100;58;150;55;57;58;100;104;89;100;100;459;52;86;57;56;53;59;57;52;57;52;52;57;244;56;52;58;59;55;52;52;350;103;57;112;52;89;52;58;107;88;57;56;55;58;52;54;53;52;53;53;245;124;53;238;150;52;52;52;52;52;53;62;105;57;129;52;259;52;86;238;222;58;52;150;52;52;217;57;84;103;115;53;53;93;56;115;57;77;57;59;53;53;54;240;54;93;93;84;97;51)
seed_6_level_1-4,2047,12335.09863615036,13550644,3631,(52;52;52;52;52;52;52;52;52;52;52;116;100;53;59;64;100;150;53;73;58;87;54;100;53;115;100;53;100;54;86;57;90;54;91;59;59;88;118;52;54;212;54;130;57;57;52;57;53;78;57;53;53;57;58;57;108;450;143;53;57;53;52;100;54;52;57;59;150;64;52;191;100;100;57;55;56;52;350;68;52;53;100;300;54;57;115;100;100;100;100;150;100;88;76;72;125;55;57;100;56;58;52;52;106;52;52;57;52;100;52;86;51;100;85;57;60;120;88;90;53;57;53;200;52;222;52;57;52;209;58;55;56;56;108;86;55;52;52;249;88;53;76;53;52;105;86;239;86;240)
seed_6_level_1-4,2047,12861.089774370193,14466890,3780,(117;88;55;53;87;100;150;53;100;100;223;238;100;52;52;52;52;56;52;52;54;52;52;52;52;200;107;53;53;58;55;65;83;124;51;52;52;250;53;150;55;51;56;107;116;55;115;52;53;53;100;54;52;57;53;54;91;53;53;100;67;61;90;350;313;100;52;87;103;56;54;95;200;52;76;100;52;58;199;52;53;100;53;52;446;150;122;150;114;56;117;56;53;57;150;52;58;100;241;53;67;52;184;53;211;57;58;100;52;54;53;56;88;57;59;53;57;53;57;52;57;52;222;52;86;108;248;52;90;106;52;54;50;50;191;55;55;128;128;150;58;88;102;62;52;239;54;56;52)
seed_6_level_1-4,2047,13403.784812688828,15457062,3932,(52;52;52;52;52;100;52;52;52;52;52;52;52;115;53;100;53;58;57;100;58;65;88;58;100;150;85;150;212;52;57;57;93;57;91;86;57;52;59;57;52;57;104;53;59;221;89;151;55;89;100;100;52;53;248;200;53;238;57;57;108;160;90;53;100;350;56;52;107;57;57;260;240;55;58;101;53;150;104;53;57;106;53;52;104;57;52;223;59;150;54;90;100;100;217;57;54;100;54;214;62;134;57;57;296;53;57;53;52;62;58;248;100;52;59;60;59;62;190;53;239;100;53;82;57;52;222;109;239;104;90;225;52;53;238;49;55;76;55;106;53;52;53;50;58;250;53;77;53;200;181;56)
seed_6_level_1-4,2047,13928.835586309433,16344289,4081,(52;52;52;52;52;52;52;52;52;52;56;62;115;150;53;100;53;95;54;53;100;100;54;53;52;52;212;57;57;54;55;53;57;53;52;53;54;239;57;53;132;62;296;52;198;54;197;137;52;52;57;100;52;52;56;248;60;58;54;53;239;55;60;222;100;54;100;54;236;53;64;53;52;100;56;100;58;100;59;100;53;100;350;53;54;213;113;58;100;52;104;66;53;57;100;100;222;244;102;57;53;106;100;221;182;57;100;100;89;100;56;55;111;100;52;100;85;49;119;200;92;100;100;52;222;56;53;54;86;111;56;90;55;109;212;52;52;52;104;150;53;52;52;91;52;86;52;238;104)
seed_6_level_1-4,2047,14463.585618972778,17239120,4231,(114;53;54;60;54;100;60;54;53;53;52;52;93;52;52;52;52;52;52;52;52;100;52;100;100;52;236;59;61;52;53;54;118;58;61;52;209;95;53;100;100;63;52;221;150;52;62;52;58;51;57;53;100;100;54;200;59;100;60;258;100;56;103;211;55;57;88;55;52;53;54;58;54;178;57;58;53;53;54;59;52;222;51;52;52;86;55;239;53;53;102;53;107;238;52;264;52;84;53;57;52;54;52;238;53;350;54;54;58;56;207;52;100;54;150;59;59;247;67;93;56;240;52;111;150;53;102;296;53;150;55;150;53;52;90;53;244;57;52;97;88;55;112;158;52;52;130;59;180;54)
seed_6_level_1-4,2047,15004.702411174774,18337407,4382,(52;52;52;52;52;52;52;52;52;53;52;115;54;123;100;59;100;221;52;54;126;57;53;54;54;250;57;109;252;60;256;53;100;181;53;54;140;55;81;89;100;195;59;252;212;224;52;52;103;57;56;57;57;95;55;102;53;57;116;57;52;236;250;85;106;100;112;53;107;67;52;134;227;53;52;57;53;57;107;350;53;58;150;52;102;100;56;104;100;59;52;54;52;53;53;100;53;53;102;92;52;100;450;100;52;52;108;239;55;52;230;53;212;56;54;108;52;57;88;53;56;55;52;55;56;104;321;54;52;211;53;52;86;52;55;53;262;52;88;52;139;66;252;59;52;52;82;53;108;52;300)
seed_6_level_1-4,2047,15539.465602874756,19405324,4531,(52;52;52;54;52;52;52;52;52;54;350;55;53;100;182;58;52;50;56;52;52;65;87;52;52;52;53;53;222;233;58;52;52;54;57;58;107;100;100;52;69;77;53;224;57;57;53;56;57;200;56;108;52;59;145;54;90;54;57;53;52;436;200;121;57;52;52;59;53;200;52;112;150;251;55;86;115;53;57;53;150;88;52;234;57;102;100;52;57;57;54;100;100;52;57;100;59;102;57;200;63;53;100;264;53;51;88;53;52;53;52;52;52;52;277;249;53;54;56;54;90;52;52;56;238;52;350;250;53;54;86;140;56;252;52;91;150;116;59;238;102;252;176;100;57;200;52;104;103)
seed_6_level_1-4,2047,16070.606985092163,20298632,4680,(52;52;52;52;52;52;52;52;52;52;52;234;61;100;222;53;53;57;53;57;90;52;58;53;52;100;61;86;350;54;57;181;104;53;107;53;57;108;107;179;104;55;106;220;182;224;53;57;56;104;86;57;53;57;57;59;107;54;100;100;89;53;109;109;250;53;100;88;54;59;100;57;100;52;100;63;100;110;54;100;250;295;56;103;104;53;57;84;57;100;53;52;86;57;57;53;53;62;215;100;79;100;350;107;256;113;114;52;53;53;52;53;54;52;57;88;93;52;53;211;52;55;154;57;53;221;97;86;52;252;86;86;100;55;100;105;52;56;52;52;195;57;56;57;52;59;57;88;86)
seed_6_level_1-4,2047,16615.957505702972,21424710,4830,(52;100;52;100;52;100;52;100;52;52;52;52;250;124;54;59;57;260;100;57;57;54;56;59;119;150;190;57;224;90;57;59;53;131;86;57;53;90;62;57;54;100;57;147;116;127;222;63;107;261;57;100;54;90;57;53;57;109;60;97;57;57;53;54;450;52;100;55;106;58;53;52;52;120;53;231;53;53;53;56;114;108;53;250;62;190;86;211;253;57;58;90;249;144;52;100;210;52;195;53;88;69;130;141;200;350;92;52;63;55;53;52;53;52;105;52;207;53;53;57;57;53;53;250;133;57;52;350;100;87;54;100;224;257;60;100;53;100;57;102;57;56;100;108;100;119;107;53;100;100)
seed_6_level_1-4,2047,17157.717994213104,22418552,4982,(52;52;52;52;53;52;52;52;52;52;52;350;54;111;56;104;102;100;98;56;102;51;50;53;57;53;54;100;52;56;58;56;52;100;261;90;100;53;106;100;55;111;117;100;100;52;57;90;52;57;53;52;57;52;92;59;223;61;53;53;57;56;56;102;53;106;56;54;150;53;94;57;53;57;58;59;102;55;450;100;92;52;90;200;238;56;201;52;53;53;191;107;59;54;52;52;222;116;53;51;52;250;57;53;146;57;57;104;150;78;150;53;272;59;58;57;100;57;84;53;100;275;63;212;57;200;88;52;245;109;88;103;95;56;97;52;238;53;55;55;57;104;150;100;59;223;93;117;88;123;253;55)
seed_6_level_1-4,2047,17702.413741111755,23447672,5132,(53;52;52;52;53;54;52;52;52;53;52;52;261;57;56;62;55;100;114;100;134;52;57;114;100;115;54;238;208;53;100;52;350;53;133;100;104;102;106;93;59;57;52;79;238;105;58;100;102;52;52;56;56;223;56;63;62;57;114;54;84;59;53;53;104;52;52;52;62;112;56;52;100;250;57;53;57;91;150;57;256;100;100;56;54;100;107;150;57;107;57;100;53;57;242;111;212;243;100;142;106;57;52;239;115;129;86;176;52;132;51;55;88;52;150;57;58;105;206;100;100;52;82;54;458;100;176;114;52;56;52;53;57;56;55;51;102;52;179;56;84;52;52;53;117;54;59;258;259;92)
seed_6_level_1-4,2047,18245.924250125885,24605264,5281,(57;100;57;52;52;52;57;53;100;52;93;52;57;224;55;75;150;57;104;52;53;109;104;100;55;248;57;53;100;214;77;53;242;100;57;54;100;58;92;242;52;107;315;57;53;253;57;56;90;211;109;53;52;58;261;55;53;52;52;53;106;56;90;53;100;53;257;52;57;256;100;57;52;56;53;350;52;56;107;52;54;52;106;185;100;150;52;102;102;55;64;103;55;400;52;89;59;450;91;189;52;52;54;238;100;90;112;59;90;52;88;101;53;100;105;116;53;92;53;97;52;94;212;217;114;51;251;52;100;112;56;89;53;52;112;57;250;55;222;52;120;104;57;89;91;102;52;56;88)
seed_6_level_1-4,2160,18791.101373434067,25790804,5430,(93;88;62;57;57;93;104;52;57;57;57;57;261;52;100;53;103;107;57;50;52;100;57;52;52;52;53;117;53;57;54;52;223;121;52;238;253;138;118;150;104;53;53;54;238;52;55;57;53;110;52;103;52;450;57;244;240;53;187;57;52;58;100;200;100;52;86;52;53;52;52;55;53;52;86;56;53;454;57;52;56;54;53;52;52;52;53;53;53;57;100;52;52;100;52;89;57;238;100;100;316;108;53;242;266;100;102;54;57;57;95;65;100;100;251;100;251;55;53;100;61;100;100;210;54;53;52;212;128;107;55;104;245;206;53;57;57;52;53;237;220;100;245;106;88;113;52;114;106)
seed_6_level_1-4,2160,19330.03749537468,26754986,5581,(261;123;259;52;109;101;106;52;52;107;136;57;64;132;100;56;100;56;104;53;88;57;53;90;62;53;52;106;78;57;53;234;283;52;102;52;100;104;53;52;52;53;85;100;54;52;52;52;100;100;54;104;296;52;100;56;102;52;58;56;53;61;98;269;100;52;52;52;56;55;56;120;247;57;162;315;107;100;57;177;57;56;117;90;56;100;90;53;78;277;52;57;52;56;100;242;150;224;53;223;52;52;52;87;53;56;53;55;52;57;249;104;52;52;57;104;56;55;58;53;56;87;53;210;56;279;59;107;95;104;110;109;106;100;100;109;53;53;86;53;88;63;85;105;53;69;107;223;100;106;57)
seed_6_level_1-4,2160,19875.28985095024,27918566,5731,(283;98;103;62;52;53;53;56;57;53;102;103;52;99;56;54;58;57;224;53;206;53;52;53;54;53;53;54;53;60;52;59;53;242;57;54;245;88;53;234;100;53;53;55;53;57;53;53;57;57;57;84;84;53;53;53;296;86;102;371;238;52;100;57;249;54;210;57;102;54;92;58;55;53;52;142;244;102;212;251;87;103;250;57;53;54;57;56;93;52;107;111;52;212;208;100;57;57;52;56;56;56;104;208;261;177;132;193;100;53;87;55;100;100;100;100;57;219;57;62;57;52;100;100;59;316;249;52;59;57;53;92;150;256;62;100;100;100;62;56;100;53;278;100;107;56;105;267;99;59)
seed_6_level_1-4,2191,20422.58164358139,28986064,5882,(234;55;57;53;90;53;104;240;100;111;88;53;53;52;100;51;261;53;52;53;53;184;57;52;52;223;52;100;100;239;52;52;52;100;53;100;283;83;58;53;52;54;52;100;54;106;54;52;103;94;219;54;102;53;52;223;53;55;55;210;52;59;111;57;57;58;150;52;84;54;53;53;59;150;150;53;90;316;108;91;427;107;100;52;52;107;52;92;62;150;150;150;109;89;52;57;52;52;52;100;210;53;111;88;54;53;58;113;86;113;56;90;56;55;52;57;52;51;57;53;52;246;53;107;57;446;97;217;55;100;53;86;54;55;57;88;265;103;82;132;219;53;93;60;107;210;52;56;53;52;52)
seed_6_level_1-4,2191,20954.37350678444,29936822,6032,(223;56;56;52;102;65;54;100;53;238;206;57;52;54;52;85;52;56;103;114;212;90;253;53;57;56;114;53;214;81;115;57;88;55;182;52;56;255;56;194;114;257;261;67;53;100;56;53;55;128;62;52;52;259;106;53;52;60;52;52;238;55;52;223;57;53;119;53;57;52;52;53;61;57;52;52;100;100;53;52;88;283;58;53;53;52;60;58;53;61;105;57;52;103;110;59;89;86;86;102;100;391;230;89;100;56;63;89;59;109;100;100;59;58;76;89;100;57;109;100;53;240;150;295;56;87;52;53;52;52;52;150;53;53;56;120;88;53;53;100;53;56;100;52;58;53;61;52;52;100)
seed_6_level_1-4,2191,21499.70740222931,31096313,6184,(450;108;100;53;100;90;93;52;53;100;56;450;53;60;82;56;239;52;104;100;89;234;104;53;298;100;86;56;125;53;100;63;239;53;122;88;240;100;283;104;52;53;110;105;54;105;53;52;52;52;52;52;52;52;53;102;52;52;52;261;52;52;57;202;57;100;52;52;252;100;49;52;100;106;52;53;52;52;52;106;53;223;60;53;60;57;52;138;52;52;56;53;54;55;124;52;53;52;52;53;53;53;392;107;57;76;276;59;53;55;59;200;58;100;90;85;107;118;55;100;57;90;57;100;56;210;52;79;59;57;109;56;103;223;114;90;239;54;59;109;104;100;111;90;90;188;103;107;104;57;252;56)
seed_6_level_1-4,2191,22041.887798786163,32162037,6334,(224;55;56;55;53;58;52;122;52;57;59;54;57;57;57;56;54;54;100;400;53;192;52;57;141;53;91;100;52;250;53;53;100;52;52;54;117;52;53;261;56;76;52;52;100;54;116;52;57;52;59;52;107;219;106;56;100;52;73;392;110;238;239;53;53;234;53;58;150;58;103;58;59;58;100;53;56;52;52;107;250;295;150;57;259;88;59;86;53;90;53;56;56;150;56;58;107;62;100;59;53;77;53;298;149;52;52;52;54;53;104;100;52;53;52;57;52;52;53;100;100;57;100;52;210;55;248;52;87;145;54;52;55;217;55;207;86;55;211;110;100;77;132;66;52;108;210;238;100;53)
seed_6_level_1-4,2191,22593.76710343361,33364761,6483,(298;55;76;55;84;150;53;52;220;100;52;100;52;53;86;51;104;225;223;90;55;104;120;270;52;52;79;150;53;58;55;104;53;55;53;261;103;119;100;57;100;100;52;132;108;54;100;53;100;52;57;100;100;53;459;53;86;107;55;110;56;100;100;89;106;53;53;85;238;53;56;57;53;53;59;400;52;53;102;102;85;99;91;55;81;210;53;86;56;105;53;100;52;107;52;86;391;88;107;53;55;57;53;53;100;56;197;88;56;53;59;53;53;109;300;58;90;53;53;272;54;211;53;100;53;54;56;118;57;208;55;239;231;88;58;100;90;224;215;210;111;56;218;56;56;211;58;76;92)
seed_6_level_1-4,2191,23149.626199245453,34597653,6633,(261;106;53;57;100;100;57;180;117;106;52;57;53;52;71;100;56;223;50;58;50;122;238;58;54;82;52;87;53;53;50;104;55;57;57;122;450;57;56;52;56;52;94;115;100;52;52;57;98;52;88;240;57;94;57;63;391;116;52;53;265;150;86;88;59;55;187;53;53;76;88;53;56;107;226;56;186;100;217;298;53;52;55;300;187;53;53;100;100;242;53;229;52;100;53;89;55;260;51;283;55;238;52;109;52;102;58;142;53;55;109;57;52;87;58;114;55;60;53;106;100;109;210;56;227;53;54;214;241;52;60;188;213;114;88;59;53;111;108;88;81;58;107;55;59;114;108;110;90;254)
seed_6_level_1-4,2191,23680.837019443512,35723535,6782,(224;150;52;57;54;54;102;54;54;88;52;57;115;59;270;58;91;55;55;52;52;450;57;57;256;123;104;55;53;52;100;58;53;56;100;129;53;57;53;56;78;54;55;400;125;103;52;52;137;52;55;57;56;52;76;53;53;53;52;150;58;52;52;81;52;260;52;238;52;275;54;53;100;53;100;100;272;52;52;53;100;100;52;53;84;261;100;52;53;311;100;106;222;59;111;54;109;55;53;86;114;58;58;264;54;130;53;55;61;53;79;109;53;109;53;55;52;227;53;57;54;58;51;55;58;223;206;220;238;256;60;123;88;88;96;69;212;264;53;55;53;76;90;103;116;58;58;80;57)
seed_6_level_1-4,2191,24236.42560529709,36847068,6933,(400;100;100;104;52;51;60;121;52;53;93;57;54;52;53;89;53;84;93;55;86;200;54;223;53;53;100;53;53;52;116;53;55;57;121;53;55;100;200;53;239;55;108;53;53;295;105;100;100;180;57;53;78;58;56;55;53;58;53;90;53;57;110;100;53;59;55;55;260;52;50;100;52;100;52;53;238;100;118;55;217;240;273;53;52;52;52;219;58;52;194;52;55;312;58;52;53;109;56;59;89;100;59;244;56;59;256;55;52;67;79;58;100;53;90;130;53;56;100;227;100;62;52;122;100;123;244;56;244;219;52;77;59;53;55;102;61;57;120;251;53;219;86;58;76;222;88;55;107;222;251)
seed_6_level_1-4,2191,24769.2789041996,37788060,7084,(295;52;100;116;53;111;53;100;52;57;100;58;249;105;52;100;54;52;96;100;197;114;59;56;56;90;224;55;59;100;52;53;53;54;53;54;64;54;65;88;52;91;150;57;52;57;53;150;57;54;52;59;311;54;54;53;58;242;104;56;131;60;57;90;123;132;100;56;111;58;113;129;54;109;54;56;87;53;63;57;57;260;104;100;57;100;251;100;52;61;52;53;214;57;300;54;57;88;52;52;104;150;300;53;100;90;258;126;113;53;106;56;227;93;228;86;60;215;52;52;100;57;57;59;57;60;53;52;52;52;57;102;57;57;253;52;54;55;81;52;253;54;55;100;60;53;86;88;55;52;56)
seed_6_level_1-4,2191,25296.764479637146,38632694,7234,(223;58;54;53;58;119;62;90;52;59;62;53;56;57;57;53;57;53;53;57;53;58;52;52;59;57;53;53;54;51;239;295;84;150;100;52;76;58;56;54;59;168;57;53;78;59;57;52;52;104;80;55;56;59;100;66;53;135;53;60;100;62;57;115;100;59;312;59;57;63;53;58;55;100;57;61;55;108;58;57;54;52;100;53;90;56;108;58;59;59;60;53;54;117;59;55;59;59;54;104;110;239;56;100;139;300;100;55;150;250;52;102;239;100;57;55;208;53;60;88;52;100;111;350;102;108;102;104;107;104;100;52;102;52;98;90;150;285;95;55;102;52;239;100;57;90;100;52;52;84)
seed_6_level_1-4,2191,25842.985449552536,39779888,7384,(224;53;64;53;52;50;110;54;57;87;240;52;240;53;56;53;258;57;91;53;88;52;58;100;135;52;240;54;53;58;56;100;295;100;53;52;200;58;111;58;94;53;58;59;58;91;59;100;53;100;59;104;58;58;58;122;100;59;56;56;150;53;118;88;299;110;427;58;150;53;239;53;55;58;53;52;109;55;106;58;261;54;104;56;241;54;107;57;106;240;57;59;103;105;242;64;107;53;240;110;53;53;100;350;52;60;52;53;57;55;57;52;52;52;254;53;55;52;222;57;53;52;57;52;90;52;52;102;52;102;52;240;450;57;104;55;100;100;84;55;52;52;52;87;85;52;209;100;100;53)
seed_6_level_1-4,2191,26387.476481199265,40840646,7534,(436;58;60;52;59;87;100;100;53;52;249;117;100;265;200;90;100;58;88;105;126;100;57;108;51;95;59;52;55;59;200;53;131;350;93;92;109;53;107;52;102;52;53;127;58;226;53;245;213;100;100;209;76;97;84;107;102;78;57;135;53;51;63;58;102;100;53;58;58;222;52;52;119;223;52;238;57;57;57;53;233;150;102;58;100;92;52;53;58;58;185;53;150;57;110;113;58;57;117;88;53;115;57;77;100;56;98;53;391;53;56;243;112;106;58;58;59;55;53;52;109;58;59;56;53;107;54;54;58;58;58;52;58;113;89;53;54;58;103;52;269;214;100;62;57;58;59;91;58;63)
seed_6_level_1-4,2191,26948.294214725494,42059571,7684,(392;240;53;53;54;100;54;52;58;58;209;54;241;100;52;59;53;52;60;100;53;242;214;54;62;100;101;52;52;116;54;58;62;107;100;109;56;61;295;57;133;53;56;53;120;90;200;57;58;92;100;53;100;102;56;59;56;100;56;53;132;150;100;100;63;143;93;150;52;54;100;132;106;224;150;52;52;250;95;52;52;100;87;107;150;57;59;52;52;89;80;218;52;52;100;92;58;57;88;52;54;108;57;100;53;57;57;55;90;350;91;239;54;59;251;58;52;84;299;107;55;105;238;53;116;55;114;53;52;301;117;208;55;53;350;240;52;88;208;102;56;56;54;84;102;239;57;226;54;259)
seed_6_level_1-4,2191,27527.187067747116,43571175,7834,(450;52;52;127;88;52;114;100;118;107;150;113;53;52;52;53;53;56;104;60;108;56;100;56;88;100;240;100;52;56;117;109;53;254;154;85;57;236;108;56;55;427;58;211;251;57;211;56;54;114;52;60;55;52;150;244;107;254;53;52;56;100;56;54;87;251;270;52;103;59;55;242;53;241;55;212;56;118;100;55;249;57;100;55;119;53;104;110;350;198;55;100;112;52;110;107;52;114;114;208;113;107;308;52;93;55;54;107;269;104;88;55;114;299;285;57;208;58;53;107;52;221;58;208;208;88;52;54;113;83;53;55;52;112;214;57;88;55;89;90;299;54;53;59;267;52;52;319;54;106)
seed_6_level_1-4,2191,28093.935526371002,45012506,7985,(450;100;52;53;107;100;56;54;97;53;107;238;56;52;53;57;52;56;53;58;52;52;52;52;100;104;56;53;76;52;52;150;205;53;53;53;53;52;55;115;52;63;392;58;59;60;98;57;211;53;108;53;59;107;53;118;59;121;100;58;100;120;54;100;56;59;59;53;177;58;59;217;59;113;59;254;58;53;100;59;186;116;213;109;59;133;110;56;150;57;150;59;285;387;55;52;98;100;217;84;104;58;54;196;100;209;208;129;57;52;271;84;188;52;56;245;52;299;223;52;218;52;181;53;350;106;107;53;150;53;104;177;116;55;52;59;52;350;107;76;52;252;55;53;127;209;248;293;54;218;239)
seed_6_level_1-4,2191,28665.5619430542,46392523,8135,(392;52;53;53;54;59;56;117;54;107;100;54;58;239;53;59;113;200;242;119;59;52;54;54;59;53;100;104;109;52;241;53;124;53;208;53;113;53;58;103;53;52;59;54;258;57;136;58;52;242;54;262;56;242;58;109;52;121;53;150;56;54;58;355;114;90;239;118;282;107;224;105;86;109;51;107;52;84;52;56;52;52;104;109;107;86;53;52;110;55;209;350;52;84;226;52;52;117;55;118;52;253;182;107;84;56;88;84;400;100;52;60;181;303;52;55;52;107;211;248;52;52;52;222;210;107;97;237;213;52;84;107;55;184;84;100;52;76;107;234;102;102;55;52;52;237;52;114;84;57)
seed_6_level_1-4,2191,29221.899742126465,47627838,8285,(391;52;53;58;59;256;89;56;52;280;53;59;59;57;58;58;88;53;53;239;94;100;54;100;53;59;58;240;111;125;57;59;58;93;76;52;100;106;260;250;54;107;100;55;54;132;100;150;53;223;56;57;121;58;54;150;100;54;55;55;53;91;52;88;355;52;239;284;52;52;208;86;208;52;52;56;229;57;52;54;90;190;115;57;57;238;52;52;89;53;119;112;57;100;222;164;54;84;227;88;84;53;119;107;54;208;51;114;300;52;100;107;111;120;118;52;52;54;84;53;52;55;84;53;55;52;201;249;107;53;88;86;52;65;239;52;214;54;100;55;59;234;350;59;155;52;55;52;52;125)
seed_6_level_1-4,2191,29783.79559278488,48994522,8435,(392;54;90;106;84;52;58;59;53;53;115;52;56;150;57;52;54;252;83;88;52;58;53;239;58;150;53;56;86;53;59;54;95;52;58;52;241;107;150;93;115;58;80;52;109;96;55;257;109;100;100;253;58;57;262;88;54;88;53;57;53;55;53;150;52;355;84;52;62;53;84;209;126;90;59;59;114;58;271;84;52;218;299;115;52;239;60;78;250;156;88;119;52;250;52;90;52;139;107;52;100;52;84;90;238;100;54;86;86;114;85;86;88;132;239;52;223;53;229;111;109;350;300;100;58;258;53;248;58;55;55;84;52;54;58;54;52;84;52;91;112;52;220;196;100;238;302;207;125;51)
seed_6_level_1-4,2242,30343.1257250309,50327571,8585,(311;56;52;108;52;59;52;180;53;100;261;54;242;59;60;58;107;115;100;122;58;53;263;219;54;180;237;214;59;58;56;59;84;54;150;53;123;96;116;53;53;92;54;54;52;150;56;56;150;59;53;53;280;98;116;53;55;58;100;52;53;128;59;55;386;52;52;88;216;79;52;150;57;89;52;52;299;251;59;84;300;114;52;52;115;126;100;96;55;84;88;52;106;240;248;88;52;122;150;52;127;125;239;57;238;107;52;159;55;100;62;249;52;107;114;239;100;52;56;53;53;62;52;53;59;52;55;118;239;441;109;60;150;100;52;114;52;148;56;118;239;88;207;88;238;53;87;59;84;111)
seed_6_level_1-4,2242,30890.117167949677,51479361,8735,(392;52;107;246;57;53;60;53;52;194;145;242;114;57;53;57;57;58;53;100;58;52;56;52;59;53;53;56;212;97;59;102;58;109;59;54;54;53;54;87;59;57;111;59;150;108;103;53;53;53;107;58;53;88;55;57;56;53;244;60;52;52;100;253;59;59;456;268;114;150;84;53;223;116;102;57;76;137;52;52;57;55;57;251;53;100;117;57;56;350;56;57;146;223;106;58;57;57;192;56;210;115;139;208;53;241;52;54;56;52;114;53;115;53;57;198;57;89;57;111;56;100;107;150;114;55;100;55;57;217;52;57;114;267;55;52;56;93;53;56;100;303;52;53;57;239;57;118;57;56)
seed_6_level_1-4,2242,31460.80088210106,52890422,8885,(427;57;53;100;100;100;60;57;54;54;115;59;59;252;62;59;107;150;60;59;242;56;58;56;134;239;95;100;100;213;109;100;88;241;224;100;111;240;59;53;58;60;53;60;55;243;107;54;260;65;59;57;80;54;57;58;195;60;53;194;100;56;57;57;58;53;229;291;52;257;100;249;249;53;88;217;57;123;54;250;131;226;251;62;226;53;244;90;100;53;114;57;245;57;223;223;150;52;56;223;211;104;55;200;52;118;55;240;243;100;251;121;115;53;84;55;85;54;52;57;52;114;107;58;52;88;188;145;119;102;52;104;92;119;53;57;76;57;111;90;100;219;84;54;90;131;62;100;59;257)
seed_6_level_1-4,2242,32019.515986680984,54204640,9035,(392;58;76;58;100;218;100;54;219;108;58;57;258;100;53;259;52;260;107;55;224;58;59;94;58;59;59;59;57;133;59;100;58;59;101;77;156;62;56;55;56;59;100;59;276;59;109;55;292;150;107;245;85;56;105;63;121;261;55;59;73;183;83;53;53;53;291;52;56;58;84;163;57;57;115;106;242;231;90;57;244;127;200;53;239;106;100;59;221;118;52;53;150;118;116;88;57;215;52;213;236;53;53;239;56;57;95;86;53;53;53;52;57;100;52;150;56;89;219;88;115;52;57;189;112;53;100;125;104;53;78;238;86;54;223;238;233;100;57;59;116;84;241;222;53;57;104;56;56;54)
seed_6_level_1-4,2242,32599.846077680588,55668993,9185,(429;57;54;257;100;108;53;58;176;216;59;90;244;149;56;100;238;52;109;52;105;53;100;52;58;113;116;109;114;58;54;115;58;103;214;241;55;239;63;239;100;54;57;85;54;53;57;220;55;53;58;65;133;239;100;57;255;240;57;244;55;53;53;100;262;53;100;228;305;53;270;150;239;52;54;56;53;92;85;132;114;95;57;129;57;217;115;51;208;263;100;88;53;238;234;109;52;85;119;100;86;53;245;300;53;227;53;217;59;100;61;66;53;107;244;217;211;57;53;242;52;100;150;59;233;100;100;107;57;52;56;53;53;150;57;127;57;52;57;52;219;239;53;56;100;53;54;84;84;59)
seed_6_level_1-4,2242,33176.36548113823,57231118,9335,(471;249;57;239;84;52;77;100;114;120;84;57;52;57;57;52;88;350;56;209;248;57;208;200;107;227;239;233;57;90;96;114;52;239;241;115;259;57;57;54;57;57;304;215;238;58;217;239;210;240;220;57;119;251;52;52;107;115;240;111;55;116;52;114;100;58;218;208;52;151;59;209;116;52;52;52;53;158;391;109;52;59;62;103;58;189;59;54;114;100;57;221;58;91;52;52;57;106;152;53;105;240;54;136;53;54;59;53;95;100;54;52;218;57;59;235;53;95;221;300;110;58;57;59;57;54;58;53;59;136;53;59;114;256;58;56;54;53;268;53;57;59;106;107;59;242;58;58;61;57)
seed_6_level_1-4,2242,33735.504626989365,58630966,9485,(392;109;54;106;99;56;59;52;55;88;69;54;59;107;241;62;96;59;58;59;59;59;56;59;52;95;244;57;59;235;59;90;57;61;107;53;59;106;253;58;52;52;53;54;109;259;53;111;55;55;250;87;196;89;53;53;54;54;56;95;57;54;82;55;95;58;441;100;277;56;52;100;59;212;100;52;53;208;231;100;233;52;119;300;59;53;131;100;54;59;52;212;91;53;117;88;102;113;57;53;200;184;52;53;53;286;228;238;55;52;53;55;158;219;52;53;217;54;220;122;57;269;52;87;56;52;220;86;100;53;53;58;54;86;54;93;102;300;52;242;239;90;238;52;227;238;238;248;57;57)
seed_6_level_1-4,2242,34288.976089954376,59906673,9635,(428;53;59;58;57;58;114;57;239;100;58;56;58;52;209;87;110;100;60;240;59;246;55;52;108;86;107;88;111;54;58;150;59;253;62;112;263;52;89;59;112;58;56;59;212;52;57;122;243;55;99;57;55;100;88;61;58;211;53;58;56;58;98;100;416;57;52;53;84;53;53;57;239;52;55;128;240;52;57;211;57;57;90;57;350;227;53;108;53;239;200;107;95;59;55;103;100;52;52;53;57;84;242;100;57;238;239;55;52;59;53;58;53;57;210;100;86;224;150;265;102;239;84;126;57;222;59;107;119;57;124;55;104;210;150;53;102;52;116;53;53;57;52;121;110;120;84;100;103;59)
seed_6_level_1-4,2242,34883.79942846298,61667979,9785,(311;53;53;88;64;254;54;107;107;115;177;62;52;56;59;59;58;54;108;97;247;250;108;56;97;53;56;53;107;234;256;53;57;52;56;54;59;86;58;300;100;212;53;105;58;57;53;53;99;57;242;108;270;52;118;100;63;90;235;53;110;58;57;57;100;254;114;59;416;52;52;223;261;52;218;210;102;226;52;239;55;88;211;238;57;57;53;53;57;256;54;240;52;52;102;208;117;139;59;57;209;307;53;52;216;54;300;57;300;238;88;100;58;55;119;58;258;244;55;244;100;52;100;55;56;57;209;88;209;57;210;209;246;57;258;53;240;240;57;117;234;239;226;300;57;238;58;238;53;89)
seed_6_level_1-4,2242,35445.882774829865,62964279,9935,(392;100;113;150;52;54;59;87;86;56;106;55;56;55;58;59;55;53;76;54;57;56;108;57;122;59;100;57;100;111;53;98;95;264;54;61;107;90;60;235;213;54;57;108;116;54;52;179;137;100;53;58;54;57;54;56;58;57;52;57;106;52;104;54;100;305;213;88;115;107;300;52;52;57;109;53;52;54;216;245;222;240;139;53;57;53;216;208;117;52;250;59;52;210;244;52;54;52;52;227;223;57;88;52;57;216;210;128;115;238;52;223;52;52;229;52;54;109;90;142;240;52;231;125;217;53;52;53;215;58;109;193;92;53;224;53;56;54;59;52;52;239;88;88;238;56;217;105;52;223)
seed_6_level_1-4,2242,36022.95935869217,64686415,10085,(311;109;150;120;54;100;120;62;59;119;58;54;58;53;100;53;262;58;53;53;54;53;107;57;53;58;53;52;300;100;52;54;107;116;53;57;178;57;150;253;52;240;56;52;300;53;92;100;239;215;109;90;57;258;235;223;119;104;57;92;291;122;57;133;53;120;90;53;57;53;52;88;52;53;55;200;248;329;308;453;57;120;53;56;300;238;222;57;52;122;209;52;88;148;53;57;54;119;122;104;52;229;100;216;211;208;216;52;100;118;54;119;220;238;117;54;239;115;238;104;258;52;176;54;54;115;258;239;86;248;56;142;55;107;56;56;181;52;244;211;219;240;52;222;119;52;208;52;217;52)
seed_6_level_1-4,2244,36604.45690393448,66359696,10235,(391;52;58;59;54;100;110;88;52;58;57;53;52;54;107;57;52;57;58;107;350;57;57;89;58;55;239;58;57;53;57;239;58;58;58;90;52;54;224;105;86;107;57;57;88;235;96;244;242;57;106;57;54;76;57;55;239;100;212;52;121;57;500;52;303;301;302;53;57;215;55;52;57;53;239;90;55;88;117;89;57;100;115;117;54;119;208;53;63;234;88;239;242;240;115;97;53;115;251;52;53;52;223;52;240;226;52;52;57;100;350;53;52;300;300;109;53;107;249;239;150;84;226;102;147;53;88;57;52;108;150;54;209;55;239;53;57;53;228;57;57;57;239;57;53;232;289;52;107;225)
seed_6_level_1-4,2244,37179.41553592682,67852802,10385,(392;257;53;106;242;239;56;107;57;58;57;107;100;255;100;53;108;58;59;100;234;99;115;56;53;57;123;100;100;59;189;139;184;127;100;59;93;57;120;107;52;52;260;107;240;150;57;58;100;241;52;100;100;118;146;107;222;245;59;58;116;109;269;453;97;121;90;53;54;114;56;89;239;56;88;53;104;53;52;131;350;214;112;52;53;117;90;53;53;100;238;52;102;53;57;89;88;52;133;52;84;56;100;53;240;55;297;225;116;239;88;240;115;54;57;222;100;57;239;56;52;52;117;88;52;52;219;52;218;227;56;53;56;89;107;221;53;208;52;61;217;211;115;217;54;55;91;57;56;57)
seed_6_level_1-4,2244,37754.17175078392,69316090,10535,(428;106;53;57;58;54;90;253;150;107;107;57;61;115;57;57;131;52;100;242;58;234;53;54;53;109;57;239;58;56;218;57;96;119;141;258;130;99;57;57;245;56;53;56;53;52;240;56;52;107;100;56;54;57;54;121;185;56;240;54;110;58;57;53;239;112;110;57;475;53;234;57;52;57;52;57;100;192;135;252;57;57;244;52;52;60;256;251;209;58;53;88;214;228;57;57;114;78;118;58;215;176;88;88;115;52;57;54;52;56;88;88;52;115;96;52;209;113;214;239;57;56;52;56;102;90;57;250;57;53;57;300;117;57;227;56;52;300;60;57;54;269;56;57;108;159;253;250;52;86)
seed_6_level_1-4,2244,38338.38120985031,70890123,10685,(392;59;57;247;114;57;109;57;161;53;241;56;239;56;133;56;59;53;53;56;57;242;108;94;100;239;102;52;181;54;53;53;53;150;56;53;243;90;112;93;255;119;58;300;52;90;104;57;53;279;57;234;53;59;85;242;90;57;58;255;242;57;53;55;92;57;100;100;57;386;236;108;52;52;115;217;249;52;88;129;226;54;105;53;53;238;53;52;245;90;52;58;224;232;62;90;238;52;53;52;52;261;52;57;52;102;58;104;260;117;53;84;87;239;211;147;55;209;125;52;52;57;253;226;89;240;57;88;54;54;54;52;261;217;76;56;228;52;214;229;89;59;244;54;240;118;138;98;56;53)
seed_6_level_1-4,2244,38933.323308467865,72805866,10835,(433;150;119;97;57;216;241;239;57;56;57;56;100;131;108;53;220;52;55;53;56;214;115;65;92;252;57;59;136;53;90;100;107;54;59;220;110;52;242;224;150;88;53;58;59;300;54;52;57;100;59;100;220;57;57;56;248;58;53;350;234;57;239;88;150;256;240;90;386;52;209;52;102;92;107;239;114;231;54;53;52;214;52;239;52;57;89;231;52;107;52;52;239;248;52;222;185;52;53;57;53;52;208;52;52;90;214;253;225;216;95;249;52;102;212;52;52;238;100;218;53;52;300;450;150;91;239;248;78;116;239;52;121;216;209;52;300;95;88;300;54;102;238;52;57;248;52;52;116;90)
seed_6_level_1-4,2244,39495.998319387436,74275667,10985,(392;100;186;240;100;238;250;52;57;57;242;130;100;108;58;54;53;107;55;121;57;257;55;53;81;240;53;89;52;106;106;56;134;53;107;108;240;53;197;57;57;52;187;53;52;57;100;55;57;52;53;60;111;242;52;57;150;108;57;239;57;119;55;113;52;226;240;411;182;52;253;56;76;170;52;57;56;57;53;100;126;291;58;153;52;56;123;52;114;52;238;52;88;107;55;85;53;100;212;53;52;107;117;219;56;121;238;90;244;56;221;52;114;107;86;52;53;76;114;52;52;52;52;251;61;239;89;244;53;119;53;56;117;89;78;52;57;108;52;52;57;239;244;52;228;219;52;52;478;53)
seed_6_level_1-4,2244,40068.12902998924,75850742,11135,(392;53;54;98;113;56;119;59;53;57;100;54;52;56;56;57;52;58;60;247;244;57;56;250;221;59;52;90;56;53;160;57;53;57;119;57;52;57;116;53;150;150;56;113;57;60;55;53;53;193;57;53;53;52;234;100;124;192;119;88;59;124;52;57;150;59;57;100;223;148;452;54;56;122;52;56;240;52;220;57;239;217;217;108;122;299;52;239;111;52;53;88;217;114;280;190;104;53;57;300;52;251;56;52;52;225;212;231;56;57;52;250;52;85;90;450;208;55;240;90;212;52;92;117;239;57;56;53;104;57;248;222;53;200;61;222;107;120;52;54;217;53;268;57;118;57;56;53;219;53)
seed_6_level_1-4,2244,40643.99201464653,77266391,11285,(391;61;150;242;240;100;57;134;257;255;100;230;221;100;112;350;80;57;100;100;92;118;57;91;52;108;116;53;108;57;53;240;241;56;243;56;57;114;57;100;100;57;210;107;243;56;108;240;104;239;53;53;100;121;60;239;53;88;54;55;63;53;58;107;292;52;220;255;52;57;121;219;57;52;52;216;114;57;57;214;52;209;176;200;51;57;109;52;114;58;57;60;120;57;55;56;223;52;87;222;90;52;141;52;57;53;106;52;100;52;100;52;134;52;56;214;53;52;53;53;211;209;221;240;221;92;53;52;217;100;52;54;212;107;53;53;232;54;119;52;106;248;52;58;52;52;57;102;118;53)
seed_6_level_1-4,2244,41219.30026435852,78779548,11435,(478;116;251;117;52;52;57;239;222;55;135;52;211;166;53;57;54;240;52;53;300;54;52;216;52;57;238;53;210;52;209;198;223;238;223;52;119;57;88;53;76;114;251;56;88;240;52;52;55;52;219;115;57;90;55;238;300;52;57;212;186;233;150;50;90;115;53;187;222;119;56;52;115;210;100;224;57;97;253;240;392;53;100;53;52;53;100;240;240;245;104;106;59;100;55;252;125;57;54;104;53;104;52;52;53;243;52;57;52;53;100;114;57;52;53;109;52;57;110;57;63;53;100;107;53;57;57;228;54;55;57;100;54;52;59;56;150;148;90;61;100;54;58;52;261;217;55;60;106;90)
seed_6_level_1-4,2244,41790.017815589905,80322511,11585,(312;55;53;53;57;107;63;58;52;56;57;57;111;55;88;123;252;54;105;55;229;57;58;53;53;76;52;52;57;108;53;107;52;52;57;59;100;121;57;118;150;53;53;261;57;52;265;57;242;55;60;57;109;249;54;300;52;100;127;53;57;53;59;123;292;225;56;239;56;53;226;53;52;222;215;53;52;56;52;118;56;55;122;209;52;117;57;57;119;250;52;56;102;56;119;235;52;198;56;127;233;52;239;53;221;53;87;90;107;350;300;137;307;266;228;56;84;247;57;150;120;117;208;52;219;239;119;57;158;55;51;240;221;53;116;102;244;88;106;107;87;222;117;400;118;114;52;89;239;92)
seed_6_level_1-4,2244,42386.332803726196,82075644,11735,(392;60;150;53;100;100;54;100;55;242;53;100;53;56;59;55;52;241;242;59;53;59;59;112;119;52;212;55;104;57;106;241;239;52;53;244;63;54;100;241;240;100;59;53;110;52;52;100;64;102;64;240;241;57;242;57;107;58;59;56;53;302;55;111;53;55;52;55;239;108;111;76;232;53;240;116;211;95;154;88;257;115;238;239;239;85;238;202;56;223;240;220;52;76;53;239;57;126;54;56;220;212;300;53;239;107;216;102;57;57;224;56;88;134;56;88;56;58;239;239;241;114;117;88;52;116;53;87;114;53;53;132;350;125;57;56;223;52;52;239;107;150;57;239;300;57;224;239;239;300)
seed_6_level_1-4,2244,42985.55959057808,83810127,11885,(392;263;88;132;57;241;242;242;109;56;57;60;107;150;150;57;58;240;59;59;57;222;53;52;58;106;256;88;300;58;145;54;152;58;93;57;58;106;56;52;57;214;241;52;58;100;54;59;148;57;100;57;57;240;58;271;114;52;59;55;59;56;400;56;118;57;57;220;157;56;107;53;239;220;221;249;103;55;53;88;108;236;53;58;220;87;56;300;228;89;222;52;91;52;300;206;76;253;250;249;53;56;53;107;250;239;119;58;116;52;56;57;115;177;88;221;117;53;120;222;225;56;225;223;56;53;259;55;226;52;256;53;52;106;300;57;253;57;57;52;57;235;53;212;59;57;219;53;57;88)
seed_6_level_1-4,2244,43566.20058345795,85499604,12035,(392;58;58;300;60;242;58;94;60;243;58;241;52;109;89;59;112;150;79;89;52;56;110;102;150;214;54;57;53;350;58;127;55;55;54;90;113;150;59;100;115;93;52;59;52;94;114;58;58;59;240;54;113;54;147;150;54;59;52;54;100;244;108;400;249;142;53;228;53;52;56;300;52;132;53;255;52;53;127;117;117;56;240;52;52;52;88;107;350;56;52;56;117;102;239;52;450;107;57;220;101;90;400;52;58;53;222;117;250;250;107;88;117;88;239;55;217;221;239;52;108;101;52;239;56;107;103;117;52;53;86;90;57;102;113;277;53;350;55;53;88;126;55;222;120;119;52;198;122;114)
seed_6_level_1-4,2250,44158.854214429855,87284994,12185,(311;100;59;59;55;239;259;100;109;53;58;58;58;242;55;63;242;53;90;55;54;112;242;59;58;57;150;150;54;54;57;54;58;53;54;242;58;148;100;57;100;56;57;59;242;52;59;235;59;100;57;56;52;60;53;58;183;80;58;53;78;59;54;58;450;237;310;116;238;53;54;101;222;52;253;53;387;117;52;104;116;129;52;58;117;53;76;116;53;239;52;222;53;58;210;53;88;143;120;91;52;250;400;52;52;114;107;52;100;88;114;239;90;450;58;52;107;128;228;400;122;108;52;130;224;239;81;107;90;117;311;54;107;221;239;239;212;279;117;300;239;101;52;239;90;52;53;117;107;90)
seed_6_level_1-4,2250,44758.73119854927,89104576,12335,(392;105;57;221;150;58;107;52;237;54;150;254;58;109;201;233;53;89;239;266;100;89;88;89;107;108;107;54;54;59;150;242;240;117;53;116;104;54;55;53;242;100;300;64;100;150;52;53;54;108;100;53;150;90;53;54;52;58;90;450;117;57;200;240;104;219;76;249;55;101;51;53;52;238;239;116;53;76;117;114;52;60;53;238;100;82;115;107;239;106;107;53;56;296;117;52;55;238;52;225;56;53;76;114;53;107;57;300;100;53;239;53;192;52;104;223;90;120;107;251;58;89;217;52;400;90;287;120;239;56;76;51;55;75;88;239;58;248;285;118;382;129;239;199;107;239;103;227;52;53)
seed_6_level_1-4,2416,45390.53066825867,91382033,12485,(311;60;425;163;113;213;53;52;94;90;316;58;58;93;57;241;241;53;53;239;59;150;146;116;58;107;242;222;242;100;58;108;135;234;242;109;59;53;100;52;150;55;58;232;62;239;52;57;104;81;300;150;257;150;150;185;54;52;57;239;58;52;450;114;51;92;107;534;225;216;117;90;88;350;350;244;122;100;206;52;300;114;52;238;88;198;55;52;296;52;218;107;300;53;100;86;106;183;56;127;107;211;100;88;212;90;52;117;117;52;217;176;251;217;52;117;234;232;219;227;350;107;52;107;257;249;52;350;52;52;58;55;104;114;260;52;52;57;301;244;227;58;90;90;52;117;92;103;52;239)
seed_6_level_1-4,2416,46009.01986336708,93447456,12635,(426;117;244;81;350;165;58;53;350;52;245;350;238;52;88;112;58;104;53;150;242;239;57;52;234;57;227;210;100;104;236;238;114;59;59;89;100;58;108;138;53;60;244;106;150;56;100;100;90;106;150;63;241;166;111;237;88;125;239;105;53;52;250;150;450;350;56;52;53;227;214;53;400;53;52;52;269;52;52;206;53;52;222;238;52;86;106;126;101;118;238;107;119;52;64;52;91;100;116;107;248;52;252;104;249;88;238;52;57;253;251;77;211;260;117;90;90;217;76;88;107;115;56;76;52;109;91;53;120;104;258;56;53;52;52;400;52;104;120;88;405;104;56;217;52;107;52;116;239;124)
seed_6_level_1-4,2416,46627.840347766876,95565997,12785,(297;100;59;52;78;178;52;110;59;244;259;133;210;58;57;52;52;311;53;239;77;63;111;99;300;124;111;241;104;242;113;105;76;114;236;238;226;236;150;238;107;108;246;122;55;54;53;211;220;239;65;211;150;52;93;220;57;108;250;59;108;107;237;242;54;52;241;239;100;387;218;122;209;216;51;119;52;111;237;107;111;52;61;209;238;400;52;219;107;133;121;52;128;52;88;249;52;240;150;140;120;220;52;57;222;107;52;52;52;56;107;238;200;88;300;400;200;126;115;92;107;400;232;107;89;108;214;52;52;58;106;56;129;107;350;52;59;116;222;52;277;52;52;60;238;114;53;111;238;239)
seed_6_level_1-4,2416,47245.53209733963,97756584,12935,(400;57;215;150;59;53;234;350;59;131;57;52;252;95;52;136;263;53;108;76;121;213;54;53;100;212;242;53;57;57;109;212;256;57;239;59;52;300;113;122;56;235;236;54;95;59;55;214;101;100;56;234;239;91;52;90;152;52;53;57;90;212;91;210;239;52;110;254;54;220;296;387;176;304;52;222;52;52;110;52;114;52;222;120;301;107;52;52;106;70;350;56;52;107;107;52;120;500;103;52;52;230;52;107;52;221;52;53;52;248;119;52;248;52;287;244;232;266;52;107;107;52;266;350;56;52;106;118;57;117;550;121;117;106;56;107;221;97;283;76;52;106;106;106;300;54;52;263;59;207)
seed_6_level_1-4,2416,47890.589805841446,100323957,13085,(507;239;220;54;56;53;240;52;57;55;242;242;117;58;54;261;109;300;124;53;235;103;350;239;52;241;241;141;92;250;239;264;217;124;109;235;242;53;52;248;235;57;222;52;240;350;105;108;240;54;113;244;97;53;215;400;223;241;59;238;291;238;241;106;86;230;236;256;101;234;122;210;440;219;106;120;250;107;112;52;52;52;225;258;135;106;52;236;176;107;292;52;239;52;272;104;107;52;107;107;233;52;52;56;104;59;100;81;107;150;350;55;100;233;52;218;52;100;52;53;238;52;224;254;106;300;254;219;233;107;106;55;108;222;227;56;221;52;238;90;255;107;107;52;52;350;52;114;103;54)
seed_6_level_1-4,2416,48493.00219631195,102390056,13235,(500;108;52;129;107;117;52;141;209;58;133;189;104;52;107;238;133;53;279;63;274;52;218;207;117;107;53;200;52;61;106;61;300;107;220;436;107;53;220;52;52;104;53;52;99;258;52;52;55;104;312;450;107;53;108;52;228;115;238;177;107;106;53;52;121;238;57;107;100;52;100;52;297;58;93;59;229;125;53;109;93;238;106;621;242;116;53;54;150;54;102;57;107;233;59;238;129;58;52;53;57;119;58;261;244;179;53;100;52;59;162;55;53;126;53;236;109;101;56;58;244;350;205;114;52;106;104;114;59;240;469;53;56;56;53;240;53;208;90;56;107;53;181;122;235;54;240;59;52;150)
seed_6_level_1-4,2416,49108.97271704674,104505039,13385,(283;95;78;236;149;54;243;150;240;100;86;235;214;150;244;149;135;239;235;108;247;86;108;241;56;53;106;59;59;100;258;109;59;52;58;107;242;124;107;53;52;56;52;89;109;56;241;55;179;55;64;182;150;249;52;240;55;236;59;59;52;400;52;278;100;107;130;107;107;400;223;59;131;191;300;376;57;53;292;53;57;53;260;451;234;57;120;53;102;117;108;57;53;57;53;53;52;52;194;500;150;107;53;53;107;221;53;107;52;59;53;129;133;277;55;52;107;100;53;107;118;89;116;53;107;133;239;57;53;300;223;106;53;400;93;222;400;303;238;117;55;52;116;57;101;177;56;247;86;87)
seed_6_level_1-4,2416,49723.94921064377,107074713,13535,(400;238;56;86;59;55;239;236;118;115;84;212;241;238;236;90;244;55;108;100;112;58;400;89;53;59;90;300;54;238;57;107;262;88;150;52;261;121;86;57;52;82;53;57;257;115;107;90;59;54;246;143;53;53;145;544;107;55;52;107;57;52;116;421;57;238;53;52;414;111;53;54;52;262;89;223;52;52;55;400;55;53;56;259;390;116;106;57;56;300;58;53;239;224;53;54;56;57;57;209;117;56;232;86;130;300;107;107;101;61;383;132;52;179;225;53;262;512;107;450;54;240;119;350;56;257;57;144;52;496;182;120;108;53;52;254;305;52;52;56;56;107;413;54;280;53;119;119;52;52)
seed_6_level_1-4,2416,50323.50473690033,108912468,13685,(54;52;53;400;52;234;88;240;57;219;54;150;234;87;135;54;90;88;58;108;52;229;121;118;108;52;254;87;235;126;54;89;215;53;104;239;107;56;52;239;238;242;53;57;257;240;113;54;107;58;108;240;389;106;233;52;52;57;114;238;53;107;115;219;107;210;305;53;428;300;107;54;57;58;300;87;89;52;109;57;56;277;286;52;223;210;134;53;450;53;52;129;52;57;248;93;219;52;107;120;56;52;106;56;97;116;57;225;107;108;115;53;52;116;107;107;56;149;114;229;107;120;107;117;57;52;107;222;114;100;293;52;58;53;114;59;150;219;58;107;115;119;300;107;62;109;64;107;251;53)
seed_6_level_1-4,2416,50959.33682560921,111529352,13835,(293;118;62;224;107;119;234;58;118;53;224;107;52;51;53;251;107;102;59;97;57;52;115;107;263;150;53;219;52;52;53;117;53;303;52;119;166;52;250;52;419;104;53;253;137;85;236;53;89;240;55;224;235;115;100;53;222;255;70;236;300;400;125;240;218;53;239;257;53;56;262;58;57;240;87;261;149;240;100;88;59;239;95;241;59;54;57;262;300;103;238;53;284;54;119;100;54;58;400;450;92;240;150;53;429;57;300;57;293;212;107;106;59;52;55;121;350;350;219;107;52;228;224;106;61;59;279;53;57;301;400;52;52;350;52;92;78;107;52;116;228;53;56;129;450;93;263;244;57;409)
seed_6_level_1-4,2416,51589.721625328064,114064259,13985,(301;239;100;61;58;308;52;54;53;117;116;54;51;52;313;53;57;350;97;100;238;103;53;230;107;107;271;113;117;107;303;220;107;193;235;57;400;143;58;53;240;55;58;108;52;52;54;88;55;86;59;54;100;400;86;54;264;256;400;53;54;58;238;237;56;252;243;451;263;106;257;239;52;100;285;379;52;300;243;248;53;208;300;100;238;57;251;100;223;239;100;274;120;100;100;239;100;100;141;52;63;52;53;104;52;242;156;500;300;61;52;53;107;116;52;57;220;108;107;118;119;107;100;54;56;53;195;57;107;300;117;350;52;52;426;222;52;142;107;52;116;52;140;107;107;190;227;440;215;56)
seed_6_level_1-4,2416,52213.376538038254,116495466,14135,(210;107;209;215;58;89;88;210;150;100;86;211;239;300;239;56;112;236;105;239;429;100;241;54;150;88;107;222;122;91;236;103;150;419;124;53;54;52;53;129;107;52;53;216;107;115;60;61;52;52;100;107;61;53;52;224;107;57;223;107;123;221;108;126;163;125;52;58;100;53;394;119;303;89;61;53;211;57;86;52;107;222;57;53;219;52;400;53;52;116;278;450;220;91;53;218;450;450;150;222;223;107;52;107;53;209;52;52;119;400;108;221;52;116;107;146;239;105;57;300;240;57;233;109;150;240;107;400;52;57;53;52;136;55;237;57;107;234;240;350;283;240;257;115;88;142;59;243;246;100)
seed_6_level_1-4,2416,52858.88798761368,119436984,14284,(419;57;123;250;107;119;400;107;57;61;450;117;100;53;310;220;300;107;260;237;219;239;57;220;216;220;400;220;124;240;107;443;246;105;117;234;62;92;210;207;235;100;100;53;100;52;250;52;53;114;60;242;128;52;52;209;270;235;59;156;259;249;100;234;115;400;56;392;54;225;212;56;52;56;91;55;350;350;90;189;400;119;220;302;220;53;350;88;221;52;427;112;53;219;240;220;302;92;264;88;52;57;120;212;87;52;222;450;234;90;53;88;234;283;112;57;52;86;400;240;88;106;54;150;293;107;59;52;248;238;100;57;300;93;52;226;53;59;100;88;52;53;240;53;108;258;57;107;112)
seed_6_level_1-4,2416,53489.85433673859,121876066,14434,(450;284;54;240;54;100;52;85;88;241;414;118;57;240;88;85;106;110;57;84;189;242;108;53;86;52;57;54;63;223;52;216;300;53;54;250;57;253;208;112;300;117;52;101;52;238;102;104;200;117;88;115;114;282;116;257;234;57;400;92;241;100;239;300;100;52;105;150;52;210;52;232;428;222;52;300;119;300;219;52;235;88;120;119;226;100;221;301;91;88;121;221;212;85;234;86;219;220;111;121;52;117;57;53;66;218;221;390;55;271;232;52;107;301;214;360;200;225;221;119;88;104;53;53;282;54;220;300;107;115;88;106;269;88;88;121;107;57;296;107;88;224;107;57;53;88;89;56;109;300)
seed_6_level_1-4,2416,54133.129240989685,124701139,14585,(400;53;55;400;139;85;221;88;56;107;56;222;88;107;274;221;219;53;53;58;350;400;259;241;88;139;284;59;53;88;177;223;100;466;335;400;100;238;100;52;114;244;238;256;52;238;228;77;56;100;117;100;52;52;235;100;53;105;76;238;52;238;183;274;57;52;104;52;238;209;300;420;141;88;87;119;56;104;291;88;107;104;141;88;52;228;57;105;52;193;111;53;57;107;56;100;384;53;142;119;56;279;107;53;224;220;433;300;87;422;119;53;86;119;119;220;57;89;121;61;218;124;53;106;94;109;221;221;90;290;118;88;106;233;122;120;240;158;600;57;400;390;222;116;52;117;190;287;233;114;52)
seed_6_level_1-4,2416,54791.20863413811,127580629,14735,(400;239;76;55;150;107;52;100;53;52;220;239;107;208;238;239;76;88;107;100;52;237;106;400;100;239;239;125;239;300;53;52;114;76;376;107;56;120;56;54;117;350;52;246;240;119;221;57;324;278;53;108;88;53;57;52;107;117;233;300;109;100;225;107;53;115;103;100;58;56;542;53;100;366;262;300;217;384;123;218;306;218;100;293;53;59;240;214;52;52;52;291;89;58;220;221;52;52;220;233;114;118;52;100;99;219;89;227;217;53;88;307;240;59;239;283;284;242;54;235;283;236;221;59;55;240;54;137;52;108;55;240;90;400;223;234;259;88;248;88;58;242;252;238;90;350;450;300;242;57)
seed_6_level_1-4,2416,55403.47482299805,130106190,14885,(552;53;106;56;107;224;116;52;93;52;107;150;88;97;53;269;90;313;56;99;57;119;107;107;107;88;107;107;55;300;131;87;107;400;53;55;239;102;208;238;400;120;100;235;218;107;100;53;79;100;101;53;211;239;53;100;100;300;150;233;52;100;150;206;89;53;262;243;56;124;300;400;53;100;88;100;52;57;89;220;53;221;53;100;100;211;53;110;57;125;56;56;52;100;53;88;500;431;116;52;53;217;56;53;87;223;67;450;285;140;297;100;53;54;238;284;90;54;248;298;106;261;350;257;262;350;89;285;249;87;239;52;52;248;88;262;53;52;52;53;234;54;56;106;285;52;54;248;391;52)
seed_6_level_1-4,2416,55991.109515190125,132608957,15034,(485;300;219;56;55;388;56;54;119;91;107;222;304;300;59;301;500;106;106;100;119;117;114;52;91;388;51;62;132;59;54;383;58;56;218;86;264;376;52;107;53;379;107;57;266;107;53;221;52;52;52;264;107;124;273;220;119;103;119;109;53;141;56;262;178;300;56;88;400;400;107;233;219;52;208;108;52;53;86;181;52;55;107;100;101;132;238;52;53;52;217;52;106;88;238;106;52;93;400;115;263;114;193;527;87;87;53;53;239;52;102;87;400;53;52;52;108;114;52;88;52;107;87;400;77;235;54;240;52;131;216;52;108;53;52;52;54;54;54;264;259;87;115;86;240;239;88;59;117)
