seed_16_level_6-4,586,573.7479033470154,431660,150,(100;89;57;57;67;100;52;61;52;100;100;100;52;76;88;121;100;54;52;100;57;52;54;77;100;100;100;58;100;95;52;53;94;56;100;54;100;70;55;52;100;57;89;100;90;53;56;73;100;52;53;100;58;100;100;61;52;59;52;85;52;100;76;60;52;63;57;53;59;100;100;57;52;100;56;53;66;59;52;52;100;100;52;100;49;100;53;57;100;60;53;52;100;100;54;52;53;56;57;100;52;73;100;100;100;53;52;57;100;53;55;54;57;100;100;100;57;53;100;100;100;56;74;58;63;53;100;52;100;60;54;54;52;57;57;57;100;100;57;52;100;53;100;100;91;100;57;51;52;100)
seed_16_level_6-4,586,1135.5758817195892,863015,300,(100;100;100;100;100;100;100;100;100;100;100;100;100;100;100;100;100;100;100;100;100;100;100;100;100;100;100;100;100;100;100;100;100;100;100;100;100;100;100;100;100;100;100;100;100;100;100;100;100;100;61;52;53;61;57;57;57;57;57;61;58;57;59;57;57;53;57;53;57;57;57;57;57;54;56;54;53;52;53;56;53;52;52;53;59;49;56;53;58;52;56;53;54;51;53;54;51;52;52;54;52;52;53;58;52;54;54;52;52;52;52;60;52;52;52;52;54;60;52;53;52;52;52;52;54;52;57;57;57;53;60;66;68;63;90;75;73;73;89;82;74;92;89;94;90;73;88;91;106;91)
seed_16_level_6-4,586,1706.6177916526794,1296254,450,(100;100;100;100;100;100;100;100;100;100;100;100;100;100;100;100;100;100;100;100;100;100;100;100;100;100;100;100;100;100;100;100;100;100;100;100;100;100;100;100;100;100;100;100;100;100;100;100;100;100;61;52;53;61;57;57;57;57;53;61;58;57;59;57;57;57;57;57;57;53;57;57;55;54;55;52;53;56;53;52;52;56;49;56;58;56;56;52;56;54;51;53;54;51;59;52;52;53;52;52;54;58;52;54;54;52;52;52;52;59;52;52;52;52;54;60;52;54;52;52;52;52;54;52;53;57;56;58;56;53;133;66;60;63;74;74;89;73;73;76;88;89;63;86;108;94;79;89;75;77)
seed_16_level_6-4,586,2269.3403985500336,1723808,600,(100;100;100;100;100;100;100;100;100;100;100;100;100;100;100;100;100;100;100;100;100;100;100;100;100;100;100;100;100;100;100;100;100;100;100;100;100;100;100;100;100;100;100;100;100;100;100;60;100;100;60;52;56;61;57;57;57;57;61;59;57;59;57;57;57;57;57;57;57;53;53;55;54;56;53;52;53;56;53;52;52;49;58;59;53;53;56;53;52;56;54;51;51;54;51;52;52;54;52;52;54;58;52;54;53;52;52;52;52;59;52;52;52;52;53;60;52;54;52;52;52;52;53;52;57;57;53;58;56;53;80;60;63;90;92;74;73;73;78;77;91;90;89;94;101;90;87;75;71;78)
seed_16_level_6-4,586,2833.3636276721954,2157064,750,(100;100;100;100;100;100;100;100;100;100;100;100;100;100;100;100;100;100;100;100;100;100;100;100;100;100;100;100;100;100;100;100;100;100;100;100;100;100;100;100;100;100;100;100;100;100;100;100;100;60;52;67;57;100;56;57;57;57;61;58;57;58;57;57;57;53;57;57;57;57;57;55;54;55;52;53;56;53;52;52;49;58;53;53;56;53;53;52;56;54;51;54;51;59;52;52;53;52;52;53;57;52;53;53;52;52;52;52;59;52;52;52;52;53;60;52;54;52;52;52;52;53;52;57;57;56;53;58;56;53;60;69;63;76;73;85;75;66;77;63;73;90;88;90;89;65;91;90;91;148)
seed_16_level_6-4,586,3410.0849208831787,2583925,900,(100;100;100;100;100;100;100;100;100;100;100;100;100;100;100;100;100;100;100;100;100;100;100;100;100;100;100;100;100;100;100;100;100;100;100;100;100;100;100;100;100;100;100;100;100;100;100;60;100;100;61;52;67;57;53;57;57;57;61;59;57;58;57;57;57;57;57;57;57;53;57;57;54;54;56;55;52;53;56;53;52;52;49;58;56;56;56;56;53;52;56;53;51;54;51;59;52;52;53;52;52;54;57;52;53;54;52;52;52;52;59;52;52;52;52;53;60;52;54;52;52;52;52;53;52;57;53;57;57;53;60;66;111;63;64;109;76;74;73;77;77;78;94;63;89;91;76;87;75;92)
seed_16_level_6-4,586,3976.188938856125,3011685,1050,(100;100;100;100;100;100;100;100;100;100;100;100;100;100;100;100;100;100;100;100;100;100;100;100;100;100;100;100;100;100;100;100;100;100;100;100;100;100;100;100;100;100;100;100;100;100;100;100;100;61;52;53;61;57;100;57;57;57;61;58;57;58;57;57;57;57;57;57;57;53;53;57;54;54;56;55;52;53;56;53;52;52;49;58;59;56;56;53;53;51;52;56;54;55;54;51;52;52;53;52;52;54;57;52;54;53;52;52;52;52;60;52;52;52;52;53;60;52;54;52;52;52;52;53;52;57;57;57;57;53;60;66;63;90;89;77;73;94;73;77;77;73;74;89;90;94;90;75;68;92)
seed_16_level_6-4,586,4543.146946191788,3434466,1200,(100;100;100;100;100;100;100;100;100;100;100;100;100;100;100;100;100;100;100;100;100;100;100;100;100;100;100;100;100;100;100;100;100;100;100;100;100;100;100;100;100;100;100;100;100;100;100;60;100;100;61;52;56;67;57;57;57;57;61;59;57;58;57;57;57;57;57;57;53;53;57;57;55;54;56;53;52;53;56;53;52;52;49;58;53;53;51;53;56;52;56;53;55;54;51;59;52;52;54;52;52;54;58;52;54;53;52;52;52;52;60;52;52;52;52;53;60;52;53;52;52;52;52;53;52;57;53;57;56;53;70;66;60;63;77;73;73;73;74;79;91;92;90;88;89;81;94;76;78;75)
seed_16_level_6-4,586,5115.317036390305,3859456,1350,(100;100;100;100;100;100;100;100;100;100;100;100;100;100;100;100;100;100;100;100;100;100;100;100;100;100;100;100;100;100;100;100;100;100;100;100;100;100;100;100;100;100;100;100;100;100;100;100;100;61;52;61;57;100;53;57;57;57;61;59;57;59;57;57;57;57;57;57;57;57;53;55;54;55;52;53;56;53;52;52;49;58;53;53;53;56;53;52;56;53;51;54;51;59;52;52;53;52;52;54;58;52;53;54;52;52;52;52;60;52;52;52;52;54;60;52;53;52;52;52;52;53;52;57;57;56;57;57;56;53;66;60;69;63;77;74;89;74;85;91;76;77;90;81;89;63;64;91;78;91)
seed_16_level_6-4,586,5682.710230112076,4288454,1500,(100;100;100;100;100;100;100;100;100;100;100;100;100;100;100;100;100;100;100;100;100;100;100;100;100;100;100;100;100;100;100;100;100;100;100;100;100;100;100;100;100;100;100;100;100;100;100;100;100;100;60;52;53;61;57;57;57;57;61;58;57;59;57;57;57;57;57;57;57;57;57;57;57;54;54;53;52;53;56;53;52;52;49;58;53;56;56;53;53;52;56;54;55;54;51;59;52;52;54;52;52;53;57;52;54;54;52;52;52;52;60;52;52;52;52;54;60;52;53;52;52;52;52;54;52;53;56;57;57;53;60;95;66;63;63;64;118;91;93;74;76;74;88;89;94;73;77;77;73;77)
seed_16_level_6-4,586,6250.03400683403,4713748,1650,(100;100;100;100;100;100;100;100;100;100;100;100;100;100;100;100;100;100;100;100;100;100;100;100;100;100;100;100;100;100;100;100;100;100;100;100;100;100;100;100;100;100;100;100;100;100;100;60;100;100;61;52;53;67;57;57;57;57;61;59;57;59;57;57;57;57;57;57;57;53;57;53;53;54;54;56;55;52;53;56;53;52;52;49;58;56;53;53;56;51;52;56;53;51;54;51;59;52;52;53;52;52;53;58;52;54;54;52;52;52;52;59;52;52;52;52;54;60;52;54;52;52;52;52;54;52;53;58;56;53;80;60;88;63;63;74;73;73;76;65;80;74;109;89;76;87;69;94;103;91)
seed_16_level_6-4,586,6822.422475814819,5149374,1800,(100;100;100;100;100;100;100;100;100;100;100;100;100;100;100;100;100;100;100;100;100;100;100;100;100;100;100;100;100;100;100;100;100;100;100;100;100;100;100;100;100;100;100;100;100;100;100;100;100;60;52;53;61;57;100;57;57;57;61;59;57;59;57;57;57;57;57;57;53;57;55;54;55;52;53;56;53;52;52;49;58;56;56;53;53;56;52;56;54;55;54;51;59;52;52;53;52;52;53;58;52;53;53;52;52;52;52;60;52;52;52;52;53;60;52;54;52;52;52;52;53;52;57;53;57;56;57;57;56;53;60;132;63;64;93;73;74;80;74;78;75;76;91;76;86;90;94;75;91;113)
seed_16_level_6-4,586,7389.839007139206,5572184,1950,(100;100;100;100;100;100;100;100;100;100;100;100;100;100;100;100;100;100;100;100;100;100;100;100;100;100;100;100;100;100;100;100;100;100;100;100;100;100;100;100;100;100;100;100;100;100;100;60;100;100;61;52;53;67;57;57;57;57;61;58;57;58;57;57;57;57;57;57;57;57;57;53;54;54;53;52;53;56;53;52;52;49;58;53;59;56;53;53;56;52;56;53;55;54;51;52;52;54;52;52;53;57;52;53;53;52;52;52;52;60;52;52;52;52;54;60;52;53;52;52;52;52;54;52;57;57;56;58;56;53;59;63;64;94;77;73;66;89;73;76;73;88;78;88;91;79;89;76;68;91)
seed_16_level_6-4,586,7947.092631101608,6000725,2100,(100;100;100;100;100;100;100;100;100;100;100;100;100;100;100;100;100;100;100;100;100;100;100;100;100;100;100;100;100;100;100;100;100;100;100;100;100;100;100;100;100;100;100;100;100;100;100;100;100;61;52;56;67;57;100;57;57;57;61;59;57;58;57;57;57;57;57;57;57;53;57;53;57;55;54;56;53;52;53;56;53;52;52;49;58;53;59;53;53;51;56;52;56;54;51;54;51;52;52;53;52;52;53;57;52;53;54;52;52;52;52;59;52;52;52;52;53;60;52;54;52;52;52;52;53;52;53;58;56;53;60;66;71;63;78;85;73;78;73;78;77;90;79;93;89;94;90;76;91;93)
seed_16_level_6-4,586,8516.199647188187,6432749,2250,(100;100;100;100;100;100;100;100;100;100;100;100;100;100;100;100;100;100;100;100;100;100;100;100;100;100;100;100;100;100;100;100;100;100;100;100;100;100;100;100;100;100;100;100;100;100;100;60;100;100;61;52;67;57;56;57;57;57;61;58;57;59;57;57;57;57;57;57;53;57;57;55;54;53;52;53;56;53;52;52;49;58;56;56;56;53;56;52;56;54;55;54;51;59;52;52;53;52;52;53;57;52;54;54;52;52;52;52;60;52;52;52;52;54;60;52;54;52;52;52;52;53;52;57;53;56;53;58;57;53;66;63;133;63;89;74;73;64;78;90;75;74;89;89;90;94;85;78;91;92)
seed_16_level_6-4,586,9080.636384487152,6869438,2400,(100;100;100;100;100;100;100;100;100;100;100;100;100;100;100;100;100;100;100;100;100;100;100;100;100;100;100;100;100;100;100;100;100;100;100;100;100;100;100;100;100;100;100;100;100;100;100;100;100;60;52;61;57;100;53;57;57;57;61;58;57;59;57;57;57;57;57;57;57;57;57;55;54;56;53;52;53;56;53;52;52;49;58;56;56;56;53;56;52;56;54;55;54;51;59;52;52;54;52;52;54;57;52;54;54;52;52;52;52;59;52;52;52;52;54;60;52;53;52;52;52;52;54;52;57;53;57;58;56;53;66;60;63;63;91;74;75;90;74;76;93;89;88;91;94;90;89;91;91;125)
seed_16_level_6-4,1330,9633.79784655571,7273559,2547,(100;100;100;55;100;100;100;100;100;53;100;54;100;56;100;58;57;58;100;57;63;62;53;55;57;53;52;57;59;61;57;53;52;57;53;53;57;53;59;53;56;64;54;53;53;92;66;52;60;57;55;60;53;55;63;57;64;54;100;100;100;106;57;57;100;59;77;57;52;52;53;73;52;63;77;62;74;56;57;53;52;90;56;53;100;57;57;89;53;66;59;86;52;94;100;52;55;100;76;108;59;59;58;54;54;105;59;53;57;63;78;77;53;58;57;52;74;281;150;57;100;100;57;73;55;77;52;100;107;92;58;54;53;68;55;63;52;57;55;53;100;95;78;59;52;62;63)
seed_16_level_6-4,1330,10160.048367977142,7645224,2690,(100;55;53;100;79;100;60;54;100;53;53;64;52;100;87;58;54;88;52;90;52;57;51;52;93;100;100;52;100;53;100;57;100;53;100;59;52;53;63;93;53;82;53;53;107;52;56;108;59;59;63;59;57;64;100;59;53;57;73;52;57;74;54;100;74;57;56;59;59;52;90;52;56;57;56;58;91;54;58;56;54;59;51;90;53;57;56;52;104;57;92;100;79;59;75;100;53;108;57;61;52;56;73;52;95;56;52;54;62;86;55;100;76;52;100;52;77;150;74;75;55;73;88;52;70;58;59;76;65;78;56;100;57;57;100;53;70;100;80;59;53;100;85)
seed_16_level_6-4,1330,10719.698192596436,7994023,2842,(100;93;100;59;88;53;56;68;53;57;56;53;52;55;67;52;58;84;52;104;52;53;78;59;57;53;62;64;70;74;53;53;56;57;52;52;57;65;54;55;54;59;54;58;59;53;75;100;54;53;60;87;62;61;57;63;54;52;100;100;52;56;76;56;59;82;58;59;53;59;88;53;52;57;53;57;57;88;91;52;53;88;52;53;52;76;100;100;54;57;58;57;100;119;52;88;52;52;53;62;95;53;52;58;100;52;100;52;53;66;63;100;53;100;53;100;55;88;61;53;58;54;100;57;55;76;76;57;57;58;57;57;56;85;114;74;77;88;53;75;53;57;52;73;58;100;57;61;87;52;52;58)
seed_16_level_6-4,1330,11299.128183603287,8359472,2999,(76;55;56;57;58;57;57;100;88;53;56;54;100;53;108;59;53;53;56;100;100;52;95;52;100;52;97;53;57;55;59;100;84;54;100;54;57;53;53;53;58;52;52;58;52;60;52;79;58;59;56;52;59;89;71;59;58;52;56;65;59;53;109;58;74;53;52;52;100;52;59;53;52;97;101;100;57;150;55;100;55;53;54;63;56;91;53;67;56;59;93;94;53;76;53;100;88;58;53;100;58;75;57;100;58;100;57;61;100;100;104;52;53;53;52;52;53;53;62;56;55;52;65;52;55;56;51;54;53;57;100;56;52;74;52;53;53;112;52;88;57;62;62;52;57;62;74;52;57;63;53;52;57;56;58;52;53)
seed_16_level_6-4,1330,11867.656970024109,8781767,3150,(78;57;57;57;100;57;57;53;74;59;51;53;54;53;57;53;53;92;100;56;57;56;100;59;63;100;56;60;88;110;54;53;59;65;100;53;57;100;100;52;67;53;58;56;60;54;54;104;57;89;52;52;100;100;100;100;52;52;150;59;83;150;114;56;148;100;86;100;64;75;100;70;100;100;55;53;53;56;50;100;52;62;62;53;65;52;52;55;88;56;53;58;53;100;53;58;100;52;58;100;52;95;53;58;57;100;58;54;66;58;69;91;74;58;60;100;69;101;150;100;100;106;53;53;54;59;62;57;49;73;93;93;52;53;57;117;59;56;58;53;94;93;52;80;52;63;64;53;52;61;90)
seed_16_level_6-4,1330,12406.886319637299,9161694,3297,(52;52;52;54;52;52;57;92;91;100;90;52;58;52;100;53;88;100;58;100;63;58;57;57;76;55;55;100;57;79;59;100;50;57;58;56;56;52;52;54;66;100;68;52;56;52;52;66;79;100;95;88;57;100;139;57;57;95;53;100;53;52;53;57;52;52;74;56;57;58;57;59;58;56;52;56;74;87;53;77;100;52;53;100;52;100;61;61;88;55;53;53;58;56;57;90;100;57;150;76;60;53;52;56;76;53;120;52;62;100;59;52;52;58;101;57;53;57;71;53;87;51;54;100;54;98;150;107;57;80;75;100;91;100;54;76;76;104;52;52;59;52;52;59;52;63;57)
seed_16_level_6-4,1330,12958.147917032242,9545971,3446,(100;57;53;58;57;98;59;76;57;100;53;57;155;100;88;91;95;54;53;53;58;54;53;100;50;56;52;95;100;58;86;58;53;72;57;56;58;60;59;57;74;53;88;86;59;74;52;61;58;62;87;52;52;100;55;61;58;56;53;88;53;52;90;100;57;55;57;57;104;63;57;57;57;53;52;100;52;74;52;52;52;52;100;90;56;58;77;59;56;77;61;54;57;53;64;58;80;84;74;88;53;100;89;56;53;59;62;108;77;100;54;100;57;100;59;100;57;88;100;74;74;57;101;52;57;101;51;62;98;89;62;52;100;56;100;56;75;100;74;52;53;53;53;74;52;90;53;100;53)
seed_16_level_6-4,1330,13509.340671300888,9918062,3593,(109;100;100;56;56;58;54;59;73;96;54;54;68;54;57;54;94;100;53;103;52;56;100;62;52;75;88;75;100;56;56;55;58;81;90;100;52;63;53;100;59;52;53;59;70;87;64;100;61;65;92;90;52;52;88;57;52;52;52;56;57;58;52;74;88;53;53;58;57;76;52;52;53;54;73;57;57;56;53;62;56;57;100;81;88;57;52;60;52;52;63;97;76;53;98;57;100;80;57;65;56;57;90;91;57;55;53;57;57;75;53;51;90;52;89;59;100;53;105;74;53;90;59;90;88;90;90;53;57;74;59;100;52;53;88;56;88;56;105;100;100;100;52;57;100;57;57)
seed_16_level_6-4,1330,14057.761525392532,10302832,3741,(88;68;53;88;100;53;52;58;57;57;88;56;53;100;52;57;56;88;52;133;90;56;60;53;56;93;57;112;100;71;59;92;54;57;100;61;118;76;52;53;100;77;57;57;91;63;54;107;64;59;98;107;53;98;55;96;53;52;52;54;55;87;53;53;100;63;72;56;58;56;52;100;57;53;88;100;73;90;100;100;100;90;89;90;61;52;52;56;52;57;90;52;53;58;88;59;64;64;90;57;57;63;52;57;92;100;57;89;70;100;53;89;52;53;54;87;59;53;56;63;53;100;74;93;90;57;100;53;53;53;88;52;53;72;52;74;53;100;52;52;54;53;52;56;52;75;53;53)
seed_16_level_6-4,1330,14592.040145874023,10675793,3885,(104;53;61;65;61;52;61;74;108;54;92;61;100;57;89;58;57;94;61;62;76;95;53;53;71;58;55;71;88;57;74;82;53;53;56;53;53;52;57;57;74;53;62;53;53;75;58;52;100;88;86;90;53;52;100;52;90;56;74;53;88;74;58;93;61;57;56;53;58;56;150;82;53;100;52;56;56;111;64;110;58;91;88;89;57;59;58;58;79;53;61;103;104;75;52;64;54;53;54;62;55;54;107;57;53;59;53;92;57;60;93;60;63;74;74;53;67;56;62;64;60;55;54;132;72;100;100;100;75;100;100;100;72;59;61;53;57;54;57;72;57;97;53;78)
seed_16_level_6-4,1330,15120.727707624435,11040526,4029,(90;63;59;81;92;90;75;63;52;90;52;118;57;57;52;54;100;53;55;52;110;54;97;100;57;57;61;63;102;53;53;57;74;57;53;52;82;56;56;74;98;53;76;75;100;53;77;55;54;100;56;54;100;95;54;90;64;53;65;54;60;52;69;89;52;52;90;52;56;52;76;73;60;52;74;60;76;101;100;52;60;92;53;57;100;63;82;61;63;100;58;59;88;65;81;54;100;89;55;97;56;52;56;57;90;56;60;52;90;64;56;53;53;51;56;56;53;203;58;58;88;57;57;53;90;57;57;57;58;89;53;57;74;54;54;63;53;74;59;54;59;54;59;100)
seed_16_level_6-4,1330,15664.846913814545,11455196,4174,(92;100;53;59;100;51;110;100;56;91;100;102;66;56;97;99;97;60;53;102;112;52;105;77;91;52;53;52;54;53;100;53;73;159;53;55;52;52;52;52;53;91;52;52;52;96;52;64;100;59;65;53;62;53;88;57;77;54;100;100;100;57;100;53;85;100;88;77;107;57;65;57;59;57;59;88;57;64;57;57;53;63;57;77;57;75;61;100;60;74;73;101;100;53;73;52;61;53;53;52;93;56;53;89;52;88;86;53;90;86;86;74;93;53;52;86;53;56;203;100;53;100;89;57;57;57;57;57;60;56;103;78;53;86;60;88;100;88;52;55;55;62;58;57;53)
seed_16_level_6-4,1364,16208.314562797546,11896024,4321,(88;53;100;76;100;100;73;88;57;100;80;53;75;57;59;100;53;82;61;54;95;62;68;53;58;93;68;100;88;52;75;53;76;53;75;69;89;88;59;88;70;59;53;67;88;56;52;57;57;100;53;63;101;64;57;57;74;53;100;59;54;92;91;111;53;87;150;53;93;122;56;53;53;57;57;57;57;90;100;62;53;57;230;100;105;57;57;57;52;195;53;52;98;52;89;90;90;52;52;88;88;56;74;77;53;87;56;57;74;100;74;53;74;54;56;56;54;55;100;100;53;96;89;96;52;52;86;52;53;100;52;52;53;70;102;59;64;100;57;57;55;57;53;53;62;105;98)
seed_16_level_6-4,1364,16759.793244600296,12319748,4473,(90;52;56;57;53;90;87;104;59;88;88;97;58;72;100;90;57;52;53;67;52;57;75;100;100;57;57;57;57;100;57;100;88;57;57;60;102;57;57;53;57;69;63;52;61;52;58;57;109;57;58;57;57;57;114;57;150;54;100;150;100;53;78;53;100;55;52;86;100;53;76;87;100;69;112;58;87;95;54;58;94;61;89;65;86;73;53;100;75;109;54;79;95;55;54;67;80;54;76;54;100;89;53;59;59;88;57;100;88;77;88;57;52;100;59;58;57;57;63;91;107;88;59;57;52;57;50;54;52;90;56;52;56;58;53;91;99;100;57;53;52;52;107;57;52;57;52;52;100;94;52;85)
seed_16_level_6-4,1364,17291.087089776993,12732957,4619,(89;61;100;100;100;100;100;100;100;100;57;54;102;61;150;61;57;57;59;93;57;57;98;57;55;88;66;56;65;55;100;52;56;56;57;79;69;89;57;89;100;57;55;54;56;100;78;100;100;65;57;57;93;52;55;58;87;78;52;100;52;57;52;57;112;78;52;103;92;100;59;53;100;87;100;60;53;93;53;54;100;92;79;58;62;57;88;55;61;75;53;97;57;70;55;90;88;61;75;57;81;100;100;64;52;64;76;53;100;58;55;56;67;59;52;95;69;100;100;80;57;59;87;75;61;77;57;91;53;100;55;90;60;54;74;90;58;71;74;56;63;56;76;53;62;88)
seed_16_level_6-4,1364,17835.997142791748,13139115,4769,(88;53;99;56;57;100;62;52;100;53;57;52;89;100;100;57;100;100;59;54;100;100;100;57;56;57;100;57;65;57;79;61;54;56;52;100;60;52;100;54;59;73;100;55;60;59;59;77;53;78;57;76;54;100;57;90;92;52;64;78;54;58;100;53;52;102;57;57;100;59;58;63;81;63;102;61;57;80;55;93;73;60;93;222;100;100;53;52;141;100;100;52;57;100;52;52;61;100;57;53;57;54;100;100;78;78;84;52;53;74;57;55;53;57;56;55;57;52;57;68;53;57;57;59;53;88;88;90;53;53;88;75;53;53;58;56;53;57;75;56;56;57;56;56;74;90;53;76;53;53)
seed_16_level_6-4,1364,18380.590404987335,13567928,4917,(89;100;57;69;53;100;100;57;56;100;88;57;100;57;100;223;56;53;100;70;52;100;57;55;52;52;58;108;53;59;52;57;52;74;63;100;53;54;150;100;52;95;74;73;57;87;55;54;92;58;55;99;61;93;101;100;99;100;53;100;57;100;56;56;100;100;77;52;52;56;77;86;62;52;86;53;59;92;90;73;52;87;57;52;88;60;57;88;53;57;53;56;89;69;75;74;52;56;52;52;57;52;68;57;56;61;90;56;88;53;53;88;88;55;56;90;150;100;53;53;88;90;88;53;90;56;104;57;93;55;100;88;58;59;57;59;57;88;58;53;57;57;57;109;73;53;65;57)
seed_16_level_6-4,1364,18936.68416428566,14002759,5068,(89;100;57;65;54;57;100;100;57;100;53;100;55;100;93;56;56;56;56;56;53;59;53;53;56;109;100;100;100;100;68;57;56;56;73;57;54;53;59;59;95;94;50;58;53;100;53;59;80;107;108;87;57;89;107;100;55;62;58;70;53;53;141;66;61;98;62;57;63;132;91;55;81;250;100;55;56;150;62;65;54;87;63;100;100;94;54;73;57;52;50;88;62;57;57;106;57;55;53;88;57;57;84;53;62;52;79;57;89;56;64;90;65;56;56;58;83;57;58;68;57;62;53;92;52;53;62;54;88;57;52;76;56;53;75;57;88;53;100;56;56;74;91;88;52;100;53;55;53;53;75)
seed_16_level_6-4,1364,19494.741735219955,14451504,5219,(89;57;68;57;54;54;57;54;57;100;53;100;100;80;100;116;87;100;53;61;55;100;54;56;100;53;100;102;100;56;69;54;72;64;56;59;55;100;69;57;57;75;53;54;106;100;59;69;90;52;52;93;90;76;57;52;54;56;93;57;53;100;100;93;100;52;100;88;100;57;64;54;90;56;57;57;53;52;57;57;54;57;76;77;53;57;56;150;90;52;93;55;55;59;55;51;57;58;61;54;52;92;86;52;90;89;59;61;57;107;57;223;53;90;57;57;57;57;57;57;57;58;52;58;74;81;57;53;91;91;63;100;100;56;57;54;90;100;200;100;53;100;88;66;57;54;100;62;95;125;57)
seed_16_level_6-4,1364,20036.128168821335,14834809,5368,(89;57;57;88;54;100;57;100;57;100;57;67;57;57;106;59;59;100;62;57;55;54;70;53;65;54;100;58;59;53;57;79;53;53;100;60;102;100;53;55;100;53;56;57;104;54;63;90;58;58;93;66;92;52;54;100;53;66;94;100;53;57;58;56;100;88;79;100;76;56;52;52;63;94;75;56;59;76;79;74;76;52;59;53;52;90;52;58;53;63;53;99;56;59;65;52;65;58;60;100;52;100;123;100;52;106;73;85;61;52;54;54;52;53;54;53;59;92;76;59;64;77;57;62;61;53;165;88;57;62;97;57;58;57;93;57;71;57;57;57;57;63;58;94;58;53;118;56;56)
seed_16_level_6-4,1364,20585.163901805878,15271046,5518,(88;100;203;57;100;57;100;54;100;100;100;55;53;57;100;106;59;53;52;75;100;85;61;53;57;58;98;53;65;57;100;103;58;100;58;100;59;61;100;60;100;131;103;59;58;59;104;100;109;86;56;100;58;55;100;100;59;55;63;91;59;52;52;89;101;52;66;89;53;86;64;54;57;52;91;52;57;57;91;58;59;77;69;52;106;57;92;55;59;58;75;75;75;55;70;57;53;53;60;54;58;54;56;107;53;59;90;87;90;57;77;88;88;57;53;53;53;69;77;53;57;57;62;96;52;104;63;63;52;88;93;88;93;56;53;53;59;52;63;59;90;62;94;89;89;88;88;88;53;94)
seed_16_level_6-4,1364,21134.208673000336,15694879,5666,(93;55;88;54;57;100;100;57;57;53;57;91;89;100;103;150;56;76;58;88;103;59;74;57;57;75;74;155;59;64;106;98;101;109;57;103;52;54;104;100;53;53;98;57;64;83;53;108;52;100;56;55;100;100;92;52;56;100;107;52;52;55;100;71;53;90;53;54;83;79;60;87;52;54;56;100;59;52;63;52;81;57;52;54;60;105;57;57;54;79;57;75;53;61;67;76;55;80;100;58;76;53;75;81;150;77;57;53;83;100;57;59;93;87;55;53;57;90;56;96;78;63;75;74;53;63;88;56;57;61;61;90;90;88;88;56;69;61;62;90;60;52;75;53;53;53;53;88)
seed_16_level_6-4,1364,21675.770089387894,16142303,5813,(110;100;56;56;56;52;89;56;58;59;118;56;58;58;120;57;63;100;57;207;100;79;57;83;57;57;100;61;100;56;100;89;54;53;60;52;52;54;100;55;77;58;93;55;81;60;100;58;52;52;105;56;58;53;69;56;58;64;58;150;150;65;75;57;57;91;88;100;57;155;100;100;54;58;103;57;61;53;100;60;100;58;62;57;104;58;89;80;58;67;90;53;56;57;93;53;56;53;57;93;52;62;55;57;56;58;88;86;52;88;78;100;60;54;57;55;63;63;88;88;86;57;86;53;56;53;63;150;104;103;99;54;108;53;53;54;100;99;64;52;53;77;100;52;98;104;57)
seed_16_level_6-4,1364,22225.595244407654,16615696,5961,(112;100;57;56;100;58;57;59;55;100;56;150;60;61;100;101;89;54;58;57;90;57;100;52;86;90;53;76;53;57;57;106;54;100;53;52;109;59;53;81;52;101;101;58;52;61;61;59;100;53;53;120;100;57;56;54;76;58;95;53;75;52;53;103;90;52;56;56;57;57;56;90;88;100;73;58;52;53;58;54;56;75;175;54;100;98;52;71;53;55;121;76;56;56;100;52;87;61;73;58;86;212;104;59;100;62;98;59;54;59;54;53;105;56;66;58;57;95;79;58;54;81;55;73;88;280;89;90;88;90;53;53;56;56;90;90;56;57;56;88;60;58;88;57;89;53;63;100)
seed_16_level_6-4,1364,22770.198504924774,17004258,6112,(104;52;62;93;93;53;57;57;53;52;57;57;59;54;53;58;63;62;106;104;65;59;59;89;98;88;89;56;55;100;89;57;58;52;53;58;63;54;100;56;59;55;52;58;58;74;88;100;82;61;61;74;57;58;76;57;77;77;87;53;55;53;58;77;58;96;61;54;85;52;74;63;63;53;58;62;58;96;55;88;61;86;52;91;64;91;52;58;53;90;53;88;57;57;93;57;90;88;61;56;71;55;56;50;63;63;53;63;106;53;56;88;52;63;61;60;55;53;53;55;53;88;100;100;56;110;55;89;100;71;53;150;56;73;67;100;125;53;88;53;53;100;56;52;52;58;100;100;100;55;93)
seed_16_level_6-4,1364,23311.343210935593,17409773,6263,(109;100;81;100;100;87;93;100;53;59;109;75;56;100;91;82;77;98;100;55;52;56;100;62;76;83;92;58;54;90;64;59;78;52;52;92;68;59;59;58;92;90;66;59;89;107;88;100;76;90;62;59;53;75;90;60;103;63;53;53;60;86;88;53;58;53;56;74;76;63;53;53;104;94;100;99;55;88;57;59;57;60;57;54;59;96;53;97;54;90;57;62;88;57;52;58;53;100;75;57;63;52;55;52;57;91;72;57;57;76;75;52;57;59;92;50;57;57;58;57;76;89;52;50;74;96;53;57;100;53;88;88;62;60;57;93;100;53;53;61;90;53;58;53;54;78;54;101;54;57;100)
seed_16_level_6-4,1364,23860.88307785988,17859809,6412,(78;53;100;52;52;88;88;53;59;79;55;100;52;73;290;203;52;100;55;89;110;52;122;100;52;53;55;75;63;57;92;103;57;52;86;52;57;53;58;200;59;58;98;100;53;52;53;100;57;104;75;52;56;75;57;57;75;75;53;81;57;57;98;57;53;53;59;58;54;56;58;97;52;87;88;53;60;88;93;88;88;58;61;52;52;57;86;91;77;56;56;59;100;58;90;53;79;88;90;53;52;57;57;55;52;90;58;88;57;69;64;63;57;52;83;56;63;56;85;76;97;95;76;52;77;91;53;59;54;66;76;52;70;89;90;54;64;106;95;52;65;79;60;53;77;53;59;58;62)
seed_16_level_6-4,1364,24412.56228709221,18318138,6562,(75;57;57;56;58;75;57;57;53;62;75;56;91;76;77;59;53;59;107;75;89;99;59;107;62;57;53;52;52;76;88;56;57;53;57;76;58;75;89;56;88;75;57;74;75;57;75;69;89;100;52;60;90;89;52;54;56;61;100;52;100;88;58;61;52;54;54;100;60;102;76;100;58;52;83;100;66;63;59;52;53;59;67;53;64;54;60;53;53;68;75;100;59;54;63;64;59;100;58;91;100;53;214;100;53;276;100;100;53;78;100;100;52;94;100;58;100;52;100;77;52;60;59;100;66;94;56;52;66;53;53;78;58;59;100;67;100;123;53;53;77;100;58;87;100;53;100;100;89;58)
seed_16_level_6-4,1364,24968.24722290039,18765327,6713,(107;80;75;52;88;69;100;62;57;100;53;55;88;50;86;61;58;58;100;54;100;59;100;100;63;79;54;71;53;77;93;62;53;100;57;52;100;53;78;52;58;53;59;56;64;86;75;77;57;100;94;52;100;56;100;90;56;54;88;91;88;87;61;100;117;110;100;56;100;52;56;100;131;150;56;53;69;88;95;52;56;53;59;58;58;59;184;51;52;54;73;52;75;58;56;100;88;57;57;78;55;64;90;53;57;59;75;53;57;59;53;57;57;92;83;57;52;57;57;100;66;57;57;59;57;57;57;57;93;57;213;52;62;75;61;75;57;75;57;57;213;57;53;52;59;63;61;79;58;53;59)
seed_16_level_6-4,1387,25527.131477832794,19240771,6863,(107;56;55;100;54;87;59;57;52;52;88;59;56;52;100;62;54;53;62;58;62;59;57;57;52;63;54;88;100;58;109;75;53;77;107;58;53;92;54;54;100;80;100;55;76;53;105;100;100;60;58;66;52;54;60;52;51;53;60;57;100;87;54;55;53;59;52;238;55;53;100;53;55;53;52;100;56;100;56;54;52;55;88;52;89;56;91;52;51;57;57;114;73;58;61;100;57;61;57;74;202;53;237;57;55;56;102;57;107;53;59;91;59;57;160;57;77;57;75;62;96;81;57;53;59;86;62;93;59;57;73;119;55;100;52;100;61;84;57;53;88;120;57;65;57;59;57;211;58;110)
seed_16_level_6-4,1387,26079.272102355957,19742677,7013,(81;53;57;59;57;64;57;59;52;57;53;52;52;57;53;63;59;76;64;57;57;58;100;57;77;57;54;61;57;57;54;59;57;62;63;57;57;53;55;74;52;100;55;57;95;60;86;66;63;77;100;59;56;90;58;61;53;58;57;53;57;100;77;57;53;91;57;60;58;100;63;93;213;102;52;57;78;53;92;58;100;89;56;57;162;107;75;57;57;57;57;56;57;57;57;53;57;57;57;57;220;107;59;57;75;57;100;56;74;53;88;77;83;103;53;63;202;59;289;69;77;57;76;57;61;53;80;79;64;58;76;102;52;200;63;100;57;57;75;160;86;202;81;57;88;57;53;57;57;100)
seed_16_level_6-4,1387,26629.50314593315,20216146,7163,(75;65;53;60;71;100;75;53;54;58;55;100;94;75;100;57;60;93;60;100;57;54;53;76;88;57;52;76;60;69;53;51;60;75;66;57;52;95;55;60;59;58;52;75;54;86;93;81;54;100;56;58;64;100;53;100;100;76;57;59;60;59;92;289;115;202;57;76;76;100;72;57;52;81;57;56;57;71;66;88;60;56;100;65;58;75;100;75;57;57;63;88;57;88;57;53;104;63;100;202;55;63;57;163;100;57;88;52;57;100;75;57;91;109;100;57;57;100;57;63;55;53;66;57;55;61;88;57;57;56;161;74;57;57;57;82;74;57;63;53;57;63;57;100;53;53;62;62;100;52)
seed_16_level_6-4,1387,27179.17216181755,20658737,7313,(94;64;100;52;100;109;52;58;81;62;66;57;52;52;57;58;90;61;57;58;60;57;57;93;56;64;61;58;93;59;56;52;64;60;62;60;100;58;59;88;59;96;57;100;78;100;52;52;53;89;53;57;87;100;52;57;53;77;80;55;53;100;59;100;58;53;73;100;88;53;63;76;57;57;72;100;53;100;105;57;68;57;60;55;62;78;57;90;56;57;57;53;64;93;57;53;57;108;105;75;57;91;90;62;162;53;57;91;64;53;64;88;56;100;57;100;57;202;100;116;100;53;100;57;102;56;74;80;57;57;75;61;57;91;74;202;100;75;88;77;57;53;59;91;57;106;65;57;88;58)
seed_16_level_6-4,1387,27729.244242429733,21158679,7463,(74;58;95;57;57;53;57;57;57;54;57;59;100;63;52;100;56;99;53;52;57;59;62;58;61;59;63;87;59;53;100;58;53;53;100;103;61;53;53;57;65;91;64;64;100;55;56;53;53;62;64;82;57;78;100;52;100;100;56;52;57;59;61;56;104;202;61;57;52;57;52;57;100;59;57;62;56;57;119;53;60;57;88;202;58;52;100;53;74;112;69;59;75;57;92;59;92;202;100;82;89;100;61;53;89;52;57;53;79;53;100;81;63;100;53;80;110;54;59;204;101;64;100;104;100;100;58;57;53;54;79;100;101;57;57;91;53;202;67;91;57;76;59;202;76;53;56;100;57;121)
seed_16_level_6-4,1387,28288.200348377228,21697569,7613,(88;86;100;52;52;75;65;62;53;81;57;88;62;58;57;57;57;57;77;100;65;93;52;80;58;103;61;52;57;55;57;54;56;57;78;57;57;52;78;93;57;59;77;57;89;62;52;100;58;52;58;55;77;75;57;54;100;58;52;52;57;75;64;202;93;57;53;51;57;58;57;88;91;100;100;62;59;57;60;88;75;88;202;100;100;62;202;75;57;53;53;51;54;74;77;102;52;116;100;57;90;202;75;57;77;90;53;58;59;100;63;60;204;56;57;57;201;57;57;202;57;200;52;92;59;61;80;92;57;88;100;88;62;56;150;57;63;90;57;57;58;57;57;86;57;210;53;63;57;100)
seed_16_level_6-4,1387,28856.001174211502,22274343,7763,(88;91;52;77;57;60;57;75;52;53;57;60;74;74;52;57;57;57;64;75;80;50;73;53;53;59;53;59;57;63;64;86;52;78;62;58;80;85;52;53;65;100;57;57;91;62;53;58;67;100;79;58;86;56;59;57;57;75;59;57;52;81;57;62;89;64;57;52;201;76;55;62;77;57;202;57;53;57;104;57;90;100;75;98;201;58;201;202;100;57;57;202;57;57;93;100;86;61;108;89;72;54;57;62;202;57;57;52;77;57;62;104;57;53;150;100;57;162;53;57;93;58;101;90;63;91;91;113;124;64;91;76;58;56;59;102;100;68;54;202;76;59;64;57;100;102;57;202;200;89)
seed_16_level_6-4,1387,29424.37621665001,22818452,7913,(75;150;78;100;57;53;64;93;57;57;91;57;52;75;57;100;79;100;81;57;57;63;100;53;52;52;75;76;57;86;74;57;74;83;100;53;56;66;76;88;74;94;63;100;53;61;75;60;57;100;59;81;91;52;88;57;62;52;64;57;100;100;91;57;57;56;57;52;115;60;57;53;78;202;57;100;78;57;53;57;77;55;57;57;57;52;202;57;104;93;204;63;62;76;55;57;100;63;211;58;57;208;57;57;100;57;108;52;100;58;52;53;88;53;107;159;60;101;61;201;81;60;79;55;91;57;88;204;100;122;59;61;53;57;53;56;62;52;59;92;104;58;88;52;91;53;52;57;58;150)
seed_16_level_6-4,1387,29993.593935251236,23456729,8063,(107;52;68;94;87;88;91;90;57;53;79;100;64;58;58;53;52;82;100;76;91;57;62;56;56;88;76;69;86;92;53;57;100;60;77;88;100;57;62;53;53;53;100;75;80;52;52;60;59;88;57;75;100;100;57;53;62;52;56;57;53;122;57;59;211;88;100;66;58;58;56;107;58;104;173;52;100;210;202;62;59;56;100;100;54;89;56;121;63;59;93;57;57;57;102;202;53;57;77;54;57;57;100;57;74;91;72;73;100;56;59;59;202;204;104;53;107;63;69;100;100;52;150;89;105;57;100;58;202;74;57;100;57;90;77;57;57;53;53;74;203;210;75;102;202;58;57;107;199;59)
seed_16_level_6-4,1387,30569.626536130905,24130734,8213,(77;67;58;57;57;93;54;86;83;57;75;69;69;93;58;57;59;86;57;88;62;52;59;75;96;88;53;58;57;57;61;118;53;54;59;54;61;80;75;68;88;52;77;57;53;57;76;53;64;62;57;94;57;61;52;61;64;63;57;82;70;57;90;91;52;87;57;58;52;52;112;202;58;94;86;52;58;88;73;201;56;60;77;91;91;54;211;57;92;92;57;92;88;59;54;93;57;59;110;58;202;93;204;203;88;107;207;88;159;57;56;56;89;108;107;150;95;100;107;89;65;56;76;211;201;58;91;57;202;202;58;53;160;107;54;52;52;53;96;57;101;202;59;211;57;107;57;86;150;90)
seed_16_level_6-4,1387,31129.211300611496,24746914,8363,(91;63;57;56;57;82;52;110;56;92;88;52;59;57;53;52;86;92;53;62;88;58;53;77;53;53;74;64;52;57;57;52;52;53;57;57;52;57;75;62;52;58;95;53;68;72;57;88;52;57;81;58;57;52;57;57;59;52;58;90;210;207;53;107;53;57;162;56;55;98;56;60;61;52;52;68;52;88;79;57;52;53;90;75;68;109;74;108;202;57;101;201;53;56;68;212;118;201;57;90;59;56;202;91;92;100;88;88;53;202;56;110;53;92;57;88;202;57;56;58;86;57;53;91;57;52;60;202;55;68;202;202;202;90;68;53;57;91;100;103;88;57;93;57;53;100;103;53;57;57)
seed_16_level_6-4,1387,31698.21502161026,25432659,8513,(118;53;89;57;60;62;88;54;95;56;56;52;63;92;86;73;57;57;73;100;86;56;53;52;88;65;100;57;100;103;52;53;104;59;100;62;56;71;57;57;88;106;63;100;59;52;100;88;113;100;91;67;100;53;56;57;52;72;53;101;93;57;91;55;100;52;202;210;59;88;55;63;95;201;53;59;104;201;56;53;57;57;100;110;58;92;54;68;63;91;138;207;202;202;90;89;58;204;58;162;70;211;90;52;52;91;79;57;53;57;57;202;59;57;100;162;110;88;57;213;73;68;57;90;57;68;95;52;76;61;64;73;207;164;91;55;52;211;53;94;53;59;73;57;53;73;53;52;91;75)
seed_16_level_6-4,1387,32275.29896569252,26151394,8663,(113;52;100;59;58;89;88;75;58;58;89;53;60;59;95;70;100;53;76;57;133;90;95;88;52;100;52;57;58;56;53;87;52;73;57;79;57;88;61;57;100;207;56;55;57;102;56;52;65;57;89;53;74;58;52;57;53;150;59;91;58;52;90;210;73;57;89;58;107;159;86;202;202;52;53;57;59;53;88;61;107;57;112;57;94;202;57;57;56;52;57;211;210;90;103;210;62;76;57;58;100;53;99;58;201;52;52;75;53;56;56;289;75;57;57;59;57;63;52;64;202;88;216;63;92;202;57;52;57;90;76;205;52;57;61;52;90;52;57;59;203;53;57;57;57;57;57;202;169;88)
seed_16_level_6-4,1387,32854.28907227516,26955689,8813,(59;63;100;62;58;63;114;97;88;79;100;60;57;57;58;76;76;100;53;100;61;52;88;52;53;86;61;202;66;59;62;52;74;103;68;119;52;112;57;105;62;52;76;73;52;53;59;75;58;57;75;62;75;52;76;59;57;93;52;73;52;203;52;103;90;90;221;204;211;58;57;57;57;91;66;212;52;52;204;202;52;52;159;77;57;107;64;52;53;202;219;160;57;57;67;57;61;203;57;160;167;57;55;57;202;159;201;68;57;60;57;77;89;57;58;202;173;59;89;202;57;88;54;90;210;54;162;62;210;57;55;62;90;75;91;57;202;60;211;53;93;60;61;53;160;53;57;52;64;57)
seed_16_level_6-4,1387,33408.28225231171,27491675,8963,(91;58;57;59;57;64;57;52;57;75;55;58;95;62;58;57;62;100;58;100;70;81;109;81;59;59;69;105;76;65;92;63;109;59;58;74;100;53;52;54;53;59;52;52;59;87;80;79;89;100;56;88;83;56;93;52;77;62;53;68;52;53;201;89;64;210;57;52;62;64;52;64;52;57;51;88;91;226;69;57;95;74;58;52;59;57;58;74;57;164;57;59;64;57;57;58;56;117;52;96;57;56;57;56;62;211;57;104;61;53;57;52;82;53;53;54;52;52;90;57;202;52;52;93;63;52;202;52;75;159;53;57;52;91;52;270;100;57;63;63;204;88;53;64;61;72;52;57;57;57)
seed_16_level_6-4,1387,33963.06679534912,28046095,9113,(59;116;60;76;52;103;52;100;78;57;57;83;100;68;57;52;81;64;57;59;56;59;103;107;97;57;58;61;98;57;57;63;52;53;67;112;90;56;57;52;53;56;53;57;89;88;88;57;64;57;97;108;92;58;59;59;53;100;53;63;96;100;86;56;52;55;58;58;53;62;157;100;57;86;59;63;88;58;74;201;86;53;54;59;202;57;58;57;201;118;53;90;52;90;88;61;63;57;57;57;58;58;57;61;57;57;61;91;52;218;53;97;90;95;90;117;201;74;57;59;57;211;56;58;202;57;58;90;56;57;201;90;52;59;62;57;52;52;57;90;61;93;57;73;101;88;57;51;202;60)
seed_16_level_6-4,1387,34535.73980426788,28786436,9263,(105;53;53;59;53;109;100;57;93;57;55;53;57;59;90;57;70;57;61;65;53;53;57;53;91;62;52;57;53;64;57;57;58;57;105;64;95;63;62;65;52;68;63;103;58;89;52;53;102;57;57;102;100;91;66;88;52;53;63;59;53;80;89;74;62;52;202;57;57;90;57;202;201;104;211;202;112;212;57;58;57;53;52;57;162;57;57;57;61;52;91;57;57;54;53;159;202;74;52;202;207;64;201;88;211;52;57;53;58;291;57;57;57;57;54;57;100;88;52;57;62;52;52;213;52;91;53;52;93;57;78;208;56;73;56;59;57;202;202;57;210;57;56;62;202;106;53;105;56;202)
seed_16_level_6-4,1387,35121.646209955215,29591979,9413,(104;94;57;70;49;95;62;66;56;61;78;78;93;100;57;59;109;60;77;74;80;89;82;100;52;57;53;60;61;52;103;58;57;105;75;62;99;88;110;57;66;88;89;56;100;57;59;55;57;103;80;103;100;67;83;57;106;63;100;202;56;53;76;57;58;57;201;74;57;52;212;202;53;106;61;100;57;52;57;57;136;52;204;200;51;53;74;61;90;159;53;57;212;202;272;57;53;55;56;59;88;73;53;202;253;110;52;59;58;56;91;52;53;90;56;57;52;160;160;89;202;63;53;55;56;52;52;52;61;226;202;201;56;52;202;57;88;202;57;219;93;53;52;89;164;213;52;57;56;53)
seed_16_level_6-4,1387,35703.67891550064,30329445,9563,(104;57;58;62;100;88;59;76;128;100;89;62;100;75;53;106;100;88;100;87;100;88;100;79;93;57;88;57;100;57;116;103;89;110;100;100;100;88;93;76;85;100;80;53;92;100;55;58;103;100;77;100;56;59;59;100;77;94;74;90;56;59;65;58;61;202;56;57;57;55;217;202;211;73;95;202;52;61;57;57;69;74;57;169;211;56;202;202;75;58;90;66;57;52;57;98;56;203;202;63;61;63;56;56;233;100;63;52;53;211;107;100;79;52;53;59;93;57;57;52;111;73;90;75;63;57;90;57;53;95;162;52;80;57;202;53;201;57;57;60;53;58;202;57;90;90;57;65;57;57)
seed_16_level_6-4,1387,36268.59724068642,30935813,9713,(116;53;79;76;57;64;81;105;56;57;93;100;58;93;53;109;88;53;61;93;91;95;67;60;57;87;54;62;57;57;82;100;61;80;86;52;100;57;88;71;100;74;90;59;59;88;61;66;57;57;89;103;54;73;77;88;91;89;55;88;87;77;62;57;57;223;52;56;62;58;62;57;57;57;91;57;68;63;57;52;91;232;90;88;57;57;58;80;90;91;107;59;88;274;88;65;61;63;88;53;202;93;88;58;53;63;66;53;53;202;202;61;202;52;57;57;215;88;57;52;55;213;60;77;67;57;57;57;201;54;57;57;56;57;91;53;52;58;57;211;61;53;63;57;61;57;52;52;63;58)
seed_16_level_6-4,1387,36837.871487379074,31570235,9863,(78;93;108;57;82;88;76;81;100;88;100;58;52;53;90;57;63;72;59;95;53;103;57;57;53;59;91;88;83;116;55;58;57;75;60;56;106;58;57;53;63;80;106;64;65;53;89;93;90;58;86;90;58;112;56;57;88;93;93;53;53;63;57;63;98;57;53;53;56;107;212;54;274;56;57;57;75;100;60;58;212;57;57;58;52;55;213;213;88;88;57;159;202;61;53;73;90;100;100;100;202;53;210;52;61;52;59;87;57;52;57;56;57;62;63;201;61;58;53;57;57;100;58;54;91;52;65;63;66;58;57;73;90;73;91;57;56;53;207;53;53;56;89;60;53;69;64;88;281;53)
seed_16_level_6-4,1387,37406.29042506218,32217893,10013,(91;113;100;57;57;91;57;57;52;91;57;100;100;90;58;87;89;53;73;57;57;88;60;57;102;58;92;60;54;58;57;57;58;95;90;150;93;53;61;91;57;51;53;68;53;56;51;57;91;55;82;57;88;83;52;101;53;91;57;100;53;53;58;57;100;274;111;172;57;200;53;57;57;58;53;95;73;91;210;91;104;216;58;56;159;202;53;100;57;88;56;57;211;53;88;88;201;60;91;57;88;88;52;88;57;88;57;211;202;88;57;53;51;173;58;96;90;57;63;57;57;91;221;52;119;57;57;53;90;57;52;54;57;54;202;54;52;57;52;91;52;91;53;57;57;57;57;58;58;57)
seed_16_level_6-4,1387,37973.37079048157,32867421,10163,(90;57;53;59;64;54;57;59;57;60;91;57;58;57;162;59;112;129;114;169;58;66;61;57;100;100;53;57;103;109;61;57;53;86;90;57;56;57;57;53;63;100;54;100;57;57;100;53;76;91;52;57;100;57;63;57;62;57;53;60;57;64;57;103;107;88;77;57;59;52;58;76;59;201;67;56;52;56;111;54;56;56;210;111;57;67;56;52;60;90;275;57;58;57;56;60;52;57;214;57;56;107;74;57;58;101;58;52;204;57;211;88;271;57;63;53;97;88;108;63;210;53;103;61;90;59;56;88;212;53;88;53;93;57;57;57;59;218;88;59;57;53;164;53;53;54;77;89;52;201)
seed_16_level_6-4,1387,38547.316710710526,33536557,10313,(86;55;88;57;79;53;59;57;107;53;64;57;57;90;57;52;57;96;62;52;53;58;57;55;131;101;57;57;100;88;57;77;52;100;57;88;60;100;64;62;85;77;75;56;57;100;53;58;91;52;57;91;90;53;90;58;80;100;57;52;52;94;275;57;201;90;52;108;54;115;92;88;58;53;201;87;90;57;62;56;136;53;51;57;51;53;74;88;90;63;57;57;58;89;57;57;59;108;57;239;57;280;53;102;52;169;74;150;53;53;77;55;90;53;59;212;52;65;75;53;201;94;172;60;57;109;56;108;56;107;55;53;56;214;56;52;57;62;101;271;76;161;52;100;63;118;91;96;75;76)
seed_16_level_6-4,1387,39112.18726730347,34153217,10463,(101;56;62;74;57;55;53;104;96;73;52;56;53;54;53;118;67;88;104;88;53;59;60;88;58;53;88;52;107;57;88;53;55;52;56;57;57;106;52;53;82;100;54;104;53;75;53;62;52;53;115;88;57;52;57;90;57;100;57;75;52;239;74;57;73;202;61;58;53;57;57;55;57;58;58;53;61;80;53;278;53;52;53;56;57;57;55;94;52;66;60;52;56;58;88;57;54;53;59;54;57;59;52;57;57;77;52;213;243;52;56;173;271;57;56;52;57;58;53;52;60;90;68;53;52;104;61;57;52;74;201;56;63;206;56;66;210;59;52;202;73;111;160;52;87;61;202;90;91;76)
seed_16_level_6-4,1387,39670.68463802338,34782682,10613,(90;58;174;88;55;93;58;58;52;62;75;55;49;55;74;57;74;72;77;52;53;52;58;56;88;53;53;57;100;95;59;56;57;101;56;57;58;58;60;53;57;88;52;73;61;90;59;53;104;56;119;56;58;52;60;75;58;58;74;58;52;56;106;53;276;201;159;58;57;61;63;202;212;90;74;59;52;211;57;59;58;52;90;57;52;54;53;54;202;52;55;57;202;52;56;58;58;231;52;53;52;61;53;57;160;57;100;58;52;201;52;222;61;58;232;66;61;60;107;57;90;57;86;57;58;53;57;57;57;53;56;53;76;201;56;58;201;107;57;61;53;88;107;52;62;94;53;57;52;53)
seed_16_level_6-4,1387,40235.112471818924,35408779,10763,(97;53;59;93;57;53;93;77;53;52;56;56;76;52;53;80;53;107;68;53;75;57;56;112;52;57;57;87;55;57;61;86;62;57;53;59;88;53;55;58;57;53;52;90;52;55;68;53;116;62;90;99;74;56;57;57;57;62;56;59;95;57;53;58;53;57;52;53;56;54;57;100;86;86;94;72;95;66;202;52;236;75;53;90;90;176;56;55;57;53;52;167;61;53;53;75;52;57;52;52;231;210;59;107;278;251;111;55;54;70;55;63;66;53;57;53;59;202;52;58;53;62;107;52;60;68;91;109;52;204;240;100;57;201;52;90;60;53;202;160;52;53;53;58;53;57;52;58;55;88)
seed_16_level_6-4,1387,40802.4321680069,36074779,10913,(90;93;58;100;58;53;100;211;52;53;53;103;57;59;100;66;100;56;108;53;55;62;202;57;51;53;61;58;81;53;91;57;109;57;57;66;90;62;88;88;56;78;52;59;97;102;58;76;57;88;58;91;59;57;89;75;75;52;106;56;100;93;55;109;52;78;57;56;54;54;57;234;54;95;53;60;108;57;58;55;53;56;62;59;55;91;55;223;88;53;202;54;91;202;94;55;102;53;56;53;96;63;57;204;202;53;101;216;56;218;201;54;64;73;53;59;59;90;209;93;56;54;59;58;52;64;58;58;53;59;58;92;52;75;88;202;60;53;62;88;53;56;65;202;150;53;52;202;58;54)
seed_16_level_6-4,1387,41372.8430454731,36772381,11063,(117;100;55;89;90;88;52;73;52;57;53;91;96;208;56;57;61;103;75;77;104;58;61;53;92;55;55;53;100;100;79;52;55;74;74;53;104;54;74;102;73;78;88;57;52;55;74;57;51;53;74;75;61;64;74;55;52;94;96;52;91;61;57;234;87;89;57;208;161;57;104;61;57;61;74;52;104;52;76;211;109;56;52;58;56;57;52;59;64;53;101;52;52;57;96;59;53;202;160;59;57;90;103;53;59;59;55;57;57;75;57;52;202;203;74;62;237;57;59;81;52;61;87;61;109;55;211;53;274;52;56;202;57;204;79;57;91;83;58;52;57;201;57;204;74;53;55;57;211;55)
seed_16_level_6-4,1387,41930.120535612106,37366327,11213,(58;86;52;56;55;93;52;52;206;100;201;59;68;89;53;100;62;63;62;91;57;87;57;65;95;53;55;52;64;55;93;52;55;57;55;90;54;100;58;100;52;73;52;75;57;114;67;57;58;100;52;52;100;74;229;52;57;88;57;52;52;94;234;53;53;58;57;74;90;53;57;53;52;52;93;55;64;91;102;53;159;53;93;53;57;117;61;90;57;57;52;53;53;88;58;202;57;201;54;52;159;107;52;85;98;77;159;64;57;58;57;53;52;56;160;74;53;58;57;52;202;57;107;56;53;58;90;58;55;92;58;159;53;58;56;54;273;52;202;57;75;53;76;57;52;57;75;53;57;116)
seed_16_level_6-4,1387,42507.87578511238,38049476,11363,(74;73;51;79;62;53;52;56;58;98;52;114;53;52;52;91;53;76;73;52;90;56;63;73;52;57;58;52;57;59;63;59;52;56;58;55;58;74;55;95;56;59;89;56;88;56;75;90;88;85;55;52;96;53;106;53;89;95;57;74;52;53;57;81;159;53;57;227;57;57;53;52;57;58;57;90;142;104;163;54;88;57;65;202;57;57;62;160;57;201;53;205;53;272;202;102;201;69;202;54;63;57;63;57;57;52;93;91;175;162;234;101;58;58;58;57;57;63;90;52;60;101;53;86;52;52;91;90;165;107;74;83;53;57;52;57;202;62;53;57;52;202;59;53;202;90;54;201;57;95)
seed_16_level_6-4,1387,43088.79774069786,38800736,11513,(90;52;93;100;56;68;53;202;57;75;90;66;85;100;75;57;100;57;57;100;100;61;69;53;57;104;77;77;77;77;73;52;106;57;100;63;57;57;103;75;55;62;53;55;57;58;100;54;104;100;75;57;61;57;202;160;54;201;57;57;53;57;57;56;91;63;57;57;57;57;53;93;58;56;62;53;63;58;57;58;162;202;57;57;59;57;202;54;189;60;77;93;57;58;90;57;57;202;96;58;88;217;52;137;57;57;202;57;74;232;59;201;53;90;56;52;202;240;64;57;57;57;77;53;58;56;77;202;202;57;57;91;88;67;57;57;96;164;77;202;56;202;96;53;57;202;57;57;202;57)
seed_16_level_6-4,1387,43687.91752958298,39732044,11663,(75;91;57;55;54;90;57;53;63;53;223;53;95;57;101;116;55;59;57;57;103;53;93;62;52;72;91;294;55;52;61;107;57;88;73;87;90;100;73;57;86;53;76;71;57;103;53;103;57;90;55;57;100;61;54;57;57;233;202;202;52;74;93;91;59;102;89;202;202;91;64;55;53;100;271;57;57;202;90;107;57;57;53;202;60;57;234;61;57;101;53;202;57;58;52;201;58;90;138;202;57;57;201;79;58;102;53;165;159;109;95;54;57;57;56;91;209;53;57;58;88;57;57;206;204;53;107;62;274;202;100;57;57;106;64;91;234;91;52;234;161;91;101;201;53;78;57;53;55;57)
seed_16_level_6-4,1387,44273.937084674835,40607860,11813,(90;90;62;68;104;92;53;100;77;96;63;100;88;57;114;76;65;93;221;77;66;100;57;104;75;53;53;57;74;57;90;59;89;102;64;119;59;54;57;121;57;107;53;59;52;78;57;74;106;60;77;79;53;53;52;89;234;57;76;62;201;77;211;89;91;63;159;56;53;287;58;202;57;88;52;52;75;160;61;57;91;57;59;58;57;201;207;100;53;56;58;83;272;53;101;102;74;239;56;53;202;57;52;104;91;101;53;107;57;66;63;214;59;202;59;53;56;201;60;57;52;79;56;53;57;57;86;160;159;52;58;201;91;56;57;93;54;278;57;57;101;59;88;234;200;272;60;58;57;57)
seed_16_level_6-4,1387,44842.810383319855,41256962,11963,(80;75;53;57;72;96;102;94;70;53;57;54;53;53;114;100;80;80;93;100;58;57;57;107;57;53;202;53;77;53;100;57;75;104;77;57;58;88;199;55;53;57;100;73;52;89;112;100;74;57;77;53;75;74;52;51;57;89;77;211;57;120;58;53;80;162;57;59;102;230;64;53;52;56;53;61;52;74;57;53;80;57;66;57;90;54;54;57;63;57;103;53;57;93;53;57;88;58;57;57;57;53;232;91;61;104;52;52;52;53;202;52;80;209;53;234;58;57;202;57;76;104;88;58;57;52;65;230;109;90;52;88;201;77;53;59;58;64;99;91;58;202;52;63;86;57;114;77;53;184)
seed_16_level_6-4,1387,45408.72623896599,41882677,12113,(74;51;52;57;94;57;52;104;121;109;52;57;96;53;75;52;68;54;57;63;89;53;117;202;88;202;74;106;57;52;57;199;55;80;86;91;63;88;73;57;90;58;51;63;56;53;52;104;52;56;100;58;52;90;93;211;59;102;87;86;88;104;149;106;107;66;53;91;63;107;57;57;52;207;52;104;75;58;53;57;61;91;57;52;57;57;53;64;57;58;52;52;93;57;61;90;57;52;57;58;58;78;52;57;57;52;61;53;57;66;86;69;91;234;52;57;57;77;53;107;53;52;57;57;57;57;90;90;159;66;101;57;107;68;208;52;58;80;241;207;107;104;58;113;91;202;158;113;60;91)
seed_16_level_6-4,1387,45992.09297442436,42587091,12263,(104;52;52;52;87;51;57;52;62;83;53;61;104;52;104;58;212;57;53;52;63;98;52;59;95;53;109;54;96;59;57;52;57;202;53;88;57;58;98;57;57;52;75;63;75;73;58;90;76;104;105;74;74;64;53;52;64;59;52;63;57;52;52;57;80;75;73;234;52;57;107;57;57;69;63;53;54;202;202;58;63;164;96;202;54;57;57;90;57;202;61;204;160;52;52;86;211;88;202;73;91;107;91;75;52;86;74;61;100;57;100;88;107;57;107;56;103;57;91;202;202;86;52;52;202;90;61;57;52;86;52;91;52;57;202;57;162;62;57;202;59;56;57;57;90;81;86;57;80;202)
seed_16_level_6-4,1387,46581.58111786842,43481675,12413,(105;52;64;100;104;57;84;73;106;54;202;150;57;53;57;57;88;53;75;55;59;57;56;104;57;77;90;88;57;57;53;57;116;56;86;56;57;53;106;53;107;63;57;202;73;58;52;53;53;75;73;53;52;51;53;88;54;57;54;55;53;57;52;74;88;234;53;199;76;53;75;57;202;159;56;160;52;56;55;57;89;57;202;53;53;91;202;202;104;202;90;57;202;202;56;96;56;202;160;212;271;57;57;93;73;55;162;53;77;57;58;57;57;66;202;202;68;57;57;53;240;202;53;202;91;57;91;90;159;73;53;57;57;62;271;57;58;56;80;57;90;201;100;200;86;91;57;202;52;203)
seed_16_level_6-4,1390,47188.06776547432,44579008,12563,(91;57;74;55;52;58;57;57;59;53;57;104;53;128;90;74;104;109;75;57;58;57;93;74;111;106;56;52;53;74;73;57;57;113;57;63;52;57;75;106;57;52;57;90;57;86;104;53;80;109;55;90;88;57;53;88;57;88;90;201;234;57;212;58;91;107;91;238;236;57;52;272;104;53;202;90;272;76;91;76;169;202;239;201;206;106;76;221;74;57;62;52;53;201;211;52;52;239;91;202;202;62;74;52;91;57;234;224;58;276;53;57;57;53;53;236;68;54;89;88;77;210;202;104;107;53;107;272;88;54;53;202;104;57;235;52;107;76;201;54;53;102;53;57;201;57;57;102;63;209)
seed_16_level_6-4,1390,47800.1831741333,45665014,12713,(202;107;92;86;52;87;53;52;92;63;90;76;52;75;57;57;114;55;52;52;59;53;61;90;57;57;104;57;90;63;53;53;53;104;95;82;61;57;61;60;107;100;75;79;100;75;92;90;50;91;61;58;104;104;108;250;236;245;77;240;56;75;91;57;52;202;59;202;243;88;234;202;91;57;57;91;86;58;78;66;57;202;96;53;104;69;201;53;57;90;59;91;91;100;60;57;53;200;234;232;93;53;55;63;58;91;77;91;202;91;242;52;61;78;53;212;203;91;239;86;217;52;162;91;53;242;52;57;61;239;100;107;76;91;266;101;57;272;202;114;234;53;91;100;91;107;76;61;86;234)
seed_16_level_6-4,1390,48402.3855471611,46758218,12863,(201;52;88;88;88;55;57;90;79;57;104;57;106;58;57;56;57;53;202;57;57;57;104;52;92;52;57;57;102;63;53;94;82;57;102;57;65;57;53;53;73;57;57;104;68;57;104;53;57;52;88;88;101;55;57;61;56;53;237;202;53;57;58;92;57;60;68;235;53;57;271;272;57;53;237;53;91;202;91;56;240;57;91;235;54;56;63;66;234;82;53;53;233;63;61;100;202;204;69;81;57;91;202;57;78;234;201;57;202;202;78;272;58;91;52;57;160;52;80;271;242;63;88;77;236;61;93;203;77;202;63;100;60;57;77;57;100;78;57;162;86;234;107;202;202;52;202;203;56;61)
seed_16_level_6-4,1390,48996.55660748482,47809668,13013,(88;57;66;158;66;57;54;104;57;57;109;104;64;106;52;105;57;57;57;55;81;53;53;57;104;57;58;68;104;104;88;57;51;55;201;103;88;118;104;107;56;63;63;88;90;88;58;107;93;58;104;52;201;57;236;235;61;236;202;83;68;60;107;57;202;53;159;57;86;56;52;63;61;53;88;100;91;202;211;57;57;58;162;160;54;104;57;202;234;57;58;57;53;59;57;57;201;74;100;236;213;100;63;53;57;57;57;160;91;63;202;212;91;93;63;57;77;75;57;86;107;57;202;57;234;57;77;55;233;74;234;86;53;89;75;61;55;57;232;104;202;233;202;234;91;235;77;202;59;234)
seed_16_level_6-4,1390,49583.46614050865,48769295,13163,(202;91;201;57;56;74;52;57;52;76;221;56;57;53;57;58;100;52;61;88;74;51;52;56;52;53;88;52;52;57;201;104;58;88;91;88;53;68;202;90;88;52;53;57;202;59;52;53;57;293;58;57;63;52;53;52;232;57;86;52;69;52;234;88;55;159;78;234;76;91;59;96;86;221;202;202;57;57;75;57;73;91;109;96;57;90;88;52;202;57;106;96;52;244;204;160;104;61;69;57;92;53;61;202;57;58;77;61;91;161;57;91;57;57;63;99;202;75;86;59;57;92;54;64;58;57;53;202;207;202;202;63;115;61;104;57;90;236;102;57;234;52;160;57;52;57;81;85;239;202)
seed_16_level_6-4,1390,50188.0574760437,49832165,13313,(78;86;58;76;57;88;57;57;53;104;57;59;57;75;88;56;150;88;96;88;53;160;52;57;92;87;52;88;57;53;234;53;61;57;52;92;66;65;53;158;201;57;90;81;57;201;59;57;60;56;57;250;66;88;57;106;55;57;66;53;57;57;57;57;53;59;52;95;102;56;272;234;53;62;202;90;58;233;274;201;58;53;60;53;74;57;59;67;93;57;248;57;216;102;202;202;211;210;234;58;64;272;62;212;57;57;57;52;52;88;202;165;74;88;66;53;202;57;90;220;81;104;202;58;202;93;73;120;66;57;59;66;107;160;274;202;88;91;272;57;66;201;53;118;57;76;86;62;62;57)
seed_16_level_6-4,1842,50784.34038734436,50872947,13463,(104;88;88;88;88;88;104;57;104;57;88;53;57;88;58;88;104;59;88;77;93;88;88;57;88;237;400;52;52;202;73;74;52;87;74;232;219;57;61;53;232;58;116;55;75;202;65;201;88;56;57;76;52;55;88;57;63;78;53;96;51;119;109;202;202;60;62;101;92;202;234;58;77;202;52;59;52;159;76;159;57;56;77;52;207;53;105;53;88;57;234;58;61;57;202;61;57;202;88;57;202;52;232;91;96;76;232;75;75;61;202;75;86;238;75;88;55;88;222;61;52;53;66;201;53;53;162;56;86;59;59;56;53;86;53;204;58;53;58;101;121;57;77;234;57;57;202;91;101;58)
seed_16_level_6-4,1842,51381.45300459862,51902503,13613,(75;59;53;55;106;57;104;75;57;58;57;93;88;78;58;63;88;87;66;88;70;74;107;57;55;51;57;87;234;234;69;56;61;88;58;240;88;235;202;62;271;58;101;94;233;96;91;58;96;88;57;57;234;57;57;202;91;159;66;202;53;77;57;241;272;52;107;86;52;57;88;54;59;86;202;54;61;65;61;202;67;63;57;52;57;202;52;91;88;100;91;93;136;202;63;57;400;57;76;57;55;75;57;232;68;93;56;67;55;57;57;55;57;75;107;249;53;78;62;63;88;57;91;73;88;243;110;233;53;90;97;80;53;58;238;68;100;52;57;64;58;58;202;221;80;105;52;95;100;94)
seed_16_level_6-4,1842,51973.17255234718,52873625,13763,(104;53;104;87;104;113;52;75;88;57;104;58;75;88;58;90;106;52;58;75;59;59;88;88;91;106;88;104;77;104;58;99;87;60;54;52;116;62;52;63;88;136;54;102;73;75;100;89;73;53;58;52;201;54;55;88;202;52;88;55;106;56;202;52;55;106;161;232;101;62;52;51;57;108;286;52;75;52;52;62;57;63;90;221;60;88;86;86;61;88;91;95;65;242;61;58;64;272;202;240;139;91;57;63;159;57;74;59;57;91;232;241;203;55;52;60;58;91;57;234;93;53;75;202;233;57;80;91;77;242;100;159;159;270;160;58;94;96;53;52;201;100;233;52;91;57;91;97;75;91)
seed_16_level_6-4,1842,52572.15520000458,53875657,13912,(104;57;91;102;104;93;61;90;106;104;58;53;109;91;104;104;88;104;88;75;75;58;78;61;53;58;78;57;58;104;78;75;53;78;202;58;57;53;61;53;52;57;67;51;61;52;52;73;53;66;56;57;87;202;57;52;74;57;52;58;53;202;58;86;66;80;57;104;234;215;80;66;57;98;112;67;88;174;79;61;201;100;53;53;87;76;52;241;58;274;57;60;56;57;202;218;58;98;96;239;162;57;59;159;93;104;53;101;94;57;234;93;76;52;202;75;53;88;93;235;234;202;271;235;201;53;92;107;215;237;110;57;91;57;233;202;56;58;101;88;101;57;101;88;233;160;57;88;69)
seed_16_level_6-4,1842,53179.60566949844,54902791,14061,(234;233;53;93;95;61;55;53;62;202;57;115;52;61;63;63;52;93;104;53;53;57;121;89;52;60;57;52;88;57;53;53;52;105;228;232;57;104;168;71;57;202;53;202;249;202;75;57;104;75;59;80;104;74;53;86;53;57;58;80;52;78;104;58;54;59;104;75;104;77;58;77;89;89;56;53;76;61;89;61;53;75;54;113;58;241;94;79;95;68;237;57;57;92;61;236;236;58;234;103;234;236;202;203;94;57;87;202;204;63;93;53;247;60;57;191;202;94;63;66;88;57;58;77;86;53;100;63;70;57;90;66;232;57;53;219;57;53;88;202;62;91;202;90;63;202;201;57;64)
seed_16_level_6-4,1842,53780.66474890709,55934137,14210,(75;75;58;104;58;57;60;105;104;57;57;88;88;59;57;100;57;53;89;79;74;58;104;104;53;75;61;82;55;74;104;93;105;74;88;62;88;76;53;75;57;57;59;57;214;212;242;202;58;52;53;57;63;103;93;52;91;52;52;202;276;164;53;232;93;204;57;57;57;52;201;52;202;78;106;77;52;51;91;57;78;79;286;51;57;242;241;57;56;101;88;93;232;77;62;211;58;63;53;57;57;239;60;57;201;60;200;75;66;233;234;58;57;158;57;60;201;56;57;57;57;112;232;236;53;93;104;60;75;94;91;86;234;63;89;57;57;244;53;58;57;103;233;88;90;88;75;202;58)
seed_16_level_6-4,1842,54389.76945948601,57073142,14359,(104;57;88;104;58;104;104;88;104;104;84;61;86;89;104;104;104;88;93;57;58;61;77;57;61;105;104;104;104;57;94;58;88;88;57;57;55;61;242;239;281;53;197;202;57;226;57;75;96;80;103;74;57;59;53;57;202;58;104;109;62;88;75;66;58;202;241;57;88;75;280;57;217;57;57;75;61;281;62;210;202;57;284;67;57;225;104;57;102;244;52;187;234;100;58;60;58;57;57;63;60;88;171;88;234;52;52;57;57;78;203;53;93;53;52;57;235;58;202;62;234;54;62;57;66;202;211;52;58;59;56;236;92;88;53;58;58;57;58;233;58;57;57;66;62;207;100;202;245)
seed_16_level_6-4,1842,54998.0257499218,58158703,14509,(88;55;106;77;53;64;53;88;88;104;56;58;104;88;104;78;91;90;86;75;104;75;75;58;57;104;88;88;106;59;104;88;57;88;105;105;88;88;104;245;231;52;58;234;90;245;88;159;91;165;107;57;52;52;58;52;53;77;77;75;202;163;91;54;231;88;90;57;159;58;52;64;160;52;57;66;93;58;167;58;52;234;52;54;57;52;57;68;57;53;92;110;88;202;204;242;75;88;93;91;213;107;211;87;52;88;241;88;202;82;239;63;168;241;202;53;88;57;51;159;63;88;87;63;202;110;109;58;104;57;75;108;55;166;56;108;57;51;202;202;202;76;202;162;88;232;88;104;160;247)
seed_16_level_6-4,1842,55603.59456205368,59248577,14658,(107;104;106;57;104;58;57;57;57;75;104;77;86;57;75;59;57;88;104;65;52;57;104;96;104;57;86;58;57;104;57;88;109;104;244;52;55;77;161;65;53;161;61;55;90;57;57;212;53;90;159;202;56;53;57;55;106;200;76;57;88;87;88;63;52;117;106;202;53;187;63;88;53;231;100;57;90;62;234;93;201;58;57;57;53;57;57;241;61;202;62;55;53;314;202;51;88;74;102;168;51;168;75;93;159;291;241;201;257;57;103;62;62;111;74;51;53;87;111;108;107;201;57;57;241;57;116;280;88;212;172;58;74;57;88;253;178;87;161;248;52;58;62;170;57;111;57;57;74)
seed_16_level_6-4,1842,56200.7780957222,60164303,14808,(104;104;80;57;104;88;57;87;88;57;90;57;75;77;61;112;75;88;57;88;57;77;61;58;99;105;88;96;57;57;77;57;245;57;98;187;57;88;58;88;91;57;52;57;202;58;86;93;57;233;202;56;53;100;93;52;202;57;63;88;102;57;188;161;53;75;53;57;91;88;52;52;99;53;52;92;57;58;232;57;90;57;57;58;93;57;53;58;247;58;88;58;251;241;83;219;63;58;118;57;55;180;105;52;92;52;88;57;58;256;57;86;108;57;75;202;53;53;57;93;88;57;87;201;62;160;75;57;162;53;75;111;201;173;217;61;228;88;57;57;63;242;57;57;214;63;108;208;57;57)
seed_16_level_6-4,1883,56796.59826159477,61181226,14958,(104;58;81;88;57;57;61;58;104;57;52;104;61;106;88;54;57;75;58;57;65;104;52;53;104;59;75;58;57;55;53;88;104;88;104;76;52;93;57;107;88;55;88;363;53;57;88;202;73;88;57;160;103;201;53;90;53;112;58;52;104;62;201;88;52;90;58;201;88;212;234;52;201;88;65;66;60;57;58;90;202;88;62;57;89;75;58;58;251;202;232;68;90;56;74;52;80;88;65;75;202;202;89;57;239;55;103;242;80;87;77;202;53;90;91;211;75;60;93;219;248;108;103;241;172;171;80;58;63;108;207;57;202;55;62;57;86;116;162;241;62;88;57;77;100;88;52;52;84;102)
