seed_21_level_1-4,1229,481.72575187683105,322098,150,(53;52;42;64;59;59;42;43;129;238;107;109;93;69;42;43;52;45;52;51;52;42;53;42;42;53;101;58;43;93;88;59;57;53;45;53;62;52;52;52;57;54;53;43;67;42;52;43;72;42;43;77;43;57;42;43;53;54;52;42;52;54;57;52;43;42;53;52;58;61;52;64;53;42;59;54;53;42;58;52;49;57;45;57;95;58;42;59;52;57;57;53;52;52;52;43;87;56;42;53;58;52;56;43;42;54;100;43;42;43;56;63;52;57;58;52;58;42;52;52;73;42;42;42;73;42;239;42;52;54;43;56;50;219;42;43;88;66;102;42;52;54;62;61;58;57;52;58;59;52)
seed_21_level_1-4,1229,983.64013671875,675985,303,(42;42;42;42;43;43;42;42;42;43;42;42;42;42;42;42;42;42;42;42;42;42;42;42;42;43;43;43;43;42;43;43;42;43;43;43;43;43;43;43;45;45;45;58;63;66;72;73;73;69;59;65;62;58;58;57;57;57;57;59;55;57;57;58;57;57;57;59;57;64;64;52;59;56;58;62;53;55;53;54;52;53;51;58;53;53;56;56;61;49;52;53;59;62;52;52;60;53;55;52;52;52;52;52;52;54;52;52;54;52;54;52;52;52;58;53;52;52;52;52;52;52;52;52;53;52;54;52;62;57;53;54;57;56;101;78;87;93;96;109;93;100;90;93;122;107;102;238;55;239;238;219;52)
seed_21_level_1-4,1229,1480.3845682144165,1010831,456,(42;42;43;42;42;42;42;42;42;43;42;42;42;42;42;42;42;42;42;42;43;42;42;43;43;43;43;43;42;42;42;42;43;43;43;43;43;43;43;43;45;45;45;58;63;66;72;73;73;69;59;64;62;58;59;57;57;57;57;59;54;57;57;59;53;57;57;59;57;57;53;63;52;59;55;58;61;53;53;54;52;58;51;58;53;56;61;49;52;53;53;55;56;56;59;61;52;52;60;56;52;52;62;52;52;52;52;53;52;52;53;52;54;52;52;52;58;54;52;52;52;52;52;52;52;52;53;52;54;52;53;54;56;67;101;77;87;96;93;109;100;90;93;93;122;107;102;238;53;219;102;239;106)
seed_21_level_1-4,1229,1977.4546165466309,1366981,609,(42;42;42;42;42;42;42;42;42;42;42;42;42;42;42;42;42;42;42;43;42;42;42;43;43;43;42;43;43;42;42;42;43;43;43;43;43;43;43;43;45;45;45;58;63;66;72;73;73;69;59;65;62;58;59;57;57;57;57;59;54;57;57;59;57;57;59;57;53;61;64;52;59;55;58;61;64;53;53;54;52;58;51;58;250;61;49;52;50;56;56;55;53;53;59;52;52;58;56;52;52;62;52;52;52;52;54;52;52;54;52;54;52;52;52;58;54;52;52;52;52;52;52;52;52;53;52;54;52;57;53;53;54;56;101;77;88;95;93;109;100;90;93;93;122;107;102;238;55;239;52;219;52)
seed_21_level_1-4,1229,2471.950665950775,1704325,763,(42;42;42;42;42;42;42;42;42;42;42;42;42;42;42;42;42;42;42;42;43;43;43;43;42;42;42;43;42;43;43;42;42;43;43;43;43;43;43;43;45;45;45;58;63;66;72;73;73;69;59;64;62;58;58;57;57;57;57;58;54;57;57;59;57;57;58;57;61;57;64;52;58;56;58;62;53;53;54;52;53;51;58;61;49;52;50;53;56;53;56;55;59;52;52;60;55;52;52;59;52;52;52;52;54;52;52;53;52;53;52;52;52;58;54;52;52;52;52;52;52;52;52;53;52;53;52;57;53;53;54;56;67;101;77;88;95;93;109;100;90;88;93;122;107;102;238;65;239;109;219;52;53;115)
seed_21_level_1-4,1229,2963.534777402878,2042427,916,(42;42;42;42;42;42;42;42;42;42;42;42;42;42;42;42;42;42;42;43;42;43;43;43;42;43;42;43;42;43;43;43;43;43;43;43;43;43;43;43;45;45;45;58;63;66;72;73;73;69;59;64;62;59;59;57;57;57;57;59;54;57;57;58;57;57;58;57;62;53;57;63;52;59;55;58;62;64;53;53;54;54;58;51;58;61;49;52;53;56;53;56;53;53;59;52;52;60;56;52;52;62;52;52;52;52;54;52;52;53;52;54;52;52;52;58;53;52;52;52;52;52;52;52;52;54;52;53;52;53;53;54;56;101;115;78;88;88;96;109;93;99;90;93;122;107;102;238;86;219;53;239;108)
seed_21_level_1-4,1229,3464.8252959251404,2402534,1069,(42;42;42;42;42;42;42;42;42;42;42;42;42;42;42;42;42;42;42;42;42;43;43;43;42;43;43;42;43;42;43;42;43;43;43;43;43;43;43;43;45;45;45;58;63;66;72;73;73;69;59;65;62;58;59;57;57;57;57;58;55;57;57;58;57;57;59;57;57;64;52;59;56;58;62;52;53;53;54;58;53;51;58;61;49;52;53;53;56;61;53;56;59;52;52;60;56;52;52;62;52;52;52;52;54;52;52;53;52;54;52;52;52;58;53;52;52;52;52;52;52;52;52;53;52;53;52;57;53;53;54;56;64;101;77;87;93;96;93;109;100;88;93;122;107;253;102;219;52;239;86;238;67)
seed_21_level_1-4,1229,3958.7206950187683,2735588,1223,(42;42;42;42;42;42;42;42;42;42;42;42;42;42;42;42;42;42;42;42;42;43;42;43;43;42;43;43;42;42;42;43;42;43;43;43;43;43;43;43;45;45;45;58;63;66;72;73;73;69;59;64;62;58;59;57;57;57;57;59;54;57;57;59;57;57;58;57;53;61;57;64;52;59;55;58;61;52;53;53;54;58;53;51;58;61;49;52;53;53;56;53;56;59;52;52;58;56;52;52;59;52;52;52;52;54;52;52;54;52;53;52;52;52;58;53;52;52;52;52;52;52;52;52;54;52;54;52;57;53;54;56;67;101;78;88;96;93;109;100;88;88;93;122;107;102;238;52;219;56;239;58;115;55)
seed_21_level_1-4,1229,4452.206814527512,3095342,1376,(42;42;42;42;42;42;42;42;42;42;42;42;42;42;42;42;42;42;42;42;43;43;43;42;43;43;42;42;42;43;43;42;43;43;43;43;43;43;43;43;45;45;45;58;63;66;72;73;73;69;59;65;62;58;59;57;57;57;57;58;55;57;57;59;57;57;58;57;62;57;57;63;52;58;56;58;62;67;54;53;53;54;58;53;51;58;61;49;52;53;56;56;56;53;59;52;52;60;56;52;52;62;52;52;52;52;53;52;52;53;52;53;52;52;52;58;54;52;52;52;52;52;52;52;52;53;52;53;52;53;53;54;56;101;253;78;88;88;95;109;93;100;88;93;122;107;102;238;52;239;90;219;56)
seed_21_level_1-4,1229,4940.328096866608,3458491,1530,(42;42;42;42;42;42;42;42;42;42;42;42;42;42;42;42;42;42;42;43;43;43;42;42;43;43;42;42;43;43;43;42;42;43;43;43;43;43;43;43;45;45;45;58;63;66;72;73;73;69;59;64;62;58;58;57;57;57;57;59;54;57;57;58;57;57;59;57;57;57;64;52;58;55;58;61;67;54;53;53;54;53;55;51;58;61;49;52;53;53;61;56;56;56;59;52;52;60;56;52;52;62;52;52;52;52;54;52;52;53;52;54;52;52;52;58;53;52;52;52;52;52;52;52;52;53;52;54;52;53;53;54;56;101;78;88;93;95;109;93;100;88;93;122;107;102;238;52;219;253;239;43;115;52)
seed_21_level_1-4,1229,5426.526963233948,3822458,1683,(42;42;42;42;42;42;42;42;42;42;42;42;42;42;42;42;42;42;42;42;42;42;42;42;42;43;43;43;43;43;42;42;42;43;43;43;43;43;43;43;45;45;45;58;63;66;72;73;73;69;59;64;62;58;59;57;57;57;57;59;54;57;57;58;57;57;58;57;57;57;62;63;52;58;55;58;61;67;52;53;53;54;58;51;58;61;49;52;50;53;53;56;53;53;59;52;52;60;55;52;52;59;52;52;52;52;54;52;52;53;52;54;52;52;52;58;53;52;52;52;52;52;52;52;52;53;52;54;52;57;53;54;56;101;253;77;88;96;93;109;99;93;88;93;122;107;102;239;132;238;52;219;57)
seed_21_level_1-4,1229,5909.117998600006,4184277,1837,(42;42;42;42;42;42;42;42;42;42;42;42;42;42;42;42;42;42;42;43;43;42;43;42;43;42;42;43;42;43;42;43;42;43;43;43;43;43;43;43;45;45;45;58;63;66;72;73;73;69;59;65;62;59;59;57;57;57;57;59;54;57;57;58;57;57;59;57;57;57;57;64;52;58;55;58;62;67;54;53;53;54;53;55;51;58;61;49;52;53;53;56;53;62;53;59;52;52;58;56;52;52;62;52;52;52;52;54;52;52;53;52;54;52;52;52;58;54;52;52;52;52;52;52;52;52;53;52;53;52;53;54;56;101;78;87;95;109;93;100;88;90;93;122;107;102;238;56;219;57;239;94;253;57)
seed_21_level_1-4,1229,6400.800977468491,4526594,1991,(42;42;42;42;42;42;42;42;42;42;42;42;42;42;42;42;42;42;42;42;42;42;42;43;43;43;43;43;42;42;43;42;42;43;43;43;43;43;43;43;45;45;45;58;63;66;72;73;73;69;59;64;62;58;59;57;57;57;57;59;54;57;57;59;57;57;59;57;57;53;57;64;52;59;55;58;62;67;52;53;53;54;53;51;58;61;49;52;53;56;53;53;55;53;62;59;52;52;60;56;52;52;59;52;52;52;52;53;52;52;54;52;54;52;52;52;58;53;52;52;52;52;52;52;52;52;54;52;53;52;53;54;56;101;78;88;93;96;109;93;99;90;93;122;107;102;115;112;238;102;219;53;239;65)
seed_21_level_1-4,1229,6881.976930618286,4869434,2145,(42;42;42;42;42;42;42;42;42;42;42;42;42;42;42;42;42;42;42;42;42;43;43;43;43;43;43;43;42;43;42;43;42;43;43;43;43;43;43;43;45;45;45;58;63;66;72;73;73;69;59;65;62;58;59;57;57;57;57;59;54;57;57;59;57;57;59;57;57;53;63;52;58;56;58;61;64;54;53;53;54;53;51;58;61;49;52;53;56;56;53;56;55;62;59;52;52;60;56;52;52;59;52;52;52;52;54;52;52;53;52;54;52;52;52;58;53;52;52;52;52;52;52;52;52;54;52;54;52;57;53;54;56;101;77;87;95;109;93;99;88;93;93;122;107;102;109;112;239;56;219;119;238;52)
seed_21_level_1-4,1229,7365.282269954681,5202235,2299,(42;42;42;42;42;42;42;42;42;42;42;42;42;42;42;42;42;42;42;43;42;43;43;42;43;43;43;43;43;43;42;43;43;43;43;43;43;43;43;43;45;45;45;58;63;66;72;73;73;69;59;65;62;59;58;57;57;57;57;59;55;57;57;59;57;57;59;57;53;57;64;52;59;56;58;61;54;53;53;54;58;51;58;61;49;52;53;53;53;56;56;53;62;59;52;52;60;56;52;52;59;52;52;52;52;53;52;52;54;52;53;52;52;52;58;54;52;52;52;52;52;52;52;52;53;52;54;52;53;53;54;56;64;101;78;87;96;109;93;99;88;88;93;122;107;102;112;52;239;57;238;52;219;60)
seed_21_level_1-4,1229,7841.626667499542,5534987,2452,(42;42;42;42;42;42;42;42;42;42;42;42;42;42;42;42;42;42;42;43;43;42;42;43;42;43;43;42;43;43;43;43;42;43;43;43;43;43;43;43;45;45;45;58;63;66;72;73;73;69;59;64;62;59;58;57;57;57;57;58;54;57;57;58;57;57;58;57;53;64;52;59;56;58;62;54;53;53;54;53;53;51;58;61;49;52;50;53;53;53;56;62;59;52;52;58;56;52;52;59;52;52;52;52;54;52;52;53;52;53;52;52;52;58;53;52;52;52;52;52;52;52;52;54;52;53;52;53;53;53;54;56;67;101;109;77;87;93;96;109;93;99;88;93;122;107;102;239;94;238;53;219;51)
seed_21_level_1-4,1229,8315.588405370712,5932589,2601,(42;43;42;43;42;43;42;43;43;43;43;42;52;42;53;42;67;55;59;58;62;58;53;53;100;56;57;53;57;53;56;88;56;57;43;95;100;56;53;52;43;57;53;43;56;103;249;42;103;57;67;53;56;52;57;53;59;57;78;57;53;57;90;54;95;57;103;59;55;57;54;53;88;90;42;53;43;92;56;42;53;57;53;56;73;61;112;57;58;53;57;53;126;43;88;56;53;116;55;53;96;72;57;219;93;54;54;55;52;52;52;86;56;58;45;52;53;43;114;51;53;62;53;53;57;239;53;43;55;88;43;88;88;52;60;52;54;57;108;58;55;60;238;53;43;59;53;52;71)
seed_21_level_1-4,1229,8795.156582832336,6377985,2752,(43;42;42;43;43;42;43;42;53;42;84;43;43;52;54;52;93;52;42;42;57;90;53;77;88;53;54;54;57;53;53;53;58;43;43;71;100;52;53;57;53;116;57;52;54;57;57;57;57;52;62;85;57;53;97;52;253;108;91;53;52;54;54;56;57;56;56;48;56;88;57;129;56;60;52;97;54;57;90;53;53;52;47;53;57;51;112;52;52;64;117;61;58;57;61;58;239;53;52;43;109;65;43;57;42;53;42;51;102;43;52;57;56;52;57;73;56;251;52;59;61;52;57;52;112;52;249;52;57;103;107;95;52;90;60;88;45;54;115;105;106;57;61;103;58;106;42;57;115;43;107)
seed_21_level_1-4,1229,9273.355690956116,6786226,2901,(43;43;43;43;84;71;53;47;89;42;45;43;55;93;53;42;52;56;52;42;56;54;68;54;52;90;52;57;61;90;86;54;97;52;52;53;86;57;52;61;88;53;51;52;52;100;43;43;57;119;57;88;57;58;55;43;53;53;43;58;57;57;43;57;57;91;116;103;67;110;42;56;54;92;43;57;45;47;54;57;56;57;94;57;55;45;57;58;94;106;57;42;43;51;88;53;239;92;86;90;52;57;52;60;55;57;52;96;57;59;86;90;62;57;59;57;88;57;249;52;65;53;88;58;220;61;43;43;61;70;59;55;57;86;53;92;79;112;53;65;52;53;45;157;91;57;87;107;56)
seed_21_level_1-4,1330,9763.901539564133,7354722,3050,(43;43;43;89;52;57;97;135;59;53;57;56;97;57;120;83;53;93;42;53;54;54;42;52;42;52;73;54;56;87;42;42;43;53;119;43;68;59;53;57;65;57;45;57;42;57;43;53;98;60;59;53;56;56;101;55;57;43;90;57;52;53;52;53;93;52;57;88;53;52;92;52;53;57;58;52;52;86;50;86;57;57;52;239;55;53;52;54;55;61;88;52;56;57;53;77;85;56;253;53;52;57;57;94;57;91;47;52;88;58;53;57;55;53;220;56;53;91;52;55;239;52;102;106;85;52;115;253;52;42;43;114;53;133;57;58;69;102;52;302;52;104;58;255;57;202;52;191;62)
seed_21_level_1-4,1600,10272.179219722748,8026486,3202,(43;43;43;43;87;43;58;86;75;252;49;57;57;153;54;43;58;43;43;87;119;42;54;59;56;53;54;53;57;56;43;61;107;59;42;43;65;45;78;57;45;88;84;53;57;57;43;53;52;52;59;104;90;86;53;53;52;105;88;106;107;107;52;209;52;239;84;55;43;57;53;57;329;57;57;75;57;66;57;57;52;52;52;53;57;52;52;49;57;52;57;57;95;57;93;42;46;55;54;43;75;52;87;61;42;42;75;80;125;62;46;42;125;91;57;302;52;52;61;56;208;52;238;51;90;107;272;79;52;96;249;263;53;61;88;52;86;44;92;109;86;52;57;72;104;52;117;55;117;114;58;90)
seed_21_level_1-4,1954,10780.985631942749,9168339,3353,(44;42;110;93;52;72;46;46;53;57;56;57;57;90;53;85;91;127;53;52;46;107;43;53;52;57;77;44;255;54;52;60;57;42;89;108;118;55;61;42;252;43;52;79;42;52;52;53;43;69;43;42;52;250;52;97;58;57;54;1001;55;42;52;53;72;85;88;88;57;57;57;59;97;136;88;52;52;57;52;92;52;57;56;88;68;57;210;89;57;52;55;57;87;57;52;53;57;57;57;57;53;88;51;55;93;59;88;57;60;106;57;57;97;302;52;106;92;53;104;222;52;102;53;52;52;118;57;57;52;105;64;56;248;106;52;257;58;52;84;86;57;249;52;52;259;52;106;52;52;56;52)
seed_21_level_1-4,1954,11294.492770195007,10061292,3504,(110;44;44;44;43;46;44;250;90;52;90;264;53;53;56;65;90;124;42;55;42;53;72;54;53;252;54;58;55;93;42;87;42;52;55;54;125;107;55;52;55;60;93;53;54;255;53;57;58;59;81;42;42;54;100;97;53;56;57;103;42;91;53;56;52;210;56;107;60;51;62;64;219;59;86;93;106;57;53;59;240;65;56;52;52;107;206;88;53;56;329;102;93;57;57;119;53;109;88;88;93;52;93;52;102;52;114;53;57;63;90;302;219;52;57;53;302;111;52;51;86;61;86;255;75;52;52;52;241;51;52;52;86;52;105;88;87;92;86;42;116;238;52;222;52;56;214;64;248;55;57)
seed_21_level_1-4,1954,11813.062992334366,10975946,3655,(250;128;57;46;43;112;89;53;93;52;86;254;91;53;53;56;59;54;56;42;91;97;54;58;54;56;55;52;58;252;52;86;49;54;53;42;54;97;53;52;91;55;53;49;190;86;89;51;264;53;57;42;71;59;53;57;58;68;59;53;120;53;57;98;56;57;209;63;53;112;53;239;211;53;53;89;52;57;107;53;58;106;52;86;107;52;102;55;106;51;52;57;328;219;76;76;88;52;42;63;106;196;55;44;52;77;106;107;44;52;132;63;52;96;302;254;58;44;93;302;52;86;268;52;226;52;107;88;52;187;52;106;53;113;239;64;106;86;52;239;90;88;52;57;53;52;88;90;55;116;53)
seed_21_level_1-4,1954,12326.13048672676,11799517,3806,(264;57;59;263;46;42;57;103;80;100;42;57;57;57;49;55;56;254;42;334;53;109;52;77;53;52;58;55;106;55;54;52;52;98;252;143;52;52;55;52;53;86;52;86;49;52;86;124;54;52;49;52;53;104;53;57;271;52;134;53;53;52;57;114;57;52;57;106;53;88;211;87;53;88;54;238;54;90;91;53;52;107;51;55;56;59;52;90;62;94;52;51;208;55;52;329;106;86;57;52;57;84;52;85;52;108;53;53;54;53;104;186;102;57;240;85;104;57;57;53;56;57;268;106;106;99;58;213;90;52;57;76;55;104;57;52;105;52;42;44;55;264;90;52;53;53;55;61;52;52;53)
seed_21_level_1-4,1954,12866.92227268219,12868321,3958,(263;264;99;108;57;224;56;58;58;113;271;57;59;106;57;49;93;53;252;55;42;87;86;52;52;52;52;90;52;52;52;57;53;52;239;52;54;87;106;271;88;107;81;102;105;42;61;44;195;52;66;58;59;187;143;52;93;93;268;57;250;106;89;59;55;52;106;263;290;124;285;52;86;112;59;118;52;53;242;86;262;53;57;53;92;79;57;99;62;52;53;248;53;53;80;52;59;71;52;61;53;54;53;211;53;52;86;110;210;51;53;102;53;264;88;52;90;83;52;52;43;57;87;88;107;107;90;329;53;92;209;57;52;93;52;51;51;102;52;53;92;88;51;104;53;53;93;238;58;53;57;53)
seed_21_level_1-4,1954,13385.861416339874,13925533,4108,(253;56;57;88;56;53;55;128;53;53;57;58;104;78;53;88;56;252;57;77;52;52;52;57;53;52;105;228;89;52;53;57;52;86;53;53;427;52;55;81;53;53;49;53;235;85;238;239;52;56;56;62;52;53;52;56;56;88;228;210;59;307;52;57;77;253;210;63;60;244;109;264;111;62;126;86;57;52;104;70;264;88;271;53;100;66;53;52;112;113;59;191;52;59;52;88;63;61;111;94;93;56;225;58;53;57;80;79;104;61;57;56;58;42;58;57;58;53;110;59;98;104;58;290;219;52;52;55;55;265;55;87;52;52;52;52;217;111;52;86;53;245;86;86;52;52;52;52;54;119)
seed_21_level_1-4,1954,13924.689310789108,15081877,4257,(224;252;55;57;56;42;59;46;57;107;54;90;93;55;75;118;59;88;57;248;53;56;253;90;57;53;104;106;251;114;88;90;53;57;239;53;99;228;59;86;51;57;54;132;61;52;51;55;59;53;52;77;56;50;52;271;93;53;59;58;88;43;107;189;80;57;138;113;57;100;106;57;59;196;408;126;93;52;52;53;112;86;52;76;82;232;88;61;180;49;248;52;238;115;248;52;183;52;52;427;184;52;57;57;59;53;57;63;52;63;90;240;408;57;102;53;57;56;56;52;129;107;53;88;214;251;57;247;88;51;51;87;88;92;89;52;96;81;56;53;84;52;90;90;86;52;52;76;56)
seed_21_level_1-4,1954,14451.577430486679,16125004,4405,(228;56;147;42;52;92;59;52;307;89;57;52;52;256;52;52;86;224;58;42;59;55;63;53;98;53;59;52;42;58;59;53;57;59;59;214;43;52;52;110;88;52;51;53;53;52;106;114;56;238;238;106;52;238;248;73;54;119;271;55;54;57;88;112;57;113;90;94;80;56;127;81;56;58;88;46;116;53;427;105;90;240;54;88;93;57;52;152;52;63;57;52;52;52;55;57;251;57;62;88;53;248;56;88;52;53;88;56;55;239;88;91;53;53;53;55;53;53;88;53;90;53;290;86;86;54;240;219;61;52;52;107;106;238;86;61;86;110;106;52;253;88;252;106;56;52;52;114)
seed_21_level_1-4,1954,14981.402264595032,17099037,4553,(225;54;108;132;53;56;42;59;58;57;54;55;99;56;99;55;271;58;62;57;57;220;121;52;53;61;53;57;128;56;110;110;57;44;57;248;120;57;105;107;82;239;53;53;57;105;52;53;53;88;240;239;51;53;105;328;55;57;63;88;92;57;59;60;58;57;57;53;86;88;94;57;106;53;53;90;53;88;53;52;52;42;53;56;54;110;53;70;90;57;52;58;88;86;55;59;57;214;248;59;106;52;109;239;52;112;107;52;238;116;90;238;55;86;51;109;52;81;91;238;52;290;88;238;53;210;213;52;86;248;52;238;91;52;262;52;98;57;52;55;123;60;85;58;52;61;90;53)
seed_21_level_1-4,1954,15531.96305680275,18447287,4704,(110;58;56;77;55;85;42;52;88;57;53;64;84;61;50;52;182;224;58;64;224;56;91;90;58;72;54;90;42;42;59;125;133;59;427;53;53;52;254;104;55;109;94;53;56;110;94;49;57;57;53;153;57;93;271;112;112;52;110;110;94;146;109;86;102;131;76;57;57;60;102;56;334;307;248;239;53;239;222;88;53;56;90;56;56;104;53;57;53;56;105;57;56;53;93;56;56;408;52;92;112;90;245;86;53;116;62;239;56;244;92;218;111;116;106;120;119;107;239;116;73;59;116;58;106;214;238;52;90;247;58;225;240;57;85;86;251;52;90;334;52;93;110;43;61;52;252;217;91;52;112)
seed_21_level_1-4,1954,16057.371752262115,19579288,4852,(182;44;58;57;53;49;252;60;42;44;55;84;44;56;50;225;56;53;59;53;57;103;56;58;58;53;80;90;59;129;108;222;86;53;53;53;78;53;57;53;104;117;88;57;52;120;90;53;88;53;85;53;329;53;53;90;57;58;57;57;90;301;53;110;94;56;57;97;53;53;53;334;44;110;112;57;53;115;57;57;53;113;88;408;112;56;52;88;195;93;201;60;113;107;408;120;238;106;261;108;55;106;52;119;238;52;53;53;53;96;76;59;115;52;52;52;108;106;128;408;86;334;53;88;96;217;57;93;88;52;86;51;106;52;57;109;56;57;301;57;104;53;57;52;53;118;52;86)
seed_21_level_1-4,1954,16598.371857881546,20752081,5001,(252;93;92;53;52;59;88;58;86;130;117;127;51;53;224;90;57;65;54;58;119;91;58;211;58;110;88;42;57;58;72;222;56;53;43;53;78;43;53;58;104;55;88;43;261;87;56;106;56;53;185;328;53;53;53;109;104;85;57;52;262;112;117;53;53;57;53;57;53;57;88;408;109;93;57;110;180;61;245;57;86;88;107;129;88;57;53;52;53;57;57;93;134;90;90;57;408;107;96;88;88;167;53;66;53;57;109;110;57;107;57;239;53;106;93;53;70;57;110;242;107;408;90;52;52;86;238;57;55;263;52;93;55;105;52;238;52;110;225;248;107;52;53;138;55;52;52;253;57)
seed_21_level_1-4,1954,17114.11967921257,21738754,5149,(222;239;56;56;53;272;88;52;53;56;56;53;56;53;94;53;56;56;90;224;121;42;78;259;57;58;57;56;115;42;42;57;54;253;121;42;54;252;61;104;61;236;49;76;59;54;86;57;66;53;84;101;63;84;427;53;57;57;52;52;93;69;54;92;57;88;57;85;88;59;57;63;53;301;52;58;53;51;51;102;52;55;118;53;106;138;53;93;55;93;56;53;69;57;54;52;52;408;93;53;53;88;90;268;59;55;120;53;57;78;93;121;53;53;52;57;211;57;55;57;115;290;107;53;52;52;90;104;112;249;52;238;111;42;53;52;53;52;76;52;107;52;240;84;52;106;86;120)
seed_21_level_1-4,1954,17651.80068707466,22992173,5298,(408;52;107;57;116;53;58;53;181;79;273;54;52;52;111;52;108;116;57;57;57;328;56;57;85;88;57;57;53;53;136;88;90;51;109;252;55;88;63;52;77;225;42;106;105;121;60;110;88;57;59;110;59;54;88;54;99;116;107;52;252;55;42;58;57;49;53;59;52;42;75;42;83;55;132;53;334;57;85;272;53;253;109;56;82;57;52;53;57;52;57;60;57;53;56;55;58;56;52;52;408;57;242;89;192;116;57;93;44;107;57;97;113;110;112;52;139;57;185;129;89;52;80;290;90;239;86;58;83;110;240;53;267;262;112;52;52;256;251;250;262;107;239;116;86;86;52;74;93)
seed_21_level_1-4,1954,18193.288058280945,24164856,5448,(334;52;54;102;64;52;42;102;78;42;85;87;42;86;42;57;54;272;88;107;106;58;56;56;52;56;56;90;53;56;56;52;56;53;52;57;224;108;57;96;58;58;58;57;53;103;89;57;56;60;81;53;57;54;427;57;53;90;56;181;57;90;88;53;54;57;93;93;93;284;56;232;94;51;88;408;61;55;91;57;106;55;82;53;79;112;53;58;54;52;116;240;55;58;53;109;56;408;112;245;177;57;57;242;107;57;44;57;157;244;83;53;57;57;244;57;103;88;91;240;57;408;107;84;52;53;53;86;57;52;180;88;61;57;52;53;115;57;226;113;52;256;56;76;54;254;88;53;55;56)
seed_21_level_1-4,1954,18725.124867916107,25330725,5597,(334;91;408;105;51;104;76;109;44;88;56;86;59;57;53;253;272;52;57;56;82;52;58;58;57;57;194;57;53;52;57;95;57;106;225;52;58;55;119;58;79;59;59;58;42;42;55;227;59;52;59;408;112;117;96;109;221;106;53;57;110;53;59;59;186;88;104;53;57;52;46;53;408;109;88;53;57;118;106;108;54;52;57;86;78;52;55;129;52;80;52;113;230;52;52;88;93;112;328;52;53;52;57;57;52;93;184;213;180;77;132;56;98;57;88;77;56;88;54;53;53;94;408;57;70;93;57;142;58;112;57;53;242;97;88;53;107;56;52;53;118;91;240;107;124;245;57;53;57)
seed_21_level_1-4,1954,19259.138558387756,26542729,5745,(224;97;59;58;59;53;53;58;58;71;42;95;57;89;73;59;272;57;55;52;76;128;221;88;52;114;56;235;53;54;54;58;52;290;52;223;115;125;93;63;107;57;113;53;239;89;92;262;86;52;116;52;52;52;106;52;248;329;112;59;57;63;129;53;104;54;104;107;57;49;51;53;57;222;57;110;57;301;108;182;408;61;56;91;122;265;46;53;104;107;132;88;51;52;53;93;121;53;129;52;54;57;408;242;57;56;43;107;110;57;57;57;44;110;273;106;44;93;76;140;90;57;113;57;57;52;56;408;253;103;96;43;52;86;91;53;58;90;86;75;42;54;59;252;89;52;86;59)
seed_21_level_1-4,1990,19818.560400247574,27832576,5897,(225;42;65;80;59;58;71;103;223;59;54;58;55;53;56;408;42;244;88;107;44;77;83;137;58;107;224;144;240;163;57;89;82;94;59;52;117;111;408;262;248;102;52;90;55;52;53;89;89;56;44;180;116;55;53;52;61;53;52;88;408;121;52;55;87;107;57;59;130;56;104;115;57;109;57;86;61;57;52;53;53;128;56;272;57;57;53;57;57;53;109;52;104;53;107;57;56;53;89;57;57;53;57;328;57;256;56;221;93;52;108;53;88;57;52;53;53;128;53;51;102;59;52;143;90;88;56;408;107;52;256;52;91;132;76;216;57;53;149;106;107;88;52;238;56;210;381;111;52;107;126;57)
seed_21_level_1-4,1990,20377.225036144257,29120013,6048,(107;57;56;57;53;57;240;53;57;53;56;52;56;284;53;233;52;56;225;68;52;104;59;53;108;59;59;66;108;59;101;109;64;64;301;57;57;53;52;57;53;57;224;57;263;102;56;53;57;53;56;57;55;57;56;414;59;57;106;123;57;306;52;55;55;52;54;54;51;90;83;59;57;257;53;55;52;57;395;252;98;53;76;107;249;77;76;88;52;231;52;102;87;52;103;248;78;86;98;395;53;43;53;88;93;80;107;59;56;112;244;245;128;247;60;52;57;57;57;86;57;109;117;311;106;52;238;86;52;52;52;86;251;223;86;107;52;86;52;259;106;84;126;106;124;223;57;52;52;86;88)
seed_21_level_1-4,1990,20925.555636644363,30248070,6199,(225;52;59;223;104;58;54;57;53;59;110;57;57;55;53;395;55;57;88;63;51;52;106;114;86;57;224;53;107;57;52;42;56;57;54;284;53;52;57;88;57;253;57;53;88;57;87;103;53;57;57;107;87;57;328;55;53;47;53;52;42;57;52;102;53;56;114;53;53;72;52;100;55;56;248;55;395;112;107;250;72;107;53;108;42;112;53;107;110;43;67;45;258;88;95;112;52;57;47;311;106;114;84;84;86;102;52;87;106;114;115;117;86;86;52;86;52;55;249;252;284;105;86;116;218;106;395;77;52;59;52;88;85;53;103;57;48;107;58;53;145;52;42;86;89;52;52;263;104;106;76)
seed_21_level_1-4,2416,21489.785860061646,31829848,6348,(414;52;52;129;102;208;56;52;52;57;95;108;52;56;102;78;116;57;52;53;60;86;284;52;116;239;57;263;89;57;57;240;117;88;57;57;104;107;97;254;142;53;57;52;395;240;260;57;57;105;88;107;57;59;104;93;53;85;56;56;53;93;57;120;88;182;51;301;81;102;52;102;86;52;254;103;104;109;52;90;52;52;52;52;57;116;111;52;115;52;203;88;395;176;42;103;106;395;115;57;563;42;61;59;52;244;88;107;107;61;42;57;239;52;44;101;49;108;360;87;52;76;52;52;248;52;52;240;107;86;224;86;86;86;106;86;52;106;106;90;53;239;253;86;52;234;106;209;235)
seed_21_level_1-4,2416,22037.92104268074,33241774,6498,(296;52;57;57;52;52;52;52;238;53;53;52;52;57;52;93;72;52;52;52;57;360;52;53;53;44;101;132;53;148;52;76;56;106;253;95;58;56;56;253;53;59;86;58;53;301;86;253;223;138;88;52;57;128;83;134;112;218;88;232;115;57;52;223;44;240;253;53;133;275;53;253;52;53;53;120;54;57;241;56;57;57;56;53;57;224;105;57;253;53;53;253;88;107;88;242;53;56;95;110;88;105;97;52;88;52;52;121;107;55;53;42;52;62;53;51;242;126;58;98;360;87;107;239;52;57;88;86;93;53;57;264;253;227;275;251;248;222;108;52;107;88;253;253;183;117;52;52;57;52)
seed_21_level_1-4,2416,22604.361994981766,34710391,6649,(296;87;53;52;52;116;60;52;250;59;88;139;208;109;89;85;52;76;52;242;57;52;114;88;107;57;52;82;103;53;52;101;57;93;109;93;107;99;44;112;61;93;360;277;78;120;59;76;76;193;88;313;57;53;57;76;53;86;52;57;52;62;86;86;253;275;53;53;57;53;224;107;57;109;57;52;57;109;57;88;53;253;120;57;88;222;56;57;53;57;311;251;55;180;251;253;238;214;86;244;90;88;52;53;55;239;106;54;114;52;180;52;275;61;91;109;51;244;360;55;278;137;360;53;57;86;106;113;52;107;88;109;107;90;139;122;53;53;56;224;223;57;240;121;44;52;52;240;217;86;52)
seed_21_level_1-4,2416,23178.175676107407,36214760,6800,(242;52;190;52;57;55;57;59;52;52;89;52;52;57;112;57;59;51;52;89;107;275;57;253;129;57;240;52;102;221;240;53;103;56;61;57;57;53;52;182;253;148;59;129;296;88;177;53;107;56;102;55;83;52;247;52;52;90;53;211;215;93;63;102;102;301;212;52;43;44;253;59;53;49;238;93;102;52;46;252;53;44;87;88;86;51;52;82;101;301;230;53;88;52;221;107;134;86;112;88;112;109;80;86;107;115;106;88;107;107;90;139;245;90;46;52;107;302;238;58;119;238;88;107;58;275;238;113;77;77;53;238;211;57;251;52;275;116;253;238;239;221;114;87;244;106;239;53;182;53;52)
seed_21_level_1-4,2416,23734.439413547516,37600593,6950,(242;95;77;52;57;53;109;126;110;89;56;57;107;56;62;88;53;57;301;52;52;52;221;52;110;56;54;84;55;62;121;92;52;54;59;53;52;55;76;108;296;88;52;52;52;42;52;42;103;58;43;209;58;56;52;90;49;55;144;58;90;52;59;360;56;57;93;251;88;134;58;52;112;115;90;112;119;58;251;93;53;253;76;181;219;57;226;52;52;222;275;88;59;240;57;78;234;240;56;52;112;186;177;253;57;250;104;53;52;107;234;57;53;109;107;360;239;55;92;251;51;55;56;210;234;102;52;52;52;75;107;87;61;360;52;253;69;92;232;240;218;86;207;111;52;51;86;116;57;208)
seed_21_level_1-4,2416,24281.16155076027,38898368,7101,(296;58;52;54;57;56;49;54;57;57;90;52;52;58;89;57;111;360;52;109;360;52;89;77;52;44;143;52;56;52;42;90;53;53;58;88;88;44;217;42;52;242;214;57;56;57;56;210;87;55;56;57;52;60;122;52;57;57;56;93;360;107;53;57;53;137;88;88;224;107;117;57;57;53;360;57;88;93;57;88;88;53;53;128;57;107;85;56;253;275;57;212;108;57;109;211;90;240;56;57;57;57;57;179;128;253;222;107;275;57;53;52;57;58;275;240;120;360;52;240;54;239;52;239;107;86;53;116;52;107;62;76;238;60;86;86;63;112;108;52;55;106;216;52;102;76;86;55;56;84;112)
seed_21_level_1-4,2416,24834.67213702202,40260434,7252,(301;86;221;86;42;52;219;228;50;52;102;43;43;76;248;55;53;52;90;42;360;53;42;105;57;56;218;88;59;57;296;52;57;109;88;58;88;57;52;42;58;210;93;59;88;90;93;92;57;52;56;86;52;268;57;57;91;83;56;57;59;360;52;52;414;238;86;53;86;53;63;223;52;86;225;52;87;253;102;95;115;53;52;53;56;102;52;110;238;52;52;245;301;249;53;88;52;57;116;224;53;88;61;88;63;88;53;56;90;109;55;218;59;88;91;242;57;109;216;150;275;53;91;57;275;253;52;86;108;240;105;57;57;53;240;106;53;57;53;240;109;57;57;57;88;156;53;53;57;107;93)
seed_21_level_1-4,2416,25380.084965229034,41498466,7403,(268;93;59;55;59;253;55;86;210;86;88;91;195;57;143;211;52;83;89;55;86;360;76;52;57;92;126;52;52;103;53;53;52;77;87;54;54;52;88;52;54;50;53;275;57;56;107;52;296;88;52;57;53;61;57;233;113;54;52;52;221;89;53;56;53;96;93;101;57;106;53;301;53;57;52;56;238;56;53;57;52;57;53;57;117;76;53;57;152;55;59;156;102;80;360;57;106;57;107;114;113;56;248;88;91;57;132;72;57;123;76;78;55;57;107;228;52;139;157;107;53;414;253;84;253;53;86;53;239;52;104;53;88;251;53;56;86;52;57;103;248;106;253;238;58;53;51;88;52;56;251)
seed_21_level_1-4,2416,25947.356214761734,42817236,7555,(360;52;49;53;53;42;109;115;58;110;53;77;114;52;103;55;126;86;301;88;224;108;87;92;86;86;52;89;57;93;52;63;81;44;57;104;113;129;118;296;57;52;57;222;52;275;57;240;57;57;208;102;57;88;53;94;52;57;133;210;290;253;57;240;301;57;104;53;139;88;51;56;57;106;62;115;107;296;52;360;53;88;107;132;88;107;107;115;46;57;88;57;272;221;53;275;55;52;109;83;86;57;109;109;51;52;77;84;57;51;117;57;52;123;86;61;84;89;57;274;253;102;53;61;109;88;105;57;89;53;93;52;52;86;53;93;253;52;52;52;222;93;88;239;56;88;251;58;102;52;229;238)
seed_21_level_1-4,2416,26486.979382514954,43930563,7706,(360;251;57;57;61;62;53;106;62;58;58;53;115;104;46;134;116;52;57;268;78;90;83;88;86;86;52;59;92;52;86;263;51;51;143;53;42;56;52;210;52;105;247;88;301;114;253;249;57;59;86;55;110;52;42;58;53;77;52;86;102;52;88;252;101;88;360;63;56;90;109;58;96;88;56;57;106;53;62;115;57;52;57;44;183;53;52;93;102;52;88;53;52;274;57;53;52;56;54;86;240;238;238;62;53;52;58;55;109;102;90;118;86;55;102;238;57;86;53;52;52;52;246;296;88;57;57;57;57;53;296;121;107;57;49;56;57;253;42;42;42;57;42;239;53;112;57;57;42;53;42)
seed_21_level_1-4,2416,27044.542766809464,45328043,7856,(296;57;57;52;247;241;46;253;102;57;275;57;61;42;42;57;248;296;240;43;57;58;43;107;42;93;59;243;54;53;360;219;51;64;88;250;139;114;296;53;52;88;53;221;109;52;53;106;106;53;240;53;57;132;238;57;177;238;360;64;119;104;52;53;240;84;57;107;120;53;53;57;57;51;56;55;57;58;53;77;103;119;53;104;274;104;239;56;154;106;52;61;226;111;113;189;207;57;55;210;147;141;86;57;107;54;115;101;56;76;103;81;53;57;86;52;107;52;52;301;52;42;52;238;53;52;233;52;96;52;53;141;92;52;275;52;86;56;83;53;58;53;238;55;104;53;180;103;201;101)
seed_21_level_1-4,2416,27601.644077777863,46618223,8006,(360;63;59;104;56;53;113;109;57;242;52;52;61;76;88;57;53;52;117;57;53;57;52;59;52;296;42;59;43;239;107;296;52;52;240;107;296;53;56;121;57;215;61;234;53;56;109;57;105;46;46;44;223;109;360;52;57;56;56;52;54;52;86;57;112;52;253;76;52;52;52;52;57;239;52;43;55;253;52;238;52;52;111;52;274;52;52;209;53;86;102;86;114;52;52;76;46;83;210;102;210;58;108;52;52;114;243;52;52;56;84;52;222;248;52;52;86;360;107;107;53;57;53;88;57;116;57;218;253;107;218;225;88;56;88;88;107;111;57;148;107;238;107;121;115;52;53;114;224;55)
seed_21_level_1-4,2416,28179.911991596222,48276723,8155,(360;240;57;86;88;103;109;57;239;57;53;114;51;257;57;94;109;62;58;77;53;112;52;211;301;238;52;59;52;81;58;56;190;54;57;50;88;52;52;56;52;94;55;52;148;90;53;52;253;86;52;360;274;52;52;52;107;86;239;85;52;53;52;52;52;218;85;238;76;210;102;239;86;52;57;88;216;53;53;88;211;104;52;52;296;102;251;296;53;233;54;46;296;107;59;57;56;401;42;228;109;54;56;43;277;296;249;291;46;42;87;54;57;52;91;360;88;210;216;360;57;115;103;88;57;211;52;88;222;57;93;52;93;57;253;222;107;57;253;57;53;93;107;88;44;222;93;112;56)
seed_21_level_1-4,2416,28739.562184095383,49717724,8304,(360;55;86;144;108;52;56;52;86;103;76;251;93;109;57;131;253;52;86;102;86;86;56;52;88;52;253;414;104;51;52;56;84;90;112;52;86;86;54;253;52;104;51;86;86;107;178;51;227;84;55;64;57;52;76;52;90;360;104;209;253;116;53;52;57;69;223;155;233;57;57;133;229;58;134;56;60;53;144;59;55;54;53;61;360;88;110;52;88;222;108;221;52;112;96;107;56;106;179;53;150;88;110;53;57;119;53;56;53;107;66;226;54;107;108;129;107;423;102;46;56;251;240;57;113;219;57;233;104;115;59;57;46;93;52;253;57;56;253;53;63;273;91;53;253;241;88;91;52)
seed_21_level_1-4,2416,29293.68429708481,51031214,8454,(274;102;53;110;52;99;108;57;86;253;53;52;86;238;99;88;253;52;52;102;112;106;55;52;53;52;222;53;52;90;53;86;53;109;360;360;107;52;52;246;250;57;52;56;57;134;93;138;52;82;52;53;86;53;129;139;57;57;112;115;88;240;52;88;53;210;240;53;53;57;57;134;52;360;57;221;52;52;59;105;253;57;111;52;88;53;253;52;46;56;82;62;106;53;215;105;53;53;53;57;93;128;216;111;56;52;111;58;104;398;296;253;53;62;178;42;53;52;57;129;296;54;42;240;57;52;132;55;46;107;211;57;52;61;57;42;130;264;57;107;107;127;53;128;107;56;134;54;55;56)
seed_21_level_1-4,2416,29858.918559074402,52549154,8604,(274;71;238;209;93;56;52;52;96;221;52;52;102;52;56;180;121;102;238;209;211;238;238;52;102;52;102;228;55;57;105;55;88;52;52;360;102;88;104;58;240;52;52;52;88;57;105;109;53;150;112;57;233;238;90;57;210;53;55;52;117;94;57;58;53;104;57;93;57;53;401;57;459;55;251;253;134;88;58;54;181;224;275;276;124;54;118;57;56;46;52;53;42;214;53;248;127;107;81;140;57;77;240;57;61;61;106;56;61;151;360;144;53;250;56;52;59;296;213;88;50;54;51;88;89;138;52;112;88;53;225;275;234;107;53;57;59;88;57;90;113;53;52;54;107;90;61;57;53;53)
seed_21_level_1-4,2416,30456.07022213936,54436384,8754,(360;112;56;56;214;60;95;102;78;187;240;57;61;231;210;55;250;53;53;57;65;220;133;53;102;52;64;134;53;195;55;183;86;96;360;88;215;250;88;57;239;109;57;53;57;53;215;99;57;102;245;65;289;103;57;57;89;105;88;134;120;53;229;88;57;134;238;88;57;88;57;414;56;223;248;52;102;86;52;102;208;98;177;109;52;52;102;51;56;53;52;102;104;238;52;112;102;218;86;226;106;102;52;360;238;52;107;55;52;477;53;119;296;107;107;53;250;59;109;296;107;231;84;128;59;164;201;52;57;224;112;90;104;120;253;296;209;110;107;56;106;61;360;46;112;275;296;177;239;54)
seed_21_level_1-4,2416,30994.11994290352,55725039,8904,(360;57;53;43;57;238;53;60;88;52;53;296;52;137;46;86;64;52;104;62;55;61;62;296;75;76;64;54;97;156;49;52;52;88;78;52;63;58;88;59;88;51;52;59;52;274;104;55;55;224;43;102;84;107;53;52;52;102;52;110;296;53;54;42;76;88;52;55;55;86;52;54;52;51;112;102;140;253;102;177;57;53;52;87;76;52;52;106;86;109;52;52;51;457;56;296;59;240;52;210;287;253;250;57;134;88;116;107;91;360;54;52;124;360;112;62;42;52;59;57;59;52;61;61;57;253;64;107;52;275;107;151;54;59;52;59;52;132;61;57;55;107;213;53;96;97;360;53;52;124)
seed_21_level_1-4,2416,31527.239191055298,56915403,9054,(360;238;53;44;52;117;46;88;76;57;62;78;52;53;55;53;52;57;239;296;65;52;43;54;50;58;54;57;44;88;62;44;147;53;62;57;42;57;52;52;208;219;61;43;274;52;57;86;52;53;210;52;52;143;60;52;52;230;87;102;275;52;57;56;253;79;55;86;52;52;102;52;52;56;59;224;53;52;56;56;55;102;88;52;52;52;56;52;52;360;88;271;58;55;52;344;57;114;109;231;108;53;104;52;110;42;106;53;57;107;57;250;251;57;106;87;286;53;86;53;106;248;57;108;55;209;155;63;52;62;57;57;57;56;43;102;57;240;104;82;296;104;107;61;42;108;372;52;59;52)
seed_21_level_1-4,2416,32077.2280023098,58383766,9203,(360;57;52;93;86;77;52;62;242;122;101;240;52;109;54;52;212;240;53;52;59;53;43;55;53;54;56;88;52;52;52;88;42;210;238;49;73;52;55;52;52;55;59;360;222;52;53;51;54;52;53;264;51;51;52;76;51;52;238;88;107;93;57;54;52;76;52;252;253;55;104;53;112;52;52;57;210;103;61;55;51;89;54;210;53;88;90;84;57;86;61;372;54;42;89;210;53;275;112;58;238;57;57;53;107;240;80;253;76;208;52;57;57;53;250;120;109;52;164;57;53;215;53;138;57;300;206;61;53;52;83;275;52;53;239;476;237;57;215;44;102;60;360;104;286;81;42;113;88)
seed_21_level_1-4,2416,32618.981205940247,59539415,9352,(360;58;94;86;56;151;57;53;57;59;96;54;51;53;59;55;217;88;59;90;113;58;53;103;52;55;52;239;57;53;55;52;52;62;54;219;104;53;53;52;54;56;290;52;84;77;52;52;52;57;109;57;58;53;52;76;222;55;75;52;52;53;53;52;52;109;59;102;52;53;86;52;55;53;52;52;58;86;109;58;212;253;56;76;107;235;179;54;110;476;284;57;59;53;275;165;52;108;233;52;206;238;58;108;88;42;58;56;275;127;57;84;106;107;53;52;52;52;296;106;55;102;55;103;59;102;209;61;102;59;109;66;146;57;114;56;55;239;109;296;63;123;208;109;239;132;61;52;56)
seed_21_level_1-4,2416,33173.00589513779,60893691,9503,(360;237;57;53;87;63;57;112;54;56;257;88;46;80;57;111;52;88;62;67;92;58;56;55;55;51;56;52;52;54;54;52;52;89;119;248;52;238;54;77;240;57;290;102;54;56;86;129;52;52;52;76;53;53;104;106;217;251;109;56;52;242;52;57;253;55;239;76;224;52;84;161;53;141;53;75;52;54;105;54;62;54;106;275;54;178;53;114;109;419;52;104;52;222;52;129;239;116;52;53;51;102;43;52;55;102;107;54;55;43;121;360;161;53;251;54;296;210;131;52;57;52;55;109;117;52;107;58;56;53;52;54;128;57;112;52;112;52;249;52;109;53;275;296;56;275;52;259;63;57;238)
seed_21_level_1-4,2416,33722.1904668808,62152002,9654,(360;90;53;52;52;52;54;57;88;57;144;57;110;52;197;57;58;57;53;57;92;106;52;53;62;62;107;115;57;251;57;57;112;82;59;52;88;52;52;106;57;102;53;290;107;90;86;52;207;53;52;102;238;52;57;102;52;107;90;90;56;211;54;57;57;52;53;56;53;57;52;114;106;57;56;102;52;127;63;52;56;56;58;52;58;52;52;52;253;52;55;52;403;232;238;58;238;59;252;89;238;57;296;44;53;43;56;58;275;53;76;43;106;51;232;112;294;52;248;52;103;163;57;211;194;248;309;107;66;120;43;248;58;54;253;157;76;104;52;76;52;248;112;53;52;154;56;58;63;250;56)
seed_21_level_1-4,2416,34288.61247396469,63813775,9804,(360;57;109;53;106;55;251;56;52;53;52;52;49;258;216;54;53;52;88;53;53;52;52;113;88;245;130;116;52;52;57;159;57;275;52;51;54;104;53;53;88;53;360;111;107;52;105;52;52;53;52;52;225;52;56;52;73;113;56;52;208;52;58;58;54;52;52;107;238;52;52;52;56;52;54;52;253;52;52;52;102;216;53;87;54;91;52;476;104;52;106;107;297;253;144;247;103;211;54;59;284;63;102;251;52;296;52;55;238;360;228;53;222;253;55;87;234;107;49;54;275;117;52;53;53;52;275;104;61;238;86;477;102;107;294;56;104;108;275;52;55;57;107;51;86;106;58;275;102;251)
seed_21_level_1-4,2416,34839.05088496208,65287408,9954,(360;53;52;52;235;52;288;110;55;57;55;52;57;52;104;59;57;244;42;57;52;57;52;221;77;50;52;52;57;86;90;103;244;86;96;90;85;54;52;52;53;78;53;104;56;112;107;52;63;129;52;57;78;477;56;238;57;244;52;296;296;248;57;57;107;57;215;104;88;52;46;52;239;183;55;52;208;52;138;133;102;90;53;53;275;57;102;239;56;52;61;238;360;209;128;52;52;57;115;296;57;102;53;102;176;53;136;102;59;111;142;62;221;46;107;205;240;52;86;55;59;58;210;53;222;53;176;57;58;119;85;275;107;52;55;102;53;53;112;107;132;53;360;56;144;88;209;58;51;238)
seed_21_level_1-4,2416,35396.702320575714,66685525,10104,(360;248;59;275;53;104;55;52;111;138;52;52;56;60;275;52;52;52;57;99;51;55;52;90;58;53;54;125;119;172;57;51;53;59;52;53;72;52;46;42;55;55;238;234;53;52;88;88;118;42;52;57;62;52;43;58;53;407;240;136;115;57;54;56;52;207;248;106;52;52;52;87;132;253;52;54;55;53;42;238;238;52;105;217;114;130;206;220;106;52;52;52;87;176;58;52;304;53;53;51;112;296;52;55;102;61;42;102;84;52;52;106;42;51;133;55;52;176;55;275;107;238;52;52;104;248;176;177;239;52;57;253;52;206;52;129;87;120;238;103;52;59;235;52;275;360;233;117;139;52)
seed_21_level_1-4,2416,35950.164036273956,68250594,10254,(360;93;53;53;57;53;53;42;88;55;58;53;104;58;86;57;57;53;55;52;58;57;104;44;53;78;57;44;57;57;59;57;52;52;53;52;52;52;228;104;52;43;42;49;52;57;57;87;109;52;53;235;46;53;52;87;55;62;597;51;216;414;253;65;275;208;247;55;238;52;107;211;112;144;53;106;221;152;86;57;53;55;135;85;108;52;57;53;52;228;59;61;213;360;222;106;69;315;53;53;53;52;57;104;60;300;216;239;82;117;112;58;56;308;61;61;54;279;54;56;46;58;52;108;55;239;414;133;107;138;55;57;107;52;55;53;109;209;53;62;52;50;108;89;276;462;52;57;53;59)
seed_21_level_1-4,2416,36502.324514865875,69774343,10404,(360;57;43;60;53;53;114;55;53;53;91;53;57;52;52;57;57;112;90;52;52;63;58;54;52;61;52;52;57;56;97;107;57;124;88;76;102;53;52;86;120;229;112;53;62;53;59;57;115;54;52;52;53;56;405;55;55;57;57;42;117;52;89;57;57;106;52;87;52;107;57;46;119;414;53;52;177;53;126;240;296;52;53;57;360;142;253;177;476;253;59;253;209;177;55;130;44;57;57;238;110;52;275;52;129;221;57;57;57;53;62;275;52;53;275;242;107;57;42;221;222;275;87;52;53;92;302;128;57;87;51;207;87;52;180;52;53;54;53;86;253;199;57;59;398;209;52;52;249;53)
seed_21_level_1-4,2416,37037.531158447266,70962416,10554,(360;53;107;53;58;96;57;54;59;52;52;144;86;46;57;102;55;103;107;93;104;90;108;57;57;52;42;61;42;57;61;57;62;57;52;86;57;57;57;60;53;43;52;49;57;57;57;125;56;118;56;53;57;404;56;57;240;360;58;52;206;46;55;145;137;57;120;275;52;52;106;52;52;53;107;83;53;239;52;164;91;52;52;59;61;55;55;239;52;58;52;53;275;275;53;54;83;414;87;103;52;107;52;52;57;107;88;52;52;52;52;55;218;60;57;42;105;53;87;55;52;84;275;57;56;144;210;210;106;52;244;249;112;53;52;57;238;52;54;106;106;128;57;414;57;239;52;120;56;119)
seed_21_level_1-4,2416,37592.26039528847,72331071,10704,(360;103;104;52;57;189;53;144;89;104;93;105;97;53;57;57;52;69;50;55;56;57;54;62;52;59;121;89;52;58;110;62;53;57;57;93;53;53;55;67;57;46;52;58;64;57;52;250;44;57;53;57;57;53;414;88;53;128;132;131;53;248;137;238;52;190;52;56;107;57;222;222;248;76;52;238;57;169;121;253;52;89;238;245;53;261;52;106;248;294;55;106;52;120;56;53;201;57;53;275;55;86;110;129;76;52;52;78;159;86;55;106;52;53;57;52;209;57;55;59;92;130;52;275;57;52;275;53;132;89;112;139;131;210;52;52;435;138;106;52;145;53;253;57;104;244;238;129;52;210)
seed_21_level_1-4,2416,38140.51474738121,73594622,10854,(360;88;59;76;72;59;109;52;102;57;60;52;52;55;59;42;57;96;103;217;57;46;87;57;52;52;52;101;56;52;88;53;68;59;56;53;59;91;104;92;52;118;57;57;59;52;52;52;52;73;52;76;435;253;52;52;238;107;57;52;132;52;281;76;182;52;52;87;52;53;52;109;52;52;43;137;55;139;77;53;107;244;52;239;52;130;52;55;114;296;275;52;233;53;106;57;106;55;84;112;106;52;57;102;253;76;56;106;187;238;216;52;84;275;44;102;52;56;52;52;55;396;52;117;52;210;53;53;55;52;112;138;251;52;54;52;52;106;102;53;106;52;275;90;46;275;120;403;56;210)
seed_21_level_1-4,2416,38680.07389688492,74917653,11004,(360;57;57;57;57;59;132;57;57;61;53;61;52;57;104;58;49;53;54;88;57;53;53;106;55;93;117;118;57;116;53;122;42;56;57;57;55;53;52;63;57;57;107;112;108;53;59;52;245;62;55;64;55;229;403;106;248;76;55;52;113;102;42;80;258;106;244;227;137;209;53;129;86;188;53;240;191;104;138;52;57;53;281;103;296;52;52;57;52;238;244;163;77;131;112;56;209;57;56;296;56;360;147;57;54;52;52;109;112;57;52;56;52;88;53;275;360;52;52;82;52;106;52;52;296;123;87;158;139;52;51;107;277;53;112;57;55;56;120;55;57;227;209;76;107;52;55;52;222;52)
seed_21_level_1-4,2416,39232.17412519455,76423795,11154,(360;245;138;53;88;57;52;52;53;57;102;63;57;85;57;57;53;57;104;58;107;107;52;57;42;69;113;44;104;59;53;57;57;46;93;59;52;97;44;44;109;52;53;107;54;53;57;53;52;57;43;77;53;96;52;476;296;107;244;52;211;53;55;275;51;55;55;140;78;243;52;232;360;64;58;178;53;130;109;107;56;54;275;249;249;78;57;275;252;116;57;86;190;61;55;110;248;216;52;53;59;239;128;275;52;52;102;51;52;52;296;53;52;296;265;296;52;139;249;52;57;53;57;57;54;296;56;106;275;52;253;52;106;140;55;55;248;52;53;55;86;53;106;57;223;86;53;248;140;106)
seed_21_level_1-4,2416,39804.188309431076,78259232,11304,(360;52;88;53;83;57;64;57;53;104;240;239;53;57;209;53;52;100;104;53;54;107;57;104;57;57;62;53;52;57;53;62;110;107;64;52;53;52;52;57;53;57;52;52;56;106;104;53;57;53;57;88;100;403;55;56;53;55;209;106;53;209;53;301;136;55;55;257;107;106;275;136;131;57;61;53;253;209;296;293;53;107;54;52;87;57;140;55;184;275;275;288;131;200;220;129;55;360;87;129;52;298;296;53;52;76;110;296;239;107;57;210;52;52;116;219;75;360;217;61;210;53;76;140;52;296;228;52;275;106;123;296;296;141;138;57;360;57;250;56;76;55;209;55;106;296;219;253;55;106)
seed_21_level_1-4,2416,40386.679282426834,80328208,11454,(360;46;54;54;55;51;106;61;89;52;53;79;57;59;52;52;52;53;57;57;56;251;53;88;56;62;88;53;57;51;104;52;116;51;88;88;104;57;90;109;58;42;53;395;52;141;55;53;105;311;107;107;57;220;296;53;132;106;192;296;241;275;59;104;106;55;52;54;57;61;253;222;52;59;52;76;106;251;55;248;76;55;275;55;106;294;296;296;56;107;55;52;368;299;76;296;86;58;53;545;360;136;233;53;107;54;113;61;296;132;102;240;296;55;265;57;52;106;58;140;106;296;57;265;139;86;106;56;114;106;177;275;76;296;52;57;221;57;220;128;360;53;51;53;212;360;56;360;59;296)
seed_21_level_1-4,2416,40978.01757955551,82382120,11604,(360;191;62;58;53;57;104;59;54;90;222;104;88;53;52;104;58;88;55;58;53;53;57;55;54;57;53;52;91;53;42;93;87;59;53;52;115;42;52;53;58;53;54;57;104;476;136;126;253;248;52;106;52;53;57;52;296;55;296;132;52;210;55;76;129;275;43;232;53;296;106;106;240;117;239;132;221;53;52;221;187;210;233;296;164;253;52;52;52;106;209;296;52;253;360;52;234;275;132;119;248;139;414;51;276;53;177;296;52;128;56;275;296;109;54;217;86;52;114;132;293;58;296;265;53;102;210;210;52;53;58;296;296;130;56;195;53;111;53;296;126;56;238;360;107;57;61;210;110;56)
seed_21_level_1-4,2416,41553.6229288578,84420903,11754,(360;57;52;53;106;57;119;249;91;54;56;53;58;53;57;57;119;112;52;53;104;92;57;104;60;86;125;88;53;129;59;53;54;103;61;52;116;104;90;87;53;56;105;59;57;61;402;140;107;86;476;221;360;57;261;55;52;52;55;56;113;56;56;253;138;209;119;296;52;61;105;61;107;179;50;296;52;360;126;52;128;179;289;52;53;74;296;275;52;221;127;76;238;133;53;52;127;253;366;55;55;128;57;112;53;219;56;86;310;360;52;360;52;114;190;296;240;275;360;127;61;260;114;140;248;238;53;49;396;140;296;56;135;293;55;130;53;232;179;133;61;59;61;52;53;76;58;187;53;209)
seed_21_level_1-4,2416,42147.998182058334,86741063,11904,(360;104;135;57;100;55;114;53;61;105;52;58;57;58;94;76;53;118;59;53;53;104;58;115;52;54;55;44;52;52;57;54;58;114;66;62;62;61;57;122;52;57;58;476;316;52;238;252;220;111;210;52;52;52;107;53;62;187;53;53;53;58;52;360;361;52;52;220;296;149;248;435;238;236;275;55;108;55;42;52;129;244;52;238;132;275;442;221;296;140;130;53;128;275;311;140;296;78;296;216;55;52;52;120;192;239;53;177;248;52;52;151;52;53;296;360;52;229;253;55;178;52;210;107;53;275;52;296;52;53;52;188;360;275;52;360;221;57;52;51;366;248;236;86;296;102;103;52;56;296)
seed_21_level_1-4,2416,42726.27894735336,88593954,12054,(360;44;54;57;124;53;53;88;53;53;60;52;107;57;56;52;57;55;57;52;57;46;52;53;66;114;118;103;55;53;59;53;57;59;112;57;113;57;106;57;88;57;53;53;476;253;132;210;57;69;240;123;134;114;53;130;360;85;56;296;75;50;209;51;56;233;106;49;133;296;52;418;248;104;278;233;106;53;52;86;106;361;51;296;248;57;44;226;52;59;57;302;296;220;132;56;49;53;129;76;278;53;61;53;53;59;53;360;179;76;119;106;275;52;154;221;53;296;54;52;52;114;74;112;360;130;60;53;248;131;55;296;62;55;52;57;253;232;57;275;55;260;56;52;50;58;312;222;253;55)
seed_21_level_1-4,2416,43295.748490571976,90502371,12204,(360;82;103;53;52;99;53;67;55;104;53;56;59;125;88;102;56;57;106;42;52;107;51;57;102;53;53;57;53;52;95;53;52;56;53;57;57;122;59;52;70;253;55;148;53;381;42;314;370;53;53;126;51;51;56;229;56;136;54;296;206;107;76;60;55;53;102;88;102;221;210;253;253;59;53;108;128;132;55;52;253;52;106;55;296;107;211;76;128;51;116;52;416;149;57;75;378;115;52;76;296;91;53;371;53;54;76;55;114;53;54;52;360;52;235;86;52;52;296;52;228;55;139;52;58;49;52;99;275;238;53;53;275;53;53;49;52;238;264;57;233;597;360;282;52;238;275;178;106;53)
seed_21_level_1-4,2416,43893.850263834,92803180,12354,(360;52;56;61;82;53;55;52;53;91;53;116;52;52;53;53;62;88;57;53;52;57;59;95;107;86;96;56;52;57;57;53;53;132;52;99;55;89;104;111;119;52;56;53;104;57;53;52;597;56;314;56;112;175;275;52;239;188;360;53;275;76;52;55;52;53;275;185;253;56;292;251;86;360;239;53;89;43;55;56;76;228;275;106;112;240;88;187;54;55;296;296;360;221;227;53;53;296;49;238;476;126;360;102;102;224;238;234;130;114;238;102;294;275;52;240;42;227;86;52;186;360;66;43;53;107;250;53;114;221;296;128;296;228;253;238;52;55;110;73;296;238;106;106;154;102;273;52;236;109)
seed_21_level_1-4,2416,44504.21950340271,95195595,12504,(360;119;122;52;52;104;64;52;62;53;115;58;57;53;57;117;56;53;54;134;52;57;125;104;126;55;52;57;53;57;117;90;69;125;106;53;106;134;106;52;51;53;121;57;46;597;114;296;57;233;53;56;221;102;228;195;222;360;107;55;112;102;61;233;55;86;43;57;190;253;129;54;130;302;275;223;211;360;59;106;360;104;122;126;55;300;253;220;53;304;53;52;58;56;275;233;360;360;220;222;223;52;52;221;55;238;232;220;86;296;53;57;53;221;315;298;360;52;119;55;296;109;275;52;296;52;107;296;61;222;142;102;58;225;233;129;296;360;43;53;52;42;53;275;295;253;137;221;42;186)
seed_21_level_1-4,2416,45113.48296356201,97685574,12654,(360;123;58;53;107;251;57;58;115;53;296;57;96;57;53;102;115;52;239;62;56;52;71;102;97;76;60;57;103;54;57;51;107;55;43;53;116;53;57;53;89;52;44;52;107;54;597;211;76;275;55;137;53;230;53;52;52;209;76;42;296;120;219;52;104;126;107;53;57;102;248;211;251;61;360;360;102;52;76;360;235;360;53;360;53;55;239;42;57;63;59;51;220;232;266;296;55;360;58;55;52;360;126;53;77;275;296;296;213;117;76;298;51;296;75;102;210;52;275;414;102;234;232;56;275;248;296;360;201;210;360;360;53;251;53;248;52;145;53;53;107;275;146;86;76;55;88;136;55;360)
seed_21_level_1-4,2416,45681.98166489601,99561865,12804,(360;151;57;61;52;46;115;94;97;52;52;231;204;52;100;95;64;121;56;97;59;114;42;107;240;118;253;120;57;101;57;59;53;57;57;92;62;60;53;53;57;88;57;55;88;223;64;57;597;296;56;107;53;239;107;51;53;360;106;132;272;55;53;56;92;52;52;287;106;57;221;114;49;179;55;52;266;53;233;232;238;53;102;53;360;275;183;253;58;130;55;228;221;232;55;52;53;296;53;55;52;107;360;55;76;42;54;241;107;389;106;126;53;53;102;76;55;102;104;238;52;52;107;52;104;53;112;51;42;55;238;53;177;239;104;53;476;221;57;302;53;53;54;132;275;102;233;137;53;53)
seed_21_level_1-4,2416,46244.53385591507,101101497,12954,(360;42;56;57;102;53;57;97;242;55;46;62;54;53;58;53;57;52;56;57;55;53;43;63;117;240;107;103;105;62;101;59;57;62;73;62;57;119;99;225;56;56;53;53;56;53;224;57;62;66;123;56;57;53;394;115;251;178;52;414;360;53;308;102;222;55;140;232;230;112;59;111;238;63;132;52;102;56;221;267;129;296;55;221;102;106;107;52;53;55;128;53;55;58;106;52;55;360;76;130;253;53;53;55;102;52;126;296;52;76;57;129;55;106;55;296;54;52;296;232;55;55;114;103;126;63;55;114;223;56;76;56;55;287;296;221;76;114;209;76;76;102;76;102;56;102;275;60;52;77)
seed_21_level_1-4,2416,46825.74283838272,103056565,13104,(360;196;52;53;132;92;59;57;296;107;57;49;179;56;251;107;59;57;44;52;53;55;115;89;119;58;42;107;133;103;50;42;57;59;106;108;108;57;53;113;181;88;57;56;265;56;42;57;115;104;59;57;244;597;202;55;53;54;274;360;54;251;268;221;293;177;51;275;360;76;52;50;132;52;85;76;106;55;53;76;52;296;248;52;209;238;267;177;55;128;208;52;52;106;132;232;55;42;253;240;275;129;55;42;289;52;52;222;104;52;360;53;53;253;52;55;66;56;145;55;53;53;56;360;360;42;52;56;107;275;109;53;55;360;53;248;55;52;52;53;222;52;235;150;141;275;55;53;56;52)
seed_21_level_1-4,2416,47405.390097141266,104841677,13254,(360;88;57;102;88;59;120;53;107;57;59;53;123;57;42;46;57;90;53;239;53;240;86;248;253;100;57;97;55;296;97;100;53;57;107;58;235;119;114;86;58;98;53;78;113;53;53;62;53;77;107;44;106;240;58;43;597;55;107;210;101;52;76;220;53;343;76;52;360;209;55;221;177;55;106;253;55;52;52;360;141;76;199;52;76;55;55;76;107;53;238;128;55;275;106;132;232;59;55;278;296;106;55;52;82;220;106;55;52;238;55;208;219;52;55;52;55;55;54;55;107;386;52;55;52;102;360;275;53;211;134;296;52;128;107;287;76;55;106;76;127;52;106;52;221;55;209;76;212;114)
seed_21_level_1-4,2416,47974.337945222855,106566437,13404,(360;115;127;66;76;213;103;53;59;57;52;115;57;59;52;104;107;247;57;57;193;53;53;90;57;42;53;88;57;86;107;56;240;88;57;54;119;53;53;57;57;52;53;53;240;257;107;104;57;240;82;57;57;50;57;53;77;77;103;476;130;170;52;106;53;55;314;56;42;222;53;55;55;76;178;53;53;54;296;55;211;76;102;76;360;53;52;221;52;76;76;228;55;296;113;86;53;211;76;289;55;52;220;55;114;76;76;277;210;102;222;275;55;52;311;88;56;177;233;275;114;76;86;114;238;188;76;114;43;597;102;53;86;53;298;87;134;53;296;52;239;218;157;102;53;76;52;76;55;55)
seed_21_level_1-4,2416,48547.987993478775,108209241,13554,(360;58;57;114;57;57;108;52;253;209;57;56;94;53;57;57;58;88;107;50;106;107;239;52;88;53;114;85;55;53;240;52;124;240;107;107;52;240;106;53;112;87;86;109;90;241;119;58;54;44;115;53;53;88;234;57;108;214;88;57;366;55;76;107;55;76;152;102;55;130;42;296;296;42;178;263;222;229;55;102;55;76;58;233;301;57;52;42;102;76;53;104;130;54;52;52;46;275;238;53;114;55;57;76;239;104;52;360;52;42;55;277;222;238;57;52;296;102;360;275;190;57;238;148;52;238;210;52;53;252;53;51;57;57;55;57;55;253;102;55;211;55;52;360;52;52;114;102;228;56)
seed_21_level_1-4,2416,49145.48814034462,110244946,13704,(360;55;107;55;88;239;57;53;107;112;56;240;105;54;103;107;107;107;55;239;55;52;104;111;214;84;90;132;108;245;57;43;107;57;52;90;55;107;104;58;53;59;57;57;221;55;52;106;234;109;44;90;43;88;209;222;53;240;53;58;109;107;97;366;107;232;220;215;52;76;52;114;76;55;360;55;55;187;76;102;296;144;86;76;419;422;114;76;102;114;296;52;296;222;253;52;141;114;239;106;275;132;114;290;76;218;221;86;128;233;210;52;220;239;219;76;102;51;76;52;106;227;102;275;129;76;252;102;224;88;296;238;106;137;54;114;253;360;105;104;55;76;114;360;220;128;52;114;238;232)
seed_21_level_1-4,2416,49746.51215362549,112299501,13854,(360;43;53;85;42;57;89;239;241;107;211;107;62;257;86;59;53;182;249;53;107;89;88;57;238;209;84;53;110;87;57;51;86;43;91;55;46;102;59;57;240;238;53;57;58;209;135;59;52;53;43;107;107;112;211;58;115;221;62;55;355;238;238;131;289;55;238;114;222;114;222;52;102;360;360;52;210;211;53;128;42;132;53;414;360;233;76;253;63;253;126;81;291;55;296;55;53;55;106;117;120;238;55;210;360;52;55;144;52;53;238;42;76;52;106;55;296;261;43;52;52;298;360;42;104;53;52;55;294;52;76;261;132;232;296;148;248;55;138;52;114;52;53;51;53;147;106;128;220;296)
seed_21_level_1-4,2416,50347.4573802948,114530572,14004,(360;242;223;104;91;57;232;208;113;44;57;56;52;52;57;59;269;53;76;57;208;53;57;88;53;60;57;59;52;62;117;131;42;249;208;43;53;242;224;212;57;102;253;56;53;42;77;107;52;218;101;52;57;76;52;42;57;52;88;107;52;421;102;76;128;296;235;57;52;52;53;114;102;76;55;409;55;76;223;52;240;53;189;52;423;221;238;52;240;52;209;261;52;52;53;102;70;56;239;57;53;209;55;55;233;388;53;52;55;56;262;253;303;87;360;222;253;414;55;55;279;212;343;105;232;222;296;52;221;220;52;42;52;238;141;52;253;52;53;102;55;57;240;106;262;476;129;210;307;52)
seed_21_level_1-4,2416,50966.651097774506,117091510,14154,(360;57;145;253;179;156;55;114;57;52;90;103;86;210;212;240;57;59;53;97;46;54;88;55;107;208;234;57;111;231;112;224;107;110;54;44;88;116;88;46;42;57;57;55;239;110;51;239;222;112;89;224;57;88;57;53;240;53;228;57;476;238;206;55;52;55;56;128;296;86;253;360;75;112;56;102;128;213;296;44;233;52;289;360;52;238;395;238;360;509;238;251;43;59;76;42;234;52;42;224;234;276;102;220;102;238;102;128;238;115;296;233;128;76;55;221;238;253;211;279;49;102;52;53;54;238;284;129;221;210;220;53;76;102;414;102;102;238;251;53;275;253;238;414;56;126;52;302;57;55)
seed_21_level_1-4,2416,51585.96965813637,119755490,14304,(360;43;128;55;57;53;104;235;211;52;275;50;224;46;240;126;57;52;60;88;57;55;68;87;54;61;224;240;253;57;53;275;112;244;56;57;53;58;43;253;216;57;57;53;239;53;93;209;58;52;53;231;55;186;53;53;58;57;52;364;275;289;191;55;253;238;102;53;249;279;275;418;52;363;360;239;238;222;289;52;253;86;52;52;360;52;238;238;219;42;53;221;240;102;176;239;253;56;253;233;52;177;102;245;52;42;53;102;238;234;223;43;233;290;57;114;220;55;597;296;279;414;55;52;53;57;242;276;102;53;248;55;177;102;52;232;141;286;46;296;178;76;360;106;238;52;56;102;248;52)
seed_21_level_1-4,2416,52228.25243330002,122770553,14454,(360;94;57;86;88;120;57;44;88;240;414;57;55;57;53;77;109;52;210;42;112;77;89;115;221;42;57;89;77;53;57;58;89;134;69;57;89;57;53;235;53;57;57;57;122;53;55;53;44;94;44;43;63;55;102;107;112;119;367;52;239;128;414;53;402;360;248;57;360;360;52;245;277;414;232;360;57;281;131;55;52;275;296;53;232;191;129;115;303;414;116;52;275;253;211;433;448;53;57;53;55;51;232;53;208;54;195;227;238;128;414;54;179;55;53;296;52;407;291;414;240;251;222;90;57;233;219;52;130;251;55;360;236;198;52;215;90;221;360;220;414;454;114;250;52;222;106;296;54;102)
seed_21_level_1-4,2416,52867.03061532974,125663984,14604,(414;58;57;53;57;52;53;58;59;88;57;55;115;58;56;222;223;52;57;57;275;57;57;224;52;88;242;212;57;89;56;240;242;57;57;89;59;253;131;58;52;73;235;107;88;253;115;61;414;57;88;423;234;227;427;243;239;221;52;222;128;57;313;177;54;53;414;121;360;293;53;55;253;219;296;403;133;54;360;275;239;109;414;57;210;77;43;248;128;253;306;55;55;233;427;53;52;57;53;414;239;61;52;219;102;162;128;178;177;284;52;314;222;106;218;110;187;54;59;253;222;52;240;245;129;275;132;284;59;52;54;253;296;232;392;414;111;296;222;54;295;128;115;53;52;52;189;57;57;53)
seed_21_level_1-4,2416,53494.812465667725,128363400,14754,(414;52;57;58;208;239;275;231;253;212;106;60;240;69;53;360;52;88;253;106;239;177;59;53;62;117;116;250;57;240;52;208;55;212;61;57;88;247;200;239;53;59;239;60;53;52;244;88;107;250;242;88;253;232;427;278;57;134;221;53;250;177;57;57;104;57;53;68;212;275;52;239;275;253;61;57;56;394;53;360;275;414;211;296;53;111;242;179;296;115;52;132;178;213;53;55;344;104;52;190;57;414;53;210;52;117;59;52;44;221;53;248;115;53;57;52;43;253;52;296;123;53;53;426;251;53;102;53;201;57;57;54;130;58;253;242;53;253;377;53;360;57;53;132;476;44;360;52;132;104)
seed_21_level_1-4,2416,54125.51964831352,131347698,14904,(414;53;104;179;253;57;107;219;253;181;210;58;53;253;212;218;57;232;88;275;240;106;57;275;57;104;57;231;53;88;57;57;53;57;57;57;59;67;65;275;57;53;60;57;291;57;58;53;88;92;57;104;53;275;219;57;240;61;106;55;55;53;57;106;301;360;52;296;52;57;104;399;222;301;296;298;275;226;376;292;177;52;57;52;52;53;110;289;296;52;57;570;253;220;56;53;53;104;59;53;117;240;52;57;215;143;52;414;414;221;290;238;53;130;130;174;53;414;250;234;130;275;53;52;233;381;217;56;53;296;414;220;360;124;53;57;296;53;253;242;250;55;414;222;241;253;414;90;52;52)
seed_21_level_1-4,2416,54751.81979703903,134118801,15054,(414;88;57;116;58;77;57;212;116;91;253;134;57;120;152;88;107;106;57;209;57;275;53;212;88;57;296;52;57;52;240;107;57;97;414;104;46;208;57;116;51;209;107;212;57;53;244;240;57;53;106;51;116;57;57;253;51;253;408;42;242;52;53;56;227;59;106;208;414;104;227;253;53;132;179;53;238;114;57;55;211;216;222;305;227;296;221;244;236;59;104;466;303;60;363;317;212;181;57;226;54;296;222;53;120;54;130;211;57;113;111;75;106;114;53;53;137;57;56;302;414;52;53;239;66;423;210;138;427;216;210;242;275;275;252;238;240;130;116;211;238;275;275;185;212;52;221;53;414;55)
