seed_24_level_1-4,1235,491.40230989456177,853681,150,(1001;53;43;61;52;65;52;59;54;43;59;53;54;57;114;66;52;52;56;47;53;57;52;52;52;52;45;56;49;88;57;45;45;53;72;44;79;44;109;52;54;52;57;91;44;103;72;42;240;55;57;42;42;42;43;57;44;61;42;42;42;81;56;42;59;44;42;57;52;52;42;57;65;44;42;43;52;43;70;71;92;106;77;52;67;42;52;57;58;61;54;42;58;46;44;69;104;52;85;208;56;44;44;53;57;88;45;44;52;75;69;57;53;57;53;53;57;126;91;109;45;52;110;53;47;52;52;126;44;53;52;52;53;56;109;45;50;53;89;53;52;61;53;44;112;62;57;44;232;44)
seed_24_level_1-4,1235,971.127039194107,1212430,303,(44;45;44;44;44;44;44;44;44;44;44;45;44;44;44;44;44;44;44;44;45;44;44;44;44;45;44;44;44;44;44;44;44;45;45;45;45;45;45;47;47;47;49;61;61;65;63;67;69;69;69;75;75;61;59;70;66;59;57;57;57;57;57;59;57;57;70;57;59;57;53;53;53;52;57;55;62;53;55;57;52;56;53;53;53;56;56;56;53;56;72;53;52;52;54;52;52;52;52;52;52;52;52;52;53;52;52;52;52;52;58;53;52;52;54;52;52;50;53;52;55;61;57;57;57;57;53;105;85;89;77;91;81;91;88;55;92;126;114;126;106;106;106;110;112;103;109;240;53;207;53;232;87)
seed_24_level_1-4,1235,1453.8640520572662,1603392,456,(44;44;44;44;44;44;44;44;44;44;44;44;44;45;44;45;44;44;45;44;44;44;44;44;45;44;45;45;44;45;44;44;44;45;45;45;45;45;45;47;47;47;49;61;61;65;67;69;69;69;75;75;63;61;59;70;66;59;57;53;57;57;57;59;57;57;71;53;59;57;52;57;57;53;57;57;55;62;53;55;57;52;55;90;56;97;56;53;56;53;53;56;72;52;52;55;54;52;52;52;52;52;52;52;52;52;53;52;52;52;52;52;58;54;52;52;53;52;52;50;53;52;57;57;53;55;61;53;105;85;89;77;91;81;90;88;92;126;113;126;104;106;103;110;112;106;109;240;78;207;57;231;241)
seed_24_level_1-4,1235,1930.4542171955109,1961479,609,(44;44;44;44;44;44;44;44;44;44;44;44;44;44;44;44;44;44;44;45;45;44;45;45;45;44;44;44;45;44;44;44;44;45;45;45;45;45;45;47;47;47;49;61;61;65;67;69;69;69;75;75;66;61;59;70;66;59;57;57;57;57;58;57;57;70;59;57;52;57;57;57;57;53;53;55;62;53;55;57;52;55;56;53;56;53;53;53;56;72;52;52;88;53;52;52;52;52;52;52;52;52;52;53;52;52;52;52;52;58;53;52;52;54;52;52;50;54;52;57;57;53;53;54;61;53;105;85;89;77;55;81;90;90;53;88;91;126;114;126;106;103;104;110;112;106;109;207;52;240;52;231;59)
seed_24_level_1-4,1235,2407.4993000030518,2322533,762,(44;44;44;44;44;44;44;44;44;44;44;44;44;44;44;44;44;44;44;44;44;45;45;45;45;45;44;45;45;45;44;45;45;45;45;45;45;45;45;47;47;47;49;61;61;65;66;67;69;69;70;75;75;61;59;70;66;58;57;57;57;57;58;57;57;71;58;57;52;57;53;57;53;57;57;55;62;53;55;57;52;56;55;56;56;56;53;53;97;56;56;72;52;52;53;52;52;52;52;52;52;52;52;52;53;52;52;52;52;52;58;54;52;52;54;52;52;50;53;52;57;57;57;53;54;61;53;105;85;89;77;88;90;91;88;55;92;126;114;126;106;106;110;112;103;109;109;240;52;207;57;231;53)
seed_24_level_1-4,1235,2893.6712939739227,2684966,915,(44;44;44;44;44;44;44;44;44;44;44;44;44;44;44;44;44;44;44;45;45;45;45;45;45;45;44;44;44;44;44;44;45;45;45;45;45;45;45;47;47;47;49;61;61;65;63;67;69;69;69;75;75;61;59;70;66;58;57;57;57;57;59;57;57;70;59;57;52;57;53;53;53;57;53;57;54;62;53;55;57;52;55;91;56;53;56;56;53;56;53;72;52;52;88;53;52;52;52;52;52;52;52;52;52;53;52;52;52;52;52;58;54;52;52;54;52;52;50;53;52;53;57;57;55;61;53;105;86;89;79;81;90;91;53;88;92;126;114;126;106;106;109;110;112;103;109;240;52;208;58;232;62)
seed_24_level_1-4,1235,3382.057769060135,3041076,1068,(44;44;44;44;44;44;44;44;44;44;44;44;44;44;44;44;44;44;44;44;45;45;44;45;44;44;45;44;45;45;44;45;44;45;45;45;45;45;45;47;47;47;49;61;61;65;67;69;69;70;75;75;66;61;59;70;66;59;57;57;57;57;59;57;57;70;58;57;52;57;57;57;57;53;54;62;53;55;57;52;56;56;56;56;56;53;53;56;56;72;52;52;54;52;52;52;52;52;52;52;52;52;54;52;52;52;52;52;58;54;52;52;53;52;52;50;54;52;53;57;53;57;53;54;61;53;105;85;89;91;81;77;53;91;88;55;92;126;114;126;106;106;106;110;112;103;109;240;52;207;44;231;53)
seed_24_level_1-4,1237,3867.1361017227173,3425310,1221,(45;44;44;44;44;44;44;44;44;44;44;44;44;44;44;44;44;44;44;44;44;44;45;45;45;44;45;45;45;45;45;44;45;45;45;45;45;45;45;47;47;47;49;61;61;65;66;67;69;69;70;75;75;61;59;70;66;59;57;57;57;57;58;57;57;70;59;57;52;57;57;53;57;53;57;55;62;53;55;57;52;55;53;56;97;56;53;56;56;56;56;72;52;52;88;53;52;52;52;52;52;52;52;52;52;54;52;52;52;52;52;58;53;52;52;53;52;52;50;54;52;53;53;57;57;55;61;53;105;85;89;79;91;88;90;88;92;126;114;126;104;106;103;110;112;106;109;208;59;240;52;232;211)
seed_24_level_1-4,1237,4352.739218711853,3779261,1374,(43;43;43;43;43;43;43;43;43;43;43;43;43;43;43;43;43;43;43;43;44;44;43;43;44;44;43;44;43;43;43;44;44;45;45;45;45;45;45;47;47;47;50;62;62;66;63;68;70;70;71;76;76;61;59;70;66;59;57;57;57;57;58;57;57;70;59;57;52;57;53;53;57;53;57;55;62;53;55;57;52;56;53;56;56;56;56;53;53;56;72;52;52;53;52;52;52;52;52;52;52;52;52;53;52;52;52;52;52;58;53;52;52;54;52;52;50;54;52;53;53;57;57;55;61;53;106;85;89;55;81;77;91;53;88;88;91;126;114;126;106;103;106;110;112;109;109;240;52;208;88;212;57)
seed_24_level_1-4,1237,4840.188257694244,4144169,1527,(43;43;43;43;43;43;43;43;43;43;43;43;43;43;43;43;43;43;44;43;43;44;44;44;44;44;44;43;44;43;44;44;43;45;45;45;45;45;45;47;47;47;50;62;62;66;68;70;70;70;76;76;67;61;59;70;66;59;57;57;57;57;59;57;57;71;58;57;52;57;53;57;57;57;54;62;53;55;57;52;55;90;55;56;56;53;97;53;53;56;53;72;52;52;54;52;52;52;52;52;52;52;52;52;54;52;52;52;52;52;58;53;52;52;54;52;52;50;54;52;53;57;57;57;57;55;61;53;106;85;89;77;81;91;88;88;92;126;114;126;104;106;109;110;112;103;109;240;61;211;89;208;107)
seed_24_level_1-4,1237,5329.658336877823,4504695,1680,(43;43;43;43;43;43;43;43;43;43;43;43;43;43;43;43;43;43;43;44;43;44;44;43;44;43;43;44;44;43;43;43;44;45;45;45;45;45;45;47;47;47;50;62;62;66;67;68;70;70;71;76;76;61;59;70;66;59;57;57;57;57;59;57;57;70;58;57;52;57;57;53;57;53;53;57;57;54;62;53;55;57;52;56;91;56;53;56;56;53;53;56;72;52;52;53;52;52;52;52;52;52;52;52;52;53;52;52;52;52;52;58;54;52;52;53;52;52;50;54;52;53;57;54;61;53;106;86;89;77;81;90;91;53;88;55;91;126;114;126;106;106;103;106;110;112;109;240;106;208;85;212;52)
seed_24_level_1-4,1237,5821.342604637146,4860243,1833,(43;43;43;43;43;43;43;43;43;43;43;43;43;43;43;43;43;43;43;43;44;44;43;44;43;43;44;44;43;44;43;43;43;45;45;45;45;45;45;47;47;47;50;62;62;66;67;68;70;70;70;76;76;61;59;70;66;58;57;57;57;57;59;57;57;70;59;57;52;57;57;57;53;57;53;55;62;53;55;57;52;56;56;56;53;56;53;53;53;53;72;52;52;88;54;52;52;52;52;52;52;52;52;52;54;52;52;52;52;52;58;53;52;52;54;52;52;50;54;52;57;53;53;57;55;61;53;106;86;89;77;91;81;53;90;88;92;126;113;126;106;106;103;110;112;109;109;211;52;207;84;240;50)
seed_24_level_1-4,1237,6307.6487028598785,5220538,1986,(43;43;43;43;43;43;43;43;43;43;43;43;43;43;43;43;43;43;43;43;44;44;43;43;44;44;43;43;43;43;43;44;43;45;45;45;45;45;45;47;47;47;50;62;62;66;67;68;70;70;71;76;76;61;59;70;66;59;57;57;57;57;59;57;57;71;58;57;52;57;53;53;57;53;53;55;62;53;55;57;52;55;90;56;53;97;53;56;53;56;53;72;52;52;53;52;52;52;52;52;52;52;52;52;54;52;52;52;52;52;58;54;52;52;54;52;52;50;53;52;53;57;57;53;55;61;53;106;85;89;77;55;88;90;88;55;92;126;114;126;106;106;106;110;112;103;109;240;50;211;122;207;53)
seed_24_level_1-4,1237,6802.791512727737,5571278,2139,(43;43;43;43;43;43;43;43;43;43;43;43;43;43;43;43;43;43;43;43;43;43;43;43;43;43;44;44;43;44;43;43;43;45;45;45;45;45;45;47;47;47;50;62;62;66;67;68;70;70;70;76;76;61;59;70;66;58;57;57;57;57;59;57;57;70;58;57;52;57;53;57;53;54;62;53;55;57;52;55;55;56;53;56;53;53;53;56;72;52;52;55;53;52;52;52;52;52;52;52;52;52;53;52;52;52;52;52;58;53;52;52;53;52;52;50;53;52;53;57;53;53;53;57;55;61;53;106;86;89;79;81;90;91;53;88;92;126;114;126;106;106;103;110;112;109;109;240;57;207;54;212;43)
seed_24_level_1-4,1237,7289.183684825897,5928576,2292,(43;43;43;43;43;43;43;43;43;43;43;43;43;43;43;43;43;43;43;43;44;43;43;43;44;44;43;43;43;44;43;44;43;45;45;45;45;45;45;47;47;47;50;62;62;66;67;68;70;70;70;76;76;61;59;70;66;59;57;57;57;57;58;57;57;71;59;57;52;57;57;57;57;54;62;53;55;57;52;55;91;56;53;53;53;53;53;56;53;72;52;52;88;54;52;52;52;52;52;52;52;52;52;54;52;52;52;52;52;58;54;52;52;53;52;52;50;54;52;57;53;57;53;53;53;54;61;53;106;86;89;88;79;90;91;88;92;126;113;126;104;106;103;109;110;112;109;211;58;240;57;208;53)
seed_24_level_1-4,1237,7770.473087072372,6280782,2445,(43;43;43;43;43;43;43;43;43;43;43;43;43;43;43;43;43;43;44;44;44;43;43;44;43;43;44;44;43;43;44;44;43;45;45;45;45;45;45;47;47;47;50;62;62;66;67;68;70;70;71;76;76;61;59;70;66;59;57;57;57;57;58;57;57;71;59;57;52;57;53;57;57;53;57;54;62;53;55;57;52;56;56;53;56;56;56;53;56;56;72;52;52;54;52;52;52;52;52;52;52;52;52;53;52;52;52;52;52;58;53;52;52;53;52;52;50;53;52;53;53;57;57;54;61;53;106;85;89;55;81;77;53;91;88;55;92;126;113;126;106;106;106;110;112;103;109;240;57;208;59;211;90)
seed_24_level_1-4,1237,8236.603286981583,6604506,2593,(43;58;43;44;44;43;43;43;43;70;52;43;44;43;43;43;53;44;43;52;67;59;45;71;53;61;60;43;53;53;75;53;52;57;57;57;53;53;90;53;90;57;52;109;52;57;56;57;57;57;53;57;53;57;53;52;52;52;53;43;52;79;60;53;53;57;59;43;44;58;57;56;52;57;90;106;53;53;52;54;57;208;57;43;52;43;54;45;79;94;52;53;57;59;53;58;56;58;53;109;88;53;103;53;53;57;88;55;43;43;54;208;59;60;53;54;53;57;59;58;60;58;58;58;58;53;54;58;211;44;54;84;43;58;43;43;57;114;114;81;56;43;52;53;57;79;52;111)
seed_24_level_1-4,1431,8716.799721956253,7040142,2743,(44;44;62;44;53;53;44;108;52;52;55;52;60;70;58;43;44;43;61;57;132;53;53;57;55;56;52;52;52;54;105;52;53;61;57;57;57;95;57;57;53;52;53;54;53;57;52;53;104;52;52;53;52;52;119;44;51;53;53;52;53;53;90;43;54;58;87;52;45;91;57;57;58;77;239;56;57;89;56;57;52;88;51;53;52;57;52;57;90;53;43;88;56;53;57;59;53;53;55;44;212;244;50;93;52;59;43;60;54;257;120;42;59;212;42;58;52;52;59;94;53;104;107;43;53;53;60;42;42;98;98;52;42;52;207;54;53;57;53;93;53;53;57;93;45;57;52;54;53;42)
seed_24_level_1-4,1458,9242.728065490723,8681891,2894,(42;55;59;43;42;58;62;42;59;52;52;52;52;42;53;52;52;104;52;52;43;61;86;43;90;52;57;57;104;89;89;53;62;58;59;57;59;242;54;57;58;53;68;95;54;56;53;42;56;53;59;42;100;107;108;55;52;57;238;42;109;65;52;104;211;43;54;57;57;52;214;52;52;57;52;104;105;54;54;52;84;78;104;58;54;52;132;81;53;93;53;57;43;52;53;43;53;208;242;53;52;54;93;52;56;104;67;86;90;55;87;93;53;240;87;241;59;56;62;52;54;54;89;54;242;58;52;54;52;53;257;53;52;54;57;52;57;1001;94;57;1001;238;223;110;52;56;42;89;57;210;54)
seed_24_level_1-4,1458,9764.842121362686,9974170,3042,(60;57;55;53;52;58;59;55;57;57;53;67;88;53;57;52;45;107;95;65;58;91;106;54;57;57;57;132;52;53;53;45;53;68;45;61;59;106;57;90;53;54;52;42;53;52;52;43;52;242;89;59;57;85;88;90;90;87;53;54;86;104;55;62;57;57;80;59;53;59;244;81;238;52;110;57;42;53;54;54;89;242;87;214;61;45;52;45;45;57;53;90;157;61;42;58;54;239;53;218;241;59;53;42;42;82;53;42;108;53;54;52;239;208;53;58;109;103;86;92;106;87;53;53;88;87;143;90;1001;58;222;86;178;106;90;214;56;56;59;242;57;262;267;129;53;242;106;107)
seed_24_level_1-4,1458,10284.379637479782,11159750,3191,(57;55;43;117;132;57;42;84;52;95;88;66;55;90;54;43;51;52;52;42;43;43;42;96;103;52;52;52;80;52;45;106;51;53;58;54;57;45;57;57;64;214;45;63;57;53;48;111;94;109;242;174;119;104;57;88;110;55;64;57;58;57;93;57;244;104;69;71;115;88;44;75;88;109;242;58;108;95;51;58;89;42;53;240;57;53;57;238;53;58;52;66;55;52;42;132;207;59;69;218;54;53;45;117;42;52;53;65;53;54;54;53;142;55;208;58;42;63;54;106;54;63;91;57;75;225;60;242;1001;53;56;52;52;53;138;53;86;107;232;52;56;53;60;186;106;53;59;52;53)
seed_24_level_1-4,1458,10828.454729795456,12459835,3343,(52;42;42;52;117;57;56;84;44;65;90;58;86;239;42;75;102;106;62;86;88;56;52;43;42;52;103;89;57;57;88;52;44;44;57;132;52;53;53;56;86;51;57;45;218;58;51;242;55;59;88;78;53;52;79;56;52;106;57;53;53;62;115;107;57;57;53;207;53;77;242;52;43;239;52;59;242;56;44;53;240;53;54;89;52;55;84;107;55;107;104;58;89;57;1001;242;88;74;52;57;242;57;54;53;88;238;52;53;196;57;57;244;57;52;88;90;83;44;44;104;107;192;97;224;57;106;59;53;54;88;54;54;53;52;54;53;42;94;214;56;93;62;53;54;209;57;214;55;242;55;54;44)
seed_24_level_1-4,1458,11344.208292245865,13715498,3491,(52;52;52;117;110;58;53;43;57;55;104;58;51;53;52;90;49;52;132;54;55;44;57;57;52;44;103;126;58;57;44;88;102;54;107;107;108;113;52;57;53;104;51;225;106;90;57;104;104;59;55;53;242;57;61;240;114;52;109;112;57;57;52;57;57;107;88;94;76;59;56;43;53;90;57;108;57;42;218;53;53;88;52;79;50;115;241;55;56;53;244;63;44;44;221;88;117;111;57;42;101;57;57;214;63;56;103;57;53;113;61;52;56;45;53;79;55;52;207;57;52;53;55;56;52;242;56;52;52;53;52;67;1001;58;52;210;52;214;55;53;54;242;242;242;53;56;52;242)
seed_24_level_1-4,1458,11863.637510299683,14567500,3640,(53;56;91;56;42;53;53;52;43;43;52;52;117;68;57;107;91;65;44;53;108;52;111;95;91;109;59;50;52;104;102;57;57;59;62;52;57;52;214;44;42;56;107;48;58;53;80;120;55;52;104;67;124;59;57;107;102;58;59;207;52;223;42;43;106;51;242;94;43;45;55;221;61;107;57;104;62;112;118;53;53;60;57;104;110;227;113;53;55;104;52;53;106;240;55;93;91;57;59;57;57;57;57;57;57;218;54;56;97;52;42;44;49;67;54;57;113;224;225;242;82;87;59;54;53;114;54;210;239;57;56;54;214;222;106;106;56;52;233;53;106;216;242;52;120;53;210;53;238)
seed_24_level_1-4,1458,12372.82296705246,15256122,3789,(52;52;52;43;91;53;57;44;53;52;107;58;57;44;48;44;57;104;58;53;53;57;86;68;44;214;124;242;42;55;42;53;107;42;78;54;104;104;44;58;75;62;57;42;86;55;240;95;59;57;57;57;52;274;57;53;53;108;58;55;53;57;56;59;44;53;208;224;204;118;59;44;52;52;56;54;109;117;53;221;59;93;104;193;109;61;53;54;42;88;207;52;54;216;147;58;43;52;55;98;63;56;52;227;107;44;54;108;62;88;53;106;61;55;53;224;56;53;88;55;44;53;57;53;57;57;59;53;88;54;235;115;87;54;87;107;107;99;77;52;57;87;90;57;107;88;88;52;107)
seed_24_level_1-4,2416,12886.469897031784,16352126,3938,(52;52;52;55;52;107;64;104;58;59;53;91;57;54;68;96;89;53;103;119;55;60;57;104;92;89;53;104;104;104;108;53;57;72;52;52;224;88;89;61;45;55;53;57;53;62;62;54;208;129;648;69;57;109;53;53;57;107;57;227;222;57;177;53;57;57;56;242;88;86;207;52;52;70;55;92;54;52;55;52;115;55;214;57;53;58;57;61;44;63;261;52;56;52;278;55;57;87;44;88;107;109;57;44;90;53;224;84;233;51;59;74;53;46;44;46;44;88;282;235;114;107;107;209;239;106;106;52;107;87;238;107;55;107;367;53;221;44;59;46;106;53;53;57;53;53;52;86;78)
seed_24_level_1-4,2416,13421.968900680542,17298830,4090,(55;52;43;56;52;78;96;57;54;78;53;108;58;84;225;56;56;53;261;54;57;106;70;54;221;95;44;109;109;57;57;119;88;54;53;77;87;90;55;106;105;57;207;52;129;55;51;52;108;52;177;66;104;220;97;107;42;42;64;53;54;97;104;51;57;53;52;57;52;53;56;56;214;91;46;42;83;56;58;191;94;44;60;278;46;105;57;57;109;94;57;56;107;57;282;57;228;111;56;59;54;53;112;57;59;57;58;52;53;58;53;53;62;58;53;57;55;56;53;56;227;107;52;86;106;217;223;52;52;52;43;52;57;244;367;87;53;214;234;52;213;133;87;54;107;226;59;111;105;106;56;303)
seed_24_level_1-4,2416,13949.469034910202,18261581,4239,(55;78;43;52;63;53;187;130;57;53;53;104;57;52;55;104;80;57;54;52;52;53;53;108;53;57;42;52;106;56;43;44;220;53;65;59;57;42;42;42;54;214;57;49;57;104;52;53;261;42;49;106;57;57;90;50;131;88;106;53;278;57;53;46;53;111;117;43;56;58;221;57;112;58;52;112;115;56;104;109;224;72;57;57;57;67;87;54;240;57;54;282;89;59;78;53;53;57;63;65;82;77;60;111;207;43;52;52;68;54;91;188;52;55;58;227;53;187;112;57;52;228;52;240;53;130;57;90;112;227;367;106;228;110;115;251;52;87;52;79;53;303;52;56;53;54;228;229;98)
seed_24_level_1-4,2416,14473.2583193779,19228384,4388,(55;52;56;52;52;43;104;86;42;57;88;53;54;42;219;112;56;87;109;88;54;54;106;52;58;53;107;57;52;278;107;57;57;53;88;112;57;200;207;86;76;59;57;51;53;58;106;52;187;52;57;57;52;57;54;90;93;121;57;282;56;60;56;51;253;52;116;53;52;52;53;214;54;69;104;52;49;94;46;46;46;44;131;52;86;57;52;104;57;56;53;53;225;53;53;88;53;88;94;58;87;240;54;54;221;104;61;59;53;57;73;57;56;89;107;227;53;257;92;57;107;244;57;52;86;52;239;52;62;120;57;367;261;52;208;52;262;52;54;53;54;208;214;52;52;53;228;210;106)
seed_24_level_1-4,2416,15000.96321606636,20261485,4536,(55;74;52;52;53;106;54;53;57;74;46;57;214;56;42;42;89;44;59;105;251;106;106;59;58;52;56;107;142;131;57;53;88;102;118;53;102;120;187;94;289;53;53;112;57;229;57;52;221;53;112;96;224;46;57;58;88;61;207;130;52;55;52;52;360;106;112;46;105;282;52;60;88;77;57;55;92;57;57;77;224;53;42;57;52;111;54;52;93;116;52;97;109;219;58;59;57;58;104;226;89;61;110;278;57;62;57;44;60;43;44;57;89;56;227;244;58;244;52;53;186;112;52;86;59;92;129;52;92;367;95;119;52;52;102;233;52;52;55;107;52;120;88;129;53;53;76;261)
seed_24_level_1-4,2416,15543.24046087265,21330202,4687,(55;44;43;79;101;52;104;53;52;54;55;53;278;56;58;119;108;57;57;107;88;88;225;59;53;52;56;53;108;53;114;96;256;65;257;282;116;57;78;78;139;60;101;105;43;95;54;53;57;51;56;53;53;86;107;57;53;214;52;103;107;240;78;42;132;46;261;106;131;53;52;88;86;53;57;57;85;224;59;57;224;107;58;42;53;54;54;88;57;43;107;53;64;220;105;42;89;42;109;63;57;104;109;144;54;92;360;42;104;112;93;55;42;56;194;42;76;76;52;59;227;245;240;220;52;56;57;244;107;133;224;135;239;240;59;112;131;289;91;100;57;53;57;53;53;57;52;58;130;59;87)
seed_24_level_1-4,2416,16075.760721445084,22278852,4838,(101;55;56;58;53;107;107;86;86;240;52;57;102;91;104;52;57;53;57;104;107;224;57;53;90;58;53;235;57;57;58;198;367;53;57;106;58;84;57;57;58;57;97;93;113;223;57;88;250;57;53;55;61;57;57;53;220;53;53;104;42;53;54;104;79;54;109;58;313;42;145;118;42;42;52;42;42;108;42;59;55;282;57;51;90;115;81;57;52;53;96;51;112;278;57;46;57;57;112;57;57;62;56;57;224;51;59;56;53;191;106;53;57;238;209;53;42;54;214;44;58;52;49;57;42;83;105;145;208;240;42;54;227;111;234;107;106;52;53;52;86;102;137;110;57;88;53;104;52;53;52)
seed_24_level_1-4,2416,16599.816329717636,23268734,4987,(53;54;53;57;57;42;360;78;42;55;42;52;54;43;46;80;57;278;57;46;88;44;107;97;115;84;79;104;42;97;116;52;57;51;93;53;220;104;119;54;54;54;57;122;56;53;114;282;57;52;53;52;52;52;52;57;57;52;224;57;55;145;52;91;56;52;57;52;57;242;214;207;57;132;107;66;57;44;42;52;93;54;239;367;282;53;103;97;128;56;52;56;56;116;109;226;136;228;53;52;57;53;57;133;108;52;59;53;107;88;86;225;54;52;57;94;128;101;52;54;42;57;61;86;224;52;233;57;53;57;52;107;56;54;53;52;78;240;55;57;57;57;55;253;107;239;240;57;57)
seed_24_level_1-4,2416,17144.60215330124,24424759,5137,(101;57;52;124;53;106;106;74;56;112;58;105;88;360;174;54;53;252;52;255;46;222;55;282;52;53;87;88;58;108;57;101;52;225;87;104;52;53;52;51;112;86;55;54;102;278;57;53;44;107;44;44;89;43;44;57;233;59;107;57;57;227;254;265;42;53;115;62;220;54;56;119;53;94;57;93;53;59;57;225;242;57;57;140;56;93;89;96;52;49;88;57;53;228;59;52;112;239;93;53;112;57;101;57;57;57;53;57;214;58;239;104;42;231;54;53;208;53;57;56;239;112;240;57;54;190;138;93;57;57;253;107;57;62;53;242;289;87;240;52;53;57;53;55;84;53;51;57;54;57)
seed_24_level_1-4,2416,17703.242369174957,25694736,5288,(278;53;88;46;53;112;57;44;106;124;43;44;53;53;104;242;54;57;57;57;53;57;61;54;119;57;102;104;130;111;58;59;56;52;116;53;225;53;190;42;88;92;53;99;53;57;61;289;210;52;58;52;238;53;54;57;53;53;56;227;218;57;58;53;240;53;240;57;245;53;53;88;282;59;93;57;105;53;53;282;92;142;53;220;59;88;118;93;58;58;53;57;59;106;240;56;118;251;71;253;57;57;57;242;245;256;109;251;187;265;97;52;238;86;109;88;52;261;52;63;68;53;214;53;86;150;52;53;181;267;107;116;56;58;44;55;52;360;53;57;53;107;61;79;42;254;46;42;100;46;106)
seed_24_level_1-4,2416,18243.370796442032,26799079,5440,(58;63;57;54;57;104;93;42;53;108;88;105;57;57;42;242;116;122;107;89;57;94;57;71;52;120;278;93;44;57;57;57;56;57;44;52;360;53;54;214;44;55;44;103;42;52;569;42;220;87;53;55;57;111;51;52;59;52;224;53;54;52;42;190;54;87;77;53;267;57;57;93;53;57;43;46;135;53;58;57;56;53;367;102;52;53;53;107;57;53;60;102;59;56;58;265;52;53;56;93;76;71;86;53;52;59;53;86;55;282;53;91;53;56;249;114;53;52;261;139;59;227;52;119;239;52;135;52;53;53;52;225;109;53;57;54;57;57;56;53;57;245;61;86;111;93;257;56;112;51;114;53)
seed_24_level_1-4,2416,18785.80582499504,27871701,5591,(104;53;51;57;59;44;278;57;44;88;59;57;57;90;88;104;60;56;93;57;86;231;88;93;267;93;102;99;211;119;84;93;54;62;59;103;265;113;261;108;91;114;52;88;42;55;58;53;220;108;57;58;122;54;53;54;46;131;54;245;51;107;240;57;57;261;240;59;57;103;90;215;261;289;89;62;113;107;107;57;56;58;97;112;57;224;61;53;54;54;52;52;54;92;78;53;242;116;59;119;57;74;53;56;132;52;143;57;225;52;111;52;115;52;58;52;52;56;231;53;52;57;53;282;55;43;168;115;109;62;158;84;55;58;61;46;93;295;42;144;42;57;54;42;54;46;230;42;188;144;54)
seed_24_level_1-4,2416,19317.95790219307,28909695,5741,(58;52;54;59;88;52;60;225;54;108;210;54;252;58;53;88;145;219;59;120;100;53;240;53;129;59;104;278;57;88;59;55;52;44;107;44;57;225;56;239;52;108;52;57;52;92;59;52;56;53;282;93;52;46;53;116;57;62;78;65;99;194;324;52;44;182;42;42;53;44;58;42;42;132;242;282;57;52;57;52;117;90;131;119;54;231;56;57;55;54;42;54;108;92;57;289;79;53;52;57;78;58;56;113;52;82;105;109;265;55;69;86;52;53;111;89;43;43;113;52;53;267;182;56;217;59;61;57;59;58;58;113;62;55;215;55;53;122;210;94;254;53;44;107;44;107;53;57;114;215)
seed_24_level_1-4,2416,19846.96035003662,30009143,5887,(88;54;53;52;55;58;295;46;212;104;234;42;257;44;42;44;231;64;49;116;42;98;57;58;79;278;44;110;57;106;107;112;126;57;265;59;69;53;88;56;64;53;90;154;245;225;88;113;58;52;53;53;52;90;108;58;52;282;116;52;52;75;42;46;177;88;52;57;289;50;57;60;83;76;60;102;90;105;126;107;267;54;56;129;54;59;58;59;93;102;213;57;220;53;56;94;53;92;53;44;115;103;53;119;210;54;240;53;215;98;107;53;78;57;177;244;240;245;123;44;282;57;62;52;84;57;112;42;240;58;42;53;54;224;42;53;261;59;59;57;108;66;53;55;53;54)
seed_24_level_1-4,2416,20388.31798839569,31130866,6037,(88;54;54;98;57;92;88;232;111;57;58;49;55;54;42;126;49;225;52;53;84;54;87;240;88;53;53;57;282;282;108;58;60;53;64;108;114;242;55;99;282;139;121;52;52;57;54;167;156;80;225;252;52;96;52;52;52;58;198;52;56;219;77;54;54;98;56;104;54;91;53;42;278;53;88;85;90;56;156;88;57;57;107;266;55;59;44;44;57;59;42;61;58;53;98;55;265;104;52;52;52;86;107;52;247;261;238;69;289;53;108;105;99;56;104;53;57;56;104;109;63;295;53;42;105;44;55;54;44;44;53;254;282;215;52;222;86;117;129;53;43;224;56;54;55;104;43;56;53;53)
seed_24_level_1-4,2416,20916.788663625717,32153239,6185,(266;55;57;44;56;49;63;42;85;57;232;42;42;58;57;64;261;58;42;87;53;58;53;87;54;52;53;220;109;56;106;93;115;103;53;54;53;427;42;44;65;42;53;46;170;46;52;55;88;119;57;57;91;240;119;217;212;53;53;53;57;54;224;53;53;53;59;54;178;58;57;87;58;143;289;106;104;112;102;62;57;53;57;59;52;54;278;87;53;79;239;44;57;52;88;53;43;57;282;55;55;55;62;52;52;89;245;127;53;225;102;115;52;53;58;52;217;156;58;53;239;282;42;54;57;59;248;42;112;108;59;118;54;42;265;106;111;108;67;57;88;58;46;52;86;99;57;66)
seed_24_level_1-4,2416,21456.50178337097,33294084,6335,(267;49;83;240;54;53;49;103;60;87;61;93;53;62;52;53;427;44;195;44;44;44;56;221;60;42;232;112;70;105;78;86;109;79;126;57;265;217;52;238;88;108;88;59;57;87;58;107;278;44;44;42;42;44;57;43;43;44;43;282;52;59;54;59;54;53;90;88;42;59;58;224;53;54;93;55;282;53;88;52;54;57;90;69;289;92;57;57;58;112;112;119;103;53;57;57;109;282;78;261;75;56;55;53;52;68;250;63;61;220;58;53;54;59;103;114;58;42;42;42;238;239;235;90;77;115;52;52;58;119;128;53;222;187;210;89;225;251;57;57;52;52;52;52;57;57;52;58;114;102)
seed_24_level_1-4,2416,22018.130244731903,34642142,6485,(278;46;44;44;57;62;93;53;93;57;51;59;58;54;53;54;282;57;57;80;282;58;95;42;243;104;220;80;88;106;94;58;54;53;54;53;58;225;52;229;52;112;88;106;56;52;52;239;52;282;208;53;53;53;58;282;59;57;55;88;54;266;57;59;211;129;53;58;98;52;59;212;282;111;57;77;247;238;85;78;53;92;43;52;98;367;52;60;53;57;115;53;53;212;56;104;111;232;53;185;258;107;78;112;116;79;110;53;295;129;46;211;42;44;42;44;42;54;221;54;265;282;52;53;112;260;95;86;143;107;66;53;141;52;240;93;144;53;248;261;46;52;53;235;114;108;58;53;59;121)
seed_24_level_1-4,2416,22571.85565495491,35841314,6637,(96;57;90;87;57;60;61;278;90;107;44;57;106;42;324;53;79;88;106;216;42;42;51;156;79;220;54;58;57;42;101;54;53;112;53;282;52;52;52;122;52;53;105;78;52;81;180;282;54;55;225;44;93;44;88;55;54;78;179;54;367;55;57;109;56;57;80;98;53;52;109;89;134;225;57;106;177;57;115;57;57;117;57;234;103;57;282;57;103;54;61;109;130;54;108;121;60;61;266;64;58;239;53;53;212;103;53;54;99;221;235;238;44;109;240;118;210;269;238;87;52;53;81;52;52;232;109;90;88;53;56;57;52;94;52;57;102;265;88;56;86;102;52;86;52;86;110;260;52;53;110;53)
seed_24_level_1-4,2416,23126.371400356293,37299705,6783,(90;93;57;52;53;88;58;53;220;58;110;95;122;220;144;58;54;232;57;49;61;125;108;72;57;57;78;56;282;57;52;56;46;43;44;52;57;53;53;282;303;94;67;240;54;131;108;54;53;112;54;282;282;53;83;58;109;78;103;54;61;126;53;78;427;62;282;257;77;132;536;44;42;102;64;55;289;245;57;58;53;56;104;58;176;57;81;240;265;52;240;53;53;56;42;52;109;217;183;52;291;109;225;56;52;57;53;56;52;108;57;112;52;56;52;58;266;225;56;57;57;62;56;89;55;114;53;52;58;261;272;118;81;256;54;86;53;120;57;56;215;244;219;83;118;53)
seed_24_level_1-4,2416,23657.374610185623,38438506,6930,(282;88;52;52;52;53;52;78;52;93;63;58;57;52;57;57;225;52;178;130;115;52;128;57;52;170;120;231;106;60;114;112;49;80;89;59;77;282;58;54;53;80;58;55;55;53;76;180;267;78;58;57;52;104;49;54;52;59;54;201;182;219;59;52;94;57;42;54;57;56;71;58;56;367;110;107;54;118;59;59;57;53;57;56;51;113;367;52;59;52;53;106;54;84;56;86;260;239;52;102;86;269;56;210;54;210;155;51;57;115;239;57;57;117;56;282;303;88;53;59;107;113;185;55;57;57;53;57;42;305;62;383;42;44;86;66;115;44;193;78;60;53;59;44;93;76;53)
seed_24_level_1-4,2416,24195.99830532074,39540889,7078,(93;57;57;55;93;53;57;53;220;93;54;57;58;54;53;59;53;58;408;53;52;42;178;42;55;104;42;42;63;153;53;282;61;52;94;53;92;52;42;104;59;282;53;57;59;131;93;42;54;87;254;55;90;289;113;90;57;239;111;57;94;88;57;93;57;232;59;106;55;111;256;89;79;59;55;112;266;56;49;60;122;57;54;62;53;239;57;117;305;53;53;56;122;106;107;139;121;88;107;221;102;56;291;245;57;92;53;52;56;107;58;76;56;56;92;86;229;86;225;51;53;52;118;52;56;52;57;57;52;52;110;57;269;53;44;164;112;210;93;57;234;93;57;53;55;248;53;53)
seed_24_level_1-4,2416,24750.953048706055,40813724,7229,(93;57;59;63;57;53;57;60;59;219;54;88;46;88;59;57;54;93;53;125;282;52;75;57;88;53;52;42;61;58;116;383;240;303;58;223;282;58;210;97;54;104;62;266;56;49;63;53;91;89;57;109;107;65;72;144;53;282;58;78;53;53;42;282;55;53;77;190;54;88;87;231;93;61;53;75;57;53;77;58;95;56;53;53;107;105;257;42;219;106;53;261;52;56;53;56;53;90;251;53;56;367;57;55;53;122;90;107;124;57;57;106;89;59;88;240;272;232;367;57;157;162;224;201;240;57;52;59;118;52;52;110;57;88;305;88;88;57;53;57;52;59;57;57;58;57;88;106;57;56;57)
seed_24_level_1-4,2416,25304.467170000076,41985751,7381,(93;57;53;57;53;53;103;52;232;42;57;57;57;79;59;42;54;86;104;91;282;153;59;88;88;56;52;52;94;88;305;107;106;255;57;52;52;110;105;142;52;127;54;75;219;57;103;57;42;67;59;56;54;53;91;56;267;60;103;58;56;52;55;57;68;57;56;109;59;282;54;66;193;55;59;42;84;87;76;57;111;58;53;69;219;53;54;225;253;53;52;53;367;55;53;106;86;56;53;289;107;89;60;104;61;77;57;97;57;106;53;53;57;239;57;367;53;115;79;54;57;53;103;55;123;140;215;57;240;88;53;57;257;57;384;54;219;52;56;109;249;57;52;54;104;53;222;63;53;275;52;53)
seed_24_level_1-4,2416,25843.069752454758,43171830,7530,(93;109;63;57;57;88;57;93;61;231;90;44;57;55;59;211;55;52;56;113;219;54;103;59;46;59;57;52;58;109;104;266;44;78;57;126;57;54;54;53;53;83;58;282;54;57;76;88;58;282;57;54;78;54;88;80;289;53;88;79;88;57;57;53;240;57;61;212;66;112;57;282;59;53;42;44;55;57;88;53;42;53;52;305;107;60;94;78;59;124;58;57;57;94;60;59;107;171;367;261;52;57;54;142;53;53;163;121;52;57;120;57;58;57;214;57;367;86;86;56;52;148;55;52;223;52;102;53;52;52;56;58;409;52;147;90;194;277;56;54;53;42;87;144;254;77;52;252;282)
seed_24_level_1-4,2416,26382.792236804962,44453826,7680,(109;97;96;57;53;57;57;57;57;91;60;59;267;57;88;152;128;95;53;53;104;66;51;57;56;57;220;55;53;42;57;57;231;93;134;53;53;57;77;88;231;109;57;88;53;108;111;52;59;134;239;57;91;57;305;125;88;52;53;115;60;107;107;127;54;59;303;107;60;60;88;59;282;54;52;54;55;55;63;54;59;54;54;53;55;88;142;54;54;367;86;253;104;227;86;190;53;86;52;104;53;88;86;86;58;238;86;238;367;57;52;111;121;53;185;53;53;57;57;57;55;62;61;109;57;59;82;536;54;51;52;249;210;367;208;112;51;52;211;57;249;63;63;52;77;53;103;77;44;212)
seed_24_level_1-4,2416,26931.673719644547,45808684,7830,(93;56;53;54;53;51;83;52;61;52;57;282;54;88;92;254;54;54;107;55;55;87;114;111;53;367;54;59;90;53;116;117;57;53;53;57;252;50;139;52;51;104;267;52;52;55;58;57;59;56;53;54;52;90;53;94;55;220;224;57;57;53;53;42;42;54;87;87;58;54;87;54;305;107;57;119;92;242;57;52;62;246;303;62;94;88;88;57;124;239;252;42;89;90;53;52;57;44;85;59;108;107;240;116;42;367;54;55;118;251;295;56;56;55;110;53;54;238;59;52;208;53;55;57;56;257;408;76;56;61;51;61;303;221;220;44;54;211;249;303;213;65;51;229;51;144;107;56;53;52)
seed_24_level_1-4,2416,27486.36388206482,47039941,7980,(109;53;57;52;53;57;57;113;52;92;267;88;56;56;63;62;106;92;58;213;61;95;56;219;53;54;87;96;179;60;53;57;58;53;56;87;186;239;53;53;57;55;58;56;93;234;53;258;53;192;53;54;57;55;367;62;68;52;60;56;142;107;52;46;99;56;105;90;113;58;282;81;51;42;55;53;87;123;54;282;94;51;78;78;58;88;367;53;58;251;58;252;86;53;52;53;55;58;56;56;56;59;128;113;86;52;305;57;78;131;59;219;162;224;224;120;52;93;57;88;57;53;57;211;53;383;227;42;53;102;54;53;52;56;56;52;257;236;52;61;226;51;210;55;83;97;213;105;145;246)
seed_24_level_1-4,2416,28030.766492843628,48142645,8130,(93;52;59;61;96;59;87;84;52;60;57;60;289;119;57;104;89;57;61;52;53;57;57;57;57;54;248;55;102;52;219;53;42;54;42;57;54;54;56;104;56;53;56;53;103;240;114;239;55;86;57;55;52;57;110;57;56;58;58;53;56;55;101;57;58;57;267;196;53;94;88;113;90;56;58;58;56;59;66;57;59;58;90;367;53;53;52;86;52;86;86;53;242;53;253;55;282;86;102;52;102;102;191;305;53;57;57;123;106;56;57;52;57;59;196;231;53;95;57;224;240;123;60;215;57;384;54;55;53;251;53;53;53;263;187;55;52;42;54;42;76;54;230;76;137;109;190;42;111;251)
seed_24_level_1-4,2416,28570.782923936844,49282553,8280,(109;76;59;52;106;55;54;52;57;55;52;98;77;239;56;117;107;111;115;56;250;53;133;59;53;53;59;56;57;220;103;115;54;218;231;56;53;57;53;59;92;104;54;91;42;267;91;52;59;192;57;55;53;59;57;230;254;57;206;57;90;88;53;367;51;59;91;56;55;55;113;111;56;50;55;110;107;109;105;63;305;57;57;88;93;57;52;44;57;88;57;88;57;107;57;53;53;53;57;94;57;107;114;409;42;57;63;43;53;69;51;94;42;303;221;209;57;52;303;116;120;78;55;146;251;253;221;367;59;91;86;52;58;52;57;53;90;86;86;55;52;52;58;54;111;90;52;57;215;122)
seed_24_level_1-4,2416,29126.88836455345,50711471,8431,(305;52;57;62;221;104;107;51;240;53;239;96;44;52;52;52;57;122;57;60;55;367;238;90;85;54;208;63;142;86;52;59;52;55;58;58;86;140;86;60;219;88;86;367;52;56;60;83;57;88;303;42;107;94;106;55;53;59;93;106;52;104;239;103;53;57;57;57;86;57;55;78;53;53;261;55;53;57;62;103;57;220;53;91;64;67;56;58;88;109;67;222;53;78;53;78;46;53;102;203;125;266;106;115;196;44;57;53;59;87;57;57;53;54;54;57;53;255;84;57;79;57;58;409;53;107;57;271;53;277;121;191;223;558;56;254;246;112;303;121;52;42;56;239;52;43;120;98;53;42;57)
seed_24_level_1-4,2416,29653.770009040833,51703452,8580,(239;91;53;84;106;56;106;93;53;57;56;109;53;57;53;57;57;93;267;57;57;58;93;42;52;58;88;58;57;242;58;46;57;56;59;62;52;57;220;42;102;56;109;77;68;118;57;53;52;65;94;54;108;103;55;53;54;305;57;107;54;58;57;57;125;57;57;54;52;57;143;57;57;52;107;119;57;367;212;59;55;57;88;52;90;113;58;55;115;57;55;59;88;59;57;51;87;367;238;56;112;55;56;117;52;91;52;119;103;55;43;185;54;52;92;238;77;52;53;93;299;106;113;107;106;57;57;56;220;54;157;223;115;107;52;253;42;52;57;56;199;137;221;52;266;53;52;222;53)
seed_24_level_1-4,2416,30194.2924785614,52942321,8729,(267;106;56;56;53;57;106;58;57;53;89;107;77;56;57;88;53;57;220;90;55;58;59;87;58;59;52;53;57;61;53;57;103;78;55;144;305;96;142;130;52;221;57;53;120;93;56;88;58;93;59;52;53;53;106;239;93;57;55;53;107;105;53;225;56;55;82;108;57;53;87;55;93;56;367;90;53;88;57;57;78;53;57;56;53;52;53;257;57;118;56;55;56;57;57;367;238;282;86;52;53;55;53;55;55;121;86;176;52;253;86;52;86;52;139;52;176;52;251;299;51;53;42;57;52;53;52;54;112;303;53;273;57;198;303;222;52;78;57;54;52;136;222;311;282;42;282;52;253)
seed_24_level_1-4,2416,30746.441305160522,54359816,8878,(220;57;186;104;54;53;54;57;56;58;118;54;42;53;84;53;59;115;93;103;267;93;54;107;87;53;58;57;42;62;60;42;119;87;57;57;59;53;54;78;367;60;55;100;44;53;107;57;53;53;135;58;104;59;107;63;115;52;57;90;204;305;71;57;58;104;107;107;88;109;78;110;57;57;57;52;57;107;70;57;107;52;221;107;125;367;53;57;59;52;252;52;53;86;214;86;55;58;55;52;208;54;52;52;52;119;54;54;214;214;238;251;219;54;367;607;62;53;57;54;54;70;104;282;105;57;42;179;55;52;53;251;54;145;52;93;282;46;52;53;219;238;249;310;282;53;111;234;105)
seed_24_level_1-4,2416,31320.875893831253,55982163,9029,(220;54;54;103;110;52;76;54;58;89;63;54;52;112;61;56;121;97;53;56;95;55;182;62;289;103;54;53;57;58;53;44;88;58;44;93;56;57;53;241;44;53;46;57;59;211;53;53;107;305;57;57;57;191;60;225;57;58;57;62;240;52;107;53;60;57;240;53;53;119;240;57;59;113;282;53;367;255;112;52;53;53;261;208;86;261;62;56;55;56;53;58;53;116;86;56;134;52;53;52;52;222;56;56;113;52;86;52;52;86;52;53;460;238;367;367;53;82;63;109;253;242;148;53;52;101;117;250;42;42;158;89;251;42;108;258;57;42;111;52;249;313;77;105;158;253;303;53;507;154;185)
seed_24_level_1-4,2416,31875.95936536789,57450720,9179,(367;55;251;94;52;208;52;52;52;53;52;54;88;95;52;252;53;208;90;60;52;52;52;52;86;57;107;87;72;86;53;102;53;102;95;61;52;86;56;53;86;52;57;52;52;305;113;57;57;57;62;53;107;119;113;57;58;60;240;88;58;60;107;57;115;221;107;44;107;226;60;57;303;240;57;57;282;52;57;92;95;113;56;53;57;52;57;107;311;52;282;104;103;248;53;239;303;53;303;106;54;53;54;42;110;52;52;107;88;52;53;220;237;104;118;57;248;58;54;76;52;93;52;56;54;53;53;63;367;221;282;251;52;123;77;42;67;303;52;53;115;54;103;434;300;53;54;56;367;54)
seed_24_level_1-4,2416,32446.513795137405,59031021,9329,(367;52;261;53;53;58;52;214;53;214;86;58;62;52;60;53;52;95;86;84;55;55;52;251;95;238;53;52;52;180;210;86;52;52;53;56;209;52;57;108;52;106;86;305;57;53;60;57;112;130;57;88;57;57;88;58;107;119;57;112;60;52;62;57;79;57;88;221;57;58;57;127;57;244;107;122;53;57;57;57;246;227;104;282;52;246;107;107;57;303;98;53;240;52;66;53;54;278;58;53;257;57;63;53;53;52;52;42;42;67;303;53;271;63;42;52;220;53;254;43;57;112;240;65;53;241;202;61;221;249;282;104;112;63;144;234;42;108;54;52;58;125;53;196;76;241;638;252;102;209)
seed_24_level_1-4,2416,32990.852155685425,60235200,9479,(367;86;52;52;208;88;52;58;177;53;86;52;86;86;53;113;258;107;140;52;226;53;57;52;112;208;53;208;58;52;54;221;86;52;55;52;214;52;53;57;86;99;208;54;128;52;76;53;52;42;52;52;94;109;107;55;107;55;53;208;56;55;104;58;55;56;322;145;260;61;63;53;236;104;86;107;198;57;55;80;42;53;57;136;54;52;55;106;87;63;53;127;278;161;238;165;57;52;232;251;105;105;109;147;52;224;54;63;63;62;42;42;60;53;67;53;63;53;241;63;42;64;58;64;59;88;53;93;104;123;106;94;207;52;54;92;52;282;221;53;246;282;54;112;367;113;109;53;42;58)
seed_24_level_1-4,2416,33542.99382305145,61476863,9629,(367;55;52;102;55;104;208;76;86;57;53;53;55;56;86;55;107;55;222;86;53;206;251;53;251;252;52;52;104;53;54;52;117;52;119;107;53;52;52;52;55;52;52;55;55;55;52;208;88;52;254;52;55;52;54;55;53;52;58;52;86;55;186;52;86;232;112;53;52;238;294;261;116;53;54;120;254;282;276;79;69;57;144;242;221;89;96;52;54;52;52;109;52;53;144;272;54;313;53;167;122;54;61;87;115;90;61;52;233;167;244;238;81;52;53;54;52;61;57;54;53;56;114;53;53;111;112;54;54;86;52;146;92;61;217;121;53;42;53;144;65;90;54;56;54;303;53;78;101;303)
seed_24_level_1-4,2416,34074.35077571869,62492261,9779,(367;209;55;60;54;52;54;58;55;238;52;102;55;56;238;52;55;176;55;55;86;119;56;59;49;52;62;52;54;55;56;51;110;86;55;59;208;55;251;75;251;52;102;86;55;55;86;52;84;239;176;52;53;58;107;52;55;60;52;53;56;107;56;57;53;52;89;90;53;52;53;294;97;92;53;253;162;78;79;89;112;52;118;109;57;321;98;76;54;97;54;54;55;52;104;90;59;256;90;52;103;222;54;42;217;42;53;104;79;52;52;101;114;57;100;52;63;54;224;87;52;252;86;88;256;87;53;104;53;54;57;149;86;52;163;89;53;52;52;237;104;88;106;42;89;303;46;61;46;61)
seed_24_level_1-4,2416,34629.698164224625,63814930,9929,(367;247;59;52;58;52;238;52;102;104;251;87;107;52;208;52;210;116;238;53;86;52;55;238;78;238;58;86;55;56;55;239;85;52;115;86;238;59;56;76;57;55;251;52;52;53;56;209;88;107;55;223;86;52;57;56;55;57;59;239;214;107;52;52;53;214;53;55;56;102;59;84;367;124;52;178;198;54;52;57;126;234;52;54;49;42;57;57;294;130;54;108;52;118;57;57;104;53;253;44;103;126;64;52;150;239;44;44;79;282;230;209;57;93;282;88;238;53;239;208;52;110;106;114;57;102;52;52;103;54;56;57;57;180;52;87;87;52;110;130;55;154;226;56;57;63;129;105;55;124)
seed_24_level_1-4,2416,35203.03757691383,65213110,10079,(367;42;136;108;54;52;90;224;112;148;282;233;44;54;94;42;209;53;104;42;75;86;43;93;104;117;52;90;52;86;81;90;77;58;89;234;224;303;56;86;54;126;154;69;59;120;53;106;103;253;54;105;52;102;55;255;69;88;53;53;252;52;108;106;52;61;222;103;106;107;52;282;221;208;114;55;367;211;251;52;52;106;55;261;55;52;107;251;88;52;52;87;209;52;208;56;55;86;57;56;55;52;216;233;225;227;52;208;128;141;52;87;57;55;55;102;88;106;52;107;57;55;52;124;53;89;56;84;253;58;52;55;222;208;238;84;249;53;55;228;86;86;253;82;53;54;58;86;52;52)
seed_24_level_1-4,2416,35766.44449210167,66556203,10229,(367;53;53;54;248;85;54;52;155;109;63;86;149;59;54;233;92;367;276;123;90;52;42;240;61;52;138;52;122;74;282;65;103;52;57;95;107;282;87;252;202;54;303;104;114;55;52;172;53;86;77;43;53;42;303;76;42;90;53;52;55;53;282;244;53;52;90;86;86;42;127;220;108;157;274;367;52;59;209;210;53;52;102;107;193;52;78;55;131;251;53;52;102;57;64;52;52;59;86;52;57;102;58;209;77;208;52;210;57;208;54;210;106;104;103;104;57;55;54;52;56;58;88;57;86;52;54;58;220;56;55;256;78;57;53;219;87;57;209;106;54;77;53;55;54;57;60;54;78;52)
seed_24_level_1-4,2416,36301.57887530327,67515121,10379,(367;59;57;55;109;52;57;208;60;103;210;52;87;57;54;54;59;56;52;107;52;53;55;108;53;57;54;52;86;76;55;52;54;57;210;92;86;57;57;57;52;52;54;99;54;52;52;56;52;52;210;140;109;54;57;52;57;52;59;76;78;57;54;229;53;57;86;53;52;209;86;282;109;294;52;86;52;106;88;126;111;126;52;103;52;86;88;52;221;223;52;58;68;53;104;102;52;252;43;88;52;87;102;54;84;108;52;58;216;87;53;52;52;105;211;242;61;147;223;92;52;52;57;46;236;106;106;93;87;114;102;104;102;238;53;53;222;91;82;102;204;107;98;54;112;53;54;53;225;54)
seed_24_level_1-4,2416,36829.22343873978,68496712,10529,(367;54;209;107;52;57;242;116;88;56;52;52;107;57;57;52;52;102;209;53;221;57;208;53;89;52;55;55;52;56;52;235;53;58;53;107;209;54;209;210;54;59;57;208;56;52;104;57;78;122;55;58;55;58;54;209;86;92;71;53;57;55;57;52;108;52;208;76;57;367;89;42;82;54;52;63;52;145;49;64;222;89;121;91;92;104;42;54;42;44;54;97;238;53;57;89;62;217;54;85;42;52;87;117;111;303;52;54;234;53;52;303;54;42;53;104;88;110;53;119;111;52;86;220;78;42;104;102;46;58;126;63;86;62;43;87;145;53;52;80;58;105;71;113;108;54;52;52;42;52)
seed_24_level_1-4,2416,37368.426042079926,69584833,10679,(295;62;54;61;52;222;134;53;103;86;108;109;199;203;301;87;99;52;58;52;108;54;133;61;62;220;54;61;314;52;52;53;58;194;52;42;114;112;93;54;105;51;225;97;108;126;86;189;130;127;43;52;52;96;42;222;55;53;57;154;106;282;86;53;52;53;279;52;59;108;103;105;52;124;52;367;210;104;52;115;93;102;84;207;89;56;104;59;90;54;86;56;54;86;111;55;57;52;56;52;55;52;52;210;52;239;86;52;53;87;52;187;210;84;177;53;52;57;52;52;56;52;52;57;53;234;53;52;104;52;57;53;115;52;117;240;222;86;56;107;55;57;91;58;56;56;52;253;52;53)
seed_24_level_1-4,2416,37940.366436481476,70908754,10829,(367;253;209;58;282;55;52;52;53;52;210;104;52;57;131;110;107;102;55;64;79;52;86;54;239;52;55;238;55;57;208;52;52;56;84;54;57;53;54;108;57;241;53;57;54;53;58;62;65;57;52;62;240;211;54;208;233;53;54;54;115;85;221;227;53;113;106;104;59;56;104;54;252;295;212;112;54;102;52;86;54;54;178;219;210;54;95;87;220;113;53;86;57;54;210;129;87;219;303;56;57;76;235;105;52;87;53;53;252;107;58;52;87;87;222;367;54;118;106;106;116;74;91;91;114;102;54;54;222;91;210;52;113;219;54;87;223;251;53;59;43;52;102;52;52;86;97;87;87;52)
seed_24_level_1-4,2416,38506.625198841095,72428387,10979,(367;58;63;86;53;152;240;57;55;54;107;102;253;64;88;126;82;240;59;282;102;83;149;59;42;53;212;62;57;76;249;106;228;57;63;85;57;55;86;54;54;42;91;56;58;239;53;109;109;57;73;54;130;52;86;53;57;69;115;57;249;115;90;86;57;54;103;102;236;42;64;54;367;112;116;180;54;142;115;52;114;52;300;206;277;86;106;145;117;52;253;61;106;54;112;507;102;88;238;52;105;116;52;52;75;52;52;282;130;220;86;249;59;42;102;233;119;52;107;112;86;235;186;285;238;52;96;52;52;102;87;282;238;93;53;52;54;258;52;219;52;52;52;55;53;52;52;238;52;115)
seed_24_level_1-4,2416,39083.48156166077,74018793,11129,(367;214;52;209;282;102;95;79;52;54;57;113;86;253;58;54;86;211;54;109;239;233;64;227;86;56;102;54;139;63;261;223;55;54;88;251;53;61;57;57;108;60;57;54;54;54;223;59;251;54;108;78;54;109;217;103;86;53;58;103;55;53;252;88;112;57;69;84;42;280;55;222;211;54;52;102;51;52;233;52;52;223;61;51;52;124;60;52;118;52;124;52;52;57;86;282;250;115;282;282;53;232;52;52;221;57;56;53;84;183;104;53;101;367;52;52;252;52;58;52;86;86;104;77;222;257;244;238;60;52;238;54;87;52;222;54;86;238;282;111;52;52;252;53;52;42;103;303;126;272)
seed_24_level_1-4,2416,39660.8616733551,75621368,11279,(367;108;54;255;54;210;107;53;53;117;55;60;64;58;53;239;53;113;54;53;53;261;78;57;52;58;209;210;54;59;53;106;91;64;238;88;57;254;58;78;57;53;53;63;108;57;64;54;58;104;240;60;53;222;62;56;66;109;102;259;210;128;53;88;52;258;53;239;57;53;276;52;119;52;108;102;108;53;53;207;88;112;91;87;52;119;232;52;252;54;52;251;210;52;125;52;232;93;52;208;249;53;271;210;367;223;52;221;270;231;284;120;76;238;52;367;52;52;52;252;53;106;120;42;92;52;236;127;54;52;50;114;113;56;244;210;81;52;87;116;52;52;57;211;52;52;223;313;104;112)
seed_24_level_1-4,2416,40227.05851984024,77015349,11429,(367;56;55;54;53;52;282;53;57;196;57;88;53;53;80;52;57;54;42;85;54;59;55;109;107;52;53;59;58;57;54;58;58;55;53;55;54;74;254;56;53;57;52;43;52;54;108;55;88;54;55;239;251;103;54;84;55;54;57;55;58;59;53;53;55;42;253;56;280;129;170;261;52;112;54;108;90;55;248;56;104;282;257;54;42;240;52;87;102;61;87;42;221;258;91;303;90;252;238;102;86;303;53;57;52;52;86;225;56;244;238;86;54;238;118;53;107;57;61;106;221;92;52;52;42;113;115;57;282;224;107;114;238;219;102;57;57;56;106;235;238;248;122;303;52;94;111;248;52;90)
seed_24_level_1-4,2416,40783.38968372345,78284758,11579,(367;53;57;239;104;57;57;87;55;84;56;55;86;54;54;89;54;252;86;251;143;57;57;58;57;52;53;55;52;57;56;238;69;103;56;54;54;79;52;238;53;55;54;86;96;52;57;52;52;253;42;55;52;59;106;55;105;103;46;52;51;280;93;68;52;52;105;131;121;86;106;53;102;52;282;108;235;106;52;113;220;282;52;75;90;293;233;116;112;52;238;111;64;227;63;104;53;90;52;63;75;104;52;53;52;232;52;103;88;52;305;261;114;127;53;90;52;121;215;52;110;57;120;87;107;86;52;220;107;250;61;59;52;68;113;303;88;91;52;107;119;52;213;219;270;51;222;52;111;193)
seed_24_level_1-4,2416,41348.270567417145,79711059,11729,(367;190;53;239;240;56;88;83;52;193;53;55;282;252;52;86;85;86;52;257;57;76;55;61;55;86;56;55;58;106;52;53;78;55;260;52;54;226;80;52;52;106;56;124;103;51;52;54;53;57;238;57;52;107;55;106;89;109;57;53;378;115;52;303;42;52;52;86;114;56;235;282;87;54;86;115;245;116;249;114;88;255;53;113;52;54;150;52;102;224;88;111;102;52;225;57;52;116;222;92;207;52;86;88;177;52;52;86;52;42;53;232;55;102;42;103;54;165;61;52;265;303;52;232;59;56;252;81;52;52;98;282;121;52;86;129;102;270;129;238;238;86;53;240;107;102;57;91;52;42)
seed_24_level_1-4,2416,41929.73679804802,81435414,11879,(367;239;52;52;52;247;52;108;92;86;52;52;52;55;240;238;59;104;102;53;52;62;42;104;251;106;199;52;57;53;53;52;42;287;223;42;58;238;109;110;53;42;55;42;52;54;55;57;76;107;238;54;68;56;57;55;57;53;193;251;107;252;54;62;378;102;239;128;97;52;63;53;55;111;79;497;107;52;53;282;52;317;221;114;276;190;113;52;209;90;43;52;238;232;233;44;282;107;209;52;79;43;238;63;52;53;270;209;61;135;55;52;52;56;232;225;219;315;87;212;239;86;58;282;120;52;52;53;56;42;107;52;219;57;86;282;52;43;56;106;86;238;124;55;88;87;223;104;219;106)
seed_24_level_1-4,2416,42508.810955524445,83113447,12029,(367;112;55;57;55;60;227;217;238;117;111;261;44;238;52;59;53;93;88;55;238;102;261;210;260;181;52;86;56;53;238;238;85;59;93;57;53;238;52;238;53;52;84;228;57;111;53;52;367;55;88;43;225;53;82;52;86;104;56;211;52;57;87;375;52;52;102;358;52;106;49;104;52;52;62;49;42;71;57;52;141;57;88;52;413;52;53;52;52;52;238;106;282;122;60;54;71;63;52;303;86;102;112;277;128;86;42;220;53;52;237;42;53;86;113;52;86;52;86;253;221;52;282;76;50;102;52;53;221;57;63;238;87;114;53;359;224;238;208;56;97;232;143;71;53;300;106;52;49;52)
seed_24_level_1-4,2416,43091.165670871735,84929174,12179,(413;86;108;52;52;52;52;209;116;56;107;231;245;52;225;259;67;43;102;282;54;52;51;103;52;99;251;88;87;44;52;52;63;285;108;42;52;102;42;55;106;108;102;52;52;131;54;140;56;113;89;55;367;303;52;52;303;57;109;238;52;303;114;79;57;261;42;126;223;86;222;54;102;52;52;102;235;52;52;57;367;57;191;252;52;251;86;239;107;55;53;111;93;254;234;59;52;102;42;367;42;251;53;222;53;52;128;86;261;52;184;209;55;252;55;58;107;86;209;52;253;55;52;90;86;252;54;56;181;367;42;56;86;55;233;208;251;52;181;90;107;238;238;55;52;216;261;58;86;52)
seed_24_level_1-4,2416,43662.53611207008,86577810,12329,(413;42;226;210;116;245;63;52;238;250;244;52;507;53;127;236;367;86;52;52;135;236;55;303;248;53;52;228;52;74;52;53;52;414;42;42;282;93;102;61;102;209;52;58;219;52;52;53;276;52;86;61;102;52;112;52;52;115;68;56;44;43;276;57;57;43;135;52;54;52;53;55;261;138;367;88;253;52;55;52;43;55;238;367;238;52;117;104;88;86;53;52;60;61;52;251;55;42;81;72;253;52;52;59;292;58;53;52;52;86;88;52;256;95;52;53;55;78;42;52;137;86;86;55;58;86;95;52;186;55;53;52;112;221;158;251;52;54;114;252;55;59;91;55;52;42;89;52;53;53)
seed_24_level_1-4,2416,44220.52274489403,88104621,12479,(367;52;55;177;84;57;53;223;190;52;208;258;114;52;46;252;86;52;52;52;54;143;52;252;53;52;106;86;52;52;53;239;52;238;55;55;251;52;84;56;210;208;52;79;43;86;220;52;51;52;52;86;52;52;217;55;86;52;252;43;110;77;53;52;54;87;52;55;55;76;55;445;86;88;52;52;56;52;189;52;86;86;86;88;86;303;54;282;52;52;367;103;238;223;53;49;235;52;57;62;55;53;52;49;52;222;53;106;106;367;119;102;102;52;52;52;52;56;270;57;52;52;57;57;119;235;86;87;104;102;52;52;282;52;52;282;86;50;54;238;238;238;107;86;238;282;236;53;52;282)
seed_24_level_1-4,2416,44785.018169641495,89741751,12629,(367;53;238;52;52;238;58;52;221;52;52;52;86;52;52;52;56;55;53;58;52;106;239;55;208;52;128;55;58;52;55;106;206;55;55;62;51;108;52;238;211;52;52;54;52;43;224;99;52;58;55;53;52;177;244;253;43;54;52;52;86;79;52;52;52;52;57;52;52;413;52;52;129;114;52;52;54;52;104;52;102;52;52;248;106;53;104;53;282;252;52;52;57;79;103;102;51;52;52;52;367;367;67;86;54;110;270;252;303;211;52;252;53;223;282;52;61;282;52;88;86;52;276;238;52;52;52;52;388;52;52;53;52;59;286;90;53;84;282;52;450;52;249;55;52;102;248;52;110;282)
seed_24_level_1-4,2416,45374.806154727936,91645623,12779,(367;53;86;55;52;86;214;282;52;69;52;90;43;81;104;52;43;52;52;86;230;53;208;102;53;238;238;53;52;240;53;55;55;252;52;55;52;55;88;82;86;52;86;106;92;52;96;84;55;128;59;251;238;222;81;86;52;80;76;238;59;60;106;52;52;388;106;52;52;52;52;223;52;52;53;57;86;53;221;367;56;52;282;261;88;102;52;212;367;238;103;86;282;102;102;117;367;119;367;52;228;103;366;102;57;86;108;222;49;52;275;129;83;282;282;102;232;282;282;53;82;106;52;244;52;52;154;147;87;57;250;107;86;121;52;103;52;102;389;52;106;57;192;54;53;282;144;86;52;367)
seed_24_level_1-4,2416,45982.37303805351,93808551,12929,(367;227;82;194;52;52;42;209;43;238;52;52;56;55;233;142;86;88;56;52;53;53;89;52;52;53;52;238;86;238;87;109;54;52;55;238;110;197;86;229;55;87;58;52;108;52;52;238;52;86;52;55;56;238;52;239;56;261;55;86;82;52;55;389;107;248;106;211;49;87;252;52;52;222;52;56;55;52;507;221;282;52;303;88;232;127;282;211;90;53;52;53;282;233;235;52;282;294;52;211;57;223;107;221;211;113;211;253;405;103;226;282;52;87;239;84;52;86;57;275;280;86;52;52;211;165;86;303;86;61;52;88;282;76;52;86;268;513;52;86;268;52;101;303;52;53;52;90;53;220)
seed_24_level_1-4,2416,46584.5919611454,95980022,13079,(367;55;52;240;52;52;239;223;86;111;60;52;196;211;111;52;52;261;59;52;52;57;55;54;208;55;55;55;53;102;107;214;53;209;57;177;110;102;251;55;55;54;55;245;221;56;58;102;51;57;238;210;52;111;238;52;57;53;55;55;210;276;282;57;367;87;238;86;55;282;88;404;55;87;52;248;367;90;52;52;396;52;212;52;52;113;249;52;52;61;52;391;43;52;52;53;230;86;113;52;252;49;252;53;282;242;52;211;507;52;230;240;52;238;112;52;303;52;52;229;237;52;49;106;82;102;109;148;284;282;53;52;188;86;57;49;280;228;52;53;86;282;52;222;80;52;52;507;52;52)
seed_24_level_1-4,2416,47158.79162359238,97531514,13229,(367;211;55;53;222;254;55;252;56;86;51;53;210;102;53;128;84;54;58;52;53;51;220;57;239;58;209;52;238;55;88;51;53;55;85;208;261;238;210;108;52;210;239;106;55;51;208;52;55;107;224;86;54;238;208;254;208;238;86;117;52;52;63;365;241;53;52;76;55;53;249;52;103;367;52;52;109;53;52;58;88;53;53;261;112;211;53;108;213;53;53;52;104;52;223;52;62;86;57;113;223;222;63;55;210;52;62;84;52;52;86;52;53;50;367;43;193;54;49;86;53;53;57;57;155;104;52;52;264;53;78;52;54;93;86;52;52;49;118;232;106;55;237;52;253;52;86;292;228;118)
seed_24_level_1-4,2416,47728.2156996727,99286980,13379,(403;91;309;53;52;57;367;253;102;107;91;52;221;86;57;53;253;53;52;200;86;52;102;145;52;54;52;62;86;57;52;252;57;53;229;367;52;52;87;52;52;131;126;84;249;147;62;52;94;80;249;59;55;59;55;53;54;52;52;110;685;261;51;238;210;232;52;225;52;206;52;52;52;87;107;250;54;367;84;53;62;106;209;54;53;208;57;57;59;52;208;52;238;106;238;52;109;52;224;52;57;240;53;57;52;57;86;116;53;52;57;76;62;87;53;238;86;55;54;59;52;58;258;54;201;58;222;52;261;54;52;57;52;57;53;238;238;253;128;52;251;54;261;52;106;238;52;52;52;106)
seed_24_level_1-4,2416,48296.61596393585,100824987,13529,(367;239;52;86;52;54;52;52;52;240;240;53;57;52;52;53;208;52;56;53;142;52;87;107;88;102;190;55;53;58;52;56;209;57;52;58;59;238;87;261;55;52;52;54;52;54;56;109;53;252;52;106;52;261;55;61;210;90;208;54;56;55;52;52;56;52;107;57;239;239;52;437;59;227;52;134;52;54;102;52;53;52;52;274;91;222;239;239;104;221;52;88;97;61;221;114;254;53;51;52;76;397;92;52;53;55;106;52;52;52;52;86;55;114;206;143;507;129;86;253;53;222;52;53;52;54;129;57;107;222;86;222;52;52;55;52;102;106;123;52;211;60;114;52;254;209;367;55;55;52)
seed_24_level_1-4,2416,48856.0423309803,102258366,13679,(367;52;129;230;58;240;238;88;88;56;210;55;58;107;238;107;255;52;54;91;55;53;52;52;52;52;53;57;51;226;57;57;52;240;52;55;52;226;52;52;52;209;201;62;57;53;57;54;86;55;108;52;58;145;52;107;54;56;54;87;52;52;58;59;52;52;57;87;395;102;115;49;52;86;86;52;52;86;52;224;145;88;232;61;287;549;86;142;55;222;76;210;76;52;261;53;49;87;63;222;367;86;52;145;78;58;52;52;52;57;367;209;52;221;117;52;96;129;52;53;52;88;182;116;238;86;115;52;79;52;129;53;86;222;110;52;52;86;52;52;88;86;88;86;62;52;52;221;84;303)
seed_24_level_1-4,2416,49426.08728837967,103943538,13829,(367;59;113;52;90;109;52;52;289;238;52;261;224;57;260;143;238;52;208;62;238;238;54;52;106;52;238;230;255;52;53;58;56;56;57;109;62;54;255;258;58;52;86;86;53;56;52;93;90;53;57;243;90;52;56;253;106;107;50;52;52;52;222;456;247;221;180;54;80;89;123;134;42;64;211;53;59;77;53;98;111;212;61;53;210;58;87;111;63;88;86;52;54;303;88;53;303;367;54;52;52;52;53;367;130;58;121;452;51;86;53;86;240;102;57;222;52;211;54;89;52;86;53;71;88;88;240;53;208;86;76;87;88;53;55;276;221;132;51;91;52;59;188;86;129;88;52;222;54;52)
seed_24_level_1-4,2416,50018.99507975578,105790196,13979,(367;57;221;253;106;59;53;52;251;216;238;51;114;87;210;52;219;228;222;209;53;52;78;248;52;258;52;226;227;54;86;52;113;282;190;55;222;221;261;54;52;53;140;52;55;56;208;49;56;214;109;52;106;288;208;252;59;53;52;107;106;53;223;55;52;86;54;141;53;477;51;253;53;52;104;140;303;88;52;91;55;219;102;222;52;52;59;79;367;249;88;107;144;277;103;57;57;221;56;42;52;131;92;59;148;52;227;222;103;86;239;155;102;53;54;180;57;86;53;92;238;57;61;52;94;238;54;52;56;57;76;52;239;55;223;248;55;104;124;52;86;55;53;52;219;290;52;251;52;367)
seed_24_level_1-4,2416,50595.155507564545,107367567,14129,(491;63;59;52;52;191;86;104;223;79;86;279;77;56;86;56;104;303;211;222;223;65;211;52;76;84;86;102;52;263;134;88;51;52;107;58;95;88;140;52;54;89;102;102;52;280;93;52;42;88;52;59;54;61;252;52;54;223;59;52;86;104;52;181;49;54;52;52;125;51;102;52;102;129;220;213;367;208;58;227;56;55;54;58;53;272;57;238;85;231;52;54;117;107;215;238;54;53;223;210;104;102;80;53;56;62;90;117;222;52;54;90;52;191;52;52;107;54;208;95;239;257;53;142;239;58;210;102;233;52;52;249;253;53;102;107;224;255;106;52;76;208;230;303;53;58;106;54;52;60)
seed_24_level_1-4,2416,51175.71756148338,109237191,14279,(477;52;102;102;53;216;54;402;367;104;180;52;222;291;76;367;239;78;55;282;49;303;58;227;52;57;53;61;222;53;210;182;53;52;86;303;222;224;53;63;163;104;56;221;211;86;86;102;61;86;228;102;102;282;61;85;52;90;367;278;282;108;61;367;52;82;102;261;76;102;56;102;376;367;84;107;221;106;55;182;53;222;52;102;52;220;107;52;90;82;203;52;86;88;92;210;107;208;76;55;55;57;58;88;92;209;85;52;52;57;219;57;88;51;52;106;51;208;58;122;52;52;59;225;57;57;53;62;303;88;53;52;52;53;52;52;55;52;52;55;106;55;107;107;224;211;52;104;50;53)
seed_24_level_1-4,2416,51747.68621087074,111016446,14429,(367;53;57;88;52;119;101;50;57;108;58;257;42;252;44;211;53;53;56;86;53;42;52;52;57;210;86;52;53;128;58;58;49;210;96;84;210;208;55;117;220;57;52;251;84;214;110;52;55;106;52;55;52;58;57;253;214;57;200;238;57;53;210;55;102;114;93;370;102;240;303;102;367;102;88;56;225;130;54;52;56;61;55;102;422;52;205;108;103;202;66;114;53;56;367;203;86;193;58;55;59;53;52;111;103;410;61;52;52;102;115;58;52;107;104;102;53;58;120;307;148;240;53;53;280;59;53;133;251;240;87;53;111;54;282;86;523;56;396;51;55;134;54;61;102;52;53;111;104;121)
seed_24_level_1-4,2416,52320.16537332535,112795177,14579,(367;52;53;210;53;52;195;52;52;52;208;54;52;103;52;56;455;52;54;114;52;210;52;84;56;53;55;252;86;209;56;208;209;210;58;222;211;52;52;52;55;217;92;76;240;52;55;56;52;57;53;52;77;54;55;240;367;57;242;86;228;86;238;57;56;59;379;292;63;144;80;367;222;239;53;282;115;86;82;55;55;63;82;53;54;54;53;85;109;155;88;52;52;54;52;280;187;54;54;59;52;76;367;55;53;54;274;87;67;84;63;93;276;223;76;90;134;55;53;226;111;282;61;61;367;223;52;281;86;51;88;107;88;84;67;282;76;78;107;55;287;104;57;61;204;229;53;52;261;57)
seed_24_level_1-4,2416,52904.17926931381,114818851,14729,(452;55;58;55;108;225;53;224;90;52;52;230;255;58;63;55;114;55;238;55;52;210;55;52;90;52;143;52;211;111;52;55;238;52;208;86;52;52;238;52;51;211;52;238;222;210;89;53;109;55;56;86;61;210;82;102;52;85;52;52;211;52;282;55;81;53;282;56;106;280;367;303;280;53;308;62;86;146;253;233;76;78;282;53;77;86;282;195;55;55;54;180;223;107;367;87;219;367;52;42;282;285;63;78;104;303;52;86;367;239;56;86;52;55;52;108;52;52;46;150;195;49;282;221;223;84;52;251;51;55;57;53;81;77;108;61;86;184;367;56;274;51;52;53;86;396;79;224;79;52)
seed_24_level_1-4,2416,53455.4091861248,116418720,14879,(275;53;58;57;90;58;53;56;238;55;219;57;55;52;53;261;239;224;80;112;53;104;52;55;58;57;113;57;52;238;90;55;57;224;208;53;52;176;42;53;52;117;238;211;86;117;54;216;214;57;86;52;60;58;144;109;55;76;57;51;86;210;221;52;52;58;104;208;359;261;103;53;52;51;53;238;221;367;221;221;220;223;367;52;52;90;56;52;53;220;52;84;52;105;86;54;62;52;77;143;57;111;222;53;52;76;102;52;76;86;89;51;78;83;252;53;46;76;61;102;78;282;224;55;52;53;42;52;43;90;49;58;63;238;52;53;224;367;56;238;210;57;60;52;52;367;303;54;368;221)
seed_24_level_1-4,2416,54039.167523145676,118524182,15029,(415;52;241;52;114;77;78;57;52;52;55;223;211;57;53;282;44;152;89;59;219;223;210;59;52;59;209;52;210;240;104;62;214;210;52;210;367;115;53;119;107;261;53;106;88;80;55;83;117;53;224;51;208;241;225;253;52;57;109;227;107;117;53;99;210;52;238;238;239;368;86;222;102;282;211;51;230;53;52;180;107;51;52;248;367;52;206;54;282;211;52;52;55;222;78;367;282;52;54;103;303;63;254;52;86;404;109;219;52;52;59;88;54;87;220;53;61;54;318;222;63;111;52;106;367;87;282;231;58;52;85;59;61;132;57;86;238;224;51;52;86;88;57;104;238;211;78;61;222;128)
