seed_22_level_6-2,819,596.3027715682983,1132429,150,(1001;105;105;105;105;44;105;54;105;105;84;105;105;105;105;51;248;96;96;55;43;43;42;42;96;236;96;96;96;66;56;96;69;42;59;96;96;96;96;42;168;45;96;43;96;96;96;76;42;96;42;96;43;96;62;96;74;168;43;96;96;96;62;96;96;96;96;42;96;96;43;96;43;96;64;96;71;236;43;52;96;96;72;69;96;96;42;59;96;96;47;96;63;96;58;200;42;96;96;96;96;42;96;42;96;42;96;42;96;96;96;43;77;42;43;96;59;96;168;42;42;96;240;121;44;46;121;121;44;43;43;121;75;121;43;62;43;121;43;65;121;44;43;121;47;121;43;45;43;55)
seed_22_level_6-2,819,1199.453663110733,1941456,300,(43;43;44;43;44;44;43;43;43;44;43;43;43;43;44;43;44;43;43;43;43;43;43;43;44;44;44;44;44;43;43;44;44;43;43;44;43;46;46;46;45;45;47;50;52;53;53;55;55;55;55;57;57;63;63;65;65;67;71;73;75;121;121;121;121;121;121;121;121;121;121;121;121;121;121;121;121;121;121;121;121;121;121;121;157;121;121;121;121;121;121;121;121;121;121;121;121;121;121;121;121;121;121;121;121;121;121;121;121;121;121;121;121;121;121;121;121;121;121;121;121;121;121;121;121;121;121;121;121;121;121;121;121;59;62;64;66;55;58;70;62;155;155;155;155;214;248;252;252;241)
seed_22_level_6-2,819,1803.1875627040863,2765847,450,(43;43;43;43;43;43;43;43;43;43;43;43;43;43;43;43;43;43;44;43;44;43;44;43;44;43;43;44;44;44;44;43;43;44;44;44;43;46;46;46;45;45;48;50;52;53;53;55;55;55;55;57;57;63;63;65;65;67;71;73;75;121;121;121;121;121;121;121;121;121;121;121;121;121;121;121;121;121;121;121;121;121;121;121;121;121;121;121;121;121;121;121;121;121;121;121;121;121;121;121;121;121;121;121;121;121;121;121;121;121;121;121;121;121;121;121;121;121;121;121;121;121;121;121;121;121;121;121;121;121;121;121;55;59;62;74;184;58;71;62;155;155;155;155;157;214;248;252;252;241)
seed_22_level_6-2,819,2400.332061290741,3590143,600,(44;43;43;43;43;43;43;43;43;43;43;43;43;43;43;44;43;43;43;43;44;43;44;44;44;44;44;43;44;44;44;44;43;44;44;43;44;46;46;46;46;46;47;50;52;53;53;55;55;55;55;57;57;63;63;65;65;67;71;73;75;121;121;121;121;121;121;121;121;121;121;121;121;121;121;121;121;121;121;121;121;121;121;121;121;121;121;121;121;121;121;121;121;121;121;121;121;121;121;121;121;121;121;121;121;121;121;121;121;121;121;121;121;121;121;121;121;121;121;121;121;121;121;121;121;121;121;121;121;121;121;121;55;59;62;58;70;74;62;155;155;155;155;157;214;184;248;252;252;240)
seed_22_level_6-2,819,3008.4572203159332,4401159,750,(43;43;43;43;43;43;43;43;43;43;43;43;43;43;43;43;44;43;44;44;44;44;44;44;43;43;43;43;43;44;43;44;43;44;44;43;44;45;45;45;46;46;47;50;52;53;53;55;55;55;55;57;57;63;63;65;65;67;71;73;75;121;121;121;121;121;121;121;121;121;121;121;121;121;121;121;121;121;121;121;121;121;121;121;121;121;121;121;121;121;121;121;121;121;121;121;121;121;121;121;121;121;121;121;121;121;121;121;121;121;121;121;121;121;121;121;121;121;121;121;121;121;121;121;121;121;121;121;121;121;121;121;76;59;62;58;71;74;62;155;155;155;155;157;214;66;248;252;252;241)
seed_22_level_6-2,819,3608.330328941345,5210059,900,(43;43;43;43;43;43;43;43;43;43;43;43;43;43;43;43;44;44;44;44;43;43;43;44;43;44;44;43;43;43;44;43;44;43;44;43;44;46;46;45;45;45;48;50;52;53;53;55;55;55;55;57;57;63;63;65;65;67;71;73;75;121;121;121;121;121;121;121;121;121;121;121;121;121;121;121;121;121;121;121;121;121;121;121;121;121;121;121;121;121;121;121;121;121;121;121;121;121;121;121;121;121;121;121;121;121;121;121;121;121;121;121;121;121;121;121;121;121;121;121;121;121;121;121;121;121;121;121;121;121;121;121;59;62;66;55;58;70;64;62;155;155;155;155;157;214;248;252;252;241)
seed_22_level_6-2,819,4212.494275808334,6032586,1050,(43;43;43;43;43;43;43;43;43;43;43;43;43;43;43;43;43;44;44;43;44;44;43;43;44;44;43;43;44;43;43;44;44;43;43;43;44;46;46;46;45;46;47;50;66;52;53;55;55;55;55;57;57;63;63;65;65;67;71;73;75;121;121;121;121;121;121;121;121;121;121;121;121;121;121;121;121;121;121;121;121;121;121;121;121;121;121;121;121;121;121;121;121;121;121;121;121;121;121;121;121;121;121;121;121;121;121;121;121;121;121;121;121;121;121;121;121;121;121;121;121;121;121;121;121;121;121;121;121;121;121;121;55;59;62;74;184;58;70;62;155;155;155;155;140;214;248;252;252;241)
seed_22_level_6-2,819,4813.588136434555,6840306,1200,(43;43;43;43;43;43;43;43;43;43;43;43;43;43;43;43;44;44;44;43;43;44;44;43;44;43;43;44;44;43;43;44;43;43;44;43;43;45;46;45;46;46;48;50;53;53;55;55;55;55;57;57;63;63;65;65;66;67;71;73;75;121;121;121;121;121;121;121;121;121;121;121;121;121;121;121;121;121;121;121;121;121;121;121;121;121;121;121;121;121;121;121;121;121;121;121;121;121;121;121;121;121;121;121;121;121;121;121;121;121;121;121;121;121;121;121;121;121;121;121;121;121;121;121;121;121;121;121;121;121;121;121;55;59;62;58;71;74;62;140;155;155;155;155;214;66;248;252;252;240)
seed_22_level_6-2,819,5423.846406698227,7665770,1350,(43;43;43;43;43;43;43;43;43;43;43;43;43;43;43;43;44;44;43;43;44;44;44;44;43;43;43;43;44;44;44;44;44;43;43;43;43;45;46;46;46;45;48;50;52;53;55;55;55;55;57;57;63;63;65;65;52;67;71;73;75;121;121;121;121;121;121;121;121;121;121;121;121;121;121;121;121;121;121;121;121;121;121;121;121;121;121;121;121;121;121;121;121;121;121;121;121;121;121;121;121;121;121;121;121;121;121;121;121;121;121;121;121;121;121;121;121;121;121;121;121;121;121;121;121;121;121;121;121;121;121;121;76;59;62;184;58;71;74;62;157;155;155;155;155;214;248;252;252;240)
seed_22_level_6-2,819,6023.762795448303,8471965,1500,(43;43;43;43;43;43;43;43;43;43;43;43;43;43;43;43;44;44;44;43;43;43;44;44;43;43;43;43;44;44;44;44;44;43;43;44;43;45;45;45;45;45;47;50;52;52;53;55;55;55;55;57;57;63;63;65;65;67;71;73;75;121;121;121;121;121;121;121;121;121;121;121;121;121;121;121;121;121;121;121;121;121;121;121;121;121;121;121;121;121;121;121;121;121;121;121;121;121;121;121;121;121;121;121;121;121;121;121;121;121;121;121;121;121;121;121;121;121;121;121;121;121;121;121;121;121;121;121;121;121;121;121;59;62;55;58;70;64;62;155;155;155;155;140;214;66;248;252;252;241)
seed_22_level_6-2,819,6628.141316175461,9295314,1650,(43;43;43;43;43;43;43;43;43;43;43;43;43;43;43;43;44;44;43;44;44;44;44;43;44;44;44;44;43;43;43;43;44;43;44;43;43;45;45;45;46;45;48;50;52;53;53;55;55;55;55;57;57;63;63;65;65;67;71;73;75;121;121;121;121;121;121;121;121;121;121;121;121;121;121;121;121;121;121;121;121;121;121;121;121;121;121;121;121;121;121;121;121;121;121;121;121;121;121;121;121;121;121;121;121;121;121;121;121;121;121;121;121;121;121;121;121;121;121;121;121;121;121;121;121;121;121;121;121;121;121;121;55;59;62;64;184;58;70;62;157;155;155;155;155;214;248;252;252;240)
seed_22_level_6-2,819,7221.320942163467,10116385,1800,(43;43;43;43;43;43;43;43;43;43;43;43;43;43;43;43;44;44;43;44;44;44;44;44;44;43;43;43;43;43;44;44;43;43;44;43;44;46;45;45;46;45;47;50;52;53;53;55;55;55;55;57;57;63;63;65;65;67;71;73;75;121;121;121;121;121;121;121;121;121;121;121;121;121;121;121;121;121;121;121;121;121;121;121;121;121;121;121;121;121;121;121;121;121;121;121;121;121;121;121;121;121;121;121;121;121;121;121;121;121;121;121;121;121;121;121;121;121;121;121;121;121;121;121;121;121;121;121;121;121;121;121;55;59;62;64;58;70;62;155;155;155;155;140;214;184;248;252;252;241)
seed_22_level_6-2,819,7827.0819771289825,10938005,1950,(43;43;43;43;43;43;43;43;43;43;43;43;43;43;43;43;44;43;43;43;44;43;44;44;44;43;43;44;43;43;43;44;44;43;43;44;44;45;45;46;45;45;48;50;52;52;53;55;55;55;55;57;57;63;63;65;65;67;71;73;75;121;121;121;121;121;121;121;121;121;121;121;121;121;121;121;121;121;121;121;121;121;121;121;121;121;121;121;121;121;121;121;121;121;121;121;121;121;121;121;121;121;121;121;121;121;121;121;121;121;121;121;121;121;121;121;121;121;121;121;121;121;121;121;121;121;121;121;121;121;121;121;55;59;62;74;58;70;62;140;155;155;155;155;214;184;248;252;252;241)
seed_22_level_6-2,819,8432.255286931992,11760690,2100,(43;43;43;43;43;43;43;43;43;43;43;43;43;43;43;43;44;44;44;44;44;44;43;44;43;43;43;43;44;43;44;44;43;43;44;43;44;45;46;45;46;46;48;50;66;52;53;55;55;55;55;57;57;63;63;65;65;67;71;73;75;121;121;121;121;121;121;121;121;121;121;121;121;121;121;121;121;121;121;121;121;121;121;121;121;121;121;121;121;121;121;121;121;121;121;121;121;121;121;121;121;121;121;121;121;121;121;121;121;121;121;121;121;121;121;121;121;121;121;121;121;121;121;121;121;121;121;121;121;121;121;121;55;59;62;58;71;74;62;140;155;155;155;155;214;184;248;252;252;241)
seed_22_level_6-2,819,9029.145282745361,12571468,2250,(43;43;43;43;43;43;43;43;43;43;43;43;43;43;43;43;44;44;44;43;44;43;43;43;44;44;44;44;43;44;43;43;43;44;43;44;44;45;45;45;45;46;48;50;53;53;55;55;55;55;57;57;63;63;65;65;52;67;71;73;75;121;121;121;121;121;121;121;121;121;121;121;121;121;121;121;121;121;121;121;121;121;121;121;121;121;121;121;121;121;121;121;121;121;121;121;121;121;121;121;121;121;121;121;121;121;121;121;121;121;121;121;121;121;121;121;121;121;121;121;121;121;121;121;121;121;121;121;121;121;121;121;76;59;62;58;71;74;62;157;155;155;155;155;214;66;248;252;252;240)
seed_22_level_6-2,819,9639.61521744728,13378410,2400,(43;43;43;43;43;43;43;43;43;43;43;43;43;43;43;43;43;43;44;43;43;44;43;44;43;44;44;44;44;44;43;44;43;44;44;44;43;46;45;45;46;45;48;50;52;53;53;55;55;55;55;57;57;63;63;65;65;67;71;73;75;121;121;121;121;121;121;121;121;121;121;121;121;121;121;121;121;121;121;121;121;121;121;121;121;121;121;121;121;121;121;121;121;121;121;121;121;121;121;121;121;121;121;121;121;121;121;121;121;121;121;121;121;121;121;121;121;121;121;121;121;121;121;121;121;121;121;121;121;121;121;121;59;62;66;55;58;71;74;62;155;155;155;155;140;214;248;252;252;240)
seed_22_level_6-2,827,10229.939731121063,14119058,2549,(43;121;44;45;44;43;44;121;43;44;44;121;43;43;121;44;43;43;46;46;55;46;45;45;46;43;43;48;121;252;66;49;55;184;121;121;121;72;121;121;121;121;121;79;121;121;121;121;64;69;160;121;74;155;121;121;121;62;73;121;121;121;121;140;121;76;244;208;66;96;96;96;96;96;96;96;96;59;58;96;230;96;96;42;96;96;96;230;42;61;96;96;52;96;171;96;42;96;77;96;96;51;45;171;78;42;51;68;78;96;96;53;241;96;42;96;43;53;96;42;42;200;96;78;52;54;96;96;96;58;96;43;96;42;52;171;42;43;55;71;96;96;56;96;52;54;96;64;96)
seed_22_level_6-2,827,10818.535325527191,14752330,2700,(43;47;47;96;43;59;52;80;72;62;96;42;96;43;96;42;42;55;96;96;96;42;96;54;96;43;96;43;43;43;96;96;96;96;96;42;42;42;96;42;42;96;96;96;42;95;75;96;96;96;43;96;66;96;96;96;42;69;96;96;171;146;96;96;60;67;96;96;96;96;96;96;96;96;96;96;200;96;171;96;96;96;75;96;96;96;96;75;42;71;96;96;96;96;96;96;171;96;96;96;96;96;96;96;96;96;59;96;59;43;74;96;69;76;96;96;96;72;96;171;42;96;96;171;96;96;96;96;96;96;96;68;230;96;96;62;96;90;75;96;96;96;77;96;68;96;96;96;96;96;96)
seed_22_level_6-2,1047,11426.807276248932,15496726,2851,(43;96;96;96;96;51;96;96;47;96;96;171;96;96;61;59;51;96;96;54;96;42;96;96;43;78;43;85;96;96;96;96;96;96;96;96;96;42;96;96;43;96;96;96;96;96;96;96;96;47;96;96;96;51;96;96;96;96;96;96;59;47;51;55;96;96;96;96;96;59;51;96;47;74;42;96;96;65;96;230;42;96;96;43;42;96;42;43;42;43;66;146;59;96;68;96;78;96;96;96;69;96;96;96;76;96;97;96;59;42;96;68;96;96;171;42;74;96;45;200;42;60;96;230;96;96;278;79;126;126;157;126;126;67;126;242;126;52;69;213;43;126;58;137;126;126;76;126;126;126;126)
seed_22_level_6-2,1047,12055.647580862045,16554454,3000,(126;126;68;126;126;126;126;126;126;126;157;126;126;126;72;126;126;126;76;242;42;126;213;69;157;42;69;126;126;47;42;126;126;126;126;126;42;49;68;126;126;43;126;126;126;42;157;126;58;126;42;47;126;126;126;126;126;126;46;126;126;42;126;126;126;126;126;46;126;126;126;126;43;43;42;43;43;43;76;126;126;126;126;42;126;42;126;126;126;126;126;126;43;126;126;157;126;126;126;146;59;74;126;126;64;126;59;59;126;74;213;157;70;126;126;126;290;77;70;126;231;157;69;83;156;126;126;126;213;126;126;126;126;157;157;126;126;53;126;126;66;60;126;126;126;126;126;126;126)
seed_22_level_6-2,1047,12694.55414891243,17583595,3151,(76;126;69;43;126;69;126;43;42;213;126;42;126;126;42;126;126;126;126;70;42;72;43;126;126;126;126;42;126;42;126;126;126;126;126;126;78;126;126;64;51;126;55;126;126;126;126;126;157;78;126;126;126;51;126;224;157;65;47;126;126;47;80;126;126;43;43;126;126;42;126;126;43;126;68;242;76;126;126;126;126;213;126;213;157;126;69;126;66;68;126;157;126;126;56;157;213;126;64;74;126;126;42;126;126;126;156;61;126;52;67;126;126;126;126;126;157;126;126;126;126;126;126;126;126;126;58;126;290;67;65;126;42;42;126;126;126;78;69;100;43;43;126;126;42;126;43;157;126;126;64)
seed_22_level_6-2,1047,13341.127727985382,18709609,3301,(126;58;126;42;42;126;71;126;126;242;126;42;43;126;126;126;126;126;126;42;126;126;75;43;126;49;213;58;73;126;126;126;157;126;74;67;67;157;43;222;126;126;126;126;126;126;126;126;126;126;126;126;126;126;126;64;54;126;126;74;126;62;126;126;126;126;126;126;126;126;224;126;126;157;42;126;126;126;42;126;126;70;126;157;126;126;126;126;126;52;42;126;126;126;61;126;71;65;62;64;70;75;54;126;56;126;156;71;213;59;126;126;126;126;126;61;157;140;126;126;59;242;59;126;126;213;126;126;126;242;126;241;126;126;126;81;126;144;126;242;126;47;126;126;47;66;157;70;126;71)
seed_22_level_6-2,1047,13980.582036018372,19866003,3449,(242;42;42;157;42;126;43;65;42;126;126;43;126;126;76;126;126;43;126;126;126;126;126;126;65;77;60;126;126;55;75;157;47;59;126;126;126;126;68;59;64;69;75;72;126;126;47;74;74;65;126;126;126;126;126;126;126;126;126;126;126;126;126;126;126;126;126;42;126;126;126;126;224;126;126;61;126;66;126;64;126;165;126;126;126;126;126;59;126;222;157;157;126;126;157;157;126;126;213;74;126;126;126;126;126;126;241;126;126;126;126;126;234;126;126;59;126;126;61;126;70;126;72;126;157;126;242;161;126;126;126;213;141;156;157;97;213;126;126;126;126;53;55;170;126;126;126;157)
seed_22_level_6-2,1047,14619.20593547821,21120487,3597,(242;157;126;42;126;42;58;42;126;213;126;157;70;72;126;126;126;126;57;58;157;126;126;126;131;58;126;126;126;126;126;126;76;70;126;42;68;126;126;64;70;126;126;126;126;126;68;74;126;126;64;126;126;126;126;42;126;42;126;126;126;42;126;126;126;42;126;126;126;241;62;66;126;126;70;126;126;129;157;126;66;290;126;126;290;74;126;126;224;126;126;290;56;126;126;126;157;79;126;157;126;126;126;126;192;126;222;126;126;126;126;147;68;42;126;126;126;126;157;126;157;213;126;126;126;242;126;157;42;43;66;126;157;126;126;126;126;157;57;126;126;126;147;126;43;242;65;126)
seed_22_level_6-2,1047,15267.275702476501,22309655,3745,(126;43;126;42;126;126;126;126;126;126;42;126;42;126;126;126;126;79;126;42;126;81;126;42;43;242;126;126;62;126;126;126;157;42;126;42;42;126;64;126;126;51;126;126;59;126;74;126;42;74;126;126;60;74;242;126;126;126;126;86;169;157;126;71;126;42;126;42;126;126;126;126;126;126;157;126;59;126;126;126;126;126;126;75;242;126;73;59;213;157;222;126;126;126;72;75;43;126;126;157;157;69;126;126;157;126;157;157;290;70;126;126;126;126;77;126;126;42;72;213;63;60;242;73;73;70;135;145;290;52;147;126;157;149;75;126;126;194;126;60;126;236;126;126;126;126;126;157)
seed_22_level_6-2,1047,15904.310579299927,23476064,3893,(126;126;126;126;126;126;126;126;42;43;126;126;126;42;43;126;126;42;126;126;126;126;126;60;59;126;126;126;126;126;126;126;126;126;126;66;75;67;242;126;43;58;65;47;42;157;67;126;43;65;126;42;242;42;126;67;126;42;126;126;63;126;126;126;157;126;242;242;223;49;290;66;126;75;68;126;126;70;66;126;157;70;66;157;65;66;66;64;126;222;126;126;126;69;43;75;126;42;157;69;126;87;126;126;126;126;126;126;242;157;76;157;126;126;58;59;68;75;126;126;126;213;126;126;126;157;290;126;126;126;126;126;187;126;126;126;126;126;126;63;126;126;126;126;126;126;229;126)
seed_22_level_6-2,1047,16547.7942070961,24687177,4044,(242;126;67;126;126;126;43;43;42;126;42;126;42;126;157;43;76;126;126;126;126;126;126;42;42;126;126;126;126;126;43;126;126;126;126;126;126;126;222;60;126;126;126;126;73;126;126;126;51;126;55;84;75;126;126;126;75;126;74;61;126;211;74;126;157;126;126;126;126;213;126;75;290;126;157;126;66;90;126;126;95;126;51;126;128;49;61;126;157;290;126;66;242;75;75;126;73;126;157;66;74;74;242;126;126;59;126;74;66;157;66;223;126;157;126;126;74;120;126;126;63;126;74;126;126;126;126;42;126;126;290;126;126;126;126;175;201;126;126;126;126;126;126;126;73;69;126;126;157;126;126)
seed_22_level_6-2,1047,17194.67552137375,25918413,4194,(242;65;126;43;42;43;126;58;42;126;126;126;157;126;126;55;126;42;126;213;87;69;126;75;126;126;126;43;43;126;43;43;126;126;126;126;58;126;126;222;157;75;126;157;126;60;126;126;126;157;157;126;157;72;157;74;223;42;65;126;43;126;64;73;42;183;190;242;126;61;57;43;126;157;213;126;126;126;126;69;126;126;157;126;126;61;126;58;126;65;126;290;73;126;66;126;51;126;126;126;126;126;126;75;126;126;56;126;126;157;242;126;213;157;103;66;126;126;126;126;71;66;59;76;126;73;126;126;42;126;290;126;126;126;126;213;42;126;52;126;290;126;42;173;126;56;205;55;213;126)
seed_22_level_6-2,1170,17866.661785125732,27761521,4344,(126;126;126;126;126;126;43;126;126;45;126;126;43;242;126;42;126;126;126;126;67;126;61;126;42;126;213;126;42;143;126;74;126;126;126;45;126;126;126;45;213;126;126;157;126;80;42;53;126;126;65;77;105;126;72;65;290;128;63;61;51;126;107;126;58;218;128;128;126;126;138;242;126;126;223;157;126;73;57;157;126;126;126;126;126;126;71;126;71;126;43;242;126;126;73;120;66;126;72;126;58;76;213;126;126;242;213;126;213;157;222;126;72;126;126;157;126;69;213;126;75;126;157;126;126;126;76;126;126;290;126;126;126;126;1001;171;140;140;140;140;198;171;140;140;171;206;140;171;140;140)
seed_22_level_6-2,1170,18536.505635738373,29481133,4491,(140;44;140;140;140;140;140;140;140;140;140;44;198;61;140;73;171;171;306;140;88;67;43;83;48;263;140;263;140;140;140;44;140;171;140;140;140;43;140;198;140;71;140;66;225;171;140;140;140;171;75;51;140;140;223;140;171;57;77;140;140;140;140;140;140;171;140;263;140;44;306;140;71;146;306;58;80;140;140;65;171;140;140;245;140;171;58;222;43;69;140;140;140;140;140;140;71;140;140;140;140;140;140;76;140;263;171;171;59;140;44;64;140;335;71;171;140;140;140;140;60;171;140;59;59;554;64;140;140;140;70;140;171;209;171;140;140;60;239;140;140;171;140;140;62;140;65)
seed_22_level_6-2,1279,19229.255779743195,31285729,4641,(140;140;44;43;140;140;140;140;140;140;43;140;60;222;171;75;55;140;140;52;171;73;171;140;69;140;44;140;140;306;140;140;198;171;171;140;128;265;140;171;69;74;140;263;140;52;43;140;140;140;43;140;60;140;43;54;140;52;225;140;140;59;67;52;140;140;171;140;61;140;122;140;140;78;223;140;149;221;140;57;140;140;140;140;140;140;59;140;140;171;78;335;140;171;306;140;140;140;263;59;140;58;140;68;58;58;140;140;140;140;554;189;140;140;62;218;140;140;90;268;70;140;376;244;139;121;70;139;169;78;139;245;104;169;169;141;70;318;169;63;139;169;68;244;139;141;139;77;139;75)
seed_22_level_6-2,1279,19911.027785778046,32868805,4790,(139;139;139;139;139;139;139;139;139;139;139;244;139;44;55;63;52;139;139;52;61;139;139;139;222;139;139;139;139;169;169;139;169;59;43;169;139;139;52;225;244;139;139;139;139;139;139;139;139;139;139;139;139;139;221;139;74;139;65;43;139;139;139;71;205;139;169;139;169;139;139;59;244;71;73;139;139;61;169;244;244;58;61;205;68;63;205;139;58;139;245;139;139;72;69;146;139;75;139;150;139;68;169;139;208;318;72;139;139;139;318;169;139;139;73;68;139;59;187;109;139;139;139;139;169;139;70;244;59;243;139;67;72;57;139;169;318;169;139;139;69;139;139;63;139;139;139;139;139)
seed_22_level_6-2,1279,20603.548282146454,34568911,4941,(139;139;50;139;43;139;139;139;43;139;139;139;244;43;43;139;139;161;59;139;44;139;139;139;78;43;222;169;139;73;169;139;139;169;169;169;169;139;139;68;69;169;221;169;173;139;139;139;139;164;66;139;139;244;169;55;139;139;207;225;78;139;59;139;76;56;139;139;139;139;169;139;139;43;139;318;59;64;139;139;139;169;61;139;164;139;139;169;139;169;244;139;139;318;139;139;157;139;139;244;139;139;139;139;139;139;169;139;139;226;139;139;59;245;76;56;68;139;159;139;244;139;139;72;59;75;139;68;54;169;139;72;244;139;43;235;139;244;69;194;62;318;139;318;139;61;139;169;44;139;244)
seed_22_level_6-2,1279,21284.133094787598,36152528,5091,(139;139;139;43;44;44;139;43;139;139;139;244;62;169;43;138;43;139;139;157;139;139;58;139;225;139;80;76;139;245;139;139;139;62;205;139;139;139;169;245;169;74;139;139;139;139;169;139;244;199;83;64;139;139;139;244;139;222;139;205;139;139;139;139;139;139;169;169;139;139;139;139;169;76;318;139;139;69;73;74;139;60;60;73;139;59;205;139;59;69;69;139;139;318;139;139;76;139;139;60;229;96;139;79;56;80;59;70;70;205;169;58;221;139;139;139;55;244;139;139;169;43;139;139;169;139;139;139;139;139;318;169;64;169;139;63;139;139;59;291;159;52;139;169;169;44;139;66;182;139)
seed_22_level_6-2,1279,21982.370383024216,37987474,5243,(139;48;48;139;139;139;139;139;70;44;244;44;54;169;44;68;139;43;139;43;68;75;52;44;221;44;59;139;169;139;169;43;139;139;244;58;205;169;58;169;139;318;244;139;139;139;139;139;73;169;61;244;139;76;139;139;139;139;169;222;139;75;139;72;67;68;139;205;139;169;205;139;205;205;169;71;139;245;139;139;72;139;139;139;139;76;68;139;139;139;139;139;139;139;318;139;139;139;66;139;139;139;139;60;139;70;175;139;139;139;169;139;245;139;180;72;177;139;244;60;177;244;66;177;169;169;205;141;318;139;139;291;205;43;244;222;169;196;318;58;244;169;219;139;64;205;43;139;244;66;244;169)
seed_22_level_6-2,1279,22687.595528125763,39809462,5394,(244;43;43;139;139;139;43;139;43;139;50;43;67;139;139;43;43;139;139;139;139;139;139;245;139;139;169;169;139;61;139;139;139;139;139;139;139;139;139;318;139;139;139;139;139;139;139;169;80;73;139;139;318;139;139;139;221;79;139;187;169;139;185;145;139;205;139;205;59;139;139;139;67;76;222;139;139;139;139;69;139;160;139;139;139;74;60;139;169;67;58;318;139;139;139;70;139;139;139;139;244;169;244;62;139;139;139;139;245;178;74;75;166;139;181;89;139;169;139;318;169;67;205;139;66;59;169;70;76;291;139;139;139;243;139;244;244;248;43;318;244;169;139;58;43;66;63;318;58;205;244)
seed_22_level_6-2,1279,23384.407938957214,41609640,5547,(244;66;139;43;139;139;139;139;139;71;70;59;139;43;139;67;139;67;139;139;139;105;222;139;139;139;139;139;139;169;146;169;169;139;139;44;139;137;245;169;139;169;139;56;139;139;139;139;139;139;139;139;139;68;139;318;139;56;139;139;58;139;139;139;139;139;139;169;169;249;139;139;139;318;169;59;139;139;139;66;139;94;59;139;61;59;169;61;79;61;75;221;43;74;59;213;244;75;59;58;139;139;139;139;139;89;78;150;139;244;245;72;67;169;142;58;139;151;169;143;218;169;244;139;139;154;169;78;147;169;291;244;139;318;318;139;69;139;318;169;139;139;139;244;244;307;61;63;169;169;59;72;230)
seed_22_level_6-2,1279,24084.314586400986,43460236,5696,(244;139;139;139;139;52;139;70;43;139;139;139;139;222;156;169;169;169;139;59;139;139;139;139;139;78;169;139;44;139;245;139;43;139;139;139;139;198;139;69;57;73;139;139;74;169;318;205;139;74;139;139;139;139;139;61;139;139;169;66;112;169;169;318;139;139;207;139;169;139;139;100;69;205;139;139;139;139;139;205;139;139;139;221;43;139;139;72;58;139;169;244;139;139;139;139;169;57;139;81;139;245;66;139;139;244;217;169;74;152;78;169;139;139;169;71;169;244;156;183;59;139;139;291;244;139;244;139;244;155;169;139;244;139;76;58;205;139;244;169;139;139;244;139;64;318;244;239;139)
seed_22_level_6-2,1279,24787.605961084366,45372168,5844,(244;169;139;139;169;139;169;52;169;139;72;139;139;139;245;139;139;169;169;139;140;139;139;139;139;139;139;139;139;139;139;222;169;74;139;169;139;139;139;139;139;139;169;139;169;158;75;221;83;139;244;43;47;139;139;139;169;139;67;139;205;139;244;73;318;169;64;139;139;139;61;139;74;139;139;139;139;139;139;169;139;59;318;139;56;139;139;139;139;169;139;139;139;139;139;139;139;139;139;178;139;245;139;205;173;139;139;142;78;139;288;205;139;169;139;152;139;72;52;230;139;179;291;68;75;169;139;244;244;169;190;78;244;244;169;205;139;246;139;245;318;244;244;159;64;124;139;54)
seed_22_level_6-2,1279,25480.377094745636,47173983,5992,(245;60;139;139;139;139;139;139;318;139;139;139;68;139;139;139;318;56;139;139;139;74;141;139;74;169;244;139;139;205;169;139;59;318;139;139;169;139;205;139;189;139;139;139;67;139;139;139;139;62;139;222;139;139;139;139;139;90;169;139;139;169;77;139;139;139;43;139;244;139;77;139;139;61;68;44;244;139;64;139;139;69;139;139;221;139;81;139;244;69;318;169;169;139;139;169;139;117;139;160;139;139;245;139;141;82;139;169;139;139;139;139;61;207;70;139;139;139;218;56;244;244;291;244;139;169;73;58;52;72;244;61;139;79;58;169;139;139;190;205;69;139;156;139;244;75;139;318)
seed_22_level_6-2,1279,26201.18791794777,49223329,6142,(244;67;139;69;139;139;44;43;139;139;67;139;139;53;44;222;139;139;139;56;139;169;139;139;169;139;139;73;169;139;169;318;205;139;169;139;139;139;139;139;139;139;139;108;139;66;156;139;318;139;139;169;69;222;139;119;139;139;73;318;68;139;139;234;139;73;139;318;169;59;59;139;139;62;59;205;169;169;139;318;139;59;169;194;139;245;139;139;318;139;169;115;139;139;188;212;139;58;74;139;139;139;139;139;70;55;318;219;69;139;244;59;57;244;139;139;244;169;169;139;139;61;244;139;244;169;291;244;65;139;244;244;205;244;169;164;169;139;205;183;61;139;58;169;205;43;244;316;244;139)
seed_22_level_6-2,1279,26912.588448524475,51054597,6293,(244;139;139;43;139;44;62;139;158;139;139;139;139;222;318;139;139;139;139;139;157;139;169;169;169;139;169;210;157;55;318;109;139;139;161;139;74;139;139;139;139;205;169;169;205;139;245;139;139;139;67;244;169;139;139;139;188;169;43;52;169;147;51;170;139;169;318;74;169;107;139;139;139;78;169;169;169;155;53;59;139;59;61;139;169;318;169;139;59;139;139;139;139;139;59;66;78;139;139;59;139;71;139;67;61;318;169;139;139;139;139;139;169;139;139;139;139;139;139;139;139;139;158;139;139;139;291;169;160;139;139;318;169;44;139;244;43;157;139;139;169;159;187;244;244;139;73;169;54;139;169)
seed_22_level_6-2,1279,27624.44777393341,53113141,6443,(158;65;139;139;139;169;139;139;44;139;139;139;139;43;318;139;61;139;139;139;78;139;139;169;139;139;139;139;64;71;139;67;318;139;139;139;169;139;169;139;139;244;139;139;244;60;139;169;71;61;64;245;205;139;181;66;65;67;169;139;205;139;205;260;76;139;205;316;152;139;318;139;139;84;54;139;139;139;139;139;205;64;139;139;43;139;59;139;318;73;74;169;61;228;139;244;139;110;59;139;185;139;59;138;61;139;59;61;318;74;139;72;169;244;169;169;139;139;139;78;205;139;167;139;318;169;291;244;67;318;169;68;244;139;139;139;206;139;244;318;169;244;44;318;318;244;185;139;160;61)
seed_22_level_6-2,1279,28316.783403635025,55113522,6591,(158;139;139;43;139;69;139;43;139;139;139;43;169;318;72;109;139;139;275;64;169;79;156;68;139;139;201;205;139;318;169;169;139;139;139;139;139;139;318;205;139;244;169;139;139;139;318;205;59;139;139;139;139;139;169;139;139;139;66;170;139;139;61;64;318;139;59;66;139;59;139;139;139;244;59;205;139;74;139;70;139;74;139;318;158;169;139;154;139;169;69;139;244;318;169;244;318;71;184;68;169;60;316;72;139;139;141;69;139;75;205;139;52;154;67;75;168;53;139;324;139;139;139;291;72;139;139;139;139;244;169;156;44;244;157;72;230;44;244;169;157;244;69;166;244;244;169;78)
seed_22_level_6-2,1279,29018.701101779938,57123284,6739,(158;62;61;139;139;43;59;139;139;139;169;139;316;60;169;139;139;169;139;211;139;139;139;139;318;139;160;151;139;52;67;318;169;143;61;244;139;139;139;139;139;139;70;59;69;75;169;139;318;74;139;139;74;60;139;73;139;70;58;139;139;139;139;205;139;74;276;139;139;139;66;54;139;139;139;69;256;169;110;169;68;139;68;54;318;139;57;318;139;169;59;139;139;139;58;139;60;57;139;318;58;169;139;291;139;169;180;318;244;169;244;214;67;224;309;318;139;63;169;353;206;244;166;60;139;139;61;318;169;244;169;139;169;205;155;67;169;169;169;139;169;65;169;139;139;169;139;139)
seed_22_level_6-2,1279,29708.769369125366,59050488,6887,(158;205;139;44;63;139;52;132;139;139;139;77;43;139;318;169;59;212;139;169;205;169;59;299;61;139;139;59;73;139;59;275;158;139;139;205;139;107;54;139;65;196;59;139;139;139;139;139;318;59;139;169;139;77;244;163;182;139;61;59;64;59;139;169;139;68;316;139;205;139;139;169;52;60;205;71;139;52;169;54;139;82;55;318;318;139;139;139;70;244;73;139;139;139;78;75;139;139;59;139;139;233;318;44;139;67;70;139;139;244;139;55;139;139;169;139;169;139;139;139;169;293;309;318;151;139;139;77;244;139;139;244;139;153;139;69;139;244;244;155;139;80;139;43;318;244;244;243)
seed_22_level_6-2,1330,30407.94069623947,61441652,7037,(158;139;139;104;139;101;44;139;139;55;139;139;139;139;67;61;43;316;139;43;150;75;55;52;141;169;139;139;65;244;169;75;64;171;139;169;139;318;65;139;154;169;169;205;139;179;139;151;169;139;139;244;169;139;139;139;139;169;77;276;139;139;52;107;318;139;244;139;67;139;43;139;139;139;177;139;139;169;139;318;59;73;61;139;169;169;139;139;139;139;139;169;139;59;139;169;43;61;139;61;299;139;169;169;139;139;169;215;79;139;139;78;169;139;59;205;139;111;79;135;169;309;244;139;169;139;168;145;244;271;255;316;169;139;139;318;229;71;318;63;75;74;139;139;76;285;1001;100;100;100)
seed_22_level_6-2,1330,31057.18134379387,63220372,7187,(158;100;100;100;100;52;63;100;100;100;65;100;78;100;52;100;100;100;100;280;59;71;158;100;59;158;158;190;73;158;44;100;100;229;158;100;100;68;73;100;100;76;100;316;70;174;100;158;82;100;100;100;71;100;100;85;158;190;229;100;100;100;73;158;74;275;100;100;67;100;100;100;100;67;158;100;190;76;190;100;100;100;63;100;158;100;100;132;100;280;58;229;100;100;100;166;42;100;100;100;158;158;100;100;229;48;156;53;201;190;100;100;158;100;152;1001;100;100;100;75;197;229;190;158;100;190;78;100;229;100;58;100;100;49;76;100;100;403;119;57;100;187;42;75;100;190;100;100;49;76)
seed_22_level_6-2,1330,31692.387397766113,64827151,7339,(158;100;100;100;100;100;100;52;42;61;50;100;53;44;122;72;77;100;100;64;280;67;100;59;100;71;100;100;100;133;60;100;100;158;100;68;100;59;100;100;100;158;57;59;100;276;100;100;100;61;100;100;70;100;190;69;100;79;71;190;80;100;62;100;100;100;80;100;158;100;316;100;100;160;56;100;158;100;59;63;158;71;158;79;52;100;100;100;80;100;55;159;53;152;1001;161;61;229;260;189;100;100;44;62;280;157;72;100;100;63;100;100;100;100;100;100;229;44;100;59;100;73;44;100;66;280;160;100;158;100;64;160;100;229;73;100;100;100;159;100;100;158;69;42;100;229;100;229;100;100;158;158)
seed_22_level_6-2,1330,32344.723707675934,66221431,7487,(158;44;100;100;44;100;100;100;100;100;100;100;100;100;100;100;100;100;100;316;159;160;100;191;158;100;100;75;203;100;126;280;42;158;84;158;59;100;100;190;100;100;276;73;100;100;56;72;100;53;100;100;190;100;72;100;71;100;100;100;100;100;100;100;158;70;280;100;158;148;158;59;158;100;100;137;100;70;100;158;59;100;100;100;100;100;100;100;158;158;280;100;100;100;79;70;100;158;100;158;100;100;61;100;100;158;62;229;100;100;190;190;79;100;100;100;190;100;253;229;58;190;190;280;190;158;70;229;100;100;190;100;280;88;100;158;100;42;47;280;280;61;190;158;100;229;63;100)
seed_22_level_6-2,1330,33003.496351242065,68081996,7638,(158;42;100;229;64;100;100;100;100;100;100;100;100;100;100;100;44;100;100;100;275;71;100;100;100;53;78;53;158;100;89;65;56;71;71;81;68;56;100;100;134;100;280;147;73;136;57;100;76;100;71;158;100;149;229;100;157;158;151;100;100;100;59;100;73;100;100;280;206;158;100;100;100;158;69;100;100;158;158;158;100;190;224;158;229;158;121;229;100;100;229;158;158;100;316;100;158;229;63;42;100;100;100;158;65;67;158;100;44;100;100;100;53;59;174;100;158;190;158;70;1001;158;69;160;149;100;403;166;67;44;100;47;62;49;61;73;58;158;100;229;264;75;100;267;152;69;119;61;100;243;78)
seed_22_level_6-2,1330,33659.6477060318,69872113,7788,(276;70;59;100;100;60;66;42;100;66;130;100;54;53;100;100;48;64;48;100;158;100;100;100;100;42;100;44;44;100;100;100;100;100;100;44;100;100;100;100;100;316;66;100;155;100;100;100;100;165;100;196;53;42;100;100;64;100;100;100;42;158;158;100;73;280;100;100;100;100;69;158;100;100;100;100;100;69;100;78;229;140;100;66;100;73;158;96;100;69;63;280;158;100;158;158;229;42;280;158;100;158;158;158;100;158;158;100;158;229;158;100;100;78;158;158;70;158;42;158;1001;70;229;110;154;237;100;202;100;229;70;65;229;229;158;74;190;100;276;100;65;100;100;100;47;100;280;118;229;100)
seed_22_level_6-2,1330,34319.11680960655,71312839,7938,(158;100;100;100;100;100;100;100;100;42;100;100;42;100;73;100;100;100;100;100;276;100;69;69;100;100;71;100;78;62;158;229;100;100;100;158;71;100;100;316;57;100;53;100;72;53;100;100;158;100;100;100;100;73;69;100;100;229;100;100;229;100;280;50;100;100;158;59;168;148;100;100;158;100;158;59;158;158;42;100;100;100;100;100;100;100;100;280;69;280;158;229;75;126;158;229;70;158;67;190;158;207;69;73;100;158;100;100;126;194;100;211;191;158;229;69;158;253;63;100;190;229;280;229;89;191;100;100;66;267;72;190;190;100;100;68;159;190;229;229;69;100;100;190;100;100;158;100;75;100)
seed_22_level_6-2,1330,34953.61103487015,72633612,8087,(158;100;100;100;100;42;100;100;44;100;100;100;100;42;100;100;42;100;42;276;100;100;100;64;100;42;100;100;100;71;100;190;100;100;72;100;100;100;100;100;316;100;100;100;42;61;100;53;100;100;100;100;59;69;69;100;63;100;100;78;100;100;280;158;100;100;100;100;61;100;100;100;61;100;59;100;100;100;100;68;42;78;100;100;100;158;267;280;100;44;42;100;229;70;190;229;151;190;100;100;158;100;158;229;386;229;229;100;260;280;229;100;188;72;190;100;152;141;280;100;64;68;210;62;220;42;100;58;66;229;66;158;158;100;100;100;159;100;42;100;100;158;158;100;100;123;158;121;100)
seed_22_level_6-2,1330,35604.53285622597,74193948,8237,(316;229;100;100;59;100;67;100;100;70;46;56;78;55;158;71;66;100;68;44;67;64;190;100;63;276;64;67;100;100;100;100;100;100;100;100;100;100;100;56;100;100;158;71;78;100;100;71;100;158;280;158;152;100;229;61;100;229;100;100;229;158;72;100;65;100;73;204;100;59;100;151;100;46;158;42;59;280;42;125;190;100;73;100;100;100;158;229;158;163;162;158;158;75;158;100;100;158;100;100;100;100;100;100;100;229;68;100;229;270;100;190;158;151;158;100;100;229;190;190;280;229;269;100;60;100;49;280;190;229;229;100;190;100;100;190;100;100;259;190;280;150;229;158;229;61;229;70;100;100)
seed_22_level_6-2,1330,36267.81251215935,75787561,8386,(276;100;89;81;100;100;69;100;100;54;100;71;100;76;100;100;158;100;151;77;55;83;100;100;316;158;100;159;55;64;100;158;100;100;100;100;100;74;100;67;150;68;60;100;100;56;100;131;280;100;55;100;63;100;280;280;100;158;48;158;280;158;158;100;59;158;67;229;190;70;69;158;100;158;158;158;124;100;100;280;158;158;100;67;100;160;158;42;60;100;100;100;61;158;100;100;158;61;60;158;100;100;59;100;59;60;59;158;386;100;158;100;158;61;100;229;229;240;280;77;280;280;229;190;100;229;190;100;190;229;61;280;280;100;158;158;229;100;100;65;235;100;100;158;100;158;100;154;100)
seed_22_level_6-2,1330,36935.770391225815,77447379,8536,(275;190;100;63;60;190;110;120;66;63;190;100;100;100;68;100;67;79;100;54;100;158;76;280;100;100;59;78;73;316;100;100;56;189;100;100;100;100;100;68;158;73;76;100;151;100;100;100;100;100;100;69;229;52;68;61;42;100;158;100;280;75;100;158;158;100;100;100;167;76;100;100;100;229;158;100;190;229;149;100;158;158;100;190;158;100;100;100;158;100;229;100;100;100;100;100;161;158;158;158;270;70;100;280;61;100;139;100;100;190;100;229;100;100;61;190;100;100;280;158;64;100;66;246;229;100;100;76;100;100;280;190;44;280;229;100;100;280;280;280;280;190;100;100;190;229;280;158;268;100)
seed_22_level_6-2,1330,37607.768115758896,79156241,8686,(316;52;190;100;100;100;70;68;72;58;158;170;72;67;100;100;52;63;100;100;100;100;56;100;53;53;62;100;158;65;100;154;275;54;100;100;100;100;74;72;59;229;100;100;100;100;100;53;100;59;100;52;71;53;100;59;55;190;100;100;57;55;54;280;100;158;100;280;158;73;100;229;158;190;158;158;58;158;125;158;158;158;100;100;100;100;229;100;158;229;100;229;183;100;158;100;55;63;154;100;158;158;244;280;100;187;100;100;100;229;190;229;100;246;100;100;280;100;280;100;100;229;100;229;100;280;100;61;280;100;100;229;229;100;158;190;229;280;100;158;280;190;100;100;190;235;222;158;280;263)
seed_22_level_6-2,1330,38297.658371925354,81011487,8836,(276;52;158;100;63;192;71;158;100;60;100;62;109;100;100;72;145;100;100;100;100;100;100;100;100;100;100;76;100;59;100;100;100;120;100;118;280;100;100;100;158;42;158;65;158;192;100;100;53;100;100;158;100;158;158;100;158;100;147;158;190;158;190;169;158;100;58;158;158;100;184;158;158;122;100;100;100;229;100;59;158;100;100;100;158;100;263;403;280;154;280;237;231;280;158;100;229;260;100;100;280;280;100;100;100;100;229;73;229;158;100;232;100;159;280;100;280;100;61;280;66;190;173;100;229;316;229;44;100;69;100;100;158;280;100;100;201;158;100;158;100;100;100;59;229;190;63;229;272;239)
seed_22_level_6-2,1330,39009.4178750515,83293242,8986,(280;143;100;100;158;158;229;56;100;229;158;229;141;144;100;159;100;158;55;100;100;100;65;100;158;163;100;44;158;165;147;62;158;280;158;100;100;100;100;100;160;158;158;100;100;100;100;158;280;100;158;100;193;100;100;158;100;100;100;68;280;280;154;229;403;280;280;155;280;100;224;229;280;61;198;100;267;61;100;100;65;100;158;100;100;100;158;100;190;280;100;190;62;100;158;100;280;100;61;139;100;280;199;280;280;158;100;190;280;215;190;65;229;100;280;62;158;229;100;280;229;100;100;280;258;158;157;280;190;100;100;59;232;245;229;229;100;226;280;158;100;244;100;190;280;89;229;100;229;100)
seed_22_level_6-2,1330,39700.79456448555,85226458,9136,(280;100;100;100;158;100;100;158;149;205;100;100;212;100;100;158;100;42;158;100;100;100;211;100;155;158;57;60;59;158;100;100;100;100;100;100;280;100;158;190;100;100;158;100;158;100;100;100;158;100;100;190;158;74;100;100;100;100;143;158;100;158;158;80;158;403;240;158;100;280;158;100;158;63;229;229;158;280;242;190;229;100;100;158;280;73;100;63;61;280;100;66;280;158;100;100;158;61;100;283;100;59;62;280;100;229;229;280;100;100;82;100;158;229;232;100;100;158;42;100;100;100;243;229;280;158;100;78;100;229;100;100;169;81;280;100;61;280;260;100;158;158;68;280;280;159;252;100;206;76)
seed_22_level_6-2,1330,40387.02926540375,86895637,9286,(280;100;100;158;100;100;143;100;100;100;67;158;158;100;100;100;100;100;158;100;100;100;158;158;100;190;158;229;58;63;158;73;100;49;100;229;100;280;158;158;44;158;158;100;100;100;158;100;100;100;100;190;100;190;190;157;100;100;157;100;100;158;100;158;403;100;100;229;100;100;71;100;229;100;154;229;66;157;100;56;58;100;100;229;100;100;280;100;100;100;61;100;280;154;100;100;63;63;280;65;100;158;190;68;190;229;280;158;198;68;280;100;223;100;100;100;158;156;100;100;100;235;100;158;65;280;280;61;61;100;100;58;59;139;100;100;59;190;100;229;44;121;158;280;64;229;100;76;218;245)
seed_22_level_6-2,1330,41051.13477087021,88569577,9436,(280;52;42;100;158;158;100;100;149;100;158;100;229;158;158;100;100;158;100;158;100;79;158;100;158;100;158;50;100;100;159;100;158;160;159;100;193;42;100;158;158;229;100;42;42;62;280;78;100;100;55;154;139;100;158;158;152;164;44;158;158;100;100;44;154;42;403;158;229;229;100;243;100;158;100;82;100;220;100;100;65;158;229;304;100;100;158;123;61;100;229;179;100;100;280;100;73;100;190;68;100;100;232;100;68;100;100;203;190;70;100;149;100;100;191;100;229;280;229;100;100;158;100;100;226;74;100;100;148;100;100;158;100;280;155;100;42;158;229;280;158;70;190;229;100;169;147;158;100;100)
seed_22_level_6-2,1330,41712.70508313179,90155344,9586,(280;100;158;42;149;54;100;158;100;71;100;158;158;158;75;158;100;159;100;100;158;100;100;100;100;229;229;100;100;100;100;74;158;139;100;100;152;229;151;68;158;158;100;56;67;158;158;73;100;100;190;158;158;66;100;68;158;100;100;229;56;100;229;229;100;190;145;403;100;59;100;280;275;251;100;100;100;100;42;161;280;67;42;78;280;100;280;100;141;148;100;42;66;229;100;63;65;190;100;159;158;42;229;158;76;63;229;100;100;62;158;280;229;280;100;210;42;59;63;100;100;164;100;191;158;100;158;100;84;100;229;100;100;71;62;210;100;158;100;100;100;100;42;100;158;58;100;160;158;100)
seed_22_level_6-2,1330,42412.90261769295,92150625,9736,(280;100;100;158;100;126;100;158;158;190;158;158;100;158;100;158;100;177;100;229;195;100;100;65;100;100;100;100;100;190;42;100;158;158;65;229;59;229;158;158;100;157;147;229;100;100;42;100;229;100;100;100;229;100;55;212;66;55;100;100;229;156;158;100;158;78;100;190;100;158;403;280;138;235;158;146;271;158;190;100;229;280;100;229;247;82;61;280;71;70;100;42;100;100;100;229;100;280;280;100;229;229;229;190;229;100;71;100;100;100;42;42;232;100;44;229;42;100;184;280;229;100;158;229;280;229;78;144;190;63;158;100;158;100;190;100;280;280;70;100;44;280;280;100;100;100;100;191;153;190)
seed_22_level_6-2,1330,43126.5969247818,94427668,9886,(280;100;100;158;44;158;100;58;100;100;157;100;151;100;100;158;100;100;100;383;75;158;280;280;100;100;100;59;158;100;212;100;229;42;190;159;69;178;100;100;148;158;100;83;280;67;158;280;70;158;74;158;100;235;100;68;100;158;100;100;44;100;80;158;158;100;100;100;100;403;229;280;280;159;190;67;100;193;100;201;100;72;100;229;100;172;280;67;100;229;190;70;272;100;100;229;280;239;280;158;190;100;280;232;190;280;100;190;229;280;280;185;280;100;280;243;190;148;229;67;158;280;61;229;165;154;100;158;100;229;100;100;154;100;100;280;61;100;280;280;184;100;229;155;280;190;61;100;229;100)
seed_22_level_6-2,1330,43826.707870960236,96491783,10036,(383;158;190;190;280;158;100;68;280;158;100;100;100;158;64;100;100;53;100;100;53;100;193;190;190;100;100;174;100;100;100;53;100;158;158;100;158;100;158;100;100;100;160;100;56;100;100;191;100;100;214;53;100;158;190;100;76;100;100;158;66;100;70;100;158;403;184;229;63;100;65;190;229;190;158;202;188;258;100;59;100;190;66;158;190;158;158;100;58;174;142;100;100;100;280;169;100;229;229;236;100;229;165;229;100;63;158;61;280;229;100;280;100;100;280;280;158;239;158;158;229;280;190;100;280;229;190;61;229;42;280;63;100;280;158;100;42;59;232;42;229;59;280;229;229;229;185;100;145;158)
seed_22_level_6-2,1330,44519.059149980545,98500667,10186,(383;190;63;100;158;52;156;52;63;158;55;100;100;190;190;100;86;158;100;52;229;100;160;100;150;59;100;100;229;100;79;100;100;100;100;59;100;100;69;59;100;100;100;100;197;100;158;158;78;100;100;67;100;100;100;100;100;190;53;100;53;70;280;66;403;159;100;100;229;280;100;280;100;280;158;100;162;190;100;69;100;56;292;229;157;280;100;208;61;158;241;100;190;100;100;229;280;280;160;100;158;100;159;229;148;280;280;280;61;158;52;180;100;280;267;229;280;190;158;229;229;70;240;59;75;100;63;100;61;158;158;61;280;59;280;229;229;100;100;190;158;229;100;100;100;100;229;100;144;262)
seed_22_level_6-2,1330,45224.73338866234,100851982,10336,(383;229;100;48;280;274;53;125;59;54;229;100;100;229;100;165;194;224;280;204;72;100;100;100;220;61;59;76;68;193;75;280;77;100;148;158;77;169;100;158;54;193;158;129;78;100;63;67;42;193;158;100;61;100;100;229;162;158;100;229;100;403;280;100;229;280;280;280;42;262;100;63;100;229;100;100;280;231;280;280;100;61;100;152;100;62;280;156;100;100;100;65;44;158;229;158;100;100;42;146;190;100;190;158;229;280;233;67;229;280;280;42;229;280;229;44;229;280;100;100;160;129;158;190;100;229;190;100;100;100;229;100;100;158;100;173;229;280;61;158;280;280;229;280;229;158;154;233;229;158)
seed_22_level_6-2,1330,45925.12650179863,102999637,10486,(383;190;59;70;67;65;100;100;190;100;49;100;229;162;100;165;158;57;100;158;158;60;158;176;100;100;190;100;56;269;158;211;100;215;65;280;42;100;158;190;100;160;61;52;158;100;127;100;158;55;166;65;55;158;158;249;100;66;190;100;158;55;100;403;100;280;100;158;100;229;158;159;280;100;61;225;100;280;229;100;229;186;156;100;280;159;229;190;280;100;100;62;100;229;154;280;100;222;71;280;100;100;184;280;71;100;213;280;100;100;44;158;42;243;100;100;195;150;65;61;100;189;169;190;256;191;42;280;190;193;237;100;280;100;100;57;280;42;73;280;229;100;280;229;265;100;100;100;158;280)
seed_22_level_6-2,1330,46622.529982089996,105166018,10636,(383;158;213;100;225;229;100;100;62;76;215;100;100;190;100;158;100;190;158;100;42;100;190;59;100;59;158;123;100;100;100;190;154;158;149;68;42;75;100;100;209;100;190;190;85;156;69;229;100;100;215;75;100;100;100;229;158;204;100;100;155;100;100;100;403;229;280;254;100;229;66;124;100;100;100;158;100;229;100;71;155;100;280;100;100;280;100;280;100;280;280;100;100;100;61;63;100;61;265;159;100;100;229;229;280;233;229;280;44;158;233;100;280;100;100;100;203;100;100;229;229;158;229;229;100;61;280;280;100;143;100;100;100;280;78;280;158;100;65;229;229;229;229;280;159;224;280;100;190;61)
seed_22_level_6-2,1330,47296.77033114433,107152950,10786,(383;204;121;100;100;100;59;59;212;56;66;100;52;227;193;55;280;94;100;207;100;100;100;68;190;78;204;158;215;100;190;100;212;207;66;81;100;68;68;63;56;63;68;100;55;100;67;54;42;90;66;205;100;229;100;100;49;100;100;100;220;66;49;68;46;403;100;100;158;100;190;280;280;203;258;66;158;100;100;229;280;231;61;280;100;229;100;280;229;280;280;100;55;221;178;229;192;100;63;280;100;100;100;158;100;100;100;100;42;280;100;62;280;100;280;229;100;280;100;100;100;52;280;100;229;158;100;158;156;100;100;154;190;76;76;100;76;76;100;100;229;233;158;211;100;403;190;242;76;100)
seed_22_level_6-2,1330,48020.94383072853,109596038,10936,(383;100;158;68;195;71;203;100;229;280;158;100;100;198;100;197;280;158;100;229;100;100;223;168;158;100;56;100;158;158;100;158;190;100;193;100;42;217;229;119;100;100;58;142;44;64;125;191;52;42;208;100;280;100;191;190;158;190;229;100;58;70;52;158;403;250;229;100;100;229;100;158;100;158;100;161;158;100;100;280;100;100;229;280;190;280;280;196;61;46;219;100;229;151;100;229;158;160;280;240;158;229;229;229;100;229;190;280;280;280;63;100;280;280;42;76;100;280;100;280;280;158;280;100;148;42;189;260;100;158;190;229;158;100;280;100;100;234;158;100;229;280;150;100;280;100;214;100;229;188)
seed_22_level_6-2,1330,48727.68550515175,111828054,11086,(383;100;100;68;158;100;44;100;100;100;188;100;63;149;100;100;100;158;100;190;184;100;59;100;44;229;59;100;72;100;100;100;229;100;58;100;55;229;100;57;215;253;100;100;100;190;63;212;100;229;289;100;190;59;158;100;229;59;100;242;100;190;229;77;100;100;403;100;280;42;229;100;229;100;280;229;100;233;280;229;159;151;287;158;229;158;229;203;280;158;175;100;280;229;336;153;142;201;100;100;153;158;100;203;73;100;100;100;190;158;153;100;231;190;280;100;157;158;100;229;44;250;158;100;190;100;158;229;229;280;233;158;61;158;190;229;280;65;288;280;242;58;75;161;200;158;44;229;100;95)
seed_22_level_6-2,1330,49432.136412620544,113989091,11236,(383;121;68;72;58;74;216;67;100;100;59;61;100;194;190;100;209;158;220;100;100;63;100;100;44;100;70;62;158;190;100;155;193;100;100;100;221;229;226;120;158;100;100;190;222;155;100;100;229;73;100;190;55;100;119;216;100;100;100;100;65;100;100;100;42;336;229;63;72;193;100;225;59;100;100;100;280;100;234;280;280;60;280;229;229;200;100;158;155;280;100;280;100;280;242;150;100;146;100;158;62;229;162;100;280;100;63;100;226;280;100;65;229;229;60;100;233;170;233;229;144;280;280;280;198;75;100;100;206;280;100;100;100;280;100;229;158;100;100;229;280;158;100;245;280;100;100;270;76;229)
seed_22_level_6-2,1330,50120.7542924881,116059295,11386,(383;156;59;63;90;92;229;100;100;100;229;100;166;67;59;190;100;158;158;100;100;280;199;69;68;229;100;100;187;197;79;158;100;100;49;66;100;71;100;100;72;100;77;100;213;100;188;100;280;42;100;229;100;190;190;72;100;158;100;85;55;280;100;221;336;100;190;100;61;100;100;100;100;158;100;229;226;229;100;61;280;218;100;158;65;280;100;100;82;280;146;100;100;100;100;280;100;100;229;100;229;100;75;241;96;232;100;100;229;100;100;66;280;353;158;190;280;100;248;188;280;100;154;140;158;169;158;100;141;100;147;190;280;229;100;158;293;100;100;158;100;229;280;100;229;280;280;100;100;206)
seed_22_level_6-2,1330,50867.23453044891,118763424,11536,(383;100;193;229;100;58;100;190;227;142;229;78;59;100;70;100;169;282;154;229;63;229;280;66;59;158;198;70;71;218;100;186;100;137;100;229;190;158;100;119;159;72;203;158;68;280;59;229;158;58;59;68;203;280;280;229;280;190;100;100;100;100;69;100;100;336;98;100;195;100;100;156;100;260;297;233;100;100;100;100;100;229;229;79;280;208;100;71;280;158;228;280;280;150;158;280;229;229;280;236;190;280;158;229;155;280;100;158;229;280;210;100;202;63;244;280;59;100;190;280;245;63;185;100;229;229;100;229;158;158;100;280;202;280;250;280;229;63;189;280;154;280;190;100;203;100;280;280;280;291)
seed_22_level_6-2,1330,51583.67279982567,121177224,11686,(383;58;120;100;229;55;100;64;280;58;69;100;96;100;100;73;100;280;100;56;190;153;100;198;100;100;58;68;171;100;100;100;100;58;78;100;100;214;65;100;62;158;229;69;100;80;79;158;193;55;100;383;100;58;142;58;100;208;183;100;100;158;158;80;336;100;190;100;224;280;158;100;229;65;280;280;280;77;100;158;159;158;247;68;100;229;229;280;280;229;100;100;59;280;158;237;280;280;100;280;280;61;185;100;100;158;154;298;280;280;229;229;158;158;100;229;280;58;68;383;229;100;247;280;261;100;100;70;280;100;100;288;246;100;280;229;229;153;158;143;280;100;100;159;100;158;100;280;229;190)
seed_22_level_6-2,1330,52300.53177976608,123571499,11836,(383;100;70;195;158;100;155;62;229;100;170;100;67;59;100;158;229;100;100;213;229;229;208;81;100;100;68;66;63;149;190;229;235;100;280;100;158;59;160;61;55;100;100;100;229;100;158;159;158;208;153;100;72;144;100;100;158;100;100;229;158;336;158;229;100;100;76;229;100;204;100;280;100;100;261;76;52;100;100;185;190;280;58;100;262;96;190;63;44;282;280;100;158;190;100;158;229;185;263;158;100;100;383;158;42;126;229;100;73;100;229;190;158;100;383;248;100;229;262;280;154;235;229;311;100;71;305;158;158;280;190;280;158;100;100;280;280;158;190;190;158;100;158;280;247;158;229;61;237;261)
seed_22_level_6-2,1330,53000.66219472885,125751907,11986,(383;207;100;100;100;100;59;186;100;100;229;71;229;158;42;55;190;158;160;100;42;100;68;158;158;158;100;72;100;83;229;100;229;158;156;63;76;59;151;100;100;59;100;100;100;64;42;100;100;70;158;100;68;229;158;55;100;71;100;55;100;100;52;211;336;280;229;100;190;82;205;280;96;280;183;63;100;67;158;100;100;229;280;61;226;76;100;66;100;229;100;190;195;100;61;190;100;100;229;280;191;100;280;61;280;76;203;280;158;185;280;100;158;100;229;229;61;68;76;100;229;280;100;165;262;248;100;264;229;208;288;165;190;100;158;281;192;302;229;212;299;100;91;303;280;158;100;229;249;227)
seed_22_level_6-2,1330,53711.0879137516,128085043,12136,(383;100;100;158;190;159;100;205;100;158;100;158;56;100;172;100;75;100;100;280;146;58;55;42;158;158;60;100;66;158;71;74;148;100;100;158;69;100;59;158;100;100;67;100;55;100;59;158;100;190;158;72;212;100;66;100;100;66;190;158;158;336;280;280;61;100;280;100;100;280;100;280;100;185;280;403;229;229;61;64;142;190;158;100;248;229;76;60;261;100;100;44;158;229;261;229;229;229;280;203;100;100;403;280;100;100;280;248;158;61;100;219;280;158;246;185;280;100;229;100;203;100;280;55;280;184;158;100;100;100;100;190;185;229;76;158;190;100;100;403;266;158;189;202;185;276;190;185;158;61)
seed_22_level_6-2,1330,54446.32934498787,130690014,12286,(383;62;100;53;158;78;147;100;100;100;207;162;100;100;65;158;100;146;63;187;55;229;100;100;190;169;158;158;44;100;207;177;229;158;100;100;280;190;63;189;82;229;100;231;177;71;71;65;100;74;70;190;60;100;158;100;70;158;158;78;336;92;280;302;261;157;280;326;100;100;242;203;158;280;403;158;185;280;280;70;158;100;68;100;229;260;190;280;100;100;100;280;158;280;55;158;403;158;100;280;100;100;280;280;100;280;100;188;317;208;190;162;100;158;190;280;280;158;261;100;259;158;280;280;100;153;280;100;100;229;245;158;158;100;158;233;229;100;264;257;185;280;100;158;195;100;100;248;95;100)
seed_22_level_6-2,1330,55181.33580636978,133357080,12436,(383;190;142;58;100;67;60;100;190;159;70;156;79;157;280;158;211;74;280;280;55;199;100;190;166;100;158;67;100;123;59;62;280;59;55;55;100;63;100;100;80;229;184;147;67;69;100;369;100;155;100;100;60;159;72;52;152;96;147;100;100;336;61;229;158;286;190;100;158;280;280;100;76;188;76;280;241;280;100;280;280;100;280;196;100;225;261;229;229;158;280;260;100;190;100;234;62;100;100;205;154;280;280;100;76;275;280;100;280;254;281;158;229;185;158;263;100;280;229;246;229;100;158;280;241;280;100;200;262;229;280;100;280;280;280;100;229;100;67;280;280;100;100;100;229;158;229;280;78;185)
seed_22_level_6-2,1330,55921.49379110336,136040544,12586,(369;100;229;158;100;209;63;190;67;59;63;100;100;189;100;151;214;100;55;206;100;70;59;158;190;100;229;66;66;280;100;64;145;100;100;158;100;144;190;229;100;162;100;176;229;100;100;163;100;44;55;190;79;182;190;55;190;229;61;199;59;100;336;158;158;190;126;229;100;184;229;229;100;158;190;100;280;229;249;229;158;280;92;280;158;158;229;100;52;229;280;159;155;100;229;190;229;229;280;280;280;280;88;280;100;286;100;100;280;65;229;190;275;280;229;229;247;191;125;229;280;403;100;266;229;55;229;235;280;158;186;280;159;280;158;100;229;191;229;251;280;74;176;281;158;60;100;280;237;212)
seed_22_level_6-2,1330,56649.13747239113,138695734,12736,(369;285;238;100;100;70;100;158;158;100;100;100;158;100;100;42;100;100;53;190;210;100;66;48;158;156;100;100;158;59;100;100;59;62;190;65;229;158;100;60;100;100;100;100;100;100;100;100;100;64;92;100;203;100;156;100;229;55;100;100;100;336;280;229;190;280;280;65;287;280;280;229;188;289;280;100;280;100;190;158;302;280;303;190;280;52;229;100;100;280;403;280;158;190;158;203;229;263;226;158;158;100;100;158;76;185;63;229;280;100;158;186;280;280;61;229;251;167;280;191;297;100;280;229;243;198;76;100;229;229;280;100;280;231;185;262;100;186;229;55;42;403;190;158;245;248;100;65;257;158)
seed_22_level_6-2,1330,57395.34677696228,141525182,12886,(369;100;100;100;100;100;100;73;100;100;187;100;65;59;158;163;100;56;100;100;62;100;100;100;168;64;66;58;100;158;100;100;56;158;100;158;100;100;100;280;100;100;190;64;252;214;213;100;100;187;100;100;66;158;163;55;100;158;336;229;158;44;158;71;228;100;239;100;280;257;100;264;299;201;185;263;203;65;403;76;82;280;403;229;246;158;100;158;280;280;70;249;289;280;246;204;190;126;285;280;357;187;280;280;215;293;280;280;280;229;63;76;125;158;229;194;212;190;100;55;403;403;82;280;280;61;73;100;82;280;279;280;200;158;158;248;158;229;158;100;290;158;158;280;229;229;246;210;259;158)
seed_22_level_6-2,1330,58115.96452641487,144266356,13036,(369;164;100;100;62;100;64;158;204;280;64;229;63;100;158;62;100;100;69;158;100;168;222;100;53;229;229;100;229;158;100;158;158;158;100;173;100;100;100;58;190;158;100;100;190;229;100;158;100;100;158;63;65;190;190;229;336;280;280;158;100;100;188;212;159;63;158;66;190;158;64;159;255;403;44;403;63;158;280;229;193;280;100;205;154;63;302;365;403;158;203;280;280;267;78;157;229;100;92;229;190;63;158;100;280;229;64;229;280;100;202;298;207;158;244;64;165;59;189;275;100;185;249;100;280;280;68;100;100;219;100;100;280;55;158;100;280;205;158;280;100;280;190;191;403;280;202;229;186;254)
seed_22_level_6-2,1330,58833.93740439415,146915232,13186,(369;61;61;229;229;100;229;59;42;229;100;100;100;229;100;158;158;100;56;67;100;158;280;280;232;63;190;100;158;66;229;100;58;100;100;100;143;66;100;69;229;100;100;229;100;179;70;100;100;229;190;100;100;100;100;100;180;100;229;365;158;52;280;280;403;100;267;190;229;280;200;64;158;100;185;100;219;280;280;100;76;229;100;229;280;100;184;229;100;100;280;229;280;100;280;158;76;229;280;280;158;64;229;100;100;159;280;265;185;280;229;158;52;280;100;52;189;100;280;186;280;230;280;280;229;188;100;63;63;100;100;100;229;276;277;266;280;190;185;229;229;267;100;100;158;100;158;229;280;190)
seed_22_level_6-2,1330,59554.88457918167,149410887,13336,(369;229;228;158;158;280;65;208;66;196;158;229;158;100;158;63;100;100;61;204;66;63;158;64;100;100;229;208;190;229;280;160;66;154;58;229;229;190;229;100;58;100;229;155;62;158;69;229;229;59;100;100;59;56;100;137;100;186;65;229;156;365;273;52;258;280;218;152;66;284;229;63;158;158;186;158;227;52;280;190;100;72;57;100;158;280;158;158;65;190;159;229;64;158;158;280;190;100;193;223;192;100;241;52;158;63;100;342;184;231;100;229;229;63;190;216;82;280;158;158;158;100;64;100;100;280;280;55;100;55;100;100;280;155;158;158;403;100;158;190;209;280;280;100;280;280;280;240;215;267)
seed_22_level_6-2,1330,60259.63739776611,151670930,13486,(369;229;64;187;63;280;100;210;229;58;226;100;70;100;100;100;158;100;229;100;100;158;100;100;229;70;404;100;64;100;100;211;66;69;65;100;157;158;100;158;55;100;61;229;65;158;229;229;100;100;229;100;229;158;100;100;100;71;222;280;100;100;229;100;365;158;100;280;100;100;229;100;100;100;210;229;60;64;100;58;229;158;100;158;100;195;61;155;100;280;229;280;190;188;100;100;158;280;229;100;280;100;156;229;100;261;234;100;100;229;307;186;100;280;280;154;100;100;100;242;100;100;186;158;100;280;158;229;158;229;61;158;158;100;100;100;67;229;280;280;100;188;189;158;280;100;76;229;229;158)
seed_22_level_6-2,1330,60964.13270354271,153744955,13636,(369;100;229;204;227;100;190;100;162;100;280;190;100;158;158;100;158;100;151;100;100;42;201;100;229;229;100;212;186;158;100;190;100;215;158;229;168;215;100;280;70;66;158;229;100;100;280;229;190;56;304;353;158;61;353;229;229;100;100;66;100;229;100;100;100;100;190;365;158;100;100;100;100;100;89;65;266;100;158;100;155;229;100;229;76;100;159;74;100;100;280;100;69;100;100;190;155;100;100;280;100;100;100;169;53;58;183;199;100;100;100;100;58;158;100;100;158;100;229;229;100;100;164;100;100;100;218;202;229;100;100;229;100;100;217;100;72;55;158;363;229;100;280;64;100;100;229;229;64;100)
seed_22_level_6-2,1330,61651.622796058655,155800140,13786,(365;65;229;158;78;82;229;100;190;65;100;280;158;229;52;100;100;280;100;158;100;190;100;280;88;174;100;158;208;158;76;231;229;229;190;100;100;229;100;100;100;158;100;229;158;280;229;55;100;280;100;100;100;73;229;100;227;258;280;100;280;280;250;158;218;280;100;79;100;280;100;280;100;229;100;100;369;147;100;63;100;59;158;176;194;100;190;100;59;229;100;55;72;190;158;280;280;100;153;60;100;100;229;158;158;100;100;100;70;100;229;152;100;100;213;149;64;280;203;100;100;158;100;100;100;100;100;200;100;100;100;65;57;100;195;61;170;158;100;100;158;100;189;68;158;190;100;100;100;235)
seed_22_level_6-2,1330,62362.60662698746,158095848,13936,(369;100;200;100;100;158;193;215;280;100;66;229;60;229;229;100;158;190;250;100;280;158;229;280;100;100;59;100;156;100;158;100;190;100;61;179;79;100;158;158;100;207;100;158;158;229;158;153;202;59;158;100;100;65;100;229;100;100;100;176;100;100;100;209;229;280;158;100;158;215;365;100;219;191;158;100;280;280;190;100;100;229;191;181;280;229;169;189;100;280;239;100;229;52;100;257;61;100;159;100;280;189;211;191;100;280;100;100;126;190;280;280;92;228;229;65;100;100;217;100;100;229;100;280;280;163;100;156;100;100;100;100;280;183;100;212;100;90;100;100;176;62;280;100;100;154;229;100;280;100)
seed_22_level_6-2,1330,63043.086586236954,160168894,14086,(369;100;161;62;229;158;100;69;64;196;150;229;42;100;100;100;59;55;100;100;158;158;229;100;100;144;100;100;100;229;100;100;100;280;100;280;64;71;209;100;191;246;152;100;230;155;100;229;100;100;59;100;59;100;229;59;190;100;100;100;214;100;280;100;100;78;100;365;261;100;263;100;100;100;187;100;158;64;158;232;259;280;100;229;267;261;158;64;100;73;211;158;225;78;67;229;100;55;252;158;280;225;79;158;229;302;280;198;56;158;100;55;100;229;76;100;319;100;189;227;100;280;100;55;188;229;287;280;100;64;190;229;100;100;64;100;100;158;100;229;100;58;100;229;100;100;100;100;100;203)
seed_22_level_6-2,1330,63727.30494236946,162173170,14236,(369;100;190;193;100;280;63;283;100;100;189;100;229;100;52;403;292;100;202;158;123;100;190;158;42;158;158;100;52;158;190;100;100;191;100;100;100;200;100;85;100;100;221;72;100;100;190;63;100;100;151;100;100;59;100;100;100;190;42;229;100;100;158;100;100;100;100;100;365;100;100;100;280;280;197;100;266;100;100;76;100;55;100;190;188;265;100;100;280;100;100;100;311;158;100;53;100;280;100;100;100;197;100;100;158;67;100;190;100;52;100;229;76;100;100;190;280;100;100;100;268;190;300;123;100;280;265;100;100;76;100;100;229;383;118;158;55;184;100;55;190;186;158;100;295;149;100;100;280;56)
seed_22_level_6-2,1330,64407.590211868286,164352885,14386,(369;158;100;197;63;100;170;100;172;100;280;66;59;65;229;100;100;280;100;100;100;81;100;100;57;55;229;158;100;229;100;214;100;100;100;100;100;158;190;100;100;97;66;100;280;158;70;190;280;229;72;100;58;100;65;229;60;100;100;246;100;229;100;100;100;100;100;158;100;188;365;221;100;271;157;280;280;100;355;158;266;190;190;158;55;280;403;280;100;158;190;100;266;266;100;100;190;280;100;158;100;221;277;60;233;100;52;59;100;100;100;229;59;284;353;100;100;241;65;100;154;100;100;100;100;100;229;100;100;100;280;100;100;146;263;229;100;190;100;70;100;64;100;187;100;229;280;190;100;100)
seed_22_level_6-2,1330,65075.27977204323,166255328,14536,(369;280;206;100;220;56;280;55;280;59;59;174;100;100;280;100;100;100;100;100;100;100;290;100;100;100;100;100;100;100;158;100;229;100;100;158;100;190;100;78;61;100;100;100;229;100;383;100;100;229;165;100;229;100;100;59;100;207;164;100;100;206;100;100;205;100;212;229;280;365;78;190;267;52;98;263;60;100;100;100;100;243;280;264;55;92;100;65;187;100;100;100;100;100;163;100;100;269;229;100;100;100;100;100;100;100;60;229;60;100;100;100;100;64;264;100;229;100;266;100;280;219;100;280;100;100;52;100;100;235;100;100;263;100;216;158;280;100;100;100;69;100;91;100;65;100;62;247;57;100)
seed_22_level_6-2,1330,65763.735298872,168344180,14686,(365;62;280;76;100;55;100;158;100;100;229;158;100;136;100;158;266;266;100;100;52;184;100;100;100;266;228;275;100;280;280;100;100;100;100;158;259;158;76;100;77;76;100;61;229;100;100;100;229;190;100;100;220;100;100;251;100;66;229;100;100;76;188;100;100;100;280;273;100;229;100;280;229;266;268;100;100;369;100;100;192;164;65;100;280;280;280;47;58;229;190;65;353;100;158;158;100;229;100;100;100;47;162;100;158;58;229;229;229;229;100;190;44;177;192;100;190;59;229;100;353;100;100;100;100;49;100;57;64;100;229;100;100;58;280;158;158;100;209;66;49;100;100;100;229;100;100;100;220;100)
seed_22_level_6-2,1330,66432.79830670357,170196972,14836,(369;229;100;44;229;229;280;100;100;161;280;100;100;100;60;100;245;67;65;158;100;100;100;100;100;158;51;100;64;55;67;158;158;100;229;100;100;58;229;158;145;100;100;280;63;100;100;100;100;100;57;100;100;148;229;100;100;64;100;201;229;280;229;158;158;100;59;55;100;100;100;158;365;100;100;229;63;125;100;280;229;262;100;100;100;100;100;280;208;158;75;100;100;266;100;58;100;58;100;229;100;62;100;403;100;100;100;42;195;100;236;244;74;100;225;100;100;60;55;62;229;100;68;190;73;267;44;100;100;125;100;100;258;158;256;266;100;158;280;100;158;100;205;100;280;60;100;100;100;190)
seed_22_level_6-2,1330,67093.58262133598,171932967,14986,(369;100;100;63;100;100;100;100;280;100;100;158;158;229;229;280;59;280;100;100;211;229;100;55;64;65;100;280;100;100;71;158;57;100;58;100;100;56;55;100;158;190;229;100;68;100;66;229;100;158;229;100;158;100;100;100;100;70;70;42;158;58;280;158;154;229;59;100;229;100;229;65;100;365;229;100;100;190;52;55;190;127;42;165;100;188;100;76;190;229;158;229;100;280;100;100;52;126;100;280;58;100;100;190;158;153;100;100;100;100;100;100;100;266;58;158;157;55;160;100;100;100;58;229;100;100;100;269;229;237;100;220;152;158;190;229;100;68;158;100;190;100;63;100;100;190;100;100;158;190)
