seed_28_level_6-2,558,533.4676477909088,1580373,150,(1001;1001;42;59;43;96;83;108;47;47;108;45;68;44;57;44;108;45;108;108;108;108;108;108;53;108;59;69;108;108;108;108;108;76;75;45;44;44;73;108;108;44;53;108;108;182;114;114;114;114;73;114;60;114;42;114;51;114;114;114;52;52;47;61;45;114;114;43;114;114;47;114;47;114;114;51;95;114;114;114;114;72;43;114;67;114;114;114;114;68;114;114;42;67;42;114;109;101;101;101;101;43;43;101;101;101;53;43;74;101;149;59;96;96;96;71;96;96;96;96;96;96;96;42;42;42;42;96;42;96;42;96;42;96;59;96;59;96;42;42;175;96;42;96;49;51;96;67;43;96)
seed_28_level_6-2,558,1049.5309817790985,2078309,300,(42;42;42;42;42;43;42;42;42;42;42;42;43;42;43;42;42;42;42;42;43;42;42;43;42;43;43;43;42;42;47;45;45;47;47;51;49;51;51;51;51;51;52;52;96;59;59;59;66;67;67;55;69;71;72;49;74;95;96;96;96;96;96;96;96;96;96;96;96;96;96;96;96;96;96;96;96;96;96;96;96;96;96;96;96;96;96;96;96;96;96;96;96;96;96;96;96;96;96;96;96;96;96;96;96;96;96;96;96;96;96;96;96;96;96;96;96;96;96;96;96;96;96;96;96;96;96;96;96;96;96;96;96;96;96;96;59;71;68;57;74;72;59;60;61;83;153;110;175;149)
seed_28_level_6-2,558,1559.9789657592773,2579462,450,(42;42;42;42;42;42;42;42;42;42;42;43;42;42;42;42;42;43;42;42;42;42;43;43;43;42;42;42;43;42;47;47;47;47;47;49;49;51;51;51;51;51;51;96;52;55;59;59;59;66;67;67;67;71;72;74;95;96;96;96;96;96;96;96;96;96;96;96;96;96;96;96;96;96;96;96;96;96;96;96;96;96;96;96;96;96;96;96;96;96;96;96;96;96;96;96;96;96;96;96;96;96;96;96;96;96;96;96;96;96;96;96;96;96;96;96;96;96;96;96;96;96;96;96;96;96;96;96;96;96;96;96;96;96;96;96;59;71;68;73;58;74;59;60;61;83;153;109;175;149)
seed_28_level_6-2,558,2066.330629825592,3082609,600,(42;42;42;42;42;42;42;42;42;42;42;42;42;42;42;42;42;43;43;43;42;43;43;43;42;42;42;42;43;42;47;45;47;47;45;49;49;51;51;51;51;51;53;52;55;59;59;59;66;67;67;67;71;72;74;95;52;96;96;141;96;96;96;96;96;96;96;96;96;96;96;96;96;96;96;96;96;96;96;96;96;96;96;96;96;96;96;96;96;96;96;96;96;96;96;96;96;96;96;96;96;96;96;96;96;96;96;96;96;96;96;96;96;96;96;96;96;96;96;96;96;96;96;96;96;96;96;96;96;96;96;96;96;96;96;96;59;71;68;58;74;72;59;60;61;82;153;110;175;149)
seed_28_level_6-2,558,2578.539501428604,3577908,750,(42;42;42;42;42;42;42;42;42;42;42;42;42;42;42;42;42;43;42;43;42;43;43;42;43;42;42;43;43;42;47;47;45;47;45;49;49;50;51;51;51;51;52;52;51;67;59;59;59;66;67;67;69;71;72;74;95;52;96;96;96;96;96;96;96;96;96;96;96;96;96;96;96;96;96;96;96;96;96;96;96;96;96;96;96;96;96;96;96;96;96;96;96;96;96;96;96;96;96;96;96;96;96;96;96;96;96;96;96;96;96;96;96;96;96;96;96;96;96;96;96;96;96;96;96;96;96;96;96;96;96;96;96;96;96;59;71;68;73;57;74;59;60;61;83;96;153;109;175;149)
seed_28_level_6-2,558,3091.211042881012,4082462,900,(42;42;42;42;42;42;42;42;42;42;42;42;42;42;42;42;42;42;43;43;42;43;43;43;42;43;43;42;43;42;45;45;45;47;45;73;49;51;51;51;47;51;53;52;52;96;59;59;59;66;67;67;55;69;71;72;74;95;96;96;96;96;96;96;96;96;96;96;96;96;96;96;96;96;96;96;96;96;96;96;96;96;96;96;96;96;96;96;96;96;96;96;96;96;96;96;96;96;96;96;96;96;96;96;96;96;96;96;96;96;96;96;96;96;96;96;96;96;96;96;96;96;96;96;96;96;96;96;96;96;96;96;96;96;96;141;59;71;68;58;74;73;59;60;61;83;153;110;175;149)
seed_28_level_6-2,558,3604.0941252708435,4582599,1050,(42;42;42;42;42;42;42;42;42;42;42;42;42;42;42;42;42;43;43;42;42;43;43;43;43;42;43;42;43;43;47;47;47;47;47;51;49;50;51;51;51;52;52;53;67;59;59;59;66;67;67;67;71;72;73;74;95;96;96;96;96;96;96;96;96;96;96;96;96;96;96;96;96;96;96;96;96;96;96;96;96;96;96;96;96;96;96;96;96;96;96;96;96;96;96;96;96;96;96;96;96;96;96;96;96;96;96;96;96;96;96;96;96;96;96;96;96;96;96;96;96;96;96;96;96;96;96;96;96;96;96;96;96;96;96;59;71;68;57;74;73;59;60;61;82;96;153;109;175;149)
seed_28_level_6-2,558,4118.0666172504425,5085472,1200,(42;42;42;42;42;42;42;42;42;42;42;42;42;42;42;42;42;43;42;43;43;43;42;43;42;42;43;43;43;42;45;45;45;47;47;49;51;47;51;51;51;52;52;51;59;59;59;66;67;67;55;67;71;72;49;74;95;96;96;96;96;96;96;96;96;96;96;96;96;96;96;96;96;96;96;96;96;96;96;96;96;96;96;96;96;96;96;96;96;96;96;96;96;96;96;96;96;96;96;96;96;96;96;96;96;96;96;96;96;96;96;96;96;96;96;96;96;96;96;96;96;96;96;96;96;96;96;96;96;96;96;96;96;96;96;141;59;71;68;58;74;73;59;60;61;82;153;110;175;149)
seed_28_level_6-2,558,4631.447589159012,5589714,1350,(42;42;42;42;42;42;42;42;42;42;42;42;42;42;42;42;42;43;43;42;42;42;43;43;42;43;43;43;43;43;45;47;47;45;47;47;73;49;50;51;51;51;51;52;96;55;59;59;59;66;67;67;67;71;72;74;95;52;96;96;96;96;96;96;96;96;96;96;96;96;96;96;96;96;96;96;96;96;96;96;96;96;96;96;96;96;96;96;96;96;96;96;96;96;96;96;96;96;96;96;96;96;96;96;96;96;96;96;96;96;96;96;96;96;96;96;96;96;96;96;96;96;96;96;96;96;96;96;96;96;96;96;96;96;96;59;71;68;57;74;73;59;60;61;82;141;153;109;175;149)
seed_28_level_6-2,558,5139.807833433151,6085715,1500,(42;42;42;42;42;42;42;42;42;42;42;42;42;42;42;42;42;43;43;42;42;42;43;42;42;42;43;42;43;43;45;45;45;47;47;51;49;50;51;51;51;51;52;52;55;59;59;59;66;67;67;69;71;72;73;74;95;52;96;96;96;96;96;96;96;96;96;96;96;96;96;96;96;96;96;96;96;96;96;96;96;96;96;96;96;96;96;96;96;96;96;96;96;96;96;96;96;96;96;96;96;96;96;96;96;96;96;96;96;96;96;96;96;96;96;96;96;96;96;96;96;96;96;96;96;96;96;96;96;96;96;96;96;96;96;59;71;68;57;74;73;59;60;61;83;96;153;110;175;149)
seed_28_level_6-2,558,5653.254680633545,6587670,1650,(42;42;42;42;42;42;42;42;42;42;42;42;42;42;42;42;42;42;43;42;43;42;42;43;43;43;42;43;43;43;47;47;47;47;45;49;51;51;51;51;51;53;52;96;96;67;59;59;59;66;67;67;67;71;72;49;74;95;96;96;96;96;96;96;96;96;96;96;96;96;96;96;96;96;96;96;96;96;96;96;96;96;96;96;96;96;96;96;96;96;96;96;96;96;96;96;96;96;96;96;96;96;96;96;96;96;96;96;96;96;96;96;96;96;96;96;96;96;96;96;96;96;96;96;96;96;96;96;96;96;96;96;96;96;96;96;59;71;68;57;74;72;59;60;61;83;153;110;175;149)
seed_28_level_6-2,558,6167.209006309509,7085012,1800,(42;42;42;42;42;42;42;42;42;42;42;42;42;42;42;42;42;42;42;43;43;42;43;42;42;42;42;42;42;43;45;45;47;45;45;49;49;50;47;51;51;51;52;51;59;59;59;66;67;67;55;69;71;72;74;95;52;96;96;96;96;96;96;96;96;96;96;96;96;96;96;96;96;96;96;96;96;96;96;96;96;96;96;96;96;96;96;96;96;96;96;96;96;96;96;96;96;96;96;96;96;96;96;96;96;96;96;96;96;96;96;96;96;96;96;96;96;96;96;96;96;96;96;96;96;96;96;96;96;96;96;96;96;96;96;96;59;71;68;72;57;74;59;60;61;83;153;110;175;149)
seed_28_level_6-2,558,6679.98788690567,7584015,1950,(42;42;42;42;42;42;42;42;42;42;42;42;42;42;42;42;42;43;43;43;43;42;43;43;43;42;43;42;42;42;45;47;47;47;45;51;73;49;51;47;51;51;51;52;52;55;59;59;59;66;67;67;69;71;72;74;95;96;96;96;96;96;96;96;96;96;96;96;96;96;96;96;96;96;96;96;96;96;96;96;96;96;96;96;96;96;96;96;96;96;96;96;96;96;96;96;96;96;96;96;96;96;96;96;96;96;96;96;96;96;96;96;96;96;96;96;96;96;96;96;96;96;96;96;96;96;96;96;96;96;96;96;96;96;96;96;59;71;68;72;57;74;59;60;61;82;153;109;175;149)
seed_28_level_6-2,558,7198.999475955963,8078402,2100,(42;42;42;42;42;42;42;42;42;42;42;42;42;42;42;42;42;42;42;43;42;42;42;42;43;42;42;43;43;42;45;45;47;47;47;51;49;50;47;51;51;53;52;52;55;59;59;59;66;67;67;67;71;72;49;74;95;52;96;96;96;96;96;96;96;96;96;96;96;96;96;96;96;96;96;96;96;96;96;96;96;96;96;96;96;96;96;96;96;96;96;96;96;96;96;96;96;96;96;96;96;96;96;96;96;96;96;96;96;96;96;96;96;96;96;96;96;96;96;96;96;96;96;96;96;96;96;96;96;96;96;96;96;96;96;96;59;71;68;73;58;74;59;60;61;83;153;110;175;149)
seed_28_level_6-2,558,7706.4983377456665,8580607,2250,(42;42;42;42;42;42;42;42;42;42;42;42;42;42;42;42;42;43;43;43;43;43;42;42;43;43;43;42;43;43;45;45;47;47;47;47;73;49;50;47;51;51;52;96;96;51;55;59;59;59;66;67;67;67;71;72;74;95;96;96;96;96;96;96;96;96;96;96;96;96;96;96;96;96;96;96;96;96;96;96;96;96;96;96;96;96;96;96;96;96;96;96;96;96;96;96;96;96;96;96;96;96;96;96;96;96;96;96;96;96;96;96;96;96;96;96;96;96;96;96;96;96;96;96;96;96;96;96;96;96;96;96;96;96;96;96;59;71;68;57;74;73;59;60;61;83;153;110;175;149)
seed_28_level_6-2,558,8218.809139966965,9083525,2400,(42;42;42;42;42;42;42;42;42;42;42;42;42;42;42;42;42;42;43;43;43;42;43;43;42;43;42;43;43;43;47;47;45;47;47;51;47;49;50;51;51;51;52;55;59;59;59;66;67;67;67;71;72;49;74;95;52;96;96;96;96;96;96;96;96;96;96;96;96;96;96;96;96;96;96;96;96;96;96;96;96;96;96;96;96;96;96;96;96;96;96;96;96;96;96;96;96;96;96;96;96;96;96;96;96;96;96;96;96;96;96;96;96;96;96;96;96;96;96;96;96;96;96;96;96;96;96;96;96;96;96;96;96;96;96;141;59;71;68;57;74;72;59;60;61;82;153;110;175;149)
seed_28_level_6-2,882,8760.331487178802,9804794,2556,(42;43;42;59;42;61;96;43;42;96;55;51;42;96;42;42;42;42;96;96;45;47;42;53;45;96;96;96;47;47;96;96;47;96;96;74;49;96;42;42;53;153;96;59;52;96;51;47;67;42;96;96;43;96;96;52;59;96;96;43;96;52;43;96;96;96;43;153;42;78;96;96;96;96;96;118;96;59;96;68;74;96;42;96;96;65;43;96;182;96;62;96;96;59;175;73;120;122;62;77;73;68;118;96;96;96;96;153;68;96;96;42;96;76;153;79;96;71;172;94;96;96;153;182;149;86;74;52;96;96;45;74;96;140;59;335;128;190;128;128;67;128;59;189;128;128;68;128;71;128;42;128;128;128;128;128)
seed_28_level_6-2,882,9331.44714808464,11011194,2704,(56;128;98;128;128;128;128;67;128;128;60;128;128;45;128;128;128;61;57;42;61;52;54;55;128;66;128;128;128;128;128;128;128;128;128;128;63;54;128;43;128;163;128;128;77;189;128;77;43;128;128;128;43;128;128;128;60;128;128;128;128;45;128;128;66;163;66;114;128;163;74;128;128;128;76;128;128;56;128;128;78;189;43;189;78;60;128;42;128;128;128;77;128;128;59;128;128;128;128;163;189;60;219;128;61;189;128;128;68;368;42;510;42;128;163;128;76;128;75;128;163;128;45;50;48;59;55;98;128;42;128;128;128;163;47;128;128;330;128;128;128;128;128;128;43;57;128;128)
seed_28_level_6-2,898,9910.515210866928,12134408,2854,(61;60;128;128;128;73;128;128;128;128;57;128;128;128;128;50;65;66;128;128;128;43;128;128;128;128;70;128;128;128;128;60;128;128;66;128;128;128;128;128;128;42;128;128;60;60;128;128;60;128;128;128;128;128;98;128;128;128;56;128;128;128;76;128;128;128;85;141;128;55;128;128;321;128;128;128;74;128;128;128;43;128;42;128;128;128;128;128;128;128;128;128;128;128;163;189;43;42;59;163;189;128;65;73;74;241;126;42;126;51;42;126;65;126;277;126;126;60;126;126;126;43;126;72;172;126;126;59;172;172;126;126;44;206;172;126;114;172;42;126;42;167;126;172;72;49;66;126;126;126)
seed_28_level_6-2,1004,10479.80871796608,13161054,3007,(126;88;69;126;126;70;126;126;126;126;126;172;126;43;126;42;126;126;126;74;126;73;126;126;78;78;126;126;78;126;126;126;126;172;57;43;126;126;126;126;54;126;70;126;126;42;126;126;126;50;126;126;74;43;64;126;98;135;126;126;57;126;77;66;126;64;98;167;59;72;126;126;126;98;126;59;60;172;73;58;42;60;60;126;126;69;59;59;42;62;126;98;59;55;126;126;126;126;126;126;126;126;126;126;126;126;73;126;72;126;61;42;126;126;172;60;46;42;172;277;273;175;126;126;68;126;126;126;126;157;126;126;59;126;42;126;59;175;292;126;145;156;77;59;59;126;126;136;128;126;58;75;126)
seed_28_level_6-2,1004,11055.954812049866,14262000,3158,(156;126;126;126;126;126;59;126;44;156;70;126;126;126;126;152;126;126;126;126;43;126;156;126;126;126;126;54;156;126;69;126;126;126;73;157;90;126;126;126;126;126;83;126;70;43;126;126;61;42;109;111;156;126;126;72;70;67;42;126;126;126;48;126;156;156;126;98;67;126;126;63;67;126;51;126;70;126;126;126;64;126;47;126;126;126;43;126;126;51;126;126;98;98;126;69;77;126;126;126;126;126;126;95;167;66;126;70;126;99;204;126;42;126;126;75;52;292;158;126;126;151;126;126;164;126;126;292;126;79;126;43;126;204;126;126;70;156;59;156;156;79;126;126;46;126;126;46;126;126;197)
seed_28_level_6-2,1004,11600.420948266983,15267277,3304,(64;126;158;126;126;126;126;43;126;126;126;126;156;83;126;126;48;57;126;60;76;126;75;126;156;126;57;77;126;66;126;126;60;126;52;126;43;73;156;42;111;126;126;76;126;126;65;126;68;126;152;42;43;50;126;70;126;50;46;126;42;45;126;157;78;73;126;126;70;70;126;66;56;126;126;126;156;126;126;61;167;126;55;66;126;126;126;98;156;126;126;126;126;126;126;126;153;46;126;156;204;126;126;126;126;126;126;126;126;43;58;156;126;126;95;126;126;126;157;156;61;126;129;126;156;126;126;74;292;175;126;126;156;126;126;74;156;126;156;126;69;59;76;59;175;126)
seed_28_level_6-2,1004,12158.171594142914,16418305,3452,(175;156;126;126;126;79;126;126;126;126;156;126;67;64;126;126;78;78;126;126;126;156;156;126;126;156;126;68;126;69;126;126;126;157;175;73;156;126;69;126;175;126;126;70;61;62;126;158;150;126;156;126;48;126;43;60;156;156;126;126;111;138;156;68;65;66;90;126;126;126;126;53;66;72;156;126;126;126;126;126;42;126;126;126;126;126;126;204;126;126;126;126;65;99;126;126;126;126;126;126;58;156;167;126;71;156;62;156;58;156;60;204;156;126;60;72;95;175;118;60;59;126;126;61;126;71;126;126;156;69;156;292;156;156;156;159;126;126;56;126;126;126;156;126;156;126;126;101)
seed_28_level_6-2,1004,12729.333721637726,17485995,3601,(156;67;126;126;156;126;126;126;51;126;68;156;156;126;56;126;126;61;70;54;43;126;61;156;111;126;126;156;126;70;74;42;126;63;126;126;126;152;126;76;68;175;126;71;73;48;64;66;98;60;126;64;126;58;76;126;126;126;59;52;126;156;126;126;126;126;66;65;126;69;126;204;126;126;126;204;75;98;126;126;60;126;126;73;126;70;126;126;126;175;156;156;57;70;61;126;126;126;57;126;126;126;126;126;175;64;126;126;175;156;175;156;126;61;101;126;126;156;292;42;126;126;126;126;126;126;69;126;126;56;73;126;156;126;204;126;63;156;56;80;126;70;156;156;126;126;126;126;126)
seed_28_level_6-2,1004,13290.302141666412,18626480,3749,(156;156;126;126;55;126;126;126;62;126;126;156;126;79;126;126;156;126;126;126;126;67;68;63;79;126;68;126;43;204;126;126;126;126;126;156;98;126;76;58;75;79;126;126;62;126;47;126;126;126;175;175;156;126;126;126;175;75;126;75;58;126;204;156;97;156;73;156;75;156;98;126;126;126;126;292;48;126;126;126;126;156;126;98;56;75;126;57;126;126;175;126;71;141;126;126;59;69;175;175;66;126;126;156;126;126;126;126;126;46;46;126;126;46;126;50;126;126;126;204;126;126;126;126;72;126;68;126;156;126;126;67;126;175;96;61;175;59;126;126;117;175;156;126;126;126;175;126)
seed_28_level_6-2,1004,13856.54109621048,19801267,3898,(204;126;156;66;126;46;126;126;46;126;126;50;156;156;87;78;126;156;42;126;156;87;126;99;156;126;126;126;126;156;42;156;126;126;72;71;126;156;175;126;71;126;126;126;126;126;156;126;53;204;126;164;204;98;126;126;69;126;126;126;55;58;204;126;126;204;59;156;126;156;58;126;126;156;126;292;126;126;59;61;126;126;126;156;126;126;126;55;126;175;126;126;126;63;156;126;55;59;66;175;126;126;176;175;126;59;126;75;70;175;55;76;50;54;126;126;126;126;175;71;126;96;126;126;126;42;156;156;61;95;156;156;156;46;204;156;126;59;156;59;72;156;126;58;126;126;59;126;67)
seed_28_level_6-2,1004,14425.766259670258,20949531,4046,(204;59;126;126;60;126;43;64;126;126;136;175;126;68;126;44;156;126;50;71;64;126;126;126;156;126;58;61;58;126;126;73;73;76;126;126;175;59;156;156;75;126;126;126;76;75;43;156;60;99;156;74;63;126;126;156;126;156;126;63;42;156;292;59;75;156;59;126;58;67;126;158;126;126;126;175;96;175;126;59;156;98;98;175;126;99;75;57;126;175;204;156;126;58;59;126;126;156;126;126;58;126;126;126;204;126;156;126;47;126;126;175;126;126;221;126;57;126;71;126;156;126;126;126;126;126;126;126;175;64;126;126;126;126;204;126;126;126;126;156;126;126;79;76;126;156;175;126)
seed_28_level_6-2,1004,15000.613296985626,22113257,4196,(175;175;126;156;126;55;73;74;70;126;126;126;175;76;126;74;126;126;55;175;175;166;126;126;204;126;46;73;67;46;126;44;126;46;126;46;156;73;126;126;126;156;64;66;126;126;156;64;55;175;126;156;126;70;126;126;175;69;126;71;126;59;55;99;126;156;126;59;156;126;156;98;86;65;86;126;126;204;175;126;126;126;126;126;126;126;75;156;126;126;204;126;126;156;126;156;126;74;59;126;126;126;126;126;126;221;126;59;126;126;126;171;126;69;126;126;71;126;126;57;292;59;59;156;79;126;62;59;156;52;126;126;126;126;175;126;69;135;126;90;156;156;53;126;175;126;66;126;156;156)
seed_28_level_6-2,1004,15572.880457878113,23293212,4345,(204;53;126;47;126;126;126;126;46;126;99;156;126;156;126;98;89;59;98;156;156;98;98;98;58;126;59;126;126;144;126;126;134;59;126;126;126;204;56;126;61;156;62;126;126;156;126;140;43;168;145;292;126;126;126;59;204;175;175;62;95;126;59;68;221;175;126;126;126;126;131;126;74;292;156;126;126;126;175;65;156;59;126;73;119;150;126;52;126;61;59;126;68;175;75;126;126;42;56;156;126;61;98;126;126;204;175;126;66;64;59;126;69;162;126;126;175;63;107;64;126;204;73;126;126;204;156;43;59;126;126;126;126;126;42;166;126;61;126;126;156;74;55;126;126;97;79;51;175)
seed_28_level_6-2,1004,16150.985490083694,24461243,4496,(126;138;126;126;126;70;126;126;59;126;53;98;62;156;68;126;126;126;52;126;126;69;126;126;175;126;156;126;204;126;126;156;44;126;156;126;126;98;204;126;126;126;126;156;126;149;72;110;126;59;126;166;126;126;61;80;126;95;126;126;63;85;126;156;204;226;126;126;126;65;126;59;126;64;126;126;156;126;175;79;55;156;59;126;126;126;156;126;156;126;126;126;204;61;126;56;61;71;126;60;55;126;42;156;126;126;126;99;61;61;99;126;126;167;100;126;46;156;126;61;126;292;126;140;61;126;126;58;126;156;126;126;59;175;126;126;292;58;126;126;58;126;44;47;126;126;126;69;53;126;175)
seed_28_level_6-2,1004,16726.559203624725,25647335,4647,(292;126;156;126;58;135;156;47;126;56;57;126;126;138;72;42;126;49;126;46;126;44;156;126;66;166;54;126;175;126;126;54;76;77;126;79;78;167;126;67;44;46;50;59;44;47;156;126;126;126;204;78;60;69;76;80;292;82;126;126;70;126;42;78;98;126;126;156;126;126;126;156;162;126;126;175;126;162;175;126;126;73;156;126;126;156;175;126;156;59;156;204;181;76;70;156;126;57;61;73;73;126;126;126;157;126;204;126;43;126;126;67;58;126;126;126;126;126;46;78;226;126;59;64;126;156;65;126;156;126;126;65;59;126;181;292;126;61;55;126;126;126;204;126;126;126;175;126;126;156;59)
seed_28_level_6-2,1004,17306.43067240715,26887687,4798,(167;126;44;99;156;44;156;50;70;156;156;156;126;73;126;126;126;126;126;126;126;156;166;61;44;44;96;204;73;126;126;53;126;204;126;126;143;79;43;126;79;126;126;70;43;126;292;126;126;54;188;126;58;146;58;126;42;126;126;292;56;126;126;126;126;156;126;126;126;68;171;126;126;226;175;126;126;126;126;126;126;175;66;126;126;126;126;73;126;175;126;204;73;126;175;126;70;126;73;78;72;70;77;162;204;69;59;126;126;62;167;67;126;59;59;62;156;68;204;156;156;72;126;42;156;126;126;61;58;42;126;126;156;126;292;53;156;126;126;126;126;126;126;126;126;126;188;145;126;59;126)
seed_28_level_6-2,1004,17897.530804395676,28186851,4952,(204;156;126;126;53;52;126;126;126;126;126;126;166;126;54;126;78;69;68;126;126;126;126;156;167;44;156;126;126;70;44;51;71;58;126;221;156;126;79;130;177;126;126;126;128;126;76;156;292;187;72;59;204;126;156;126;126;156;42;126;61;126;204;80;126;42;126;156;126;126;126;59;126;175;126;126;126;292;56;126;46;175;75;126;126;156;126;126;126;44;126;50;226;156;79;126;126;167;69;75;76;126;126;126;126;126;175;204;126;126;126;70;66;204;126;126;70;126;126;126;126;126;204;126;156;156;69;126;126;69;156;156;126;69;63;126;126;156;292;156;63;52;74;126;56;52;126;126;126;126;126;55;126;126)
seed_28_level_6-2,1004,18501.147593975067,29547355,5105,(221;126;50;55;156;156;126;54;156;156;126;112;42;166;175;204;156;126;60;62;72;156;62;74;126;156;292;126;113;126;126;126;59;156;126;126;53;55;69;167;204;126;126;126;126;126;126;126;126;126;126;126;126;204;126;59;126;126;204;60;126;59;95;126;126;61;126;177;126;79;126;156;42;128;126;126;126;68;126;154;292;126;126;126;126;126;156;156;126;61;126;126;126;69;156;204;156;126;156;204;175;162;74;156;73;126;156;126;69;292;126;43;83;126;126;156;126;126;80;126;126;126;126;156;226;72;70;126;126;69;126;126;126;126;156;126;167;175;204;61;126;126;156;126;126;61;126;126;156;66;61;71;126)
seed_28_level_6-2,1004,19075.792783498764,30807353,5255,(221;126;126;44;52;44;52;126;50;126;126;50;154;65;43;90;126;126;126;128;71;58;126;74;292;60;126;126;126;64;126;87;66;126;126;72;126;72;204;71;59;126;126;72;126;126;156;126;126;126;204;65;126;71;66;156;69;126;126;176;126;79;126;292;292;156;126;126;126;126;175;126;126;126;204;126;59;292;126;65;61;175;126;52;59;126;126;126;167;126;156;204;175;126;126;42;62;204;175;59;126;156;126;126;55;126;226;126;168;126;126;59;126;222;66;126;71;126;126;126;126;166;46;156;126;126;63;126;156;126;60;126;126;126;126;204;78;70;73;126;126;59;69;69;175;156;126;65;126;59)
seed_28_level_6-2,1004,19641.158940792084,32060890,5403,(221;126;126;126;59;126;126;156;60;126;154;126;69;126;126;71;53;50;156;115;126;166;79;79;59;78;126;126;44;126;73;70;126;44;204;126;126;126;126;59;126;126;126;58;126;126;126;292;42;126;126;126;126;70;60;126;126;126;126;72;204;126;126;126;126;126;73;126;126;126;126;69;126;204;204;126;204;126;145;126;61;61;126;126;175;126;156;42;226;126;72;126;126;216;126;65;156;59;175;175;156;175;59;126;292;126;126;126;126;126;126;126;126;64;126;61;156;62;126;126;126;156;126;126;126;204;57;64;77;156;126;68;68;126;292;156;126;126;126;126;68;126;126;126;126;175;78;126)
seed_28_level_6-2,1004,20229.254393815994,33383525,5555,(166;74;175;156;126;66;70;126;156;126;56;126;292;61;126;126;126;156;61;126;156;156;156;126;154;128;54;94;126;59;126;175;156;130;156;92;204;126;126;59;156;126;126;99;78;126;126;126;126;72;292;126;59;126;175;156;126;126;156;126;126;126;126;126;204;64;156;67;63;64;126;126;126;126;156;55;126;126;292;69;156;126;175;75;59;94;126;61;176;74;126;126;126;204;126;157;126;126;66;126;55;66;156;65;66;126;126;77;221;204;156;156;44;126;156;59;156;46;156;156;204;60;126;71;126;58;126;61;126;73;126;126;126;126;126;216;156;126;175;55;126;70;126;126;126;126;156;175;126;72;156;126)
seed_28_level_6-2,1004,20815.86092352867,34719481,5707,(204;126;126;78;126;126;126;66;62;126;126;126;126;70;204;126;126;126;126;126;126;126;63;175;204;126;126;204;126;156;175;126;182;126;79;126;126;126;63;126;126;154;126;59;168;75;77;126;51;55;51;72;73;50;204;126;126;126;126;126;126;126;42;126;126;99;156;292;59;66;156;59;160;175;126;156;126;126;62;59;126;126;166;126;228;52;65;54;78;64;56;61;61;59;46;216;61;126;126;175;126;182;126;126;168;173;204;126;156;126;126;292;204;126;126;99;126;156;86;126;100;62;75;156;292;65;79;58;175;126;52;87;156;56;67;204;126;175;221;61;156;156;156;69;156;156;126;156;99;114;175;98)
seed_28_level_6-2,1004,21401.707531929016,36091615,5857,(154;126;96;126;80;156;53;64;156;126;175;228;126;55;126;74;126;44;126;56;54;95;204;126;126;126;126;156;99;126;126;156;126;126;204;126;70;126;126;126;126;59;167;126;126;126;65;204;67;156;178;69;126;126;156;204;126;169;151;126;126;59;75;156;126;126;126;182;126;126;204;68;175;74;292;58;61;126;156;156;126;126;126;204;201;126;60;126;292;126;126;165;126;126;126;53;126;126;126;126;126;126;59;292;99;126;126;172;126;100;97;75;156;126;204;100;73;216;126;126;126;126;126;126;126;126;126;59;59;156;156;126;55;126;221;205;98;126;126;156;62;52;44;59;175;53;156;128;156;156)
seed_28_level_6-2,1004,21990.11758041382,37470504,6010,(228;78;175;126;54;126;65;78;163;126;55;175;292;65;126;59;126;126;126;126;98;126;173;152;126;58;216;126;64;126;126;64;126;175;59;126;156;126;126;126;156;204;153;57;59;156;126;126;126;126;60;126;126;154;59;126;126;53;126;126;51;126;79;156;64;204;42;58;126;59;126;126;59;126;59;126;98;99;221;156;46;47;46;50;44;156;126;156;126;156;167;73;44;182;126;92;204;126;126;76;175;59;178;126;126;66;70;126;292;162;126;126;156;156;126;126;175;59;126;56;126;204;156;292;60;63;156;126;126;156;126;156;126;126;156;204;126;126;204;126;126;204;66;173;126;126;204;159;156;66;126;204;126)
seed_28_level_6-2,1004,22571.380116939545,38764783,6160,(221;44;59;156;53;126;66;156;52;156;126;156;44;154;126;64;54;204;204;156;126;70;71;126;228;156;73;53;204;126;159;67;156;96;156;61;74;216;126;157;126;126;126;126;67;126;126;64;126;156;72;292;156;126;126;69;126;126;126;126;66;69;126;42;126;126;58;204;59;126;126;175;126;59;56;126;156;153;69;78;69;182;74;126;126;126;126;126;175;126;126;126;68;126;126;126;126;126;292;126;126;71;126;126;126;156;73;126;126;74;73;43;126;58;42;292;156;126;126;126;126;59;126;156;126;126;126;126;175;156;126;204;204;126;71;126;126;126;175;126;126;126;156;156;69;74;156;175;126;64)
seed_28_level_6-2,1004,23158.283366441727,40111093,6312,(292;126;156;126;126;42;126;156;126;126;156;126;99;126;204;221;126;156;46;126;51;59;53;84;44;53;156;44;73;292;126;69;175;126;126;126;46;126;126;126;126;75;126;126;182;144;72;78;126;170;126;67;63;156;59;162;126;156;126;67;216;126;156;156;170;126;157;156;156;156;126;59;71;126;126;204;126;126;204;156;126;126;175;126;126;126;165;126;78;126;69;126;204;126;126;126;126;126;126;69;126;126;126;126;126;156;126;228;126;93;76;175;144;126;72;126;55;175;126;156;126;80;204;126;64;53;68;44;126;79;126;76;126;57;72;53;292;126;126;126;126;59;56;62;126;156;165;126;59;126;292;126)
seed_28_level_6-2,1004,23749.341677427292,41469459,6465,(221;126;156;126;126;126;156;46;50;99;126;49;46;126;204;58;126;126;292;126;126;95;126;80;126;126;79;126;292;126;126;43;156;156;126;175;68;126;126;126;44;72;126;126;43;228;59;152;53;156;126;126;51;156;97;126;126;175;53;156;74;77;204;63;66;71;126;156;204;126;126;55;126;204;126;156;126;126;175;156;126;292;162;156;126;156;61;126;42;126;126;126;126;126;75;42;42;126;182;126;156;126;76;79;126;126;126;204;126;126;61;186;126;156;126;126;292;63;126;126;56;126;59;156;156;126;126;126;126;126;126;156;126;126;126;216;59;126;63;156;156;126;55;126;55;126;183;126;126;126;64;156;126)
seed_28_level_6-2,1004,24336.074976205826,42830147,6618,(221;54;53;126;156;46;156;126;42;55;126;126;156;126;156;292;126;126;65;128;126;126;126;58;58;126;126;126;118;156;126;292;126;42;126;184;134;126;76;126;43;59;126;156;126;126;126;228;156;80;156;126;164;63;126;156;126;135;175;64;74;78;44;292;156;126;156;126;63;59;126;292;126;175;126;59;69;156;68;156;69;292;126;44;126;59;126;126;126;130;66;156;156;126;126;59;70;216;126;126;126;175;126;126;156;55;126;59;59;126;126;126;64;71;182;65;126;126;126;126;126;126;58;168;126;204;68;126;156;67;126;63;126;204;126;204;156;69;126;69;80;126;156;156;69;70;126;210;156;126;126;126;126)
seed_28_level_6-2,1004,24924.92604994774,44214865,6770,(221;126;50;46;42;44;46;175;42;126;50;126;156;42;204;50;50;292;76;156;72;126;126;156;126;156;126;292;156;126;126;156;126;126;126;292;126;175;156;126;126;70;156;129;126;130;59;126;126;126;126;81;126;228;94;126;156;43;71;126;292;126;79;55;126;55;175;126;126;126;75;182;126;126;70;156;126;61;71;69;72;126;126;126;156;126;174;126;126;126;216;126;55;175;156;59;183;175;126;183;126;175;126;156;156;126;126;126;126;210;126;126;59;156;126;47;74;126;189;87;156;59;126;117;126;126;126;126;126;126;78;292;59;156;126;156;156;126;126;126;156;126;126;59;126;126;157;59;59;126;59;126)
seed_28_level_6-2,1004,25506.482988595963,45522941,6921,(221;42;156;77;157;126;46;46;126;61;47;46;126;52;210;126;126;126;79;126;78;204;50;126;59;126;126;59;74;43;126;126;126;126;182;156;292;126;126;126;126;126;126;126;126;77;126;126;126;167;126;126;292;126;126;176;60;59;71;126;73;156;126;132;126;72;126;128;59;156;158;292;126;204;126;156;126;204;59;156;156;126;156;126;126;126;126;59;204;126;126;292;69;126;59;156;126;74;126;126;46;126;53;126;74;111;126;126;78;81;292;204;58;87;126;62;129;60;124;43;156;126;67;173;126;58;126;42;61;58;216;156;126;61;126;126;55;126;126;156;156;126;183;70;126;183;126;126;59;126;126)
seed_28_level_6-2,1004,26083.303429841995,46855116,7070,(221;156;126;44;156;126;46;126;156;156;44;46;42;210;126;126;68;61;126;126;126;156;61;78;71;126;156;126;126;70;72;292;71;126;54;156;158;156;126;59;66;156;58;126;156;156;156;156;56;292;87;66;126;42;204;156;153;221;204;126;61;126;76;64;64;156;60;126;292;126;126;126;156;126;126;156;126;59;156;126;128;68;55;126;55;58;79;126;216;156;175;126;64;167;126;126;126;126;175;126;126;175;55;59;126;126;126;55;292;175;126;126;63;126;126;126;126;61;126;126;126;126;126;126;126;126;126;292;126;126;126;126;126;126;126;59;156;156;126;126;76;156;126;126;126;126;126;126;126)
seed_28_level_6-2,1004,26670.1077709198,48203547,7221,(221;53;95;53;50;95;50;53;156;156;98;156;67;126;292;126;176;102;126;175;66;156;126;156;126;175;156;204;202;175;59;126;292;60;126;126;126;126;126;126;144;59;126;57;133;126;126;204;126;126;126;126;292;64;60;72;126;59;57;59;59;155;59;126;131;131;70;156;126;59;126;210;126;73;126;66;61;156;73;126;42;59;126;61;61;69;126;59;126;59;216;126;175;126;126;126;126;156;126;126;126;126;175;126;126;126;126;126;175;126;59;292;126;126;126;75;126;126;126;126;126;126;74;156;59;73;78;126;126;126;126;292;156;57;126;204;111;126;61;167;71;204;175;204;62;175;126;126;143;76;156)
seed_28_level_6-2,1004,27250.89796113968,49646043,7371,(292;156;85;71;156;126;126;156;61;126;156;126;62;126;61;126;60;126;210;156;146;126;126;126;73;126;69;126;126;59;126;126;156;72;59;221;126;44;48;47;44;51;156;44;46;156;126;98;76;44;292;47;126;204;126;136;128;156;126;66;126;73;126;126;128;126;126;126;216;126;126;176;175;126;156;126;175;175;176;126;64;126;175;78;126;59;156;175;292;204;156;126;59;156;126;126;126;126;59;156;156;183;156;59;126;156;176;292;175;156;175;126;61;126;126;126;156;154;61;126;156;42;142;156;156;152;126;70;204;292;126;156;204;156;73;156;93;64;156;156;175;69;69;156;68;69;156;156;126;126)
seed_28_level_6-2,1004,27828.904755592346,50990017,7522,(221;126;96;50;126;126;61;68;126;72;126;126;69;292;126;76;156;126;86;55;156;80;126;156;126;56;66;126;64;59;210;126;156;59;185;72;156;156;156;69;65;205;126;204;126;126;126;73;292;126;126;126;126;126;126;126;73;126;77;175;156;156;156;126;156;126;126;292;182;126;71;53;126;126;58;62;74;126;68;126;126;156;75;126;75;58;126;69;292;203;58;76;126;126;156;156;126;126;69;179;126;97;126;176;182;175;69;126;73;156;292;175;59;156;58;59;126;126;126;156;59;176;47;59;156;59;126;126;126;61;216;175;175;64;126;126;156;126;126;70;175;126;55;126;126;126;126;126;126;126;64)
seed_28_level_6-2,1004,28415.424071788788,52363968,7674,(221;78;60;95;44;71;59;126;126;60;126;126;126;59;46;292;126;156;126;42;126;156;53;73;126;156;126;126;143;126;126;156;150;77;292;60;156;66;66;126;126;175;204;176;156;126;126;156;126;156;126;175;156;292;126;59;59;115;55;126;126;64;126;55;126;126;55;75;69;126;55;216;126;126;126;126;126;126;60;126;64;175;126;126;59;126;156;126;156;156;156;292;126;126;126;126;126;126;72;126;126;156;126;126;126;73;62;175;81;210;59;156;67;156;126;126;126;126;156;148;86;126;126;86;76;292;126;70;126;292;204;126;126;64;126;204;156;94;67;126;126;65;204;126;126;156;56;66;126;156;126;65)
seed_28_level_6-2,1004,29002.32602572441,53708145,7823,(221;93;71;126;126;156;126;44;126;156;65;46;156;47;156;50;156;156;292;126;105;126;55;175;126;56;126;126;93;204;79;55;126;70;69;204;126;65;292;126;100;126;96;126;126;126;156;63;100;126;126;156;126;156;61;102;126;126;292;126;156;126;82;175;126;128;56;126;126;204;126;126;50;126;79;126;142;126;126;76;292;175;121;156;156;126;126;157;126;80;156;76;58;183;170;204;126;76;126;126;119;292;175;156;66;126;59;61;126;59;126;68;69;156;126;59;126;175;126;126;156;69;126;126;156;156;292;126;60;59;156;72;42;156;59;126;126;126;126;185;126;72;76;126;126;126;126;126;54)
seed_28_level_6-2,1004,29590.493019104004,55211545,7972,(292;59;57;175;126;126;156;126;126;156;175;61;156;126;126;70;126;156;178;126;126;221;156;126;91;126;53;70;156;73;156;126;126;126;111;175;126;156;126;79;204;204;126;126;157;204;211;126;126;126;78;71;126;152;126;126;175;126;126;126;126;292;175;156;126;126;65;204;126;156;69;156;156;126;204;126;126;69;126;126;60;156;126;156;292;97;156;42;156;60;126;126;126;85;126;126;126;126;126;73;75;156;128;126;156;292;130;126;126;126;65;126;85;126;126;77;126;55;55;126;98;64;59;177;156;156;292;156;58;204;292;170;156;292;75;57;126;76;175;74;70;126;69;79;72;156;156;156;175)
seed_28_level_6-2,1004,30163.02176260948,56520087,8120,(292;71;126;61;126;126;126;74;156;97;126;126;70;126;126;126;175;126;126;71;156;99;126;292;126;126;126;126;126;69;126;126;126;126;156;126;56;61;59;80;126;140;57;163;175;67;292;126;126;126;126;126;126;126;126;69;126;126;126;126;126;58;126;156;126;126;126;126;67;63;211;126;82;126;126;204;126;167;156;126;59;82;69;126;156;126;170;204;79;156;156;126;126;123;126;292;126;126;66;55;126;126;93;59;204;156;156;72;126;156;64;156;156;69;126;69;164;126;126;73;58;292;56;77;126;156;126;126;61;126;156;126;62;126;126;126;175;168;152;126;126;126;175;66;126;126;156;59)
seed_28_level_6-2,1004,30753.910760641098,58013344,8271,(292;126;126;73;156;126;142;169;91;126;146;126;126;126;145;126;182;126;126;65;175;204;126;54;175;74;87;204;126;126;156;156;60;59;292;156;126;60;61;57;156;126;126;156;156;126;126;126;55;61;58;156;126;156;175;61;126;126;126;126;75;205;169;57;156;126;185;126;59;126;62;292;93;126;126;156;61;126;126;126;126;126;126;204;126;126;59;156;126;126;126;126;79;156;157;126;55;156;156;156;204;56;126;126;156;166;63;204;166;71;126;211;54;126;156;156;167;204;126;126;204;126;126;126;126;156;177;126;68;126;204;126;156;200;126;126;126;156;126;204;126;168;292;204;56;126;59;126;67;61;126)
seed_28_level_6-2,1004,31343.967051506042,59455332,8421,(292;126;126;126;86;126;96;126;59;71;156;126;217;126;59;59;151;126;79;156;162;178;126;126;126;126;128;126;126;126;126;204;157;126;75;292;126;126;156;126;126;126;156;205;156;74;204;55;73;126;156;130;126;126;57;126;58;69;126;156;126;126;60;126;126;126;126;156;126;126;52;292;126;126;126;74;59;126;126;175;158;156;126;65;126;126;126;175;175;204;66;71;156;126;126;126;204;126;176;156;156;156;63;175;158;67;66;168;156;292;69;126;66;126;126;59;68;59;156;176;59;126;126;126;156;126;175;204;126;126;156;126;126;72;126;126;126;204;167;126;126;126;126;126;156;126;156;126;156;204)
seed_28_level_6-2,1004,31927.515286445618,60724090,8571,(205;126;126;52;126;126;126;50;62;126;62;156;58;62;126;156;57;80;126;59;156;156;68;175;126;126;139;126;126;126;175;55;126;61;59;156;126;55;126;70;175;156;175;57;126;126;42;292;126;59;126;181;42;75;63;65;126;59;59;128;204;126;126;156;156;175;59;126;126;152;126;126;126;70;56;126;92;126;67;126;63;126;292;61;156;126;74;169;126;126;96;175;126;126;126;59;59;126;292;204;59;126;156;126;176;204;80;126;126;175;204;156;126;126;169;68;126;66;97;156;126;126;69;204;156;68;59;126;126;175;126;175;156;156;68;156;75;126;61;126;126;164;126;126;68;77;167;156;156;78)
seed_28_level_6-2,1004,32518.850857257843,62128585,8721,(205;175;156;126;126;126;204;156;126;126;68;60;126;126;156;156;126;156;72;71;71;126;175;126;113;75;80;178;74;79;156;61;175;126;155;61;129;126;74;126;126;76;55;126;167;126;292;175;67;79;65;62;179;126;156;68;126;59;69;156;190;126;73;126;126;126;292;76;156;156;126;156;292;74;156;156;65;130;126;97;126;126;126;126;156;126;126;70;75;126;156;76;156;156;63;66;292;204;156;126;126;167;126;126;126;175;126;126;147;156;126;126;126;204;126;156;126;156;204;156;59;126;126;58;126;156;126;156;156;56;93;126;126;68;126;174;71;126;199;156;163;126;126;126;126;73;126;175;126;156)
seed_28_level_6-2,1004,33095.20090985298,63375090,8870,(205;175;126;80;59;52;56;126;126;175;61;126;126;156;61;55;126;156;204;68;59;126;55;126;61;62;55;126;55;204;156;69;126;56;156;52;175;175;126;156;71;126;118;61;126;156;204;292;126;126;68;213;126;60;69;65;126;64;126;89;156;68;204;126;66;126;126;156;63;59;126;59;156;74;65;156;59;79;126;126;73;126;126;126;126;156;66;126;126;126;126;292;126;126;126;126;292;126;174;175;64;126;126;126;126;156;126;57;126;63;126;204;126;172;126;61;78;126;156;156;126;78;156;175;126;66;126;126;73;156;126;126;126;156;126;126;126;156;126;204;63;64;126;126;126;126;156;126;67)
seed_28_level_6-2,1004,33687.941430807114,64665691,9020,(292;156;126;126;204;126;126;204;95;174;157;126;76;126;126;156;156;68;167;60;204;204;59;59;126;173;159;67;126;55;126;68;126;126;126;126;66;162;126;126;156;126;156;126;156;156;126;126;126;156;55;126;126;126;204;79;73;156;126;126;55;259;126;126;156;126;156;156;126;126;126;158;126;71;149;156;205;126;126;55;156;55;126;126;126;126;126;55;59;126;126;55;126;126;126;156;57;126;156;78;126;55;81;126;156;126;126;68;59;126;126;60;156;126;56;73;126;156;126;98;59;55;126;53;126;74;126;126;55;156;126;126;126;156;126;221;126;126;167;126;77;156;126;204;126;179;126;126;126;126)
seed_28_level_6-2,1004,34279.62717318535,65918065,9170,(221;126;70;156;156;126;57;126;156;175;126;126;53;73;126;156;57;126;74;126;61;156;126;162;126;126;138;126;42;126;126;156;156;166;156;126;59;73;126;156;126;126;126;126;126;53;126;126;126;62;156;126;126;58;69;50;175;126;62;59;56;69;69;65;204;126;126;191;126;156;82;292;126;126;73;126;156;126;126;158;126;204;156;126;126;156;126;73;156;163;156;204;113;126;174;73;73;126;57;204;156;126;156;126;77;156;163;69;126;78;98;126;126;126;46;174;79;66;163;57;175;126;126;126;68;175;126;161;126;156;126;126;126;126;156;71;126;126;126;126;156;126;57;59;126;188;126;156;126;70)
seed_28_level_6-2,1004,34845.03295707703,67096650,9320,(221;126;126;156;67;204;71;126;61;65;126;59;79;75;96;178;62;126;64;168;126;69;60;126;159;72;42;126;75;156;126;61;126;156;156;126;175;76;146;180;62;126;126;156;156;126;126;126;204;42;126;156;61;175;50;126;59;126;50;126;175;81;63;126;175;73;126;126;126;167;42;61;292;126;156;126;126;157;126;126;56;126;126;156;126;156;166;126;61;73;43;126;156;204;126;156;126;59;126;126;55;175;97;44;126;126;126;59;126;175;156;126;68;156;156;73;126;126;126;126;126;126;68;54;126;68;126;126;69;126;73;69;156;126;156;126;170;126;126;126;126;156;126;126;126;72;52;68;126;204)
seed_28_level_6-2,1004,35411.20679116249,68268524,9470,(292;59;204;126;53;126;126;126;126;65;175;156;61;126;126;59;77;61;126;126;156;126;126;126;71;126;126;126;126;156;126;243;59;61;156;126;126;126;126;156;59;188;67;126;204;66;126;157;69;126;126;45;156;126;126;156;126;73;126;156;175;126;156;126;156;126;126;55;78;59;69;126;70;126;62;126;57;66;175;126;59;69;126;156;177;156;61;126;204;126;59;55;126;58;175;173;126;126;126;57;126;183;156;156;156;126;126;60;171;74;122;70;126;204;56;52;126;126;126;126;126;126;156;60;126;71;126;126;126;192;126;126;126;61;52;59;126;60;78;126;60;76;68;60;156;156;126;57;175;126)
seed_28_level_6-2,1004,35982.65559029579,69401000,9620,(243;158;126;204;64;156;78;126;74;68;126;175;126;126;126;126;64;126;126;126;126;126;162;68;156;126;126;166;126;95;126;69;156;126;126;59;126;126;61;126;126;126;126;126;79;177;126;125;126;155;156;65;74;126;67;126;126;56;126;126;126;126;126;126;126;126;176;175;73;66;126;126;126;126;156;192;126;204;175;126;126;50;126;62;53;175;126;126;126;175;55;78;59;219;71;126;85;76;144;156;156;126;175;53;74;59;166;175;52;126;126;61;60;98;156;66;126;58;63;175;56;52;126;126;63;159;126;50;52;56;126;144;126;61;62;126;156;145;42;146;98;126;126;59;74;126;126;156;126;74)
seed_28_level_6-2,1004,36545.89002633095,70579016,9770,(219;126;56;126;126;126;202;204;126;99;42;126;59;126;175;126;204;156;126;126;113;126;159;126;74;156;126;156;167;156;72;126;126;126;93;53;75;204;42;65;126;64;157;69;126;78;126;61;126;126;158;53;126;69;126;126;145;61;126;126;156;59;59;126;56;204;126;156;126;65;204;126;126;59;204;147;126;61;55;175;126;69;126;126;126;126;126;179;71;61;126;126;158;177;69;72;60;73;126;126;68;59;65;148;292;126;68;43;59;126;126;126;126;126;73;156;126;126;61;73;126;69;69;156;126;73;43;59;156;156;126;126;157;65;126;97;126;60;156;176;71;156;175;126;126;176;157;126;126;126)
seed_28_level_6-2,1004,37126.88597035408,72020768,9920,(292;42;292;126;73;204;126;126;72;175;67;126;204;156;175;126;126;75;126;97;75;126;156;70;86;55;204;69;126;173;42;204;126;126;156;66;156;126;156;156;126;126;166;176;69;126;177;216;156;292;55;67;177;156;63;126;126;156;78;175;167;126;68;171;126;156;52;178;156;126;67;126;126;126;156;219;126;174;156;59;88;126;78;126;126;62;62;136;59;60;292;62;126;75;204;53;204;42;126;158;217;55;167;50;156;67;62;126;126;126;126;60;70;126;126;204;63;292;158;154;175;126;156;56;59;59;46;126;126;126;126;44;156;126;126;126;156;126;126;156;156;156;126;62;156;72;126;175;183;126)
seed_28_level_6-2,1004,37696.121945142746,73293463,10070,(219;172;61;73;156;126;126;126;55;212;156;58;78;126;126;126;126;126;126;126;56;126;156;126;126;126;59;59;57;156;126;82;126;126;126;126;168;59;126;42;126;126;87;126;126;46;126;292;175;204;126;126;126;78;156;126;126;126;126;126;112;175;204;126;51;126;75;126;126;44;204;60;59;292;126;61;64;156;126;213;126;59;126;154;176;126;259;68;62;205;156;176;126;166;61;69;64;68;175;61;55;65;175;175;65;74;66;156;158;156;61;126;126;126;156;126;126;126;204;126;126;72;98;66;126;98;59;68;126;58;175;126;67;126;126;67;156;59;156;126;126;126;177;126;126;126;126;126;156;158)
seed_28_level_6-2,1004,38278.723383665085,74738039,10220,(219;126;126;126;42;126;126;175;126;204;175;59;204;150;126;292;122;126;126;183;126;126;126;126;126;162;175;126;126;126;59;175;126;176;156;156;158;175;114;126;59;177;126;292;126;126;126;120;126;53;126;156;59;62;176;126;126;126;126;59;61;126;78;143;175;61;126;61;126;126;156;126;292;66;176;63;74;156;126;71;126;126;156;259;175;126;176;156;168;126;156;59;126;126;217;52;204;42;126;156;126;69;126;174;43;80;175;126;68;61;126;126;126;204;64;175;69;68;126;126;156;69;126;126;156;176;126;67;204;74;59;59;65;126;126;175;204;126;204;176;50;175;126;43;81;204;71;126;156;126)
seed_28_level_6-2,1075,38834.87701058388,75808949,10370,(219;50;204;156;56;55;175;126;126;167;126;67;126;49;126;126;156;126;175;126;55;61;156;126;126;126;55;175;126;59;156;59;156;126;126;204;126;126;175;126;126;176;175;156;58;59;126;176;126;78;156;126;73;60;67;126;126;126;126;126;175;126;126;66;126;132;126;169;126;265;153;97;97;272;97;97;69;97;43;173;97;97;97;97;97;97;97;97;70;97;201;97;97;163;97;57;66;97;97;68;44;97;97;97;64;75;153;97;97;97;57;97;153;97;66;75;97;97;97;81;97;97;99;97;97;54;97;97;97;97;97;97;201;97;97;153;97;172;65;65;97;172;97;55;97;97;97;67;97;56)
seed_28_level_6-2,1075,39364.69927453995,76642432,10520,(272;62;59;97;62;97;97;97;97;97;97;97;97;97;97;97;56;97;97;203;64;97;97;68;97;59;97;97;55;153;97;97;59;97;97;172;97;97;97;63;97;158;201;97;172;97;99;97;172;160;97;66;97;97;97;153;97;59;97;97;55;62;66;172;153;97;172;67;66;62;172;97;78;97;266;55;97;97;97;97;97;97;97;97;97;68;97;97;97;97;97;97;97;97;172;62;80;59;55;97;97;78;97;97;97;97;97;97;59;153;71;97;55;97;97;97;97;97;97;69;97;56;97;55;97;59;97;97;97;97;97;97;61;172;97;97;97;172;97;60;78;97;55;79;97;153;97;59;55;153)
seed_28_level_6-2,1075,39905.93801307678,77554246,10670,(265;97;97;65;63;97;153;97;155;97;172;97;153;172;97;97;97;97;97;97;97;61;97;201;78;97;97;97;56;97;163;182;97;78;97;97;153;60;63;43;97;121;201;66;63;59;97;60;97;57;201;172;97;201;97;97;97;172;97;97;97;97;153;97;153;112;153;97;97;67;110;80;153;272;97;97;66;201;55;97;66;97;97;97;97;69;72;72;97;97;97;97;97;172;66;97;95;52;97;65;55;97;97;97;97;97;97;65;97;68;65;63;98;97;97;97;63;97;97;97;97;97;97;211;55;66;55;66;153;97;97;97;58;55;97;66;56;59;69;65;97;66;97;97;97;63;118;97;272;97)
seed_28_level_6-2,1075,40433.81129646301,78417618,10820,(272;56;97;66;59;153;55;97;97;48;97;66;97;201;97;66;69;97;97;97;80;66;97;97;97;97;97;97;97;66;97;69;71;97;52;97;69;97;97;97;63;158;97;97;97;97;66;97;165;58;97;117;66;97;55;97;95;73;166;250;66;72;43;172;97;176;97;147;97;97;61;63;97;97;266;97;97;97;97;97;74;74;97;97;97;97;153;97;153;112;97;97;97;60;97;97;43;97;97;97;97;219;153;158;58;59;97;97;78;172;201;97;60;97;59;67;97;97;97;153;60;59;75;97;97;61;58;43;97;97;97;97;153;97;109;172;127;97;97;97;97;97;153;97;147;97;62;97;71;97)
seed_28_level_6-2,1075,40978.64491176605,79320074,10970,(272;97;97;97;97;97;97;97;97;97;97;97;97;97;66;172;97;97;97;169;97;97;153;62;97;97;97;97;97;97;97;97;97;59;59;97;97;78;97;97;97;97;97;153;97;97;97;97;97;97;153;97;97;97;97;97;97;97;97;153;97;97;66;97;97;97;97;97;97;97;81;153;65;97;97;266;97;97;97;124;97;110;97;97;172;97;108;97;201;71;153;97;97;97;97;97;97;120;97;97;119;97;153;97;177;97;97;97;97;97;72;97;153;97;74;79;97;97;97;97;172;97;97;97;97;97;97;59;97;97;97;97;97;97;97;97;172;57;97;97;97;97;201;97;153;97;97;97;123;153)
seed_28_level_6-2,1075,41527.31142139435,80372612,11120,(272;97;97;63;97;97;153;69;61;97;97;97;97;97;97;97;165;77;63;97;97;97;63;55;201;201;97;97;97;97;97;97;97;97;57;71;97;97;97;97;97;97;97;97;97;97;97;68;164;153;55;97;97;172;97;97;71;97;43;97;97;153;63;153;97;153;153;97;66;66;265;59;97;201;148;97;111;97;97;97;97;201;59;56;109;97;75;59;97;97;97;97;97;97;137;97;201;153;178;201;97;97;97;172;172;97;97;172;201;64;74;272;97;97;111;110;97;97;97;97;147;153;97;97;80;97;97;201;97;172;97;106;97;121;97;70;60;56;153;172;97;201;97;97;98;169;153;97;97;56)
seed_28_level_6-2,1075,42085.202748298645,81422108,11270,(272;97;97;97;97;97;97;153;97;66;97;61;61;71;97;172;68;66;97;97;97;97;97;56;97;97;97;59;153;65;97;97;97;97;97;68;68;97;153;97;97;153;97;97;78;97;97;63;97;97;66;97;153;97;66;164;68;97;57;97;97;97;97;97;97;97;55;57;201;265;153;272;97;151;97;97;97;121;147;71;97;133;97;97;97;153;97;97;110;97;149;172;97;97;97;172;153;43;97;153;172;147;153;97;97;153;110;110;59;97;97;201;97;153;97;97;172;153;97;172;97;153;97;97;59;97;97;172;97;97;153;172;59;97;97;97;175;172;97;201;97;97;97;97;113;97;59;172;201;97)
seed_28_level_6-2,1075,42635.812133550644,82452096,11420,(272;97;97;78;77;97;97;97;97;97;97;165;97;97;153;72;63;97;97;153;97;153;97;97;153;153;59;172;97;97;97;153;201;97;158;97;97;59;69;68;68;97;97;153;59;97;97;73;173;96;97;97;172;74;97;97;97;178;97;97;97;97;67;79;97;59;64;97;265;97;97;74;179;61;97;60;66;97;97;151;97;97;97;61;122;97;147;97;97;97;97;97;61;153;97;97;97;110;97;97;97;97;97;97;206;188;153;152;97;97;97;172;181;201;97;201;153;97;97;97;201;59;97;97;138;97;97;43;99;62;97;97;97;97;114;67;97;146;97;97;97;230;97;56;98;201;177;97;97;110)
seed_28_level_6-2,1075,43193.418276786804,83483016,11570,(272;97;78;97;97;97;67;97;97;97;97;65;153;97;97;78;97;153;66;97;97;97;79;63;97;97;97;97;97;97;78;97;73;97;97;176;97;97;97;97;97;97;55;97;153;172;69;97;97;97;172;153;97;97;97;153;97;57;59;97;97;44;97;65;97;97;97;97;97;266;153;153;97;97;97;153;59;97;61;153;70;163;97;201;153;172;165;97;60;97;97;109;97;153;97;98;201;97;97;153;97;157;143;97;172;60;97;97;201;164;201;153;201;152;97;97;97;172;153;97;97;110;97;97;153;68;74;97;112;97;59;97;153;97;153;97;56;97;97;182;97;97;65;60;58;97;110;153;97;182)
seed_28_level_6-2,1075,43737.39150738716,84443794,11720,(272;97;65;201;97;97;156;97;97;153;97;97;97;47;153;97;68;90;61;70;73;97;97;97;97;201;97;97;66;62;97;97;97;97;97;97;203;59;153;97;97;73;97;153;70;97;97;96;67;93;97;97;97;55;97;97;153;59;97;97;97;97;97;97;69;68;59;265;156;97;97;97;97;153;172;57;97;153;172;97;97;97;97;97;153;97;97;74;63;97;97;62;80;153;97;97;97;97;97;97;119;97;153;172;97;43;97;153;97;97;97;135;153;43;118;97;70;97;43;97;97;272;97;97;178;58;73;97;97;97;97;97;97;201;97;97;172;97;97;97;97;153;113;97;97;153;97;153;97;97)
seed_28_level_6-2,1075,44298.9724612236,85680794,11870,(272;76;97;97;97;69;97;172;97;64;97;59;72;97;272;201;97;97;153;97;97;97;73;157;66;97;97;68;153;97;97;97;59;97;70;55;68;97;57;97;55;61;68;97;153;97;272;97;97;97;97;97;153;97;97;153;66;97;97;97;153;65;69;97;153;97;201;97;172;171;69;265;172;201;97;97;97;97;153;172;153;201;97;97;272;97;97;172;172;97;153;97;201;172;97;153;97;63;97;97;97;97;153;97;172;97;97;97;97;97;201;97;97;153;172;201;97;172;97;228;201;97;172;97;201;71;69;153;172;97;97;59;97;97;60;60;201;72;97;97;172;97;172;153;132;97;173;69;70;97)
seed_28_level_6-2,1075,44845.796736717224,86745518,12020,(272;97;55;97;97;66;72;71;97;97;97;97;97;58;97;97;68;68;69;97;176;97;97;97;68;172;97;59;78;71;97;97;97;97;56;97;97;153;97;97;97;97;97;97;97;97;69;97;153;97;97;153;97;97;97;66;97;59;56;97;97;97;97;57;59;185;97;97;65;265;169;59;153;145;97;111;59;153;97;153;153;97;130;60;59;97;148;201;59;97;97;97;272;97;97;97;67;70;97;201;97;97;62;59;153;97;153;201;97;97;76;59;97;97;97;97;76;61;201;57;97;188;97;186;97;301;153;97;153;97;97;61;43;97;154;172;153;97;153;97;201;172;97;97;113;153;201;153;97;201)
seed_28_level_6-2,1075,45396.21447992325,87722833,12170,(272;55;153;97;97;55;56;97;153;97;97;97;97;97;62;97;97;67;97;153;60;80;153;153;153;97;153;56;153;80;97;97;97;153;97;80;53;153;153;60;97;97;97;97;97;97;73;67;97;69;97;97;153;97;97;97;58;97;55;172;172;59;69;97;58;97;73;265;97;97;44;97;153;97;62;153;97;201;172;172;201;97;97;79;97;97;173;201;97;97;97;97;97;97;97;97;97;75;97;111;153;172;97;97;97;172;97;113;97;97;88;153;97;61;62;55;173;153;172;153;97;97;97;153;97;58;110;97;110;97;97;153;201;97;97;62;97;153;97;97;97;59;97;62;61;97;97;97;97;97)
seed_28_level_6-2,1075,45943.37262940407,88692017,12320,(272;153;97;97;43;201;78;97;153;97;199;97;66;68;97;97;70;97;97;97;59;97;97;63;97;69;97;201;172;114;97;97;66;97;97;97;97;75;97;69;55;43;97;52;97;55;69;97;97;97;97;58;97;97;66;97;97;153;97;97;157;68;55;97;97;97;97;66;59;266;97;172;66;97;97;97;113;63;97;97;153;97;201;172;97;100;97;97;97;97;153;59;97;97;97;201;97;97;97;112;76;178;97;97;97;153;97;97;61;97;97;97;97;97;97;153;97;97;97;97;97;97;97;59;55;97;97;153;97;97;172;153;97;97;201;66;153;172;66;97;120;153;172;62;153;153;97;172;153;156)
seed_28_level_6-2,1075,46485.03182411194,89761618,12470,(272;97;97;97;61;97;97;153;172;55;201;97;97;97;153;97;66;68;170;153;97;97;97;66;97;69;97;97;97;95;172;97;97;153;97;97;55;68;97;97;97;97;97;176;97;97;97;97;66;97;71;153;97;97;97;97;187;153;97;201;97;97;97;97;97;154;97;97;97;97;266;63;172;43;97;97;174;97;97;97;97;122;97;272;153;113;63;97;181;57;97;97;97;97;97;97;97;97;97;43;97;121;60;97;97;153;97;97;59;97;97;153;201;97;61;153;153;97;43;59;97;97;201;151;97;113;97;97;272;201;97;114;97;97;97;153;97;110;97;44;97;177;97;97;97;97;97;201;153;97)
seed_28_level_6-2,1075,47042.234540224075,90786262,12620,(272;55;97;202;97;68;97;158;97;97;97;176;97;97;97;97;56;97;97;97;97;97;97;153;97;97;66;97;60;97;43;97;97;97;78;68;97;78;97;97;168;172;201;55;78;173;157;97;97;97;97;172;97;97;97;97;153;66;97;66;55;97;97;57;72;97;97;153;97;97;97;266;97;59;97;97;97;57;153;97;216;71;153;97;201;97;97;97;110;153;175;97;97;177;97;97;153;153;97;62;59;163;97;238;153;97;97;97;60;97;97;153;201;153;110;71;172;201;97;97;74;97;97;97;97;97;113;97;155;97;97;97;153;97;97;97;97;97;97;97;97;75;61;97;97;97;172;97;97;97)
seed_28_level_6-2,1075,47609.17086029053,91911459,12770,(272;201;97;65;97;97;64;97;153;153;63;97;201;55;172;97;68;153;70;97;97;97;68;97;97;175;153;97;172;97;97;68;59;97;97;97;68;201;153;176;97;54;97;97;153;97;97;97;153;201;97;97;97;97;97;97;64;73;201;97;66;97;97;66;153;68;97;97;172;55;76;172;266;76;153;97;93;97;153;59;153;75;97;97;141;97;97;70;97;201;97;153;71;97;97;97;201;97;153;97;62;97;97;60;63;97;97;201;59;151;97;61;181;97;59;201;153;97;97;153;153;97;97;201;172;97;97;97;97;97;172;70;70;97;97;172;97;97;97;97;204;162;172;181;97;153;172;113;97;59)
seed_28_level_6-2,1075,48143.714415073395,92898650,12920,(272;272;186;97;77;67;63;97;97;97;97;97;66;97;153;55;97;97;97;97;97;97;97;97;50;97;67;97;111;176;153;68;63;173;97;97;63;97;119;165;97;67;97;97;153;55;97;157;97;97;97;97;153;97;212;97;97;97;97;97;159;97;97;97;97;172;97;63;97;64;97;52;97;265;153;97;97;201;172;97;97;153;97;97;178;97;97;97;97;74;61;60;97;172;74;74;97;97;97;147;97;97;97;172;97;97;57;64;97;153;97;57;172;97;97;97;74;97;61;57;78;97;97;58;60;43;170;97;97;153;153;97;153;272;97;97;153;70;97;68;97;97;57;97;97;56;58;97;153;97)
seed_28_level_6-2,1075,48696.76759839058,93936265,13070,(272;97;56;97;67;153;153;192;59;72;97;97;66;97;97;63;97;97;72;64;66;97;97;65;97;172;97;97;97;97;97;153;153;97;97;97;68;63;153;97;97;97;97;153;66;97;97;97;97;64;97;200;97;97;97;57;172;97;97;97;169;55;97;59;132;190;97;67;63;191;97;63;66;97;266;97;97;97;55;97;210;97;97;97;97;97;97;97;97;153;146;97;97;173;97;74;97;97;43;201;62;171;97;97;201;97;97;172;97;110;68;63;97;97;52;97;57;66;164;272;97;97;97;153;153;172;97;97;97;97;61;97;186;113;153;97;97;201;97;97;97;97;201;98;97;97;59;153;97;201)
seed_28_level_6-2,1075,49248.207481622696,94976908,13220,(272;67;55;97;241;55;55;97;97;97;68;97;97;56;55;97;97;62;97;97;153;58;97;75;97;97;55;97;55;68;97;97;97;153;66;97;201;97;97;201;97;84;68;55;97;97;97;97;97;201;97;201;97;201;202;97;97;97;97;153;97;66;97;57;97;69;97;153;153;176;97;58;266;97;64;153;52;172;59;59;97;122;97;97;97;60;172;148;97;156;173;97;97;201;97;97;120;97;97;97;97;97;97;97;97;97;172;172;59;97;97;97;142;97;201;189;97;97;97;172;110;97;60;97;97;154;97;201;97;169;97;123;97;97;153;97;97;97;97;97;97;110;153;97;97;60;97;97;97;172)
seed_28_level_6-2,1075,49790.924564123154,95894804,13370,(241;61;78;97;66;97;97;66;68;166;97;66;176;97;66;55;97;69;97;177;72;97;97;172;160;66;63;54;68;97;97;97;97;68;69;97;97;64;97;97;64;74;153;97;97;97;64;97;64;55;97;97;73;153;66;97;97;56;43;62;97;177;97;97;47;97;97;97;97;97;97;64;172;266;52;201;97;60;97;68;58;97;172;153;97;97;97;97;97;97;97;97;97;97;97;155;60;61;153;97;97;97;172;97;97;43;67;97;97;97;97;111;97;172;97;172;153;61;97;53;97;57;97;43;68;272;78;97;97;66;172;97;113;153;97;97;146;172;97;153;97;172;272;97;97;56;97;97;97;113)
seed_28_level_6-2,1087,50343.31621289253,96842632,13520,(241;97;97;97;97;65;160;97;60;153;65;97;63;97;97;97;56;97;97;97;97;55;55;97;97;59;97;97;97;97;97;97;63;201;69;172;97;97;97;201;97;97;97;97;153;59;97;97;97;68;97;97;97;66;201;97;172;97;97;97;97;97;201;69;97;153;97;64;97;55;97;97;266;97;97;97;97;97;153;97;201;97;97;97;153;97;97;151;97;98;97;97;97;97;97;54;97;153;268;97;97;147;167;44;76;97;147;100;147;97;97;97;147;97;229;147;97;97;97;97;97;60;97;97;97;75;97;59;113;97;110;97;97;58;59;182;97;97;52;97;97;97;97;97;97;114;80;144;62;97)
seed_28_level_6-2,1087,50882.0332736969,97819003,13670,(241;169;97;55;64;55;147;97;97;97;97;97;97;229;160;55;55;97;165;65;97;59;160;174;55;97;97;97;68;97;67;97;97;65;151;74;97;97;97;159;97;97;97;57;97;71;59;97;97;59;76;165;97;147;58;97;63;55;66;97;97;97;97;97;229;97;97;97;97;66;78;55;55;269;79;97;97;139;59;76;97;147;97;97;97;267;97;97;66;97;97;121;97;58;97;97;97;97;165;163;97;97;229;70;280;97;69;97;164;156;97;97;97;165;97;97;97;97;146;97;97;97;97;121;165;97;134;97;97;97;97;173;165;97;147;97;97;97;97;97;147;97;66;97;43;97;97;56;61;97)
seed_28_level_6-2,1087,51431.0244474411,98829478,13820,(241;97;65;97;97;147;97;97;97;97;63;144;97;63;97;147;66;166;52;62;165;97;97;165;55;97;97;55;97;97;62;97;97;74;59;97;97;97;97;97;97;97;97;97;97;97;166;169;59;97;97;97;97;97;97;97;73;97;97;55;58;79;55;97;97;59;97;147;65;147;97;97;268;97;97;97;147;147;147;97;304;165;58;97;165;267;112;97;97;43;97;120;165;97;156;140;97;97;97;97;97;97;97;97;97;147;46;97;167;97;97;97;147;43;97;43;97;97;97;97;97;119;97;147;60;97;97;97;97;97;229;61;97;165;113;177;97;97;97;166;43;97;97;97;302;74;68;165;97;97)
seed_28_level_6-2,1087,51986.76352763176,99898634,13970,(241;84;66;97;158;55;77;97;97;97;97;97;66;97;97;159;97;97;97;59;97;97;97;72;97;55;43;97;97;78;97;97;97;229;59;97;66;149;97;66;97;56;166;97;64;56;97;97;165;97;154;97;97;165;97;97;147;97;229;97;97;97;97;147;97;56;165;64;97;97;97;269;151;165;130;165;210;202;97;74;97;97;74;267;97;156;182;97;147;147;97;97;97;97;97;97;97;97;97;165;165;97;80;157;229;140;97;97;167;165;97;97;97;147;160;97;97;61;74;97;97;97;97;97;140;122;165;97;60;114;168;97;97;97;97;63;97;165;97;97;97;97;97;73;147;189;97;59;97;97)
seed_28_level_6-2,1087,52538.73375797272,100955339,14120,(241;69;150;97;69;63;97;97;97;147;65;55;65;66;97;55;159;97;64;97;147;147;64;97;165;97;147;97;147;62;97;97;166;97;97;97;143;68;97;97;167;97;167;97;166;97;73;97;97;97;97;63;97;97;55;97;97;97;64;97;65;97;97;66;55;97;66;56;97;97;269;66;55;147;147;67;147;58;165;229;229;156;229;70;165;59;165;97;97;110;97;59;99;243;97;97;59;63;97;97;97;97;276;134;97;160;97;179;97;97;147;97;111;97;97;147;224;62;75;61;97;147;97;147;147;97;97;97;97;62;147;165;97;165;97;97;97;97;63;147;97;97;97;97;58;173;147;147;97;95)
seed_28_level_6-2,1087,53098.45239162445,102114384,14270,(241;97;55;55;160;97;97;165;97;176;146;55;59;97;97;97;66;167;97;97;97;78;97;151;97;97;55;97;151;229;229;59;124;52;67;97;97;97;97;66;97;147;79;97;97;97;147;97;64;97;229;147;55;167;97;97;97;97;97;147;97;97;147;97;97;97;97;97;268;97;97;97;97;55;60;97;215;97;191;97;97;155;165;97;130;97;97;147;97;200;97;97;60;147;147;229;56;97;147;147;255;59;97;97;60;97;147;97;267;97;97;97;97;112;97;97;174;97;97;61;59;43;97;121;97;97;97;97;110;147;97;114;56;65;97;97;97;97;97;97;48;267;43;267;145;97;97;168;267;147)
seed_28_level_6-2,1087,53642.12862229347,103123741,14420,(241;147;97;97;55;97;66;163;66;59;97;55;97;55;97;97;97;97;80;97;55;59;69;66;97;55;97;147;97;97;147;97;97;78;147;147;147;229;66;66;97;64;65;55;166;152;97;97;97;170;97;147;97;60;97;59;61;229;56;97;97;59;97;65;97;65;97;58;97;97;268;111;166;97;97;59;97;67;97;147;60;147;61;165;97;97;97;61;97;97;97;62;59;97;165;97;79;165;97;97;97;201;194;165;165;154;97;110;97;97;147;97;97;165;97;229;147;147;43;165;61;147;97;157;97;59;147;109;97;97;284;97;97;97;147;229;59;97;97;62;97;97;97;112;110;97;59;97;97;60)
seed_28_level_6-2,1087,54192.14126944542,104119966,14570,(241;97;97;97;147;97;66;97;159;97;97;59;65;97;97;97;147;166;147;147;97;97;97;65;97;147;66;97;64;147;165;66;97;97;97;97;229;60;66;70;97;151;47;97;67;77;97;97;224;97;147;165;97;97;147;147;156;97;74;97;267;97;97;147;64;97;66;58;97;69;150;269;97;97;43;147;97;97;97;61;156;97;97;97;97;97;97;147;147;97;97;97;97;97;97;111;43;61;147;170;97;97;97;97;147;97;97;147;97;97;97;97;97;68;97;52;97;60;165;97;59;97;97;97;147;172;97;145;147;97;97;97;97;147;147;147;97;120;60;44;97;61;97;43;63;229;97;147;97;97)
seed_28_level_6-2,1087,54748.75774550438,105276839,14720,(269;97;147;43;165;97;63;99;97;165;112;97;59;97;147;97;97;61;59;97;97;97;267;97;224;97;97;61;119;97;165;97;267;43;66;60;97;98;97;97;74;60;165;97;97;97;225;61;97;60;60;97;163;110;147;113;97;147;97;165;97;302;152;147;165;175;97;147;97;97;97;97;97;97;229;241;288;64;97;97;147;55;97;97;97;81;161;59;69;97;65;73;97;97;59;64;97;97;171;97;97;97;63;78;170;97;75;147;147;97;207;97;73;229;97;63;123;97;97;159;66;97;59;59;205;97;63;159;147;97;168;157;55;97;63;97;97;97;97;97;176;147;97;63;97;55;97;69;229;66)
seed_28_level_6-2,1087,55306.09421801567,106319841,14870,(288;97;56;68;55;97;97;58;97;159;64;97;59;97;69;97;71;97;97;190;78;68;97;146;97;69;147;97;97;97;167;97;97;97;97;66;97;97;56;97;147;55;97;147;65;97;176;66;229;55;65;97;97;147;97;165;59;97;56;73;97;159;97;97;97;97;73;68;147;97;97;97;63;97;269;97;61;97;153;147;97;64;165;147;68;199;97;97;97;147;97;97;97;97;97;90;97;61;97;97;62;150;97;147;147;302;146;97;97;147;147;97;97;97;60;97;147;97;153;229;61;43;165;97;147;147;97;97;147;147;97;147;71;97;152;97;164;97;97;148;65;97;97;61;59;147;60;62;283;97)
seed_28_level_6-2,1087,55852.59882688522,107404121,15020,(288;66;97;59;229;97;97;97;147;48;97;97;97;97;229;61;97;97;97;176;56;58;97;55;69;97;152;165;97;97;66;71;147;170;64;97;69;97;97;97;97;65;70;69;97;97;146;55;97;165;97;57;97;65;97;97;55;65;97;97;170;64;68;97;165;66;97;206;220;97;165;56;268;147;97;97;97;43;97;69;97;97;122;97;59;229;97;59;229;87;57;97;59;97;146;76;97;165;97;165;97;165;74;97;147;97;97;97;97;165;97;97;97;165;97;156;224;59;206;61;153;181;59;61;97;97;97;97;43;67;229;267;147;97;97;147;61;147;71;97;165;165;61;97;97;59;97;97;147;97)
